0.012
0.177
0.416
0.969
0.992
0.692
0.177
0.356
0.584
0.172
0.851
0.096
0.188
0.088
0.498
0.123
0.675
0.513
0.76
0.743
0.023
0.586
0.665
0.992
0.265
0.434
0.956
0.927
0.529
0.396
0.351
0.876
0.171
0.804
0.935
0.658
0.971
0.787
0.964
0.118
0.076
0.687
0.991
0.246
0.004
0.62
0.41
0.231
0.803
0.023
0.175
0.703
0.93
0.146
0.396
0.083
0.562
0.842
0.69
0.015
0.338
0.685
0.743
0.891
0.892
0.8
0.591
0.525
0.119
0.479
0.724
0.163
0.728
0.759
0.928
0.186
0.844
0.557
0.933
0.29
0.165
0.542
0.329
0.984
0.555
0.569
0.603
0.695
0.011
0.958
0.351
0.307
0.3
0.676
0.83
0.823
0.236
0.821
0.344
0.455
0.089
0.174
0.225
0.979
0.448
0.579
0.65
0.388
0.273
0.666
0.158
0.213
0.555
0.158
0.828
0.401
0.209
0.334
0.417
0.514
0.5
0.703
0.843
0.667
0.255
0.399
0.694
0.28
0.956
0.348
0.022
0.936
0.117
0.438
0.232
0.227
0.682
0.683
0.354
0.146
0.846
0.183
0.392
0.579
0.89
0.077
0.744
0.254
0.891
0.29
0.231
0.949
0.202
0.267
0.497
0.319
0.846
0.024
0.084
0.865
0.611
0.967
0.947
0.717
0.061
0.233
0.417
0.478
0.212
0.845
0.949
0.838
0.772
0.27
0.541
0.244
0.278
0.054
0.336
0.836
0.958
0.668
0.703
0.135
0.999
0.411
0.604
0.433
0.284
0.044
0.911
0.731
0.488
0.77
0.559
0.866
0.502
0.953
0.164
0.574
0.534
0.855
0.927
0.727
0.524
0.237
0.06
0.361
0.044
0.136
0.518
0.211
0.776
0.726
0.705
0.624
0.373
0.141
0.182
0.243
0.124
0.383
0.531
0.767
0.901
0.717
0.969
0.2
0.695
0.943
0.265
0.893
0.224
0.548
0.753
0.216
0.037
0.105
0.359
0.214
0.975
0.653
0.945
0.402
0.988
0.378
0.011
0.372
0.632
0.873
0.585
0.425
0.707
0.159
0.492
0.642
0.063
0.637
0.048
0.811
0.093
0.578
0.438
0.153
0.499
0.662
0.05
0.806
0.234
0.297
0.074
0.547
0.785
0.169
0.438
0.183
0.552
0.623
0.153
0.495
0.369
0.652
0.562
0.351
0.696
0.268
0.37
0.252
0.218
0.311
0.535
0.076
0.927
0.398
0.013
0.839
0.614
0.557
0.575
0.667
0.632
0.875
0.409
0.306
0.459
0.87
0.362
0.0
0.375
0.972
0.989
0.603
0.573
0.937
0.004
0.418
0.538
0.771
0.723
0.708
0.785
0.72
0.433
0.749
0.829
0.958
0.093
0.858
0.685
0.293
0.939
0.266
0.182
0.191
0.914
0.594
0.058
0.066
0.528
0.117
0.574
0.338
0.312
0.799
0.877
0.541
0.577
0.66
0.29
0.384
0.782
0.717
0.598
0.555
0.761
0.887
0.399
0.955
0.179
0.938
0.482
0.343
0.395
0.62
0.299
0.232
0.818
0.674
0.351
0.996
0.016
0.845
0.053
0.074
0.05
0.724
0.593
0.388
0.811
0.534
0.049
0.544
0.296
0.221
0.264
0.342
0.868
0.768
0.109
0.276
0.45
0.105
0.017
0.998
0.32
0.038
0.836
0.638
0.162
0.626
0.287
0.011
0.216
0.726
0.378
0.834
0.87
0.718
0.802
0.778
0.296
0.715
0.164
0.039
0.275
0.655
0.558
0.925
0.186
0.005
0.395
0.079
0.944
0.55
0.606
0.734
0.03
0.678
0.824
0.428
0.281
0.056
0.007
0.726
0.876
0.749
0.898
0.881
0.331
0.689
0.585
0.63
0.147
0.966
0.671
0.463
0.324
0.942
0.548
0.362
0.03
0.521
0.528
0.781
0.242
0.644
0.855
0.949
0.828
0.617
0.221
0.217
0.229
0.806
0.961
0.798
0.714
0.584
0.34
0.507
0.497
0.978
0.602
0.351
0.248
0.587
0.768
0.585
0.878
0.376
0.253
0.025
0.194
0.32
0.016
0.849
0.525
0.09
0.792
0.9
0.14
0.487
0.092
0.651
0.844
0.537
0.726
0.377
0.231
0.806
0.716
0.691
0.305
0.171
0.205
0.822
0.064
0.018
0.925
0.239
0.723
0.04
0.955
0.936
0.214
0.093
0.93
0.118
0.78
0.368
0.53
0.067
0.227
0.629
0.71
0.078
0.709
0.346
0.971
0.95
0.962
0.675
0.752
0.991
0.9
0.224
0.833
0.207
0.324
0.324
0.137
0.118
0.446
0.785
0.431
0.161
0.518
0.682
0.447
0.008
0.77
0.144
0.977
0.185
0.371
0.385
0.342
0.356
0.865
0.121
0.321
0.523
0.013
0.293
0.555
0.69
0.22
0.384
0.083
0.637
0.857
0.273
0.907
0.441
0.214
0.987
0.436
0.468
0.596
0.132
0.313
0.234
0.137
0.855
0.068
0.922
0.723
0.908
0.355
0.727
0.497
0.053
0.265
0.19
0.515
0.696
0.238
0.643
0.747
0.485
0.341
0.731
0.739
0.486
0.953
0.399
0.574
0.209
0.372
0.637
0.747
0.106
0.946
0.65
0.006
0.064
0.364
0.273
0.346
0.565
0.774
0.359
0.498
0.14
0.096
0.613
0.443
0.625
0.344
0.603
0.641
0.698
0.648
0.927
0.924
0.759
0.906
0.645
0.143
0.066
0.492
0.744
0.748
0.848
0.785
0.4
0.9
0.701
0.013
0.093
0.47
0.682
0.648
0.93
0.371
0.148
0.568
0.976
0.534
0.953
0.79
0.592
0.375
0.239
0.102
0.36
0.242
0.22
0.918
0.782
0.475
0.501
0.27
0.197
0.611
0.697
0.847
0.561
0.213
0.399
0.296
0.937
0.051
0.099
0.584
0.535
0.767
0.621
0.966
0.489
0.832
0.84
0.936
0.444
0.583
0.082
0.985
0.35
0.117
0.7
0.099
0.059
0.529
0.705
0.008
0.103
0.025
0.812
0.001
0.882
0.145
0.846
0.146
0.31
0.613
0.982
0.623
0.639
0.335
0.341
0.26
0.547
0.131
0.07
0.138
0.097
0.873
0.995
0.293
0.251
0.647
0.315
0.735
0.338
0.118
0.494
0.275
0.952
0.431
0.587
0.096
0.017
0.218
0.81
0.538
0.566
0.081
0.21
0.0
0.335
0.8
0.585
0.097
0.744
0.487
0.455
0.56
0.454
0.643
0.029
0.443
0.803
0.158
0.105
0.598
0.526
0.488
0.149
0.733
0.756
0.224
0.637
0.454
0.249
0.819
0.872
0.634
0.342
0.43
0.287
0.787
0.42
0.238
0.458
0.112
0.651
0.921
0.255
0.784
0.286
0.598
0.125
0.017
0.33
0.88
0.184
0.196
0.432
0.505
0.326
0.549
0.974
0.489
0.111
0.462
0.291
0.228
0.883
0.75
0.789
0.614
0.137
0.67
0.245
0.957
0.338
0.142
0.167
0.349
0.654
0.143
0.599
0.168
0.279
0.064
0.16
0.379
0.227
0.734
0.91
0.462
0.428
0.758
0.056
0.673
0.846
0.647
0.1
0.638
0.286
0.379
0.125
0.334
0.36
0.346
0.385
0.146
0.497
0.99
0.394
0.016
0.041
0.186
0.44
0.382
0.576
0.926
0.659
0.819
0.911
0.484
0.886
0.553
0.998
0.283
0.626
0.188
0.17
0.239
0.005
0.648
0.034
0.58
0.162
0.798
0.223
0.254
0.985
0.072
0.835
0.425
0.273
0.787
0.767
0.334
0.55
0.692
0.059
0.742
0.881
0.674
0.561
0.025
0.717
0.286
0.774
0.39
0.906
0.769
0.092
0.203
0.655
0.808
0.618
0.689
0.469
0.347
0.192
0.728
0.15
0.253
0.899
0.199
0.906
0.434
0.682
0.45
0.699
0.639
0.334
0.498
0.433
0.144
0.997
0.405
0.728
0.784
0.749
0.605
0.248
0.005
0.807
0.909
0.103
0.353
0.208
0.347
0.898
0.143
0.877
0.23
0.779
0.778
0.536
0.501
0.057
0.873
0.176
0.021
0.088
0.919
0.539
0.579
0.659
0.523
0.542
0.765
0.632
0.356
0.892
0.945
0.485
0.335
0.938
0.76
0.507
0.903
0.909
0.334
0.952
0.245
0.445
0.732
0.331
0.279
0.39
0.65
0.708
0.553
0.581
0.466
0.845
0.574
0.394
0.913
0.271
0.676
0.76
0.427
0.079
0.858
0.818
0.686
0.587
0.265
0.391
0.628
0.352
0.994
0.585
