0.802
0.855
0.476
0.945
0.172
0.42
0.375
0.006
0.295
0.293
0.611
0.6
0.286
0.897
0.338
0.8
0.005
0.432
0.138
0.644
0.964
0.729
0.012
0.058
0.265
0.213
0.974
0.465
0.401
0.097
0.055
0.868
0.796
0.139
0.694
0.858
0.415
0.163
0.29
0.563
0.193
0.046
0.116
0.288
0.392
0.003
0.407
0.712
0.061
0.713
0.463
0.816
0.079
0.11
0.801
0.117
0.88
0.752
0.323
0.139
0.817
0.647
0.627
0.185
0.098
0.763
0.331
0.663
0.678
0.787
0.646
0.34
0.681
0.819
0.431
0.017
0.738
0.222
0.041
0.527
0.759
0.417
0.273
0.02
0.334
0.002
0.321
0.9
0.617
0.959
0.757
0.02
0.682
0.072
0.983
0.798
0.784
0.82
0.971
0.249
0.635
0.683
0.873
0.762
0.65
0.537
0.337
0.754
0.116
0.627
0.982
0.072
0.733
0.879
0.116
0.033
0.085
0.209
0.753
0.668
0.52
0.756
0.138
0.33
0.023
0.386
0.865
0.198
0.424
0.061
0.771
0.616
0.04
0.663
0.379
0.346
0.37
0.599
0.197
0.676
0.152
0.485
0.388
0.071
0.993
0.37
0.583
0.505
0.354
0.029
0.888
0.155
0.591
0.287
0.219
0.17
0.855
0.864
0.554
0.283
0.985
0.428
0.631
0.739
0.965
0.417
0.415
0.277
0.003
0.555
0.36
0.392
0
0.835
0.067
0.921
0.196
0.231
0.382
0.739
0.669
0.946
0.988
0.756
0.362
0.662
0.805
0
0.492
0.095
0.04
0.812
0.223
0.369
0.597
0.38
0.992
0.717
0.888
0.275
0.04
0.264
0.174
0.965
0.754
0.739
0.305
0.065
0.341
0.729
0.852
0.041
0.973
0.867
0.107
0.481
0.494
0.031
0
0.46
0.308
0.244
0
0.534
0.253
0.493
0.2
0.146
0.768
0.981
0.863
0.108
0.469
0.578
0.102
0.721
0.518
0.463
0.065
0.938
0.866
0.994
0.854
0.232
0.377
0.627
0.735
0.927
0.954
0.99
0.566
0.649
0.973
0.3
0.05
0.818
0.64
0.863
0.326
0.144
0.726
0.596
0.006
0.298
0.138
0.61
0.47
0.631
0.582
0.766
0.749
0.742
0.187
0.579
0.626
0.38
0.417
0.049
0.161
0.755
0.042
0.688
0.794
0.172
0.441
0.539
0.979
0.513
0.736
0.887
0.855
0.503
0.334
0.609
0.177
0.099
0.409
0.298
0.447
0.575
0.249
0.571
0.489
0.21
0.551
0.515
0.966
0.586
0.249
0.421
0.411
0.186
0.804
0.645
0.552
0.483
0.695
0.655
0.718
0.523
0.934
0.985
0.211
0.93
0.252
0.22
0.077
0.411
0.01
0.688
0.969
0.765
0.447
0.993
0.399
0.347
0.92
0.477
0.196
0.753
0.81
0.859
0.978
0.413
0.176
0.311
0.107
0.521
0.04
0.33
0.247
0.931
0.859
0.876
0.087
0.465
0.733
0.01
0.698
0.151
0.584
0.964
0.552
0.626
0.199
0.162
0.309
0.526
0.757
0.376
0.425
0.778
0.606
0.038
0.227
0.511
0.655
0.805
0.129
0.204
0.777
0.236
0.032
0.409
0.818
0.967
0.88
0.473
0.375
0.164
0.069
0.213
0.752
0.655
0.355
0.822
0.398
0.018
0.867
0.472
0.806
0.172
0.211
0.137
0.773
0.131
0.397
0.507
0.339
0.655
0.614
0.724
0.61
0.289
0.674
0.55
0.994
0.722
0.263
0.472
0.011
0.087
0.956
0.935
0.258
0.068
0.259
0.632
0.791
0.386
0.724
0.294
0.571
0.555
0.838
0.331
0.602
0.661
0.135
0.411
0.41
0.868
0.67
0.856
0.615
0.259
0.993
0.542
0.333
0.305
0.228
0.54
0.835
0.182
0.951
0.124
0.674
0.224
0.113
0.356
0.537
0.097
0.884
0.196
0.542
0.752
0.207
0.977
0.787
0.85
0.647
0.394
0.906
0.211
0.74
0.985
0.281
0.243
0.887
0.397
0.816
0.61
0.066
0.233
0.018
0.673
0.679
0.568
0.988
0.108
0.283
0.245
0.078
0.126
0.492
0.151
0.9
0.015
0.884
0.182
0.858
0.971
0.123
0.771
0.501
0.045
0.762
0.052
0.19
0.861
0.137
0.394
0.985
0.869
0.464
0.692
0.166
0
0.507
0.628
0.595
0.013
0.079
0.311
0.854
0.811
0.591
0.918
0.198
0.087
0.939
0.355
0.093
0.857
0.141
0.238
0.206
0.159
0.751
0.399
0.634
0.288
0.083
0.429
0.385
0.91
0.303
0.683
0.314
0.617
0.195
0.03
0.948
0.59
0.183
0.18
0.438
0.868
0.746
0.613
0.701
0.383
0.55
0.951
0.191
0.753
0.438
0.045
0.481
0.274
0.016
0.764
0.046
0.399
0.979
0.752
0.413
0.905
0.414
0.555
0.747
0.918
0.632
0.367
0.08
0.281
0.765
0.131
0.543
0.161
0.226
0.382
0.067
0.953
0.538
0.457
0.948
0.3
0.395
0.677
0.034
0.59
0.253
0.765
0.007
0.894
0.81
0.596
0.812
0.239
0.505
0.156
0.68
0.034
0.805
0.961
0.893
0.824
0.676
0.311
0.031
0.249
0.203
0.494
0.322
0.509
0.194
0.385
0.65
0.146
0.878
0.373
0.762
0.498
0.221
0.618
0.643
0.145
0.886
0.082
0.598
0.78
0.229
0.118
0.5
0.238
0.27
0.628
0.311
0.908
0.719
0.795
0.215
0.468
0.834
0.577
0.583
0.471
0
0.351
0.0
0.951
0.986
0.781
0.894
0.089
0.246
0.321
0.454
0.123
0.287
0.03
0.82
0.757
0.663
0.337
0.588
0.242
0.563
0.939
0.987
0.741
0.537
0.335
0.195
0.905
0.801
0.597
0.912
0.307
0.687
0.419
0.592
0.313
0
0.582
0.542
0.745
0.329
0.316
0.705
0.396
0
0.268
0.076
0.904
0.296
0.862
0.671
0.18
0.384
0.043
0.456
0.133
0.207
0.405
0.553
0.929
0.859
0.676
0.055
0.238
0.802
0.295
0.25
0.952
0.188
0.909
0.558
0.177
0.41
0.92
0.916
0.781
0.591
0.878
0.494
0.073
0.69
0.615
0.388
0.907
0.73
0.819
0.095
0.013
0.876
0.453
0.377
0.593
0.743
0.609
0.649
0.338
0.946
0.037
0.71
0.718
0.355
0.886
0.828
0.119
0.787
0.367
0.763
0.659
0.576
0.911
0.025
0.67
0.158
0.885
0.744
0.008
0.107
0.75
0.195
0.412
0.581
0.079
0.982
0.747
0.365
0.193
0.642
0.555
0.078
0.427
0.474
0.293
0.094
0.669
0.095
0.483
0.074
0.621
0.355
0.276
0.651
0.843
0.48
0.105
0.921
0.885
0.425
0.635
0.98
0.291
0.833
0.932
0.101
0.291
0.724
0.057
0.592
0.333
0.218
0.929
0.994
0.592
0.781
0.203
0.084
0.557
0.528
0.296
0.735
0.08
0.63
0.601
0.853
0.262
0.457
0.357
0.547
0.841
0.632
0.279
0.169
0.896
0.952
0.047
0.044
0.234
0.08
0.199
0.431
0.198
0.231
0.792
0.386
0.725
0.561
0.119
0.857
0.263
0.273
0.669
0.236
0.514
0.887
0.291
0.167
0.5
0.201
0.508
0.266
0
0.084
0.528
0.486
0.75
0.305
0.057
0.229
0.567
0.136
0.479
0.164
0.835
0.241
0.184
0.515
0.963
0.13
0.474
0.022
0.056
0.009
0.048
0.714
0.625
0.264
0.049
0.169
0.635
0.785
0.114
0.938
0.785
0.248
0.595
0.941
0.873
0.102
0.397
0.016
0.539
0.413
0.829
0.118
0.171
0.615
0.374
0.426
0.499
0.713
0.765
0.953
0.132
0.045
0.572
0.204
0.21
0.995
0.353
0.278
0.354
0.293
0.687
0.778
0.695
0.697
0.656
0.298
0.828
0.202
0.606
0.782
0.887
0.913
0.425
0.786
0.259
0.101
0.918
0.306
0.353
0.025
0.441
0.368
0.078
0.248
0.679
0.104
0.927
0.559
0.096
0.68
0.898
0.976
0.44
0.26
0.681
0.804
0.561
0.84
0.558
0.787
0.087
0.531
0.795
0.148
0.027
0.73
0.888
0.08
0.335
0.464
0.938
0.819
0.562
0.549
0.749
0.287
0.147
0.386
0.313
0.643
0.795
0.853
0.491
0.21
0.373
0.909
0.924
0.218
0.935
0.191
0.57
