0.238
0.373
0.488
0.383
0.575
0.615
0.68
0.781
0.846
0.72
0.89
0.535
0.548
0.151
0.464
0.402
0.882
0.677
0.08
0.139
0.13
0.427
0.411
0.036
0.95
0.769
0.52
0.764
0.278
0.51
0.901
0.894
0.317
0.294
0.312
0.221
0.935
0.164
0.609
0.839
0.904
0.389
0.246
0.543
0.843
0.385
0.427
0.744
0.861
0.725
0.843
0.348
0.598
0.163
0.319
0.305
0.716
0.992
0.427
0.535
0.063
0.743
0.955
0.749
0.014
0.942
0.268
0.548
0.519
0.34
0.609
0.465
0.546
0.274
0.542
0.383
0.349
0.622
0.892
0.787
0.256
0.55
0.103
0.501
0.623
0.778
0.225
0.063
0.252
0.705
0.087
0.357
0.951
0.237
0.18
0.391
0.532
0.032
0.863
0.597
0.399
0.678
0.726
0.241
0.077
0.12
0.006
0.735
0.937
0.569
0.525
0.519
0.463
0.823
0.864
0.035
0.483
0.235
0.053
0.536
0.079
0.619
0.266
0.718
0.275
0.123
0.789
0.504
0.325
0.756
0.775
0.566
0.553
0.205
0.79
0.384
0.541
0.885
0.31
0.266
0.731
0.167
0.389
0.257
0.652
0.573
0.957
0.202
0.885
0.045
0.153
0.683
0.564
0.566
0.974
0.927
0.516
0.636
0.289
0.056
0.5
0.67
0.903
0.973
0.274
0.367
0.445
0.414
0.149
0.775
0.013
0.485
0.872
0.255
0.806
0.302
0.013
0.745
0.54
0.512
0.585
0.788
0.679
0.036
0.856
0.789
0.759
0.903
0.306
0.588
0.532
0.685
0.251
0.922
0.994
0.762
0.564
0.531
0.882
0.35
0.634
0.548
0.718
0.642
0.568
0.118
0.478
0.872
0.126
0.682
0.883
0.635
0.358
0.727
0.796
0.495
0.25
0.264
0.588
0.287
0.976
0.961
0.891
0.328
0.483
0.869
0.889
0.858
0.544
0.083
0.984
0.914
0.251
0.673
0.519
0.429
0.617
0.438
0.899
0.41
0.498
0.447
0.491
0.551
0.551
0.078
0.219
0.051
0.666
0.428
0.335
0.365
0.244
0.24
0.297
0.254
0.159
0.957
0.962
0.032
0.403
0.369
0.545
0.697
0.525
0.214
0.947
0.129
0.567
0.285
0.22
0.325
0.258
0.268
0.642
0.599
0.563
0.488
0.242
0.38
0.524
0.768
0.233
0.666
0.329
0.389
0.217
0.133
0.093
0.372
0.738
0.508
0.02
0.313
0.897
0.13
0.133
0.147
0.46
0.698
0.006
0.795
0.417
0.672
0.859
0.686
0.231
0.065
0.934
0.304
0.53
0.599
0.895
0.645
0.773
0.696
0.765
0.687
0.858
0.993
0.796
0.399
0.741
0.16
0.195
0.28
0.396
0.311
0.71
0.039
0.771
0.833
0.359
0.014
0.451
0.016
0.845
0.739
0.405
0.195
0.721
0.254
0.421
0.585
0.146
0.999
0.827
0.581
0.944
0.913
0.931
0.88
0.937
0.124
0.463
0.376
0.357
0.813
0.037
0.286
0.146
0.908
0.88
0.385
0.631
0.145
0.18
0.337
0.186
0.978
0.149
0.492
0.771
0.876
0.117
0.038
0.866
0.801
0.506
0.565
0.554
0.22
0.256
0.316
0.272
0.179
0.483
0.259
0.538
0.059
0.468
0.141
0.779
0.753
0.409
0.079
0.709
0.009
0.781
0.083
0.358
0.65
0.46
0.244
0.25
0.375
0.62
0.801
0.367
0.057
0.633
0.495
0.022
0.182
0.645
0.923
0.977
0.92
0.529
0.855
0.474
0.251
0.784
0.851
0.909
0.581
0.002
0.497
0.983
0.26
0.356
0.939
0.601
0.63
0.581
0.431
0.295
0.103
0.032
0.547
0.015
0.714
0.115
0.026
0.913
0.653
0.43
0.33
0.047
0.184
0.819
0.217
0.943
0.014
0.313
0.109
0.944
0.667
0.915
0.898
0.596
0.263
0.339
0.159
0.222
0.457
0.668
0.29
0.611
0.439
0.571
0.535
0.094
0.568
0.333
0.14
0.403
0.025
0.525
0.521
0.156
0.093
0.303
0.092
0.742
0.458
0.44
0.582
0.323
0.353
0.559
0.154
0.881
0.051
0.901
0.364
0.261
0.5
0.952
0.754
0.813
0.886
0.817
0.963
0.792
0.247
0.329
0.022
0.631
0.889
0.96
0.341
0.254
0.402
0.168
0.494
0.852
0.109
0.513
0.896
0.224
0.51
0.238
0.124
0.777
0.764
0.85
0.729
0.112
0.058
0.892
0.493
0.869
0.215
0.184
0.169
0.069
0.89
0.523
0.055
0.491
0.471
0.283
0.458
0.357
0.399
0.877
0.057
0.253
0.689
0.654
0.565
0
0.281
0.91
0.326
0.564
0.419
0.04
0.52
0.508
0.98
0.726
0.182
0.687
0.805
0.145
0.276
0.216
0.377
0.774
0.729
0.456
0.582
0.75
0.299
0.542
0.286
0.318
0.782
0.63
0.4
0.48
0.51
0.249
0.031
0.749
0.617
0.118
0.22
0.357
0.675
0.122
0.109
0.061
0.99
0.961
0.466
0.25
0.604
0.551
0.11
0.061
0.114
0.074
0.715
0.818
0.4
0.72
0.019
0.516
0.608
0.478
0.894
0.928
0.532
0.12
0.968
0.942
0.735
0.488
0.975
0.205
0.908
0.262
0.676
0.798
0.58
0.888
0
0.627
0.615
0.81
0.442
0.409
0.236
0.123
0.522
0.449
0.985
0.697
0.179
0.997
0.125
0.315
0.942
0.811
0.345
0.467
0.469
0.724
0.967
0.328
0.562
0.045
0.928
0.282
0.922
0.873
0.315
0
0.726
0.324
0.613
0.626
0.828
0.459
0.088
0.073
0.746
0.331
0.076
0.583
0.024
0.104
0.062
0.026
0.949
0.707
0.79
0.979
0.371
0.37
0.806
0.238
0.546
0.411
0.336
0.658
0.626
0.838
0.643
0.014
0.362
0.032
0.297
0.878
0.873
0.634
0.175
0.738
0.178
0.001
0.638
0.98
0.746
0.11
0.433
0.015
0.081
0.717
0.393
0.475
0.487
0.221
0.56
0.691
0.182
0.743
0.793
0.126
0.807
0.358
0.312
0.224
0.109
0.75
0.436
0.346
0.357
0.437
0.046
0.113
0.773
0.098
0.25
0.789
0.493
0.464
0.788
0.184
0.897
0.242
0.273
0.71
0.582
0.369
0.285
0.352
0.263
0.954
0.5
0.617
0.646
0.355
0.899
0.094
0.545
0.033
0.549
0.235
0.57
0.419
0.988
0.153
0.755
0.972
0.284
0.175
0.974
0.128
0.745
0.933
0.022
0.388
0.461
0.459
0.966
0.661
0.73
0.689
0.013
0.352
0.853
0.975
0.272
0.767
0.572
0
0.147
0.516
0.277
0.805
0.025
0.531
0.855
0.685
0.741
0.503
0.162
0.47
0.065
0.487
0.799
0.093
0.773
0.024
0.454
0.35
0.505
0.274
0.622
0.564
0.668
0.844
0.5
0.648
0.065
0.019
0.548
0.897
0.971
0.224
0.116
0.019
0.36
0.905
0.175
0.356
0.262
0.2
0.699
0.288
0.495
0.651
0.257
0.563
0.433
0.754
0.549
0.003
0.872
0.523
0.05
0.546
0.05
0.976
0
0.987
0.79
0.34
0.291
0.398
0.727
0.057
0.63
0.384
0.512
0.831
0.238
0.254
0.373
0.586
0.45
0.136
0.183
0.283
0.141
0.316
0.193
0.993
0.527
0.662
0.575
0.199
0.867
0.523
0.194
0.717
0.311
0.646
0.676
0.185
0.242
0.343
0.328
0.374
0.465
0.673
0.115
0.565
0.609
0.114
0.8
0.388
0.95
0.42
0.191
0.436
0.833
0.463
0.026
0.317
0.055
0.046
0
0.764
0.984
0.52
0.936
0.904
0.879
0.258
0.44
0.013
0.971
0.222
0.373
0.252
0.001
0.713
0.381
0.369
0.127
0.968
0.164
0.506
0.254
0.258
0.469
0.503
0.407
0.584
0.402
0.758
0.851
0.094
0.947
0.565
0.02
0.644
0.908
0.486
0.375
0.476
0.721
0.235
0.681
0.089
0.108
0.182
0.281
0.252
0.238
0.191
0.755
0.24
0.972
0.395
0.41
0.016
0.848
0.844
0.778
0.885
0.838
0.588
0.208
0.984
0.302
0.313
0.185
0.172
0.098
0.331
0.239
0.882
0.325
0.447
0.55
0.017
0.377
0.312
0.548
0.661
0.596
0.806
0.688
0.919
0.146
0.42
0.555
0.248
0.289
0.866
0.363
0.985
0.972
0.618
0.821
