0.431
0.699
0.806
0.89
0.961
0.813
0.48
0.013
0.327
0.283
0.265
0.339
0.246
0.173
0.681
0.943
0.724
0.878
0.422
0.979
0.91
0.073
0.845
0.352
0.985
0.466
0.847
0.253
0.876
0.164
0.065
0.679
0.26
0.934
0.476
0.937
0.297
0.435
0.035
0.602
0.716
0.862
0.79
0.204
0.192
0.396
0.489
0.618
0.004
0.215
0.563
0.934
0.587
0.559
0.078
0.17
0.428
0.943
0.757
0.622
0.066
0.124
0.26
0.829
0.348
0.482
0.168
0.105
0.355
0.256
0.958
0.153
0.285
0.112
0.851
0.062
0.998
0.195
0.168
0.661
0.159
0.615
0.294
0.249
0.231
0.853
0.126
0.873
0.319
0.682
0.996
0.123
0.125
0.754
0.795
0.61
0.37
0.626
0.487
0.247
0.177
0.607
0.094
0.202
0.183
0.023
0.078
0.767
0.23
0.485
0.023
0.613
0.428
0.887
0.47
0.347
0.867
0.617
0.78
0.936
0.271
0.8
0.278
0.569
0.107
0.946
0.051
0.751
0.675
0.845
0.589
0.361
0.337
0.435
0.124
0.659
0.777
0.414
0.244
0.908
0.342
0.025
0.319
0.861
0.483
0.235
0.18
0.68
0.658
0.071
0.518
0.748
0.054
0.794
0.053
0.06
0.156
0.103
0.091
0.561
0.582
0.844
0.596
0.758
0.693
0.395
0.38
0.805
0.565
0.505
0.727
0.541
0.696
0.867
0.813
0.739
0.962
0.229
0.923
0.389
0.616
0.293
0.453
0.436
0.346
0.469
0.533
0.634
0.106
0.14
0.681
0.15
0.751
0.503
0.484
0.688
0.005
0.645
0.309
0.512
0.35
0.357
0.343
0.247
0.091
0.588
0.953
0.863
0.208
0.791
0.013
0.072
0.713
0.41
0.997
0.019
0.373
0.974
0.954
0.755
0.162
0.395
0.303
0.958
0.86
0.303
0.061
0.172
0.747
0.956
0.661
0.839
0.702
0.827
0.338
0.954
0.268
0.176
0.299
0.642
0.984
0.091
0.782
0.792
0.68
0.266
0.013
0.029
0.842
0.149
0.766
0.297
0.277
0.614
0.711
0.862
0.431
0.023
0.112
0.994
0.337
0.236
0.074
0.737
0.616
0.118
0.237
0.359
0.27
0.706
0.3
0.868
0.01
0.738
0.58
0.922
0.799
0.798
0.938
0.739
0.5
0.726
0.171
0.959
0.717
0.18
0.265
0.567
0.229
0.682
0.98
0.971
0.65
0.64
0.256
0.227
0.664
0.392
0.849
0.737
0.642
0.639
0.646
0.341
0.984
0.517
0.379
0.766
0.421
0.542
0.827
0.96
0.855
0.692
0.272
0.556
0.036
0.117
0.077
0.033
0.92
0.159
0.48
0.053
0.443
0.862
0.041
0.013
0.807
0.717
0.054
0.36
0.772
0.935
0.046
0.79
0.543
0.834
0.908
0.857
0.023
0.077
0.935
0.5
0.094
0.48
0.819
0.429
0.764
0.316
0.267
0.269
0.689
0.646
0.054
0.156
0.462
0.87
0.956
0.615
0.092
0.79
0.043
0.06
0.21
0.956
0.891
0.081
0.504
0.149
0.099
0.27
0.346
0.79
0.149
0.463
0.874
0.922
0.813
0.751
0.161
0.055
0.025
0.055
0.622
0.748
0.332
0.284
0.425
0.041
0.919
0.825
0.762
0.9
0.61
0.426
0.208
0.032
0.513
0.186
0.241
0.861
0.527
0.694
0.843
0.96
0.226
0.032
0.693
0.723
0.329
0.815
0.115
0.584
0.166
0.497
0.927
0.807
0.299
0.682
0.624
0.701
0.469
0.803
0.314
0.807
0.653
0.16
0.668
0.189
0.367
0.659
0.764
0.607
0.211
0.114
0.763
0.934
0.811
0.08
0.406
0.484
0.695
0.543
0.84
0.873
0.132
0.089
0.831
0.976
0.48
0.84
0.632
0.168
0.793
0.663
0.736
0.174
0.318
0.648
0.623
0.053
0.823
0.554
0.588
0.452
0.981
0.271
0.055
0.915
0.397
0.294
0.102
0.367
0.559
0.659
0.362
0.215
0.133
0.88
0.649
0.681
0.37
0.411
0.925
0.377
0.862
0.499
0.741
0.245
0.068
0.876
0.892
0.289
0.124
0.176
0.088
0.118
0.327
0.803
0.146
0.251
0.329
0.893
0.164
0.124
0.304
0.508
0.281
0.972
0.274
0.697
0.077
0.055
0.557
0.65
0.197
0.261
0.649
0.078
0.003
0.66
0.476
0.355
0.266
0.953
0.83
0.978
0.862
0.186
0.258
0.903
0.132
0.921
0.859
0.476
0.305
0.439
0.53
0.196
0.32
0.042
0.25
0.565
0.298
0.594
0.142
0.195
0.038
0.62
0.329
0.319
0.992
0.897
0.281
0.797
0.736
0.357
0.914
0.542
0.734
0.296
0.672
0.804
0.104
0.119
0.288
0.623
0.773
0.329
0.6
0.759
0.347
0.126
0.273
0.319
0.555
0.151
0.13
0.894
0.204
0.919
0.343
0.325
0.025
0.461
0.368
0.017
0.04
0.776
0.152
0.186
0.575
0.007
0.774
0.865
0.571
0.16
0.043
0.625
0.773
0.442
0.434
0.369
0.102
0.688
0.4
0.973
0.375
0.05
0.721
0.405
0.788
0.802
0.729
0.411
0.556
0.038
0.95
0.698
0.506
0.919
0.288
0.664
0.714
0.507
0.584
0.951
0.591
0.973
0.317
0.558
0.474
0.037
0.253
0.101
0.955
0.382
0.042
0.555
0.787
0.96
0.655
0.067
0.878
0.472
0.573
0.543
0.932
0.385
0.476
0.249
0.874
0.503
0.062
0.214
0.842
0.295
0.265
0.299
0.176
0.413
0.417
0.143
0.372
0.005
0.696
0.737
0.71
0.005
0.24
0.795
0.687
0.927
0.854
0.204
0.1
0.442
0.095
0.443
0.077
0.898
0.372
0.997
0.604
0.027
0.967
0.173
0.691
0.997
0.431
0
0.782
0.673
0.174
0.857
0.907
0.344
0.753
0.346
0.635
0.184
0.688
0.728
0.893
0.141
0.778
0.124
0.745
0.296
0.518
0.668
0.871
0.329
0.383
0.932
0.667
0.261
0.107
0.104
0.724
0.889
0.771
0.51
0.703
0.05
0.019
0.815
0.673
0.556
0.92
0.56
0.725
0.154
0.658
0.883
0.512
0.594
0.326
0.562
0.024
0.851
0.131
0.765
0.891
0.296
0.441
0.262
0.264
0.25
0.041
0.548
0.3
0.927
0.229
0.224
0.54
0.505
0.475
0.777
0.185
0.907
0.868
0.965
0.021
0.763
0.2
0.943
0.076
0.877
0.679
0.298
0.348
0.266
0.836
0.359
0.418
0.302
0.396
0.125
0.15
0.656
0.289
0.763
0.694
0.793
0.734
0.678
0.294
0.341
0.87
0.98
0.656
0.058
0.606
0.608
0.089
0.4
0.686
0.712
0.121
0.233
0.319
0.774
0.686
0.454
0.334
0.343
0.239
0.806
0.773
0.105
0.216
0.55
0.785
0.81
0.898
0.581
0.604
0.137
0.679
0.057
0.198
0.427
0.564
0.539
0.356
0.405
0.467
0.8
0.517
0.746
0.017
0.769
0.603
0.87
0.697
0.757
0.34
0.309
0.351
0.985
0.034
0.413
0.525
0.43
0.003
0.952
0.528
0.753
0.519
0.266
0.61
0.985
0.684
0.127
0.739
0.666
0.622
0.248
0.229
0.122
0.843
0.806
0.613
0.402
0.102
0.527
0.558
0.428
0.784
0.249
0.512
0.793
0.328
0.446
0.588
0
0.117
0.426
0.33
0.423
0.479
0.276
0.551
0.257
0.981
0.126
0.724
0.963
0.803
0.642
0.29
0.456
0.374
0.469
0.373
0.082
0.972
0.346
0.773
0.193
0.6
0.942
0.702
0.071
0.189
0.886
0.7
0.826
0.21
0.09
0.06
0.417
0.327
0.025
0.323
0.837
0.962
0.503
0.266
0.347
0.167
0.415
0.119
0.854
0.649
0.926
0.795
0.048
0.118
0.794
0.445
0.546
0.289
0.046
0.028
0.045
0.376
0.26
0.683
0.77
0.622
0.781
0.623
0.587
0.557
0.471
0.622
0.154
0.694
0.532
0.424
0.83
0.02
0.454
0.86
0.057
0.558
0.369
0.733
0.977
0.274
0.235
0.494
0.43
0.675
0.984
0.968
0.1
0.843
0.555
0.29
0.164
0.91
0.575
0.32
0.209
0.23
0.493
0.515
0.734
0.403
0.653
0.886
0.126
0.066
0.899
0.212
0.118
0.414
0.526
0.375
0.042
0.634
0.482
0.33
0.895
0.866
0.811
