0.772
0.485
0.326
0.374
0.918
0.942
0.945
0.879
0.071
0.537
0.654
0.062
0.122
0.141
0.941
0.579
0.976
0.08
0.972
0.899
0.036
0.216
0.441
0.833
0.569
0.583
0.457
0.938
0.086
0.757
0.137
0.71
0.181
0.217
0.823
0.703
0.303
0.84
0.762
0.699
0.079
0.631
0.42
0.921
0.815
0.601
0.035
0.437
0.851
0.253
0.532
0.124
0.493
0.361
0.298
0.115
0.866
0.694
0.438
0.963
0.445
0.313
0.133
0.841
0.863
0.724
0.727
0.501
0.854
0.365
0.502
0.275
0.312
0.089
0.59
0.656
0.938
0.145
0.808
0.38
0.117
0.222
0.562
0.353
0.022
0.166
0.928
0.49
0.913
0.499
0.05
0.892
0.592
0.008
0.03
0.326
0.912
0.562
0.355
0.545
0.575
0.524
0.764
0.547
0.89
0.236
0.517
0.575
0.092
0.062
0.517
0.762
0.481
0.619
0.976
0.585
0.959
0.852
0.605
0.44
0.825
0.353
0.195
0.862
0.646
0.396
0.103
0.968
0.215
0.249
0.051
0.434
0.125
0.241
0.04
0.276
0.467
0.546
0.703
0.893
0.588
0.59
0.791
0.169
0.8
0.941
0.709
0.503
0.919
0.817
0.973
0.329
0.512
0.09
0.149
0.647
0.348
0.76
0.529
0.117
0.186
0.509
0.53
0.609
0.942
0.27
0.5
0.352
0.442
0.407
0.592
0.145
0.602
0.712
0.014
0.473
0.458
0.572
0.952
0.07
0.462
0.993
0.776
0.561
0.918
0.692
0.697
0.267
0.092
0.32
0.388
0.788
0.139
0.359
0.507
0.941
0.709
0.768
0.58
0.922
0.015
0.129
0.848
0.961
0.926
0.389
0.24
0.572
0.904
0.892
0.245
0.216
0.982
0.018
0.954
0.681
0.377
0.444
0.626
0.484
0.319
0.691
0.657
0.533
0.611
0.758
0.472
0.18
0.903
0.907
0.633
0.758
0.762
0.489
0.274
0.874
0.319
0.091
0.835
0.808
0.555
0.681
0.55
0.565
0.28
0.747
0.866
0.61
0.002
0.209
0.222
0.235
0.74
0.325
0.466
0.464
0.406
0.548
0.171
0.647
0.092
0.603
0.537
0.474
0.492
0.795
0.597
0.417
0.654
0.791
0.188
0.092
0.755
0.55
0.499
0.83
0.078
0.536
0.242
0.382
0.513
0.202
0.06
0.97
0.867
0.387
0.897
0.587
0.382
0.09
0.802
0.074
0.941
0.36
0.944
0.668
0.858
0.892
0.931
0.624
0.399
0.014
0.137
0.264
0.954
0.263
0.732
0.668
0.76
0.933
0.192
0.096
0.992
0.468
0.698
0.886
0.429
0.032
0.721
0.765
0.889
0.665
0.804
0.011
0.374
0.625
0.8
0.665
0.218
0.907
0.469
0.237
0.383
0.109
0.942
0.369
0.539
0.44
0.533
0.958
0.008
0.871
0.299
0.054
0.208
0.448
0.57
0.914
0.944
0.047
0.71
0.046
0.168
0.041
0.144
0.504
0.142
0.813
0.147
0.049
0.16
0.608
0.014
0.643
0.412
0.724
0.152
0.414
0.702
0.14
0.167
0.939
0.996
0.81
0.448
0.036
0.112
0.316
0.429
0.534
0.523
0.856
0.414
0.8
0.462
0.056
0.127
0.028
0.481
0.342
0.066
0.464
0.545
0.049
0.545
0.989
0.159
0.971
0.071
0.303
0.222
0.117
0.587
0.343
0.533
0.75
0.307
0.196
0.614
0.129
0.765
0.083
0.909
0.007
0.24
0.155
0.67
0.875
0.81
0.62
0.507
0.26
0.337
0.461
0.525
0.365
0.888
0.594
0.186
0.494
0.618
0.937
0.873
0.134
0.13
0.127
0.735
0.814
0.979
0.771
0.466
0.863
0.811
0.453
0.571
0.25
0.46
0.448
0.482
0.699
0.679
0.702
0.035
0.573
0.941
0.525
0.372
0.487
0.957
0.68
0.36
0.273
0.89
0.966
0.76
0.126
0.822
0.843
0.643
0.475
0.06
0.577
0.243
0.497
0.294
0.148
0.294
0.216
0.331
0.268
0.183
0.404
0.235
0.214
0.165
0.051
0.649
0.447
0.721
0.004
0.416
0.303
0.457
0.111
0.533
0.515
0.43
0.656
0.077
0.166
0.414
0.769
0.527
0.449
0.662
0.59
0.417
0.384
0.005
0.059
0.389
0.751
0.04
0.816
0.903
0.216
0.876
0.316
0.103
0.549
0.55
0.849
0.715
0.011
0.432
0.945
0.183
0.157
0.25
0.699
0.202
0.786
0.417
0.631
0.495
0.683
0.091
0.083
0.044
0.531
0.371
0.412
0.546
0.296
0.635
0.028
0.196
0.249
0.566
0.323
0.77
0.983
0.359
0.339
0.874
0.711
0.414
0.651
0.146
0.882
0.484
0.936
0.029
0.362
0.954
0.097
0.54
0.861
0.579
0.708
0.142
0.313
0.329
0.134
0.58
0.031
0.846
0.557
0.147
0.895
0.953
0.471
0.575
0.494
0.664
0.944
0.049
0.201
0.504
0.232
0.767
0.328
0.352
0.955
0.37
0.158
0.557
0.88
0.927
0.166
0.576
0.329
0.476
0.867
0.712
0.99
0.498
0.653
0.726
0.669
0.954
0.635
0.798
0.552
0.615
0.923
0.648
0.664
0.441
0.012
0.563
0.521
0.756
0.073
0.737
0.611
0.586
0.192
0.771
0.407
0.769
0.141
0.27
0.925
0.117
0.401
0.706
0.147
0.645
0.111
0.682
0.463
0.049
0.198
0.449
0.091
0.123
0.787
0.793
0.787
0.601
0.94
0.78
0.441
0.805
0.772
0.428
0.335
0.727
0.171
0.305
0.381
0.57
0.486
0.26
0.928
0.756
0.686
0.671
0.212
0.996
0.581
0.405
0.452
0.533
0.976
0.782
0.577
0.86
0.605
0.61
0.612
0.375
0.262
0.758
0.239
0.593
0.485
0.439
0.322
0.27
0.678
0.536
0.866
0.89
0.88
0.303
0.47
0.567
0.592
0.945
0.149
0.372
0.08
0.858
0.391
0.473
0.951
0.473
0.602
0.243
0.582
0.353
0.443
0.013
0.96
0.164
0.044
0.999
0.561
0.658
0.37
0.175
0.666
0.934
0.893
0.643
0.335
0.386
0.421
0.796
0.528
0.234
0.049
0.206
0.097
0.641
0.407
0.13
0.739
0.355
0.038
0.403
0.808
0.949
0.092
0.395
0.767
0.371
0.757
0.345
0.523
0.994
0.901
0.546
0.23
0.989
0.586
0.713
0.324
0.253
0.273
0.405
0.106
0.571
0.777
0.988
0.544
0.869
0.201
0.151
0.339
0.722
0.79
0.489
0.276
0.351
0.005
0.101
0.077
0.052
0.093
0.312
0.103
0.68
0.506
0.097
0.791
0.746
0.45
0.864
0.235
0.36
0.169
0.035
0.592
0.22
0.501
0.344
0.533
0.628
0.549
0.353
0.024
0.625
0.001
0.41
0.519
0.809
0.092
0.085
0.854
0.657
0.948
0.726
0.386
0.743
0.853
0.296
0.071
0.845
0.0
0.193
0.585
0.1
0.673
0.895
0.17
0.715
0.398
0.969
0.316
0.695
0.74
0.081
0.599
0.465
0.213
0.774
0.786
0.208
0.28
0.336
0.689
0.429
0.114
0.445
0.139
0.397
0.829
0.157
0.449
0.78
0.743
0.947
0.947
0.299
0.091
0.139
0.771
0.592
0.988
0.466
0.016
0.591
0.77
0.966
0.513
0.712
0.783
0.795
0.643
0.637
0.605
0.328
0.118
0.674
0.275
0.302
0.231
0.695
0.26
0.376
0.325
0.049
0.575
0.916
0.442
0.904
0.127
0.004
0.208
0.207
0.443
0.339
0.896
0.051
0.126
0.202
0.422
0.555
0.712
0.007
0.244
0.045
0.781
0.826
0.957
0.349
0.308
0.143
0.067
0.964
0.357
0.9
0.877
0.671
0.296
0.817
0.553
0.23
0.8
0.217
0.644
0.132
0.097
0.742
0.951
0.511
0.808
0.381
0.927
0.937
0.789
0.884
0.776
0.038
0.04
0.673
0.497
0.053
0.744
0.906
0.236
0.155
0.332
0.638
0.909
0.623
0.448
0.716
0.172
0.938
0.308
0.787
0.625
0.971
0.015
0.753
0.492
0.965
0.286
0.984
0.536
0.75
0.051
0.9
0.788
0.198
0.384
0.327
0.579
0.466
0.234
0.761
0.031
0.742
0.536
0.373
0.57
0.64
0.933
0.37
0.303
0.427
0.826
0.192
0.283
0.012
0.199
0.955
0.153
0.272
0.6
0.416
0.01
0.798
0.452
0.961
0.904
