0.111
0.314
0.587
0.279
0.887
0.216
0.732
0.998
0.956
0.864
0.608
0.134
0.843
0.179
0.552
0.368
0.494
0.906
0.982
0.022
0.595
0.183
0.06
0.847
0.035
0.07
0.473
0.917
0.856
0.819
0.138
0.194
0.865
0.321
0.917
0.963
0.53
0.705
0.954
0.362
0.914
0.525
0.321
0.623
0.885
0.186
0.061
0.074
0.299
0.927
0.786
0.417
0.279
0.103
0.923
0.453
0.706
0.621
0.521
0.032
0.2
0.28
0.623
0.851
0.314
0.823
0
0.264
0.123
0.115
0.595
0.806
0.049
0.843
0.699
0.128
0.831
0.514
0.45
0.115
0.001
0.329
0.766
0.563
0.494
0.015
0.494
0.369
0.013
0.539
0.035
0.209
0.614
0.719
0.624
0.502
0.58
0.043
0.534
0.079
0.275
0.666
0.706
0.383
0.181
0.062
0.814
0.138
0.411
0.901
0.362
0.229
0.604
0
0.605
0.243
0.684
0.21
0.269
0.086
0.416
0.77
0.628
0.684
0.19
0.582
0.077
0.424
0.71
0.32
0.75
0.319
0.622
0.34
0.567
0.091
0.411
0.413
0.836
0.038
0.613
0.195
0.162
0.014
0.335
0.217
0.195
0.503
0.381
0.596
0.7
0.698
0.332
0.4
0.184
0.029
0.557
0.54
0.865
0.178
0.46
0.985
0.612
0.308
0.156
0.237
0.605
0.639
0.106
0.966
0.794
0.561
0.037
0.703
0.972
0.739
0.179
0.75
0.988
0.804
0.122
0.452
0.712
0.082
0.311
0.284
0.744
0.376
0.468
0.056
0.285
0.731
0.835
0.229
0.296
0.958
0.742
0.256
0.934
0.869
0.184
0.473
0.576
0.137
0.513
0
0.953
0.393
0.177
0.061
0.985
0.518
0.433
0.674
0.049
0.159
0.778
0.007
0.632
0.267
0.727
0.079
0.559
0.55
0.647
0.379
0.758
0.305
0.812
0.928
0.533
0.791
0.813
0.347
0.902
0.315
0.965
0.539
0.08
0.022
0.527
0.883
0.362
0.733
0.971
0.051
0.923
0.91
0.177
0.232
0.942
0.144
0.572
0.226
0.506
0.104
0.926
0.908
0.615
0.36
0.641
0.499
0.233
0.293
0.005
0.353
0.115
0.957
0.823
0.462
0.199
0.502
0.553
0.801
0.86
0.213
0.879
0.881
0.986
0.89
0.072
0.662
0.081
0.044
0.67
0.577
0
0.875
0.22
0.323
0.276
0.144
0.156
0.376
0.48
0.899
0.862
0.278
0.881
0.501
0.039
0.18
0.285
0.311
0.447
0.326
0.345
0.154
0.59
0.811
0.688
0.469
0.575
0.943
0.444
0.653
0.861
0.287
0.744
0.323
0.274
0.911
0.785
0.077
0.04
0.702
0.533
0.718
0.231
0.768
0.461
0.526
0.232
0.715
0.613
0.695
0.122
0.347
0.793
0.437
0.423
0.137
0.821
0.468
0.387
0.573
0.447
0.95
0.816
0.902
0.995
0.75
0.808
0.366
0.643
0.032
0.558
0.694
0.469
0.26
0.112
0.353
0.122
0.672
0.517
0.278
0.338
0.841
0.715
0.392
0.883
0.267
0.542
0.627
0.768
0.31
0.841
0.571
0.851
0.958
0.014
0.369
0.716
0.995
0.308
0.467
0.724
0.712
0.329
0.651
0.541
0.709
0.883
0.835
0.33
0.962
0.058
0.004
0.206
0.958
0.648
0.4
0.822
0.52
0.54
0.29
0.601
0.976
0.821
0.418
0.949
0.703
0.993
0.071
0.033
0.87
0.121
0.626
0.375
0.169
0.727
0.009
0.089
0.553
0.05
0.144
0.751
0.707
0.052
0.216
0.602
0.203
0.199
0.864
0.392
0.85
0.091
0.865
0.588
0.142
0.27
0.039
0
0.879
0.727
0.751
0.118
0.509
0.554
0.802
0.839
0.101
0.31
0.396
0.516
0.745
0.776
0.862
0.58
0.82
0.237
0.732
0.834
0.968
0.411
0.297
0.693
0.071
0.591
0.059
0.433
0.575
0.661
0.263
0.212
0.468
0.15
0.847
0.447
0.479
0.899
0.46
0.488
0.296
0.205
0.576
0.376
0.073
0.914
0.309
0.282
0.161
0.71
0.36
0.87
0.361
0.194
0.663
0.918
0.777
0.004
0.802
0.411
0.528
0.91
0.593
0.22
0.791
0.743
0.602
0.799
0.181
0.086
0.017
0.388
0.994
0.53
0.927
0.453
0.701
0.843
0.072
0.301
0.829
0.214
0.082
0.054
0.593
0.55
0.538
0.09
0.423
0.511
0.605
0.998
0.625
0.642
0.7
0.179
0.296
0.269
0.17
0.845
0.704
0.604
0.704
0.244
0.868
0.393
0.778
0.163
0.814
0.859
0.464
0.313
0.624
0.497
0.282
0.327
0.271
0.889
0.052
0.902
0.722
0.662
0.611
0.313
0.449
0.059
0.836
0.071
0.792
0.855
0.687
0.432
0.977
0.734
0.997
0.689
0.814
0.735
0.326
0.57
0.21
0.754
0.136
0.107
0.342
0.187
0.825
0.376
0.859
0.455
0.063
0.11
0.596
0.144
0.935
0.818
0.149
0.145
0.056
0.233
0.26
0.981
0.939
0.573
0.837
0.769
0.167
0.547
0.304
0.384
0.486
0.773
0.924
0.95
0.672
0.918
0.212
0.153
0.765
0.916
0.186
0.24
0.784
0.304
0.625
0.378
0.124
0.812
0.984
0.436
0.563
0.112
0.852
0.418
0.44
0.2
0.682
0.338
0.647
0.294
0.602
0
0.953
0.265
0.004
0.828
0.348
0.252
0.891
0.856
0.783
0.071
0.35
0.493
0.737
0.787
0.564
0.561
0.549
0.344
0.663
0.84
0
0.725
0.902
0.775
0.305
0.046
0.308
0.486
0.604
0.868
0.252
0.873
0.992
0.486
0.033
0.914
0.049
0.938
0.345
0.815
0.93
0.48
0.652
0.056
0.461
0.386
0.788
0.146
0.01
0.484
0.049
0.915
0.913
0.499
0.409
0.186
0.077
0.943
0.83
0.305
0.49
0.544
0.176
0.85
0.994
0.798
0.319
0.129
0.348
0.154
0.924
0.946
0.089
0.93
0.764
1.0
0.583
0.168
0.379
0.749
0.66
0.646
0.227
0.145
0.189
0.131
0.194
0.096
0.196
0.933
0.156
0.826
0.542
0.425
0.769
0.132
0.975
0.635
0.055
0.211
0.415
0.332
0.395
0.263
0.688
0.658
0.793
0.542
0.44
0.911
0.927
0.952
0.611
0.086
0.253
0.684
0.158
0.2
0.89
0.317
0.23
0.915
0.814
0.096
0.995
0.238
0.942
0.195
0.784
0.936
0.731
0.484
0.041
0.132
0.125
0.59
0.515
0.878
0.45
0.522
0.756
0.049
0.922
0.672
0.36
0.499
0.879
0.412
0.641
0.357
0.692
0.186
0.177
0.532
0.59
0.481
0.317
0.549
0.803
0.124
0.532
0.936
0.906
0.991
0.873
0.798
0.175
0.339
0.392
0.791
0.771
0.869
0.547
0.106
0.057
0.494
0.404
0.499
0.672
0.797
0.441
0.544
0.66
0.233
0.529
0.224
0.465
0.273
0.868
0.836
0.885
0.365
0.372
0.396
0.799
0.429
0.773
0.457
0.653
0.487
0.779
0.564
0.353
0.792
0.349
0.484
0.065
0.578
0.665
0.45
0.802
0.199
0.875
0.082
0.626
0.191
0.413
0.047
0.731
0.955
0.382
0.672
0.983
0.779
0.664
0.421
0.375
0.847
0.575
0.215
0.629
0.975
0.885
0.932
0.95
0.125
0.397
0.74
0.98
0.764
0.374
0.913
0.704
0.017
0.891
0.267
0.867
0
0.906
0.45
0.496
0.521
0
0.459
0.505
0.204
0.5
0.256
0.892
0.159
0.947
0.288
0.315
0.439
0.558
0.038
0.5
0.31
0.826
0.519
0.862
0.005
0.245
0.616
0.359
0.388
0.869
0.357
0.285
0.459
0.251
0.19
0.667
0.397
0.449
0.4
0.414
0.665
0.825
0.512
0.822
0.27
0.299
0.057
0.319
0.017
0.545
0.855
0.881
0.529
0.922
0.002
0.604
0.966
0.356
0.399
0.696
0.895
0.86
0.035
0.367
0.346
0.294
0.331
0.083
0.832
0.225
0.511
0.002
0.391
0.438
0.986
0.489
0.827
0.14
0.298
0.7
0.265
0.965
0.309
0.543
0.904
0.476
0.699
0.893
0.419
0.187
0.459
0.594
0.702
0.981
0.456
0.091
0.042
0.576
0.444
0.924
0.421
0.111
0.83
0.376
0.643
0.513
0.598
0.669
