0.151
0.164
0.145
0.333
0
0.652
0.128
0.054
0.11
0.433
0.196
0.625
0.805
0.905
0.048
0.907
0.211
0.979
0.96
0.541
0.153
0.426
0.986
0.835
0.168
0.772
0.353
0.533
0.817
0.48
0.019
0.015
0.294
0.004
0.925
0.805
0.738
0.908
0.429
0.623
0.628
0.215
0.932
0.665
0.637
0.79
0.441
0.798
0.712
0.747
0.139
0.184
0.576
0.861
0.395
0.123
0.897
0.17
0.846
0.851
0.776
0.59
0.659
0.252
0.783
0.905
0.763
0.839
0.536
0.317
0.911
0.971
0.924
0.875
0.015
0.431
0.158
0.896
0.041
0.054
0.439
0.244
0.127
0.595
0.604
0.396
0.782
0.657
0.722
0.405
0.677
0.129
0.662
0.643
0.507
0.118
0.618
0.473
0.948
0.089
0.64
0.916
0.724
0.616
0.422
0.307
0.459
0.641
0.099
0.465
0.487
0.418
0.785
0.223
0.148
0.842
0.713
0.14
0.931
0.014
0.647
0.182
0.595
0.167
0.63
0.267
0.186
0.391
0.298
0.919
0.443
0.016
0.798
0.94
0.822
0.523
0.908
0.264
0.189
0.49
0.436
0.268
0.874
0.669
0.334
0.818
0.468
0.829
0.348
0.253
0.827
0.235
0.342
0.05
0.252
0.98
0.78
0.294
0.536
0.087
0.355
0.825
0.254
0.286
0.759
0.858
0.642
0.995
0.346
0.108
0.683
0.665
0.332
0.846
0.177
0.806
0.998
0.461
0.89
0.591
0.96
0.759
0.096
0.416
0.327
0
0.854
0.421
0.574
0.366
0.725
0.703
0.179
0.317
0
0.971
0.068
0.863
0.643
0.804
0.078
0.984
0.268
0.192
0.897
0.039
0.266
0.055
0.324
0.8
0.488
0.407
0.272
0.868
0.469
0.41
0.963
0.576
0.95
0.167
0.958
0.235
0.66
0.073
0.545
0.68
0.822
0.465
0.739
0.035
0.059
0.927
0.164
0.438
0
0.925
0.479
0.318
0.154
0.042
0.969
0.374
0.028
0.762
0.254
0.471
0.998
0.678
0.688
0.856
0.709
0.71
0.893
0.924
0.359
0.82
0.377
0.441
0.618
0.854
0.751
0.376
0.928
0.282
0.517
0.812
0.96
0.484
0.304
0.158
0.518
0.793
0.823
0.185
0.81
0.883
0.37
0.643
0.859
0.167
0.084
0.49
0.467
0.811
0.827
0.871
0.847
0.438
0.839
0.138
0.542
0.897
0.683
0.329
0.804
0.542
0.437
0.444
0.011
0.641
0.69
0.715
0.454
0.358
0.577
0.533
0.182
0.762
0.986
0.357
0.767
0.188
0.041
0.204
0.255
0.567
0.085
0.207
0.689
0.1
0.394
0.163
0.297
0.837
0.72
0.872
0.078
0.622
0.469
0.253
0.688
0.364
0.717
0.944
0.607
0.843
0.033
0.361
0.011
0.322
0.912
0.642
0.422
0.226
0.925
0.187
0.988
0.893
0.142
0.231
0.001
0.601
0.176
0.279
0.838
0.289
0.765
0.182
0.745
0.109
0.173
0.852
0.588
0.79
0.995
0.162
0.975
0.922
0.162
0.563
0.087
0.235
0.632
0.221
0.077
0.821
0.147
0.073
0.333
0.619
0.547
0.071
0.898
0.809
0.541
0.145
0.689
0.473
0.156
0.808
0.612
0.941
0.04
0.08
0.158
0.481
0.944
0.986
0.399
0.412
0.274
0.629
0.766
0.934
0.096
0.879
0.94
0.276
0.802
0.026
0.747
0.88
0.33
0.051
0.518
0.208
0.528
0.193
0.277
0.348
0.328
0.221
0.975
0
0.892
0.894
0.901
0.747
0.904
0.951
0.353
0.388
0.887
0.943
0.149
0.563
0.51
0.134
0.655
0.903
0.773
0.066
0.606
0.857
0.193
0.408
0.722
0.938
0.112
0.924
0.039
0.104
0.007
0.732
0.524
0.121
0.58
0.79
0.405
0.092
0.892
0.441
0.327
0.761
0.996
0.993
0.408
0.083
0.092
0.692
0.496
0.021
0.292
0.379
0.899
0.555
0.695
0.679
0.666
0.767
0.326
0.234
0.832
0.877
0.408
0.139
0.745
0.064
0.759
0.676
0.145
0.368
0.3
0.686
0.176
0.546
0.889
0.281
0.624
0.326
0.108
0.096
0.017
0.718
0.253
0.424
0.242
0.647
0.058
0.112
0.128
0.255
0.461
0.253
0.682
0.487
0.022
0.483
0.986
0.314
0.933
0.34
0.044
0.435
0.42
0.749
0.736
0.715
0.483
0.056
0.879
0.15
0.488
0.147
0.94
0.578
0.105
0.367
0.723
0.905
0.332
0.193
0.403
0.363
0.581
0.017
0.248
0.745
0.841
0.443
0.884
0.083
0.781
0.939
0.699
0.174
0.805
0.481
0.76
0.697
0.0
0.696
0.49
0.909
0.99
0.478
0.344
0.709
0.785
0.072
0.53
0.981
0.685
0.458
0.483
0.423
0.842
0.703
0.93
0.551
0.254
0.538
0.52
0.225
0.77
0.245
0.814
0.046
0.655
0.55
0.887
0.205
0.38
0.424
0.305
0.001
0.752
0.603
0.411
0.834
0.434
0.191
0.419
0.877
0.826
0.799
0.766
0.632
0.668
0.438
0.789
0.772
0.942
0.076
0.938
0.335
0.349
0.758
0.949
0.585
0.806
0.186
0.847
0.981
0.416
0.216
0.445
0.473
0.329
0.506
0.946
0.464
0.2
0.389
0.586
0.174
0.75
0.782
0.699
0.384
0.888
0.939
0.325
0.63
0.761
0.124
0.545
0.931
0.933
0.938
0.325
0.438
0.574
0.819
0.73
0.358
0.859
0.924
0.854
0.743
0.961
0.452
0.217
0.863
0.064
0.13
0.857
0.936
0.317
0.891
0.006
0.578
0.275
0.65
0.713
0.42
0.089
0.257
0.381
0.186
0.512
0.28
0.464
0.008
0.398
0.602
0.798
0.536
0.151
0.357
0.273
0.767
0.459
0.468
0.868
0.032
0.764
0.621
0.798
0.011
0.317
0.373
0.405
0.148
0.553
0.032
0.767
0.664
0.276
0.758
0.436
0.016
0.854
0.293
0.996
0.207
0.583
0.956
0.919
0.891
0.15
0.868
0.4
0.009
0.753
0.75
0.413
0.363
0.865
0.956
0.597
0.581
0.699
0.95
0.005
0.768
0.471
0.771
0.214
0.584
0.666
0.743
0.809
0.391
0.595
0.78
0.367
0.005
0
0.324
0.315
0.233
0.268
0.14
0.103
0.436
0.427
0.437
0.325
0.383
0.735
0.633
0.016
0.775
0.959
0.42
0.683
0.389
0.263
0.174
0.388
0.987
0.526
0.94
0.329
0.699
0.862
0.175
0.043
0.917
0.063
0.956
0.02
0.036
0.611
0.368
0.63
0.651
0.472
0.135
0.168
0.601
0.404
0.185
0.089
0.164
0.706
0.197
0.509
0.032
0.047
0.365
0.612
0.054
0.268
0
0.795
0.077
0.449
0.779
0.926
0.342
0.374
0.276
0.868
0.253
0.737
0.05
0.336
0.025
0.227
0.23
0.247
0.632
0.833
0.734
0.456
0.906
0.249
0.339
0.051
0.922
0.307
0.992
0.036
0.029
0.522
0.717
0.199
0.926
0.614
0.171
0.406
0.447
0.495
0.623
0.701
0.27
0.932
0.273
0.266
0.806
0.141
0.94
0.282
0.183
0.589
0.701
0.043
0.164
0.635
0.621
0.076
0.663
0.798
0.729
0.178
0.674
0.262
0.969
0.042
0.018
0.723
0.712
0.846
0.63
0.484
0.043
0.555
0.963
0.987
0.093
0.459
0.947
0.769
0.366
0.881
0.296
0.747
0.746
0.493
0.645
0.993
0.025
0.518
0.49
0.087
0.547
0.416
0.311
0.067
0.754
0.474
0.963
0.497
0.394
0.332
0.227
0.218
0.658
0.25
0.389
0.268
0.203
0.272
0.372
0.832
0.514
0.025
0.294
0.025
0.264
0.76
0.672
0.458
0.978
0.778
0.545
0.38
0.738
0.512
0.207
0.249
0.813
0.5
0.638
0.125
0.691
0.862
0.015
0.346
0
0.946
0.83
0.844
0.869
0.765
0.341
0.052
0.21
0.937
0.683
0.409
0.99
0.35
0.641
0.218
0.303
0.528
0.021
0.184
0.653
0.252
0.472
0.473
0.245
0.664
0.659
0.662
0.615
0.129
0.744
0.092
0.745
0.357
0.382
0.107
0.666
0.138
0.421
0.363
0.088
0.565
0.648
0.427
0.155
0.007
0.545
0.433
0.514
0.744
0.06
0.651
0.826
0.517
0.835
0.399
0.108
0.332
0.953
