0.189
0.006
0.796
0.503
0.42
0.984
0.233
0.782
0.826
0.729
0
0.527
0.04
0.125
0.172
0.806
0.626
0.349
0.644
0.816
0.473
0.085
0.034
0.29
0.359
0.533
0.575
0.962
0.188
0.937
0.909
0.998
0.732
0.264
0.525
0.19
0.535
0.804
0.589
0.691
0.988
0.469
0.522
0.276
0.765
0.473
0.209
0.182
0.182
0.482
0.493
0.716
0.904
0.796
0.272
0.494
0.175
0.337
0.611
0.789
0.011
0.229
0.764
0.845
0.923
0.265
0.142
0.059
0.274
0.35
0.138
0.016
0.206
0.408
0.318
0.974
0.758
0.904
0.113
0.593
0.761
0.735
0.468
0.507
0.951
0.774
0.541
0.347
0.48
0.356
0.122
0.901
0.103
0.84
0.071
0.957
0.462
0.25
0.749
0.59
0.402
0.269
0.659
0.467
0.89
0.097
0.702
0.271
0.432
0.702
0.118
0.156
0.203
0.969
0.371
0.137
0.177
0.563
0.023
0
0.579
0.987
0.537
0.138
0.709
0.548
0.185
0.908
0.603
0.806
0.397
0.592
0.865
0.889
0.475
0.34
0.845
0.834
0.806
0.201
0.027
0.688
0.627
0.446
0.82
0.045
0.752
0.583
0.089
0.849
0.248
0.111
0.474
0.59
0.617
0.208
0.696
0.142
0.179
0.826
0.373
0.256
0.248
0.81
0.075
0.153
0.025
0.71
0.969
0.816
0.879
0.999
0.634
0.15
0.228
0.172
0.365
0.367
0.341
0.116
0.169
0.562
0.244
0.609
0.923
0.391
0.846
0.686
0.469
0.867
0.725
0.598
0.379
0.282
0.74
0.619
0.318
0.406
0.958
0.699
0.264
0.219
0.242
0.946
0.737
0.55
0.433
0.322
0.842
0.261
0.379
0.199
0.635
0.888
0.393
0.181
0.533
0.545
0.02
0.265
0.217
0.993
0.368
0.851
0.109
0.123
0.389
0.908
0.158
0.09
0.433
0.738
0.544
0.976
0.562
0.024
0.501
0.646
0.725
0.239
0.444
0.091
0.127
0.833
0.456
0.316
0.927
0.259
0.21
0.981
0.03
0.549
0.42
0.674
0.342
0.146
0.374
0.449
0.793
0.948
0.768
0.207
0.087
0.604
0.635
0.142
0.409
0.237
0.521
0.879
0.49
0.655
0.488
0.72
0.708
0.564
0.887
0.675
0.327
0.276
0.192
0.645
0.102
0.77
0.975
0.437
0.618
0.816
0.116
0.402
0.507
0.28
0.008
0.988
0.205
0.056
0.123
0.42
0.221
0.627
0.001
0.849
0.556
0.741
0.201
0.728
0.237
0.206
0.071
0.825
0.451
0.482
0.789
0.852
0.806
0.186
0.64
0.736
0.304
0.576
0.991
0.661
0.478
0.244
0.456
0.435
0.389
0.822
0.754
0.072
0.676
0.646
0.648
0.211
0.876
0.128
0.407
0.387
0.248
0.9
0.852
0.82
0.655
0.152
0.999
0.711
0.886
0.373
0.279
0.772
0.33
0.828
0.335
0.153
0.359
0.766
0.788
0.888
0.648
0.577
0.486
0.191
0.23
0.246
0.075
0.101
0.759
0.831
0.19
0.539
0.984
0.898
0.747
0.588
0.317
0.772
0.123
0.074
0.889
0.743
0.854
0.608
0.15
0.713
0.216
0.789
0.748
0.417
0.719
0.24
0.554
0.228
0.684
0.97
0.945
0.186
0.605
0.683
0.091
0.186
0.076
0.073
0.844
0.629
0.833
0.857
0.44
0.436
0.716
0.651
0.508
0.988
0.349
0.701
0.224
0.256
0.815
0.486
0.308
0.995
0.371
0.351
0.039
0.658
0.713
0.838
0.441
0.871
0.517
0.872
0.532
0.627
0.905
0.575
0.872
0.723
0.894
0.237
0.403
0.945
0.202
0.986
0.457
0.246
0.13
0.01
0.581
0.157
0.04
0.809
0.052
0.698
0.813
0.66
0.137
0.16
0.1
0.042
0.848
0.978
0.107
0.72
0.781
0.294
0.783
0.819
0.247
0.269
0.262
0.854
0.74
0.085
0.164
0.918
0.252
0.611
0.45
0.89
0.832
0.978
0.547
0.27
0.752
0.366
0.793
0.924
0.355
0.224
0.167
0.379
0.089
0.997
0.491
0.276
0.049
0.971
0.948
0.844
0.675
0.243
0.081
0.354
0.308
0.875
0.784
0.151
0.216
0.956
0.627
0.234
0.739
0.505
0.06
0.368
0.078
0.732
0.674
0.125
0.468
0.823
0.864
0.286
0.816
0.456
0
0.701
0.453
0.073
0.885
0.289
0.951
0.364
0.882
0.691
0.491
0.87
0.582
0.818
0.05
0.838
0.294
0.995
0.08
0.552
0.879
0.68
0.012
0.58
0.389
0.147
0.343
0.876
0.812
0.567
0.906
0.582
0.718
0.874
0.614
0.801
0.017
0.018
0.203
0.747
0.122
0.008
0
0.148
0.295
0.076
0.29
0.744
0.028
0.851
0.527
0.342
0.367
0.041
0.232
0.167
0.471
0.731
0.982
0.259
0.595
0.209
0.613
0.876
0.517
0.677
0.75
0.681
0.967
0.398
0.685
0.719
0.708
0.272
0.586
0.133
0
0.152
0.671
0.986
0.103
0.452
0.778
0.874
0.512
0.314
0.01
0.557
0.955
0.457
0.34
0.968
0.094
0.808
0.282
0.359
0.386
0.533
0.742
0.253
0.029
0.128
0.554
0.436
0.212
0.808
0.452
0.63
0.48
0.45
0.293
0.183
0.689
0.633
0.166
0.397
0.123
0.183
0.636
0.486
0.855
0.917
0.624
0.584
0.521
0.191
0.221
0.563
0.439
0.804
0.498
0.249
0.733
0.188
0.755
0.912
0.818
0.495
0.813
0.536
0.131
0.943
0.163
0.469
0.785
0.468
0.496
0.08
0.18
0.568
0.707
0.227
0.426
0.907
0.094
0.217
0.084
0.638
0.979
0.933
0.863
0.681
0.98
0.33
0.35
0.009
0.329
0.87
0.642
0.503
0.958
0.421
0.24
0.858
0.244
0.813
0.814
0.309
0.904
0.81
0.303
0.578
0.421
0.082
0.462
0.39
0.544
0.93
0.187
0.883
0.726
0.084
0.595
0.768
0.574
0.94
0.506
0.605
0.971
0.042
0.571
0.714
0.077
0.365
0.264
0.884
0.458
0.376
0.163
0.97
0.817
0.493
0.634
0.543
0.596
0.3
0.193
0.037
0.546
0.924
0.301
0.56
0.633
0.797
0.314
0.608
0
0.475
0.775
0.937
0.308
0.415
0.377
0.413
0.304
0.005
0.311
0.479
0.915
0.355
0.22
0
0.282
0.286
0.363
0.71
0.619
0.449
0.98
0.303
0.865
0.634
0.199
0.566
0.299
0.044
0.993
0.175
0.569
0.027
0.045
0.904
0.3
0.063
0.516
0.686
0.376
0.635
0.578
0.792
0.219
0.615
0.539
0.429
0.707
0.053
0.036
0.883
0.54
0.996
0.979
0.939
0.87
0.616
0.709
0.961
0.919
0.245
0.085
0.164
0.129
0.776
0.659
0.24
0.554
0.476
0.73
0.582
0.049
0.53
0.775
0.434
0.99
0.225
0.907
0.566
0.673
0.847
0.662
0.578
0.855
0.066
0.004
0.576
0.855
0.852
0.57
0.104
0.238
0.409
0.574
0.194
0.589
0.869
0.957
0.853
0.275
0.05
0.312
0.212
0.458
0.631
0.288
0.863
0.988
0.094
0.425
0.778
0.674
0.061
0.507
0.869
0.603
0.524
0.707
0.529
0.771
0.438
0.89
0.395
0.918
0.552
0.591
0.646
0.705
0.108
0.715
0.469
0.138
0
0.605
0.305
0.62
0.551
0.59
0.848
0.432
0.16
0.4
0.713
0.635
0.099
0.37
0.229
0.031
0.555
0.623
0.297
0.892
0.789
0.404
0.174
0.062
0.157
0.142
0.382
0.089
0.271
0.743
0.317
0.86
0.843
0.171
0.488
0.653
0.54
0.255
0.195
0.968
0.735
0.696
0.729
0.119
0.024
0.744
0.892
0.791
0.805
0.233
0.535
0.074
0.738
0.367
0.395
0.197
0.2
0.372
0.652
0.174
0.82
0.067
0.34
0.806
0.068
0.95
0.233
0.988
0.948
0.089
0.748
0.208
0.109
0.639
0.655
0.119
0.858
0.207
0.175
0.008
0.071
0.331
0.706
0.509
0.166
0.811
0.987
0.014
0.5
0.407
0.539
0.754
0.478
0.092
0.635
0.24
0.04
0.322
0.534
0.631
0.406
0.548
0.032
0.471
0.579
0.075
0.06
0.918
0.568
0.306
0.015
0.242
0.107
0.008
0.317
0.896
0.252
