0.276
0.55
0.183
0.895
0.343
0.435
0.204
0.378
0.724
0.027
0.263
0.084
0.507
0.337
0.056
0.633
0.794
0.971
0.048
0.492
0.758
0.327
0.517
0.88
0.336
0.206
0.454
0.416
0.572
0.932
0.305
0.65
0.847
0.02
0.18
0.776
0.86
0.679
0.753
0.738
0.568
0.324
0.047
0.984
0.789
0.716
0.309
0.455
0.962
0.521
0.681
0.796
0.277
0.534
0.503
0.503
0.485
0.845
0.164
0.213
0.271
0.798
0.761
0.825
0.718
0.813
0.279
0.711
0.015
0.269
0.622
0.498
0.716
0.098
0.747
0.48
0.631
0.867
0.172
0.17
0.87
0.705
0.639
0.306
0.471
0.4
0.082
0.939
0.016
0.806
0.701
0.169
0.014
0.375
0.692
0.964
0.32
0.159
0.488
0.744
0.906
0.913
0.499
0.338
0.905
0.77
0.429
0.699
0.592
0.533
0.926
0.296
0.188
0.448
0.715
0.209
0.323
0.338
0.069
0.174
0.99
0.164
0.871
0.446
0.739
0.164
0.009
0.984
0.122
0.631
0.263
0.297
0.643
0.562
0.24
0.253
0.098
0.204
0.997
0.468
0.384
0.166
0.997
0.606
0.511
0.476
0.304
0.745
0.353
0.531
0.446
0.406
0.682
0.495
0.405
0.088
0.905
0.725
0.616
0.329
0.751
0.4
0.868
0.738
0.454
0.972
0.925
0.226
0.182
0.166
0.302
0.514
0.862
0.589
0.396
0.331
0.946
0.219
0.512
0.629
0.9
0.146
0.906
0.953
0.76
0.184
0.042
0.57
0.358
0.46
0.076
0.635
0.587
0.741
0.063
0.823
0.119
0.539
0.129
0.115
0.0
0.768
0.124
0.104
0.539
0.53
0.907
0.904
0.119
0.89
0.957
0.391
0.757
0.486
0.505
0.617
0.43
0.061
0.285
0.437
0.844
0.823
0.643
0.038
0.34
0.236
0.368
0.354
0.172
0.286
0.648
0.68
0.064
0.525
0.816
0.491
0.112
0.42
0.445
0.614
0.653
0.097
0.801
0.657
0.636
0.105
0.8
0.057
0.252
0.864
0.149
0.009
0.604
0.699
0.09
0.825
0.364
0.174
0.613
0.662
0.884
0.718
0.912
0.103
0.676
0.015
0.028
0.618
0.203
0.099
0.938
0.213
0.291
0.773
0.768
0.131
0.315
0.158
0.104
0.282
0.54
0.205
0.093
0.504
0.735
0.623
0.269
0.593
0.71
0.769
0.684
0.662
0.286
0.932
0.678
0.096
0.114
0.133
0.999
0.557
0.071
0.914
0.695
0.017
0.842
0.16
0.932
0.257
0.93
0.662
0.954
0.249
0.487
0.551
0.69
0.279
0.937
0.953
0.885
0.314
0.329
0.773
0.29
0.194
0.405
0.595
0.087
0.99
0.12
0.314
0.377
0.067
0.41
0.523
0.304
0.835
0.585
0.574
0.056
0.661
0.039
0.615
0.801
0.171
0.075
0.035
0.914
0.392
0.735
0.802
0.443
0.875
0.102
0.508
0.848
0.931
0.063
0.543
0.577
0.087
0.066
0.859
0.04
0.955
0.733
0.95
0.475
0.201
0.687
0.195
0.776
0.584
0.67
0.955
0.487
0.177
0.369
0.353
0.082
0.621
0.579
0.397
0.325
0.107
0.916
0.651
0.394
0.976
0.849
0.005
0.164
0.333
0.809
0.167
0.982
0.564
0.34
0.273
0.775
0.033
0.325
0.524
0.056
0.381
0.819
0.53
0.806
0.835
0.543
0.128
0.053
0.319
0.409
0.139
0.187
0.237
0.217
0.008
0.02
0.43
0.345
0.759
0.12
0.481
0.725
0.755
0.792
0.034
0.24
0.788
0.569
0.645
0.566
0.815
0.557
0.753
0.582
0.016
0.929
0.698
0.476
0.072
0.352
0.508
0.88
0.353
0.345
0.933
0.46
0.321
0.434
0.415
0.267
0.274
0.807
0.892
0.12
0.096
0.501
0.105
0.203
0.251
0.635
0.451
0.872
0.015
0.086
0.672
0.79
0.013
0.162
0.62
0.398
0.516
0.475
0.818
0.079
0.886
0.414
0.439
0.325
0.667
0.587
0.638
0.235
0.152
0.359
0.748
0.222
0.087
0.724
0.504
0.179
0.554
0.925
0.924
0.437
0.338
0.178
0.216
0.701
0.213
0.947
0.974
0.933
0.59
0.748
0.987
0.325
0.768
0.272
0.026
0.677
0.874
0.691
0.144
0.912
0.269
0.49
0.685
0.967
0.411
0.581
0.336
0.789
0.204
0.174
0.957
0.382
0.492
0.138
0.14
0.501
0.635
0.856
0.471
0.801
0.071
0.076
0.403
0.61
0.694
0.397
0.782
0.592
0.11
0.268
0.151
0.025
0.364
0.959
0.112
0.344
0.956
0.987
0.344
0.707
0.197
0.065
0.243
0.749
0.125
0.722
0.16
0.181
0.923
0.286
0.49
0.695
0.663
0.924
0.864
0.58
0.992
0.73
0.156
0.331
0.453
0.667
0.723
0.396
0.06
0.674
0.011
0.742
0.955
0.367
0.382
0.359
0.944
0.602
0.316
0.631
0.994
0.14
0.761
0.305
0.99
0.008
0.357
0.038
0.063
0.027
0.608
0.3
0.596
0.725
0.317
0.744
0.917
0.846
0.975
0.091
0.954
0.647
0.156
0.74
0.147
0.385
0.3
0.048
0.529
0.699
0.156
0.165
0.501
0.534
0.179
0.397
0.342
0.109
0.942
0.256
0.347
0.949
0.558
0.555
0.825
0.448
0.652
0.332
0.962
0.81
0.208
0.06
0.058
0.189
0.9
0.615
0.912
0.671
0.671
0.318
0.602
0.993
0.928
0.843
0.711
0.841
0.083
0.638
0.568
0.823
0.456
0.217
0.109
0.034
0.51
0.947
0.897
0.875
0.921
0.392
0.08
0.4
0.301
0.014
0.39
0.158
0.602
0.166
0.811
0.883
0.547
0.803
0.111
0.76
0.083
0.193
0.517
0.642
0.319
0.811
0.843
0.125
0.644
0.422
0.671
0.698
0.063
0.496
0.589
0.693
0.739
0.161
0.301
0.531
0.363
0.417
0.653
0.163
0.229
0.393
0.241
0.831
0.437
0.337
0.03
0.776
0.061
0.229
0.419
0.867
0.585
0.081
0.935
0.972
0.035
0.744
0.648
0.247
0.212
0.768
0.985
0.124
0.707
0.778
0.08
0.799
0.676
0.977
0.114
0.716
0.148
0.513
0.934
0.436
0.688
0.281
0.451
0.054
0.047
0.3
0.921
0.238
0.39
0.461
0.922
0.694
0.427
0.297
0.515
0.197
0.689
0.894
0.55
0.221
0.497
0.494
0.078
0.889
0.372
0.28
0.957
0.464
0.01
0.102
0.786
0.558
0.095
0.449
0.759
0.518
0.53
0.04
0.089
0.666
0.976
0.986
0.339
0.348
0.513
0.72
0.961
0.573
0.452
0.6
0.522
0.652
0.766
0.07
0.117
0.351
0.649
0.745
0.337
0.867
0.617
0.376
0.457
0.265
0.58
0.811
0.624
0.761
0.54
0.317
0.535
0.903
0.152
0.107
0.447
0.668
0.184
0.1
0.38
0.293
0.173
0.967
0.882
0.601
0.318
0.527
0.795
0.477
0.855
0.996
0.498
0.774
0.704
0.18
0.959
0.357
0.098
0.011
0.519
0.806
0.346
0.484
0.807
0.309
0.328
0.884
0.867
0.45
0.996
0.104
0.704
0.81
0.192
0.168
0.817
0.624
0.949
0.901
0.449
0.805
0.54
0.654
0.221
0.421
0.124
0.053
0.751
0.116
0.941
0.496
0.275
0.965
0.726
0.403
0.543
0.891
0.369
0.727
0.081
0.582
0.849
0.397
0.255
0.948
0.252
0.345
0.998
0.037
0.503
0.444
0.087
0.102
0.033
0.169
0.393
0.529
0.43
0.415
0.895
0.437
0.043
0.399
0.414
0.66
0.946
0.002
0.37
0.641
0.814
0.588
0.678
0.084
0.203
0.284
0.071
0.949
0.418
0.771
0.006
0.035
0.502
0.943
0.855
0.75
0.861
0.152
0.862
0.102
0.577
0.196
0.365
0.054
0.91
0.285
0.776
0.168
0.496
0.766
0.376
0.28
0.251
0.541
0.539
0.886
0.494
0.466
0.078
0.037
0.89
0.379
0.661
0.143
0.374
0.89
0.942
0.838
0.854
0.021
0.965
0.046
0.849
0.7
0.366
0.816
0.74
0.392
0.103
0.934
0.491
0.345
0.108
0.616
0.667
0.265
0.684
0.588
0.032
0.696
0.057
0.243
0.437
0.275
0.78
0.944
0.363
0.646
0.082
0.425
0.172
0.405
0.379
0.538
0.813
