0.928
0.798
0.405
0.779
0.628
0.163
0.514
0.013
0.747
0.745
0.695
0.665
0.044
0.394
0.499
0.975
0.766
0.008
0.288
0.133
0.902
0.586
0.55
0.127
0.179
0.572
0.338
0.781
0.581
0.385
0.526
0.289
0.147
0.702
0.647
0.731
0.398
0.321
0.665
0.369
0.665
0.368
0.492
0.729
0.425
0.925
0.273
0.103
0.943
0.841
0.241
0.627
0.931
0.221
0.695
0.78
0.938
0.274
0.614
0.376
0.467
0.916
0.528
0.359
0.926
0.613
0.189
0.526
0.04
0.153
0.044
0.367
0.322
0.213
0.533
0.66
0.045
0.474
0.661
0.671
0.791
0.954
0.695
0.953
0.938
0.504
0.671
0.303
0.023
0.866
0.221
0.061
0.924
0.624
0.14
0.84
0.972
0.677
0.423
0.272
0.839
0.428
0.54
0.386
0.028
0.658
0.891
0.645
0.868
0.408
0.333
0.762
0.555
0.823
0.658
0.15
0.548
0.686
0.565
0.643
0.205
0.986
0.098
0.666
0.398
0.413
0.814
0.456
0.888
0.513
0.586
0.463
0.729
0.869
0.846
0.557
0.212
0.745
0.142
0.641
0.085
0.182
0.046
0.317
0.578
0.609
0.12
0.917
0.484
0.243
0.126
0.107
0.345
0.715
0.839
0.047
0.809
0.623
0.807
0.831
0.785
0.679
0.939
0.919
0.228
0.104
0.411
0.831
0.934
0.683
0.869
0.36
0.315
0.819
0.637
0.999
0.524
0.195
0.269
0.954
0.149
0.167
0.369
0.884
0.204
0.778
0.152
0.681
0.055
0.158
0.208
0.209
0.138
0.218
0.558
0.13
0.239
0.188
0.191
0.002
0.643
0.434
0.03
0.668
0.396
0.07
0.769
0.831
0.715
0.572
0.947
0.218
0.914
0.868
0.946
0.557
0.044
0.494
0.561
0.303
0.729
0.806
0.924
0.904
0.007
0.449
0.144
0.897
0.605
0.807
0.353
0.021
0.361
0.56
0.3
0.717
0.678
0.231
0.277
0.359
0.625
0.902
0.678
0.087
0.46
0.785
0.253
0.481
0.059
0.445
0.539
0.349
0.218
0.809
0.774
0.866
0.405
0.859
0.43
0.578
0.843
0.412
0.52
0.728
0.922
0.812
0.275
0.216
0.128
0.757
0.747
0.824
0.528
0.383
0.723
0.233
0.668
0.925
0.523
0.303
0.271
0.624
0.054
0.989
0.78
0.912
0.811
0.079
0.794
0.639
0.37
0.389
0.555
0.139
0.717
0.992
0.857
0.935
0.23
0.009
0.918
0.166
0.183
0.536
0.154
0.57
0.623
0.741
0.305
0.518
0.323
0.124
0.327
0.438
0.045
0.25
0.701
0.367
0.264
0.283
0.353
0.408
0.758
0.135
0.943
0.015
0.964
0.731
0.146
0.624
0.469
0.477
0.082
0.414
0.754
0.069
0.78
0.874
0.72
0.232
0.335
0.454
0.78
0.099
0.23
0.875
0.907
0.751
0.177
0.437
0.179
0.481
0.97
0.804
0.405
0.164
0.911
0.072
0.008
0.477
0.93
0.317
0.416
0.9
0.358
0.891
0.792
0.286
0.686
0.961
0.297
0.895
0.707
0.277
0.989
0.649
0.985
0.928
0.059
0.499
0.333
0.927
0.013
0.675
0.276
0.42
0.498
0.188
0.045
0.269
0.25
0.25
0.029
0.314
0.839
0.187
0.012
0.073
0.984
0.159
0.865
0.736
0.527
0.817
0.41
0.571
0.518
0.144
0.223
0.119
0.613
0.548
0.287
0.747
0.98
0.786
0.147
0.329
0.244
0.977
0.114
0.532
0.454
0.134
0.669
0.009
0.861
0.491
0.828
0.403
0.191
0.626
0.914
0.586
0.381
0.043
0.703
0.379
0.475
0.288
0.085
0.676
0.703
0.167
0.248
0.46
0.028
0.555
0.046
0.953
0.921
0.073
0.706
0.268
0.623
0.384
0.209
0.242
0.072
0.737
0.288
0.57
0.037
0.471
0.759
0.574
0.434
0.334
0.768
0.868
0.273
0.414
0.312
0.892
0.051
0.229
0.33
0.351
0.181
0.618
0.23
0.79
0.594
0.588
0.106
0.337
0.629
0.908
0.311
0.056
0.668
0.176
0.51
0.763
0.757
0.334
0.527
0.466
0.474
0.701
0.203
0.733
0.708
0.259
0.648
0.611
0.901
0.602
0.064
0.542
0.724
0.781
0.485
0.305
0.714
0.318
0.817
0.073
0.901
0.983
0.564
0.855
0.302
0.112
0.713
0.111
0.339
0.607
0.469
0.556
0.915
0.985
0.44
0.694
0.095
0.531
0.011
0.106
0.619
0.295
0.601
0.645
0.789
0.363
0.933
0.486
0.149
0.129
0.839
0.741
0.256
0.132
0.331
0.642
0.262
0.352
0.618
0.418
0.642
0.935
0.83
0.593
0.693
0.005
0.239
0.12
0.566
0.953
0.291
0.093
0.424
0.01
0.607
0.582
0.322
0.611
0.003
0.659
0.854
0.98
0.085
0.916
0.318
0.915
0.414
0.218
0.047
0.472
0.988
0.511
0.244
0.927
0.334
0.616
0.321
0.819
0.124
0.383
0.186
0.722
0.213
0.805
0.865
0.516
0.557
0.323
0.119
0.161
0.248
0.843
0.253
0.027
0.103
0.539
0.166
0.771
0.587
0.152
0.981
0.384
0.847
0.314
0.211
0.901
0.591
0.889
0.346
0.062
0.008
0.702
0.831
0.751
0.935
0.247
0.316
0.361
0.747
0.072
0.147
0.192
0.365
0.947
0.925
0.08
0.512
0.42
0.666
0.297
0.2
0.394
0.001
0.519
0.155
0.597
0.447
0.908
0.667
0.67
0.348
0.321
0.094
0.955
0.341
0.368
0.964
0.259
0.924
0.922
0.083
0.528
0.801
0.768
0.458
0.714
0.863
0.258
0.494
0.612
0.598
0.899
0.486
0.939
0.148
0.274
0.328
0.844
0.504
0.218
0.131
0.83
0.328
0.25
0.567
0.561
0.356
0.754
0.71
0.104
0.367
0.363
0.174
0.707
0.134
0.578
0.291
0.187
0.383
0.486
0.183
0.555
0.026
0.128
0.139
0.186
0.809
0.37
0.181
0.645
0.386
0.175
0.917
0.415
0.487
0.313
0.509
0.279
0.013
0.637
0.27
0.231
0.651
0.213
0.703
0.213
0.06
0.411
0.977
0.162
0.902
0.846
0.517
0.038
0.589
0.196
0.409
0.751
0.543
0.202
0.39
0.748
0.194
0.893
0.784
0.515
0.009
0.523
0.593
0.925
0.534
0.687
0.491
0.635
0.876
0.622
0.279
0.975
0.458
0.565
0.85
0.01
0.414
0.912
0.662
0.53
0.318
0.023
0.101
0.328
0.562
0.338
0.748
0.43
0.851
0.052
0.478
0.168
0.084
0.095
0.009
0.932
0.866
0.304
0.735
0.979
0.651
0.081
0.798
0.759
0.987
0.364
0.714
0.586
0.157
0.035
0.044
0.859
0.382
0.373
0.661
0.186
0.947
0.974
0.591
0.784
0.419
0.175
0.89
0.151
0.758
0.248
0.553
0.214
0.019
0.217
0.439
0.028
0.799
0.549
0.922
0.997
0.253
0.213
0.686
0.137
0.715
0.454
0.328
0.558
0.182
0.059
0.322
0.875
0.813
0.814
0.794
0.391
0.194
0.485
0.31
0.01
0.203
0.065
0.86
0.767
0.837
0.748
0.19
0.76
0.395
0.771
0.96
0.936
0.135
0.075
0.608
0.683
0.28
0.305
0.576
0.483
0.658
0.524
0.626
0.065
0.215
0.582
0.065
0.327
0.841
0.761
0.51
0.112
0.466
0.811
0.445
0.887
0.423
0.277
0.085
0.962
0.166
0.202
0.262
0.847
0.106
0.343
0.866
0
0.353
0.71
0.771
0.748
0.91
0.903
0.807
0.071
0.689
0.999
0.907
0.454
0.58
0.618
0.207
0.861
0.025
0.163
0.327
0.63
0.139
0.554
0.962
0.357
0.749
0.247
0.176
0.199
0.044
0.97
0.621
0.17
0.413
0.308
0.326
0.401
0.961
0.16
0.866
0.21
0.969
0.833
0.45
0.335
0.693
0.761
0.216
0.435
0.372
0.66
0.356
0.375
0.378
0.474
0.352
0.778
0.226
0.453
0.192
0.206
0.375
0.894
0.048
0.091
0.321
0.764
0.545
0.585
0.514
0.558
0.207
0.72
0.888
0.283
0.581
0.633
0.091
0.411
0.891
0.865
0.889
0.92
0.619
0.073
0.447
0.592
0.994
0.744
0.742
0.857
0.875
0.55
0.597
0.96
0.448
0.539
0.34
0.377
0.687
0.026
0.419
0.437
