0.464
0.952
0.165
0.881
0.295
0.794
0.392
0.016
0.136
0.905
0.621
0.237
0.061
0.748
0.548
0.632
0.709
0.59
0.039
0.683
0.136
0.286
0.506
0.312
0.132
0.899
0.854
0.577
0.117
0.736
0.478
0.563
0.651
0.737
0.019
0.116
0.147
0.32
0.282
0.071
0.736
0.042
0.689
0.936
0.892
0.417
0.721
0.39
0.248
0.36
0.456
0.431
0.812
0.919
0.454
0.112
0.421
0.128
0.65
0.864
0.707
0.563
0.494
0.839
0.402
0.512
0.299
0.148
0.082
0.02
0.846
0.623
0.462
0.305
0.202
0.112
0.338
0.008
0.494
0.318
0.088
0.981
0.778
0.6
0.537
0.489
0.359
0.49
0.233
0.363
0.314
0.238
0.212
0.062
0.315
0.637
0.382
0.986
0.371
0.761
0.385
0.432
0.962
0.755
0.006
0.715
0.068
0.613
0.984
0.083
0.929
0.758
0.902
0.805
0.535
0.433
0.212
0.126
0.052
0.459
0.721
0.029
0.821
0.552
0.967
0.965
0.503
0.605
0.429
0.656
0.257
0.22
0.377
0.647
0.586
0.041
0.356
0.916
0.944
0.414
0.179
0.594
0.688
0.49
0.735
0.12
0.244
0.217
0.923
0.985
0.839
0.132
0.545
0.504
0.144
0.482
0.486
0.372
0.248
0.029
0.104
0.633
0.91
0.45
0.791
0.184
0.054
0.892
0.998
0.619
0.765
0.291
0.041
0.64
0.07
0.06
0.884
0.159
0.522
0.543
0.041
0.289
0.29
0.427
0.413
0.807
0.222
0.815
0.956
0.531
0.876
0.265
0.922
0.361
0.378
0.655
0.11
0.194
0.672
0.093
0.674
0.143
0.159
0.515
0.888
0.443
0.786
0.486
0.032
0.851
0.123
0.7
0.385
0.344
0.041
0.479
0.201
0.646
0.136
0.926
0.727
0.941
0.846
0.041
0.532
0.749
0.93
0.01
0.04
0.18
0.926
0.565
0.813
0.931
0.55
0.271
0.708
0.27
0.245
0.295
0.831
0.498
0.637
0.107
0.383
0.215
0.129
0.188
0.537
0.935
0.241
0.427
0.515
0.337
0.491
0.397
0.343
0.232
0.363
0.957
0.953
0.359
0.536
0.006
0.443
0.297
0.881
0.48
0.454
0.205
0.404
0.886
0.703
0.253
0.002
0.579
0.282
0.592
0.576
0.863
0.918
0.244
0.145
0.611
0.45
0.962
0.948
0.772
0.516
0.33
0.006
0.889
0.133
0.426
0.301
0.636
0.886
0.283
0.076
0.18
0.948
0.912
0.559
0.71
0.354
0.534
0.86
0.272
0.822
0.156
0.955
0.578
0.921
0.258
0.989
0.866
0.845
0.794
0.919
0.36
0.84
0.348
0.069
0.135
0.734
0.964
0.509
0.182
0.359
0.114
0.976
0.412
0.199
0.147
0.922
0.925
0.169
0.42
0.318
0.889
0.81
0.725
0.051
0.228
0.815
0.525
0.408
0.211
0.445
0.688
0.076
0.775
0.206
0.66
0.086
0.252
0.473
0.227
0.525
0.307
0.361
0.844
0.57
0.694
0.182
0.423
0.914
0.473
0.354
0.128
0.313
0.84
0.715
0.143
0.276
0.832
0.936
0.414
0.032
0.592
0.621
0.715
0.865
0.484
0.534
0.064
0.029
0.418
0.125
0.968
0.8
0.105
0.438
0.527
0.468
0.038
0.157
0.005
0.976
0.691
0.572
0.197
0.446
0.651
0.266
0.503
0.726
0.83
0.303
0.415
0.828
0.795
0.262
0.266
0.799
0.302
0.409
0.801
0.307
0.9
0.791
0.025
0.071
0.111
0.184
0.433
0.479
0.87
0.553
0.355
0.662
0.265
0.774
0.603
0.695
0.395
0.485
0.196
0.762
0.147
0.829
0.764
0.77
0.709
0.606
0.36
0.343
0.493
0.452
0.154
0.257
0.766
0.286
0.235
0.242
0.472
0.799
0.579
0.327
0.425
0.091
0.488
0.599
0.779
0.862
0.46
0.805
0.49
0.03
0.628
0.224
0.136
0.509
0.301
0.464
0.841
0.313
0.213
0.055
0.015
0.745
0.415
0.802
0.662
0.405
0.276
0.06
0.705
0.535
0.883
0.119
0.469
0.163
0.854
0.773
0.908
0
0.296
0.186
0.012
0.034
0.557
0.218
0.763
0.618
0.114
0.309
0.078
0.378
0.249
0.662
0.097
0.342
0.723
0.211
0.333
0.466
0.339
0.517
0.205
0.012
0.136
0.002
0.699
0.857
0.838
0.152
0.697
0.336
0.001
0.881
0.501
0.123
0.409
0.977
0.36
0.992
0.416
0.162
0.353
0.076
0.556
0.71
0.713
0.299
0.752
0.256
0.649
1.0
0.794
0.956
0.772
0.221
0.674
0.375
0.23
0.571
0.295
0.381
0.661
0.466
0.152
0.963
0.486
0.003
0.405
0.485
0.616
0.376
0.558
0.445
0.663
0.722
0.194
0.94
0.602
0.714
0.238
0.122
0.171
0.725
0.071
0.439
0.59
0.928
0.224
0.855
0.509
0.097
0.662
0.774
0.236
0.032
0.049
0.151
0.555
0.392
0.816
0.496
0.021
0.237
0.387
0.686
0.989
0.189
0.947
0.573
0.905
0.309
0.071
0.238
0.469
0.45
0.499
0.476
0.782
0.383
0.318
0.998
0.357
0.892
0.953
0.061
0.127
0.892
0.227
0.749
0.697
0.692
0.736
0.094
0.608
0.535
0.545
0.531
0.688
0.293
0.723
0.942
0.562
0.03
0.063
0.726
0.416
0.204
0.017
0.775
0.291
0.178
0.1
0.323
0.652
0.441
0.472
0.76
0.262
0.535
0.902
0.159
0.706
0.418
0.328
0.177
0.881
0.923
0.493
0.615
0.957
0.737
0.913
0.088
0.367
0.75
0.019
0.254
0.189
0.32
0.07
0.848
0.971
0.044
0.896
0.126
0.196
0.031
0.804
0.374
0.319
0.315
0.233
0.805
0.143
0.153
0.747
0.126
0.14
0.818
0.056
0.144
0.774
0.495
0.787
0.724
0.768
0.569
0.776
0.777
0.236
0.091
0.667
0.339
0.077
0.799
0.633
0.774
0.464
0.112
0.316
0.731
0.894
0.41
0.135
0.944
0.461
0.561
0.808
0.556
0.268
0.468
0.41
0.91
0.085
0.946
0.876
0.666
0.809
0.719
0.069
0.71
0.04
0.638
0.391
0.089
0.688
0.983
0.291
0.884
0.664
0.23
0.677
0.062
0.006
0.441
0.06
0.697
0.799
0.165
0.809
0.561
0.528
0.941
0.408
0.46
0.509
0.102
0.53
0.81
0.706
0.768
0.644
0.654
0.231
0.976
0.496
0.885
0.447
0.774
0.318
0.364
0.678
0.022
0.009
0.728
0.057
0.078
0.201
0.802
0.258
0.679
0.073
0.042
0.291
0.635
0.74
0.571
0.846
0.468
0.846
0.765
0.15
0.938
0.642
0.16
0.148
0.978
0.38
0.587
0.424
0.051
0.263
0.389
0.874
0.505
0.812
0.058
0.093
0.476
0.916
0.534
0.31
0.695
0.026
0.846
0.113
0.055
0.199
0.509
0.081
0.254
0.209
0.947
0.153
0.654
0.856
0.252
0.892
0.416
0.935
0.122
0.032
0.447
0.306
0.899
0.621
0.933
0.171
0.589
0.064
0.327
0.056
0.256
0.815
0.545
0.999
0.8
0.496
0.034
0.763
0.739
0.121
0.01
0.841
0.913
0.475
0.986
0.563
0.85
0.55
0.911
0.853
0.571
0.904
0.873
0.21
0.623
0.848
0.298
0.782
0.547
0.498
0.541
0.147
0.183
0.761
0.202
0.767
0.888
0.558
0.741
0.88
0.594
0.621
0.871
0.36
0.403
0.11
0.216
0.09
0.788
0.442
0.736
0.566
0.49
0.381
0.041
0.933
0.771
0.345
0.078
0.753
0.578
0.384
0.919
0.199
0.688
0.722
0.632
0.799
0.146
0.122
0.507
0.186
0.314
0.086
0.333
0.249
0.174
0.087
0.511
0.159
0.456
0.026
0.063
0.847
0.881
0.86
0.95
0.564
0.918
0.445
0.735
0.503
0.913
0.994
0.267
0.575
0.118
0.099
0.629
0.505
0.513
0.941
0.501
0.939
0.365
0.108
0.669
0.007
0.852
0.126
0.154
0.849
0.814
0.413
0.579
0.983
0.038
0.228
0.001
0.017
0.668
0.619
0.387
0.388
0.324
0.458
0.444
0.459
0.722
0.631
0.049
0.688
0.564
0.184
0.03
0.734
0.644
0.589
0.357
0.138
0.095
0.261
0.714
0.942
0.992
0.481
0.884
0.457
0.796
0.329
