0.719
0.065
0.924
0.733
0.896
0.399
0.713
0.651
0.806
0.557
0.069
0.333
0.514
0.211
0.212
0.94
0.105
0.564
0.965
0.269
0.168
0.249
0.474
0.701
0.662
0.398
0.588
0.801
0.512
0.098
0.479
0.25
0.212
0.113
0.362
0.474
0.102
0.874
0.825
0.505
0.419
0.014
0.718
0.256
0.253
0.279
0.736
0.513
0.625
0.602
0.326
0.115
0.209
0.389
0.978
0.435
0.788
0.916
0.389
0.076
0.243
0.215
0.535
0.828
0.929
0.161
0.17
0.077
0.342
0.391
0.021
0.611
0.784
0.539
0.074
0.706
0.969
0.628
0.565
0.45
0.869
0.176
0.33
0.233
0.24
0.571
0.369
0.673
0.421
0.935
0.359
0.551
0.9
0.827
0.769
0.24
0.4
0.955
0.218
0.201
0.294
0.88
0.348
0.319
0.788
0.248
0.13
0.305
0.42
0.726
0.751
0.162
0.523
0.949
0.725
0.633
0.928
0.873
0.631
0.873
0.035
0.13
0.0
0.84
0.986
0.379
0.255
0.827
0.139
0.139
0.686
0.808
0.201
0.49
0.454
0.031
0.974
0.464
0.866
0.912
0.734
0.148
0.241
0.364
0.039
0.167
0.051
0.155
0.464
0.706
0.533
0.838
0.734
0.682
0.713
0.228
0.451
0.539
0.084
0.989
0.048
0.678
0.906
0.098
0.314
0.711
0.809
0.458
0.324
0.558
0.527
0.056
0.74
0.224
0.486
0.267
0.605
0.544
0.488
0.97
0.503
0.323
0.379
0.289
0.189
0.384
0.184
0.134
0.631
0.519
0.548
0.947
0.776
0.816
0.971
0.131
0.121
0.854
0.951
0.474
0.245
0.682
0.878
0.256
0.306
0.368
0.41
0.43
0.973
0.548
0.336
0.576
0.826
0.527
0.123
0.618
0.661
0.626
0.941
0.742
0.097
0.142
0.991
0.682
0.719
0.356
0.911
0.43
0.38
0.675
0.109
0.326
0.788
0.049
0.156
0.217
0.825
0.96
0.275
0.372
0.178
0.432
0.868
0.083
0.12
0.125
0.667
0.007
0.296
0.543
0.593
0.371
0.139
0.421
0.949
0.489
0.67
0.504
0.925
0.315
0.699
0.025
0.792
0.622
0.07
0.632
0.424
0.406
0.029
0.96
0.507
0.172
0.92
0.023
0.242
0.554
0.76
0.012
0.76
0.845
0.068
0.591
0.392
0.535
0.599
0.394
0.513
0.475
0.892
0.609
0.95
0.7
0.255
0.574
0.411
0.6
0.735
0.867
0.364
0.236
0.733
0.868
0.831
0.964
0.159
0.425
0.142
0.626
0.682
0.504
0.956
0.903
0.382
0.739
0.699
0.459
0.895
0.228
0.126
0.601
0.232
0.008
0.129
0.738
0.603
0.081
0.268
0.117
0.347
0.58
0.901
0.932
0.679
0.312
0.401
0.32
0.022
0.092
0.106
0.91
0.419
0.601
0.867
0.231
0.699
0.96
0.438
0.618
0.507
0.636
0.802
0.479
0.131
0.131
0.699
0.413
0.678
0.025
0.107
0.547
0.114
0.345
0.378
0.472
0.148
0.908
0.282
0.394
0.559
0.571
0.112
0.344
0.662
0.987
0.198
0.231
0.1
0.669
0.508
0.398
0.965
0.124
0.477
0.305
0.619
0.29
0.18
0.001
0.082
0.802
0.792
0.647
0.699
0.511
0.905
0.108
0.295
0.419
0.777
0.009
0.17
0.3
0.357
0.053
0.176
0.154
0.975
0.159
0.771
0.629
0.853
0.446
0.841
0.851
0.23
0.588
0.46
0.21
0.037
0.445
0.804
0.117
0.446
0.863
0.049
0.088
0.069
0.832
0.761
0.144
0.653
0.473
0.939
0.745
0.138
0.313
0.393
0.507
0.493
0.175
0.771
0.505
0.889
0.007
0.379
0.202
0.058
0.732
0.787
0.609
0.139
0.146
0.579
0.791
0.216
0.842
0.698
0.348
0.706
0.955
0.128
0.191
0.891
0.98
0.581
0.65
0.653
0.727
0.258
0.476
0.44
0.023
0.32
0.386
0.698
0.257
0.426
0.348
0.213
0.703
0.659
0.402
0.312
0.465
0.427
0.904
0.442
0.544
0.378
0.193
0.519
0.837
0.341
0.629
0.234
0.627
0.831
0.588
0.791
0.191
0.468
0.644
0.911
0.123
0.216
0.819
0.503
0.675
0.056
0.993
0.496
0.157
0.765
0.278
0.001
0.732
0.643
0.345
0.55
0.94
0.456
0.004
0.219
0.526
0.091
0.906
0.05
0.342
0.029
0.359
0.464
0.471
0.005
0.966
0.943
0.386
0.571
0.222
0.03
0.094
0.619
0.864
0.881
0.148
0.787
0.601
0.391
0.723
0.291
0.77
0.829
0
0.775
0.439
0.94
0.976
0.392
0.31
0.343
0.714
0.275
0.549
0.868
0.607
0.665
0.12
0.205
0.439
0.88
0.685
0.134
0.99
0.318
0.153
0.611
0.771
0.184
0.559
0.884
0.018
0.93
0.198
0.517
0.3
0.905
0.218
0.197
0.117
0.938
0.131
0.171
0.795
0.047
0.522
0.264
0.765
0.967
0.38
0.046
0.992
0.736
0.727
0.032
0.508
0.507
0.628
0.189
0.035
0.579
0.746
0.494
0.079
0.071
0.772
0.826
0.734
0.091
0.167
0.267
0.087
0.61
0.342
0.405
0.065
0.828
0.771
0.225
0.455
0.97
0.334
0.109
0.553
0.202
0.776
0.421
0.574
0.641
0.112
0.825
0.438
0.51
0.011
0.852
0.104
0.751
0.951
0.889
0.205
0.79
0.215
0.388
0.977
0.868
0.423
0.6
0.66
0.585
0.193
0.581
0.679
0.556
0.955
0.409
0.375
0.613
0.032
0.357
0.353
0.104
0.324
0.679
0.458
0.604
0.811
0.388
0.677
0.644
0.178
0.107
0.381
0.054
0.181
0.852
0.669
0.559
0.06
0.762
0.727
0.557
0.205
0
0.804
0.64
0.967
0.007
0.046
0.4
0.886
0.893
0.575
0.7
0.729
0.534
0.322
0.229
0.221
0.561
0.781
0.605
0.702
0.104
0.197
0.946
0.925
0.254
0.43
0.429
0.204
0.756
0.004
0.951
0.76
0.878
0.623
0.189
0.136
0.64
0.36
0.122
0.325
0.19
0.685
0.978
0.371
0.681
0.781
0.45
0.611
0.772
0.427
0.618
0.408
0.2
0.631
0.625
0.461
0.405
0.746
0.347
0.292
0.066
0.41
0.976
0.495
0.772
0.378
0.047
0.608
0.712
0.289
0.834
0.491
0.397
0.831
0.849
0.968
0.816
0.622
0.831
0.061
0.899
0.772
0.426
0.422
0.372
0.173
0.243
0.55
0.113
0.635
0.29
0.566
0.118
0.515
0.359
0.723
0.997
0.16
0.011
0.004
0.903
0.226
0.768
0.946
0.29
0.13
0.406
0.764
0.695
0.12
0.337
0.145
0.593
0.417
0.417
0.589
0.842
0.919
0.964
0.352
0.814
0.113
0.61
0.064
0.215
0.181
0.885
0.353
0.511
0.428
0.724
0.18
0.055
0.592
0.636
0.859
0.563
0.335
0.151
0.87
0.58
0.506
0.066
0.801
0.456
0.358
0.971
0.429
0.422
0.719
0.648
0.302
0.634
0.949
0.058
0.585
0.52
0.179
0.333
0.496
0.86
0.593
0.719
0.548
0.339
0.7
0.323
0.446
0.32
0.865
0.504
0.697
0.012
0.803
0.421
0.747
0.729
0.166
0.932
0.676
1.0
0.205
0.387
0.569
0.763
0.142
0.506
0.102
0.912
0.01
0.847
0.842
0.17
0.39
0.652
0.394
0.754
0.88
0.084
0.445
0.653
0.338
0.624
0.276
0.854
0.678
0.118
0.97
0.398
0.964
0.716
0.654
0.537
0.64
0.467
0.639
0.364
0.572
0.954
0.188
0.915
0.046
0.106
0.465
0.706
0
0.001
0.804
0.463
0.522
0.521
0.766
0.962
0.927
0.467
0.162
0.086
0.686
0.942
0.059
0.893
0.489
0.625
0.996
0.842
0.477
0.184
0.587
0.653
0.037
0.034
0.909
0.655
0.397
0.557
0.016
0.902
0.195
0.525
0.167
0.099
0.951
0.4
0.616
0.928
0.221
0.467
0.462
0.623
0.867
0.158
0.065
0.202
0.584
0.078
0.332
0.345
0.193
0.533
0.613
0.279
0.343
0.097
0.099
0.853
0.868
0.269
0.82
0.99
0.183
0.189
0.113
0.773
0.76
0.129
0.214
0.061
0.823
0.482
0.916
0.128
0.495
0.369
0.065
0.399
0.743
0.569
0.628
0.964
0.338
