0.541
0.958
0.212
0.167
0.923
0.97
0.767
0.396
0.187
0.965
0.483
0.102
0.356
0.009
0.804
0.225
0.868
0.575
0.249
0.92
0.363
0.769
0.265
0.413
0.278
0.265
0.001
0.498
0.69
0.674
0.233
0.709
0.379
0.444
0.067
0.253
0.161
0.377
0.436
0.879
0.317
0.907
0.231
0.325
0.215
0.727
0.052
0.529
0.865
0.865
0.004
0.522
0.176
0.37
0.436
0.443
0.901
0.752
0.811
0.58
0.417
0.95
0.678
0.855
0.642
0.379
0.638
0.341
0.938
0.84
0.479
0.248
0.092
0.555
0.043
0.825
0.367
0.821
0.07
0.561
0.136
0.983
0.964
0.588
0.192
0.144
0.552
0.482
0.441
0.521
0.197
0.982
0.352
0.081
0.787
0.184
0.517
0.187
0.342
0.747
0.724
0.287
0.224
0.732
0.329
0.548
0.517
0.471
0.002
0.76
0.388
0.599
0.227
0.757
0.391
0.472
0.174
0.105
0.623
0.958
0.924
0.187
0.629
0.699
0.073
0.676
0.585
0.878
0.162
0.658
0.589
0.383
0.363
0.789
0.047
0.742
0.508
0.823
0.579
0.925
0.084
0.2
0.576
0.235
0.286
0.101
0.157
0.312
0.263
0.196
0.47
0.627
0.385
0.999
0.167
0.296
0.578
0.838
0.6
0.293
0.827
0.947
0.733
0.549
0.44
0.826
0.026
0.065
0.79
0.222
0.521
0.969
0.606
0.054
0.771
0.795
0.919
0.699
0.851
0.291
0.862
0.239
0.453
0.924
0.373
0.91
0.317
0.612
0.057
0.724
0.951
0.59
0.194
0.402
0.644
0.767
0.073
0.448
0.583
0.812
0.571
0.905
0.109
0.946
0.878
0.822
0.698
0.462
0.214
0.649
0.713
0.64
0.115
0.368
0.045
0.863
0.491
0.871
0.724
0.46
0.897
0.246
0.03
0.971
0.38
0.199
0.675
0.551
0.231
0.949
0.096
0.602
0.808
0.038
0.518
0.895
0.265
0.218
0.182
0.577
0.279
0.328
0.169
0.763
0.383
0.155
0.056
0.598
0.475
0.118
0.138
0.362
0.904
0.197
0.045
0.593
0.789
0.755
0.937
0.153
0.499
0.543
0.11
0.433
0.573
0.749
0.691
0.043
0.149
0.681
0.394
0.301
0.838
0.359
0.028
0.786
0.878
0.184
0.862
0.79
0.848
0.319
0.642
0.668
0.945
0.023
0.709
0.152
0.784
0.507
0.215
0.682
0.365
0.184
0.873
0.39
0.679
0.77
0.945
0.668
0.36
0.164
0.859
0.028
0.185
0.745
0.788
0.256
0.686
0.061
0.877
0.83
0.368
0.273
0
0.027
0.668
0.708
0.597
0.223
0.891
0.79
0.803
0.766
0.114
0.133
0.638
0.246
0.856
0.603
0.804
0.364
0.849
0.798
0.068
0.877
0.678
0.913
0.033
0.554
0.092
0.914
0.135
0.356
0.855
0.619
0.265
0.004
0.544
0.05
0.056
0.397
0.052
0.958
0.22
0.978
0.365
0.815
0.365
0.517
0.274
0.061
0.726
0.855
0.112
0.775
0.635
0.472
0.78
0.188
0.047
0.456
0.205
0.358
0.647
0.961
0.248
0.976
0.157
0.782
0.345
0.688
0.018
0.712
0.796
0.455
0.53
0.322
0.097
0.968
0.884
0.555
0.401
0.481
0.506
0.481
0.347
0.164
0.746
0.74
0.688
0.684
0.765
0.617
0.561
0.61
0.988
0.138
0.403
0.181
0.216
0.624
0.417
0.466
0.867
0.468
0.9
0.595
0.723
0.874
0.255
0.386
0.761
0.814
0.768
0.351
0.058
0.074
0.577
0.137
0.089
0.35
0.704
0.445
0.625
0.985
0.232
0.359
0.797
0.051
0.732
0.762
0.77
0.053
0.749
0.585
0.873
0.989
0.553
0.719
0.56
0.979
0.01
0.604
0.414
0.079
0.221
0.304
0.857
0.455
0.276
0.786
0.347
0.619
0.174
0.147
0.437
0.93
0.683
0.844
0.804
0.675
0.248
0.081
0.803
0.735
0.763
0.294
0.485
0.264
0.628
0.911
0.168
0.048
0.488
0.553
0.204
0.816
0.49
0.71
0.857
0.041
0.898
0.319
0.605
0.39
0.822
0.672
0.987
0.337
0.179
0.007
0.777
0.08
0.738
0.955
0.313
0.345
0.091
0.817
0.72
0.075
0.766
0.241
0.652
0.357
0.562
0.473
0.72
0.691
0.863
0.721
0.144
0.663
0.416
0.229
0.728
0.892
0.926
0.426
0.935
0.897
0.161
0.649
0.155
0.69
0.601
0.416
0.943
1.0
0.612
0.103
0.443
0.943
0.567
0.655
0.886
0.884
0.144
0.039
0.849
0.308
0.517
0.653
0.574
0.742
0.785
0.282
0.079
0.463
0.781
0.589
0.459
0.304
0.055
0.258
0.391
0.227
0.822
0.368
0.44
0.397
0.434
0.236
0.164
0.703
0.429
0.963
0.966
0.588
0.54
0.219
0.626
0.882
0.87
0.256
0.953
0.891
0.684
0.044
0.932
0.833
0.88
0.019
0.58
0.008
0.231
0.744
0.708
0.287
0.965
0.217
0.97
0.664
0.418
0.927
0.134
0.157
0.38
0.046
0.479
0.163
0.032
0.269
0.363
0.092
0.226
0.876
0.014
0.947
0.266
0.663
0.279
0.528
0.752
0.089
0.255
0.285
0.258
0.23
0.264
0.0
0.647
0.648
0.336
0.164
0.195
0.1
0.252
0.683
0.056
0.858
0.382
0.028
0.391
0.526
0.609
0.627
0.055
0.781
0.078
0.156
0.963
0.87
0.409
0.862
0.779
0.035
0.914
0.534
0.863
0.748
0.458
0.57
0.594
0.871
0.232
0.412
0.559
0.509
0.774
0.304
0.905
0.522
0.602
0.992
0.152
0.771
0.066
0.897
0.292
0.562
0.914
0.857
0.567
0.315
0.086
0.566
0.876
0.17
0.261
0.574
0.444
0.978
0.659
0.338
0.251
0.997
0.976
0.445
0.86
0.071
0.205
0.062
0.494
0.76
0.079
0.829
0.087
0.146
0.769
0.225
0.954
0.01
0.941
0.991
0.863
0.244
0.434
0.019
0.547
0.382
0.837
0.498
0.795
0.555
0.343
0.734
0.128
0.052
0.35
0.597
0.806
0.2
0.615
0.663
0.987
0.971
0.031
0.145
0.466
0.169
0.905
0.992
0.975
0.665
0.093
0.849
0.344
0.148
0.747
0.927
0.885
0.544
0.18
0.241
0.125
0.255
0.761
0.699
0.942
0.409
0.584
0.384
0.804
0.762
0.942
0.966
0.77
0.273
0.585
0.727
0.518
0.9
0.71
0.755
0.452
0.344
0.379
0.326
0.524
0.441
0.819
0.884
0.25
0.773
0.916
0.945
0.64
0.207
0.14
0.653
0.522
0.428
0.836
0.283
0.959
0.415
0.631
0.279
0.525
0.398
0.787
0.117
0.502
0.158
0.148
0.012
0.104
0.493
0.574
0.166
0.585
0.641
0.377
0.024
0.189
0.484
0.84
0.929
0.385
0.819
0.265
0.308
0.977
0.278
0.069
0.187
0.595
0.489
0.971
0.849
0.428
0.13
0.19
0.82
0.45
0.12
0.272
0.304
0.649
0.497
0.538
0.662
0.842
0.021
0.228
0.269
0.007
0.585
0.801
0.266
0.354
0.233
0.068
0.551
0.842
0.161
0.738
0.553
0.501
0.799
0.696
0.031
0.795
0.622
0.329
0.091
0.368
0.63
0.825
0.02
0.903
0.077
0.112
0.435
0.223
0.281
0.018
0.645
0.197
0.786
0.573
0.83
0.072
0.222
0.352
0.523
0.105
0.834
0.493
0.133
0.393
0.032
0.772
0.891
0.183
0.105
0.043
0.156
0.114
0.14
0.845
0.191
0.149
0.796
0.464
0.104
0.755
0.672
0.829
0.229
0.112
0.299
0.235
0.166
0.036
0.363
0.586
0.623
0.007
0.084
0.359
0.09
0.01
0.535
0.195
0.72
0.993
0.319
0.092
0.547
0.815
0.766
0.372
0.074
0.425
0.807
0.828
0.962
0.941
0.452
0.928
0.828
0.892
0.101
0.063
0.477
0.767
0.339
0.2
0.054
0.662
0.621
0.665
0.689
0.174
0.81
0.623
0.341
0.094
0.931
0.167
0.336
0.394
0.239
0.134
0.102
0.378
0.387
0.369
0.095
0.87
0.068
0.112
0.388
0.708
0.655
0.873
0.584
0.779
0.423
0.733
0.616
0.818
0.368
0.54
0.477
0.119
0.283
0.527
0.397
0.276
0.922
0.347
0.628
0.918
0.886
0.798
0.387
