0.096
0.732
0.475
0.214
0.988
0.042
0.104
0.231
0.988
0.994
0.642
0.755
0.863
0.743
0.003
0.247
0.458
0.992
0.014
0.286
0.62
0.896
0.189
0.676
0.481
0.092
0.705
0.026
0.875
0.687
0.145
0.289
0.55
0.39
0.916
0.297
0.876
0.19
0.409
0.663
0.978
0.662
0.418
0.446
0.32
0.163
0.822
0.452
0.927
0.095
0.144
0.349
0.939
0.992
0.749
0.067
0.996
0.837
0.669
0.218
0.496
0.117
0.855
0.374
0.161
0.882
0.153
0.291
0.96
0.051
0.798
0.907
0.914
0.256
0.175
0.669
0.415
0.003
0.246
0.124
0.935
0.127
0.491
0.31
0.368
0.424
0.758
0.968
0.913
0.46
0.552
0.88
0.117
0.267
0.046
0.826
0.339
0.831
0.889
0.571
0.068
0.789
0.454
0.241
0.824
0.902
0.882
0.58
0.722
0.417
0.884
0.597
0.877
0.148
0.217
0.046
0.242
0.369
0.591
0.389
0.977
0.998
0.374
0.552
0.105
0.533
0.273
0.698
0.828
0.312
0.136
0.965
0.885
0.866
0.431
0.684
0.37
0.709
0.261
0.994
0.735
0.252
0.914
0.548
0.595
0.787
0.719
0.45
0.52
0.691
0.44
0.921
0.128
0.246
0.285
0.588
0.557
0.295
0.972
0.297
0.402
0.239
0.7
0.465
0.799
0.049
0.658
0.001
0.202
0.419
0.22
0.81
0.409
0.095
0.449
0.225
0.082
0.227
0.644
0.309
0.114
0.558
0.551
0.867
0.368
0.625
0.131
0.442
0.952
0.209
0.348
0.705
0.947
0.141
0.659
0.404
0.578
0.732
0.285
0.287
0.958
0.763
0.258
0.135
0.238
0.578
0.658
0.087
0.456
0.665
0.999
0.119
0.787
0.547
0.358
0.977
0.368
0.359
0.879
0.281
0.334
0.146
0.563
0.62
0.223
0.478
0.502
0.847
0.319
0.253
0.265
0.76
0.622
0.629
0.953
0.173
0.812
0.596
0.758
0.844
0.871
0.147
0.768
0.853
0.384
0.622
0.892
0.653
0.595
0.044
0.348
0.029
0.884
0.603
0.849
0.362
0.373
0.377
0.641
0.767
0.555
0.829
0.401
0.459
0.997
0.967
0.962
0.693
0.204
0.036
0.06
0.567
0.773
0.352
0.878
0.389
0.166
0.131
0.79
0.539
0.923
0.807
0.297
0.806
0.256
0.092
0.599
0.562
0.326
0.684
0.88
0.585
0.271
0.32
0.239
0.315
0.501
0.42
0.245
0.764
0.439
0.369
0.091
0.699
0.18
0.651
0.199
0.372
0.758
0.185
0.348
0.837
0.261
0.669
0.768
0.338
0.182
0.005
0.326
0.054
0.402
0.903
0.551
0.551
0.721
0.123
0.906
0.437
0.598
0.196
0.201
0.376
0.048
0.751
0.779
0.41
0
0.494
0.659
0.439
0.303
0.225
0.718
0.982
0.522
0.17
0.329
0.755
0.549
0.096
0.281
0.881
0.153
0.166
0.517
0.45
0.539
0.484
0.575
0.774
0.15
0.48
0.323
0.616
0.363
0.992
0.556
0.329
0.487
0.93
0.846
0.524
0.197
0.071
0.134
0.758
0.468
0.88
0.39
0.516
0.712
0.08
0.463
0.659
0.902
0.288
0.468
0.195
0.314
0.291
0.757
0.99
0.343
0.253
0.836
0.301
0.243
0.404
0.615
0.836
0.706
0.739
0.372
0.31
0.064
0.412
0.5
0.463
0.976
0.292
0.131
0.727
0.429
0.183
0.452
0.955
0.651
0.444
0.606
0.745
0.311
0.217
0.292
0.349
0.068
0.203
0.319
0.088
0.801
0.201
0.452
0.721
0.274
0.172
0.764
0.065
0.77
0.73
0.109
0.806
0.561
0.564
0.781
0.497
0.713
0.363
0.824
0.659
0.905
0.823
0.528
0.521
0.032
0.897
0.69
0.775
0.306
0.651
0.258
0.967
0.604
0.872
0.109
0.378
0.2
0.706
0.512
0.594
0.039
0.04
0.271
0.277
0.959
0.025
0.237
0.46
0.538
0.181
0.498
0.812
0.975
0.806
0.835
0.915
0.382
0.296
0.453
0.162
0.465
0.589
0.324
0.328
0.348
0.676
0.231
0.374
0.701
0.213
0.848
0.391
0.364
0.365
0.763
0.935
0.782
0.929
0.456
0.407
0.197
0.403
0.787
0.14
0.278
0.269
0.051
0.896
0.75
0.791
0.317
0.705
0.251
0.435
0.429
0.517
0.44
0.86
0.495
0.397
0.936
0.555
0.86
0.608
0.522
0.603
0.553
0.189
0.213
0.607
0.811
0.214
0.149
0.539
0.353
0.868
0.535
0.366
0.424
0.976
0.044
0.749
0.822
0.068
0.251
0.336
0.366
0.861
0.083
0.292
0.561
0.794
0.195
0.705
0.171
0.04
0.471
0.674
0.201
0.757
0.896
0.774
0.138
0.411
0.727
0.46
0.733
0.101
0.922
0.227
0.663
0.502
0.483
0.783
0.705
0.819
0.679
0.593
0.936
0.793
0.152
0.059
0.761
0.202
0.739
0.941
0.188
0.564
0.482
0.42
0.967
0.871
0.827
0.832
0.531
0.014
0.163
0.703
0.437
0.645
0.571
0.165
0.703
0.16
0.167
0.996
0.096
0.94
0.788
0.851
0.304
0.012
0.338
0.471
0.414
0.911
0.82
0.649
0.676
0.829
0.544
0.16
0.176
0.512
0.055
0.274
0.584
0.666
0.159
0.416
0.878
0.02
0.959
0.111
0.328
0.264
0.433
0.522
0.164
0.591
0.436
0.981
0.055
0.713
0.261
0.18
0.512
0.993
0.803
0.133
0.808
0.68
0.587
0.075
0.744
0.556
0.84
0.898
0.012
0.055
0.762
0.486
0.424
0.588
0.222
0.168
0.2
0.01
0.426
0.064
0.368
0.19
0.387
0.195
0.376
0.993
0.848
0.752
0.483
0.399
0.642
0.671
0.017
0.593
0.573
0.548
0.429
0.5
0.134
0.293
0.647
0.441
0.726
0.807
0.869
0.775
0.411
0.539
0.467
0.436
0.698
0.24
0.815
0.753
0.896
0.297
0.392
0.95
0.419
0.368
0.998
0.963
0.266
0.091
0.032
0.065
0.283
0.687
0.787
0.91
0.062
0.487
0.822
0.66
0.808
0.635
0.952
0.048
0.736
0.973
0.707
0.125
0.702
0.044
0.23
0.166
0.087
0.323
0.672
0.716
0.829
0.134
0.721
0.365
0.59
0.198
0.196
0.414
0.028
0.977
0.644
0.599
0.487
0.009
0.731
0.293
0.111
1.0
0.748
0.548
0.221
0.075
0.51
0.545
0.016
0.954
0.694
0.837
0.087
0.267
0.003
0.115
0.209
0.824
0.216
0.475
0.358
0.134
0.115
0.261
0.571
0.459
0.246
0.637
0.038
0.37
0.743
0.949
0.94
0.044
0.545
0.755
0.675
0.604
0.936
0.038
0.066
0.487
0.17
0.539
0.999
0.646
0.136
0.647
0.381
0.111
0.443
0.445
0.718
0.605
0.078
0.602
0.167
0.029
0.064
0.27
0.989
0.332
0.338
0.331
0.47
0.331
0.152
0.989
0.084
0.457
0.304
0.898
0.281
0.225
0.885
0.061
0.366
0.584
0.922
0.05
0.1
0.47
0.461
0.959
0.969
0.477
0.862
0.363
0.645
0.51
0.935
0.426
0.578
0.541
0.941
0.608
0.915
0.178
0.268
0.57
0.906
0.993
0.017
0.617
0.944
0.302
0.757
0.652
0.963
0.107
0.652
0.747
0.238
0.785
0.516
0.904
0.791
0.996
0.168
0.349
0.148
0.616
0.519
0.672
0.048
0.994
0.77
0.553
0.39
0.801
0.591
0.665
0.537
0.69
0.886
0.327
0.028
0.76
0.56
0.197
0.809
0.813
0.882
0.37
0.391
0.801
0.647
0.481
0.735
0.337
0.879
0.228
0.961
0.422
0.671
0.235
0.973
0.081
0.615
0.516
0.182
0.801
0.839
0.471
0.115
0.414
0.7
0.755
0.492
0.597
0.62
0.977
0.53
0.656
0.713
0.241
0.773
0.822
0.256
0.79
0.005
0.267
0.751
0.089
0.607
0.495
0.962
0.907
0.933
0.868
0.342
0.893
0.238
0.448
0.466
0.209
0.65
0.056
0.668
0.252
0.36
0.233
0.296
0.829
0.887
0.843
0.072
0.407
0.163
0.081
0.452
0.41
0.42
0.671
0.919
0.661
0.14
0.961
0.556
0.588
0.681
0.81
0.341
0.851
0.682
0.177
0.603
0.468
0.192
0.329
0.386
0.97
0.575
0.129
0.931
0.491
