0.808
0.349
0.075
0.067
0.785
0.355
0.355
0.684
0.962
0.408
0.595
0.237
0.373
0.399
0.126
0.755
0.395
0.596
0.588
0.523
0.783
0.11
0.897
0.733
0.537
0.417
0.002
0.039
0.804
0.767
0.351
0.167
0.187
0.624
0.204
0.697
0.631
0.753
0.94
0.266
0.878
0.782
0.978
0.372
0.02
0.802
0.006
0.208
0.847
0.037
0.662
0.072
0.338
0.92
0.187
0.485
0.777
0.226
0.08
0
0.082
0.023
0.566
0.782
0.424
0.959
0.405
0.648
0.706
0.475
0.972
0.199
0.339
0.885
0.53
0.399
0.611
0.606
0.012
0.569
0.32
0.057
0.911
0.403
0.995
0.462
0.954
0.188
0.978
0.385
0.142
0.009
0.161
0.563
0.385
0.326
0.904
0.998
0.788
0.827
0.647
0.827
0.143
0.259
0.431
0.692
0.898
0.588
0.953
0.594
0.16
0.538
0.322
0.468
0.588
0.087
0.278
0.9
0.279
0.25
0.338
0.573
0.604
0.468
0.529
0.547
0.422
0.713
0.159
0.658
0.628
0.914
0.15
0.973
0.353
0.119
0.64
0.128
0.759
0.16
0.338
0.068
0.485
0.622
0.1
0.82
0.686
0.314
0.916
0.845
0.742
0.921
0.02
0.163
0.583
0.355
0.011
0.608
0.931
0.717
0.163
0.757
0.22
0.537
0.157
0.788
0.767
0.006
0.127
0.487
0.733
0.354
0.593
0.569
0.926
0.53
0.116
0.629
0.047
0.354
0.59
0.636
0.638
0.205
0.718
0.099
0.038
0.722
0.082
0.064
0.55
0.978
0.82
0.0
0.234
0.83
0.265
0.321
0.885
0.553
0.26
0.792
0.714
0.057
0.351
0.352
0.879
0.07
0.943
0.939
0.236
0.387
0.96
0.612
0.216
0.329
0.547
0.959
0.558
0.209
0.131
0.055
0.759
0.234
0.755
0.319
0.236
0.557
0.508
0.392
0.844
0.067
0.508
0.833
0.677
0.327
0.512
0.413
0.956
0.9
0.897
0.408
0.315
0.327
0.642
0.993
0.57
0.428
0.314
0.356
0.447
0.609
0.035
0.659
0.407
0.532
0.275
0.608
0.935
0.921
0.186
0.776
0.086
0.783
0.276
0.435
0.766
0.674
0.51
0.352
0.051
0.783
0.038
0.329
0.69
0.868
0.091
0.291
0.969
0.852
0.836
0.681
0.117
0.714
0.273
0.372
0.839
0.515
0.766
0.028
0.25
0.087
0.673
0.606
0.977
0.901
0.751
0.324
0.226
0.986
0.725
0.521
0.761
0.936
0.319
0.48
0.209
0.01
0.815
0.519
0.5
0.011
0.209
0
0.785
0.921
0.528
0.869
0.027
0.11
0.283
0.979
0.117
0.521
0.921
0.302
0.171
0.601
0.061
0.461
0.983
0.534
0.491
0.913
0.338
0.421
0.811
0.906
0.941
0.526
0.534
0.178
0.681
0.403
0.279
0.294
0.59
0.266
0.195
0.469
0.177
0.854
0.69
0.91
0.289
0.438
0.707
0.628
0.65
0.468
0.16
0.686
0.84
0.481
0.037
0.886
0.368
0.173
0.369
0.484
0.268
0.944
0.977
0.336
0.107
0.285
0.266
0.086
0.886
0.584
0.502
0.671
0.591
0.891
0.889
0.099
0.93
0.756
0.788
0.723
0.393
0.815
0.584
0.278
0.45
0.123
0.153
0.317
0.729
0.406
0.299
0.657
0.753
0.176
0.181
0.539
0.384
0.166
0.709
0.401
0.326
0.234
0.261
0.752
0.351
0.13
0.4
0.026
0.203
0.542
0.509
0.749
0.067
0.501
0.62
0.101
0.216
0.845
0.997
0.993
0.26
0.762
0.595
0.543
0.357
0.461
0.893
0.799
0.202
0.142
0.483
0.054
0.59
0
0.728
0.936
0.814
0.838
0.952
0.892
0.806
0.765
0.844
0.823
0.944
0.991
0.834
0.831
0.567
0.057
0.527
0.414
0.837
0.781
0.345
0.244
0.577
0.992
0.161
0.769
0.144
0.617
0.062
0.129
0.877
0.286
0.603
0.57
0.141
0.518
0.055
0.442
0.757
0.828
0.551
0.468
0.188
0.559
0.083
0.751
0.517
0.868
0.4
0.873
0.361
0.4
0.045
0.645
0.938
0.758
0.668
0.247
0.948
0.78
0.069
0.405
0.628
0.185
0.875
0.313
0.826
0.33
0.633
0.564
0.735
0.455
0.285
0.542
0.554
0.062
0.969
0.398
0.918
0.457
0.672
0.565
0.89
0.803
0.034
0.288
0.755
0.286
0.408
0.275
0.156
0.936
0.605
0.778
0.132
0.241
0.091
0.57
0.333
0.514
0.081
0.818
0.847
0.971
0.071
0.15
0.991
0.775
0.199
0.923
0.138
0.876
0.563
0.017
0.566
0.694
0.222
0.299
0.05
0.368
0.971
0.343
0.821
0.713
0.401
0.471
0.325
0.064
0.673
0.343
0.396
0.245
0.477
0.58
0.236
0.228
0.576
0.034
0.75
0.309
0.543
0.195
0.911
0.709
0.812
0.37
0.137
0.378
0.327
0.328
0.069
0.988
0.153
0.764
0.387
0.832
0.639
0.768
0.523
0.223
0.714
0.42
0.405
0
0.499
0.887
0.151
0.747
0.098
0.008
0.419
0.425
0.612
0.558
0.897
0.219
0.78
0.97
0.885
0.216
0.703
0.638
0.532
0.497
0.181
0.64
0.882
0.238
0.208
0.655
0.3
0.244
0.7
0.307
0.151
0.687
0.965
0.727
0.613
0.401
0.869
0.346
0.788
0.117
0.309
0.408
0.826
0.19
0.757
0.015
0.486
0.764
0.769
0.265
0.498
0.95
0.96
0.492
0.194
0.835
0.239
0.247
0.637
0.392
0.983
0.953
0.285
0.279
0.381
0.108
0.345
0.414
0.91
0.109
0.381
0.4
0.339
0.676
0.243
0.348
0.359
0.478
0.604
0.004
0.486
0.85
0.318
0.39
0.964
0.123
0.685
0.852
0.725
0.012
0.932
0.58
0.063
0.4
0.917
0.434
0.932
0.096
0.773
0.977
0.213
0.795
0.837
0.257
0.873
0.98
0.622
0.113
0.448
0.827
0.423
0.262
0.712
0.299
0.223
0.732
0.511
0.427
0.092
0.327
0.691
0.181
0.676
0.91
0.694
0.044
0.329
0.154
0.75
0.15
0.94
0.534
0.881
0.743
0.45
0.476
0.912
0.048
0.406
0.947
0.117
0.981
0.373
0.065
0.957
0.002
0.727
0.649
0.769
0.162
0.465
0.372
0.635
0.836
0.426
0.078
0.533
0.993
0.116
0.117
0.011
0.097
0.235
0.726
0.015
0.685
0.279
0.908
0.951
0.086
0.511
0.259
0.683
0.731
0.052
0.725
0.706
0.003
0.839
0.275
0.81
0.03
0.555
0.916
0.231
0.13
0.081
0.011
0.28
0.652
0.529
0.567
0.333
0.214
0.329
0.022
0.776
0.36
0.668
0.087
0.471
0.287
0.602
0.474
0.286
0.722
0.488
0.003
0.449
0.632
0.18
0.064
0.343
0.941
0.743
0.479
0.648
0.596
0.966
0.285
0.619
0.439
0.156
0.951
0.68
0.728
0.878
0.154
0.709
0.012
0.817
0.906
0.972
0.069
0.767
0.346
0.099
0.517
0.039
0.11
0.374
0.902
0.32
0.795
0.601
0.897
0.145
0.153
0.381
0.398
0.281
0.108
0.635
0.966
0.348
0.85
0.836
0.139
0.335
0.401
0.882
0.587
0.488
0.518
0.176
0.496
0.333
0.939
0.559
0.741
0.583
0.846
0.993
0.173
0.329
0.449
0.039
0.211
0.838
0.25
0.604
0.765
0.692
0.219
0.976
0.212
0.619
0.614
0.979
0.56
0.392
0.748
0.381
0.403
0.184
0.428
0.734
0.513
0.388
0.516
0.429
0.009
0.857
0.964
0.198
0.409
0.909
0.283
0.945
0.546
0.085
0.061
0.093
0.582
0.925
0.21
0.823
0.383
0.846
0.398
0.886
0.024
0.63
0.033
0.543
0.845
0.043
0.793
0.02
0.356
0.752
0.435
0.275
0.174
0.592
0.367
0.293
0.262
0.805
0.659
0.105
0.633
0.033
0.441
0.06
0.549
0.173
0.109
0.727
0.614
0.649
0.001
0.656
0.886
0.248
0.557
0.394
0.788
0.799
0.772
0.818
0.347
0.904
0.437
0.382
0.936
0.84
0.567
0.45
0.542
0.553
0.58
0.585
0.526
0.103
0.478
0.279
0.814
0.535
0.272
0.459
0.912
0.64
0.32
0.906
0.454
0.275
0.328
0.896
0.91
0.669
0.075
