0.812
0.837
0.137
0.927
0.518
0.715
0.623
0.653
0.403
0.969
0.88
0.628
0.781
0.587
0.305
0.952
0.092
0.845
0.665
0.614
0.435
0.346
0.471
0.121
0.887
0.271
0.974
0.066
0.224
0.898
0.815
0.284
0.776
0.82
0.909
0.353
0.054
0.976
0.337
0.663
0.329
0.593
0.647
0.486
0.854
0.285
0.023
0.077
0.415
0.245
0.526
0.877
0.125
0.656
0.271
0.869
0.956
0.251
0.469
0.59
0.432
0.553
0.752
0.99
0.699
0.596
0.77
0.509
0.71
0.431
0.533
0.673
0.265
0.422
0.388
0.774
0.167
0.842
0.066
0.349
0.723
0.289
0.759
0.15
0.714
0.206
0.975
0.592
0.084
0.879
0.36
0.598
0.625
0.741
0.523
0.869
0.795
0.434
0.017
0.495
0.353
0.936
0.25
0.316
0.335
0.175
0.969
0.377
0.005
0.312
0.752
0.042
0.753
0.07
0.258
0.174
0.088
0.972
0.538
0.553
0.749
0.191
0.833
0.566
0.351
0.173
0.073
0.206
0.109
0.553
0.874
0.33
0.154
0.388
0.831
0.446
0.359
0.053
0.144
0.699
0.859
0.64
0.549
0.529
0.124
0.05
0.413
0.288
0.937
0.148
0.418
0.879
0.955
0.926
0.486
0.014
0.877
0.552
0.158
0.197
0.284
0.282
0.121
0.313
0.333
0.871
0.015
0.67
0.927
0.333
0.74
0.109
0.994
0.091
0.298
0.907
0.011
0.054
0.282
0.3
0.746
0.815
0.565
0.95
0.308
0.417
0.79
0.96
0.725
0.047
0.875
0.361
0.425
0.961
0.679
0.901
0.419
0.747
0.054
0.711
0.96
0.181
0.842
0.02
0.172
0.472
0.088
0.51
0.489
0.777
0.589
0.741
0.08
0.16
0.635
0.357
0.205
0.973
0.549
0.525
0.206
0.964
0.594
0.124
0.02
0.909
0.499
0.91
0.375
0.934
0.013
0.896
0.608
0.856
0
0.139
0.796
0.067
0.29
0.291
0.202
0.688
0.228
0.527
0.608
0.426
0.757
0.98
0.807
0.557
0.024
0.659
0.097
0.067
0.843
0.668
0.076
0.07
0.522
0.498
0.168
0.121
0.319
0.283
0.37
0.356
0.704
0.881
0.768
0.268
0.432
0.261
0.926
0.48
0.004
0.933
0.699
0.44
0.417
0.967
0.608
0.08
0.203
0.658
0.057
0.882
0.345
0.605
0.075
0.508
0.806
0.903
0.533
0.945
0.67
0.104
0.175
0.332
0.873
0.033
0.415
0.806
0.608
0.327
0.878
0.614
0.901
0.185
0.312
0.501
0.631
0.126
0.546
0.024
0.835
0.56
0.708
0.968
0.589
0.773
0.282
0.92
0.274
0.239
0.045
0.464
0.375
0.966
0.061
0.902
0.061
0.354
0.632
0.769
0.218
0.206
0.74
0.439
0.71
0.128
0.539
0.127
0.132
0.311
0.499
0.822
0.685
0.314
0.446
0.666
0.214
0.707
0.857
0.441
0.502
0.672
0.977
0.811
0.635
0.308
0.193
0.581
0.456
0.34
0.875
0.372
0.392
0.606
0.56
0.481
0.207
0.241
0.864
0.779
0.294
0.289
0.627
0.959
0.087
0.38
0.688
0.978
0.585
0.033
0.17
0.0
0.937
0.947
0.681
0.616
0.658
0.321
0.01
0.422
0.451
0.734
0.315
0.576
0.83
0.887
0.87
0.101
0.865
0.143
0.174
0.171
0.288
0.443
0.102
0.945
0.114
0.77
0.053
0.399
0.339
0.185
0.133
0.035
0.256
0.617
0.589
0.594
0.067
0.274
0.785
0.057
0.546
0.37
0.606
0.54
0.719
0.428
0.513
0.158
0.604
0.051
0.214
0.549
0.177
0.083
0.863
0.3
0.811
0.615
0.191
0.212
0.875
0.487
0.726
0.922
0.572
0.632
0.107
0.794
0.003
0.364
0.94
0.93
0.028
0.887
0.69
0.474
0.97
0.199
0.853
0
0.59
0.61
0.656
0.378
0.745
0.004
0.88
0.898
0.22
0.222
0.409
0.063
0.386
0.726
0.583
0.488
0.014
0.983
0.217
0.931
0.485
0.615
0.888
0.892
0.963
0.548
0.692
0.148
0.507
0.753
0.827
0.19
0.517
0.077
0.406
0.321
0.379
0.824
0.174
0.516
0.694
0.553
0.368
0.804
0.203
0.268
0.364
0.682
0.801
0.747
0.418
0.114
0.663
0.52
0.904
0.279
0.315
0.836
0.004
0.594
0.498
0.684
0.135
0.246
0.325
0.961
0.458
0.171
0.262
0.817
0.382
0.092
0.563
0.895
0.867
0.826
0.95
0.656
0.71
0.753
0.763
0.361
0.306
0.462
0.214
0.007
0.172
0.929
0.65
0.254
0.425
0.91
0.142
0.958
0.451
0.139
0.905
0.277
0.414
0.717
0.438
0.173
0.654
0.382
0.694
0.915
0.452
0.216
0.514
0.379
0.038
0.543
0.539
0.488
0.009
0.558
0.726
0.934
0.285
0.951
0.431
0.744
0.561
0.387
0.684
0.365
0.917
0.783
0.956
0.936
0.849
0.702
0.773
0.06
0.877
0.781
0.904
0.372
0.133
0.753
0.787
0.673
0.313
0.285
0.34
0.943
0.587
0.151
0.986
0.381
0.935
0.002
0.403
0.629
0.605
0.551
0.97
0.809
0.72
0.635
0.387
0.915
0.038
0.971
0.404
0.962
0.923
0.734
0.58
0.973
0.056
0.056
0.21
0.266
0.881
0.121
0.481
0.561
0.927
0.696
0.377
0.969
0.347
0.604
0.276
0.484
0.541
0.905
0.269
0.355
0.006
0.307
0.236
0.476
0.335
0.627
0.64
0.968
0.201
0.924
0.993
0.281
0.495
0.643
0.72
0.408
0.187
0.234
0.072
0.112
0.369
0.403
0.607
0.623
0.847
0.693
0.624
0.921
0.487
0.483
0.523
0.836
0.644
0.238
0.929
0.744
0.652
0.662
0.077
0.786
0.644
0.723
0.225
0.648
0.899
0.183
0.676
0.36
0.517
0.39
0.428
0.199
0.742
0.787
0.539
0.886
0.568
0.144
0.556
0.05
0.59
0.536
0.277
0.795
0.215
0.429
0.685
0.565
0.51
0.507
0.169
0.963
0.036
0.785
0.005
0.511
0.392
0.824
0.6
0.778
0.361
0.087
0.355
0.695
0.562
0.13
0.81
0.479
0.223
0.771
0.442
0.382
0.736
0.186
0.04
0.621
0.631
0.828
0.568
0.976
0.717
0.77
0.836
0.731
0.604
0.301
0.115
0.855
0.629
0.968
0.419
0.272
0.112
0.93
0.625
0.511
0.49
0.675
0.063
0.763
0.542
0.993
0.315
0.62
0.177
0.492
0.672
0.678
0.86
0.663
0.976
0.51
0.806
0.392
0.371
0.709
0.875
0.762
0.586
0.219
0.454
0.37
0.741
0.509
0.05
0.041
0.054
0.758
0.18
0.896
0.434
0.604
0.682
0.9
0.662
0.591
0.75
0.833
0.965
0.099
0.341
0.259
0.707
0.273
0.068
0.807
0.67
0.124
0.6
0.626
0.547
0.561
0.175
0.109
0.479
0.353
0.306
0.701
0.57
0.916
0.935
0.999
0.262
0.545
0.666
0.487
0.33
0.969
0.88
0.858
0.023
0.201
0.471
0.927
0.125
0.173
0.824
0.659
0.351
0.163
0.266
0.077
0.455
0.151
0.203
0.81
0.287
0.487
0.769
0.072
0.059
0.936
0.77
0.639
0.903
0.099
0.757
0.381
0.448
0.27
0.135
0.67
0.097
0.188
0.287
0.789
0.192
0.515
0.09
0.83
0.767
0.034
0.603
0.094
0.211
0.693
0.696
0.758
0.543
0.93
0.659
0.619
0.523
0.961
0.716
0.483
0.867
0.241
0.541
0.044
0.649
0.232
0.537
0.691
0.207
0.001
0.322
0.295
0.222
0.931
0.447
0.475
0.167
0.019
0.145
0.859
0.718
0.672
0.775
0.599
0.757
0.801
0.536
0.925
0.588
0.295
0.202
0.613
0.852
0.953
0.277
0.838
0.14
0.13
0.482
0.055
0.511
0.869
0.525
0.725
0.327
0.49
0.069
0.094
0.983
0.958
0.268
0.408
0.669
0.506
0.933
0.235
0.988
0.288
0.184
0.855
0.655
0.819
0.763
0.124
0.709
0.622
0.567
0.963
0.209
0.441
0.064
0.809
0.941
0.098
0.555
0.517
0.265
0.73
0.861
0.614
0.338
0.379
0.188
0.159
0.651
0.957
0.005
0.078
0.244
0.394
0.489
0.344
0.749
0.358
0.715
0.932
0.812
0.398
