0.607
0.831
0.959
0.351
0.127
0.47
0.513
0.773
0.262
0.41
0.751
0.905
0.403
0.604
0.549
0.401
0.764
0.616
0.792
0.066
0.837
0.129
0.164
0.963
0.411
0.1
0.352
0.074
0.229
0.199
0.877
0.277
0.067
0
0.781
0.919
0.086
0.452
0.703
0.384
0.179
0.282
0.299
0.769
0.419
0.071
0.437
0.807
0.69
0.721
0.739
0.215
0.428
0.76
0.365
0.753
0.334
0.979
0.12
0.956
0.127
0.393
0.839
0.76
0.4
0.599
0.611
0.344
0.361
0.186
0.306
0.353
0.436
0.995
0.887
0.804
0.98
0.314
0.998
0.584
0.061
0.463
0.259
0.451
0.853
0.487
0.374
0.345
0.252
0.037
0.873
0.035
0.303
0.325
0.59
0.625
0.193
0.655
0.762
0.976
0.39
0.452
0.337
0.859
0.897
0.318
0.753
0.136
0.955
0.042
0.022
0.12
0.778
0.603
0.658
0.717
0.497
0.287
0.622
0.37
0.716
0.074
0.504
0.278
0.499
0.431
0.604
0.83
0.54
0.216
0.607
0.196
0.765
0.861
0.671
0.989
0.535
0.849
0.443
0.817
0.477
0.849
0.531
0.024
0.309
0.368
0.773
0.749
0.271
0.401
0.958
0.199
0.094
0.276
0.945
0.745
0.983
0.098
0.308
0.776
0.654
0.076
0.939
0.882
0.894
0.91
0.081
0.608
0.678
0.925
0.248
0.688
0.807
0.709
0.474
0.358
0.668
0.096
0.385
0.899
0.285
0.411
0.155
0.149
0.402
0.059
0.393
0.392
0.721
0.765
0.481
0.424
0.157
0.204
0.971
0.172
0.802
0.966
0.592
0.01
0.876
0.448
0.568
0.598
0.112
0.018
0.048
0.54
0.581
0.144
0.158
0.966
0.363
0.422
0.108
0.337
0.5
0.477
0.421
0.618
0.624
0.614
0.155
0.875
0.321
0.59
0.361
0.11
0.496
0.325
0.366
0.125
0.299
0.17
0.161
0.898
1.0
0.153
0.422
0.983
0.348
0.025
0.471
0.077
0.729
0.548
0.723
0.473
0.466
0.923
0.752
0.526
0.064
0.782
0.66
0.69
0.862
0.206
0.307
0.518
0.325
0.173
0.903
0.289
0.65
0.035
0.011
0.75
0.975
0.332
0.174
0.712
0.91
0.121
0.181
0.52
0.147
0.867
0.511
0.238
0.977
0.233
0.888
0.113
0.119
0.388
0.084
0.02
0.762
0.958
0.461
0.691
0.438
0.563
0.703
0.161
0.102
0.97
0.703
0.635
0.05
0.356
0.854
0.614
0.24
0.033
0.679
0.744
0.577
0.992
0.945
0.369
0.276
0.325
0.253
0.993
0.118
0.634
0.218
0.572
0.001
0.895
0.534
0.88
0.877
0.02
0.199
0.821
0.158
0.68
0.431
0.8
0.912
0.663
0.123
0.163
0.661
0.959
0.926
0.219
0.182
0.891
0.665
0.163
0.868
0.978
0.608
0.956
0.757
0.719
0.133
0.716
0.057
0.275
0.422
0.827
0.346
0.935
0.786
0.808
0.675
0.441
0.253
0.754
0.507
0.344
0.358
0.896
0.446
0.018
0.174
0.578
0.439
0.195
0.943
0.209
0.094
0.626
0.459
0.797
0
0.675
0.561
0.662
0.873
0.942
0.611
0.684
0.481
0.918
0.251
0.322
0.411
0.538
0.201
0.812
0.987
0.524
0.612
0.695
0.301
0.242
0.561
0.648
0.612
0.342
0.876
0.788
0.268
0.406
0.221
0.967
0.479
0.474
0.682
0.639
0.283
0.758
0.521
0.889
0.339
0.223
0.59
0.514
0.602
0.443
0.024
0.255
0.471
0.192
0.072
0.209
0.302
0.894
0.298
0.037
0.711
0.213
0.237
0.834
0.83
0.504
0.585
0.784
0.179
0.273
0.808
0.768
0.634
0.448
0.948
0.664
0.4
0.863
0.647
0.581
0.585
0.21
0.864
0.553
0.508
0.347
0.351
0.415
0.789
0.138
0.795
0.764
0.333
0.394
0.032
0.804
0.605
0.442
0.803
0.475
0.556
0.621
0.839
0.225
0.064
0.198
0.092
0.002
0.321
0.511
0.03
0.434
0.033
0.819
0.99
0.47
0.037
0.183
0.559
0.804
0.686
0.854
0.903
0.715
0.653
0.83
0.391
0.725
0.501
0.263
0.465
0.211
0.665
0.44
0.838
0.589
0.956
0.803
0.09
0.371
0.892
0.996
0.175
0.159
0.502
0.765
0.61
0.987
0.281
0.375
0.081
0.779
0.509
0.603
0.039
0.086
0.742
0.272
0.834
0.797
0.907
0.008
0.292
0.895
0.845
0.452
0.095
0.652
0.968
0.43
0.343
0.501
0.846
0.542
0.372
0.613
0.675
0.379
0.241
0.922
0.942
0
0.997
0.211
0.559
0.431
0.022
0.254
0.719
0.176
0.56
0.521
0.305
0.042
0.083
0.659
0.101
0.762
0.7
0.231
0.102
0.704
0.785
0.676
0.728
0.304
0.736
0.905
0.145
0.391
0.999
0.967
0.488
0.2
0.322
0.367
0.776
0.651
0.204
0.392
0.6
0.362
0.526
0.541
0.311
0.617
0.639
0.671
0.241
0.962
0.083
0.814
1.0
0.819
0.13
0.057
0.258
0.093
0.038
0.878
0.245
0.234
0.639
0.298
0.961
0.582
0.079
0.633
0.017
0.84
0.488
0.979
0.808
0.486
0.235
0.945
0.953
0.544
0.522
0.715
0.48
0.235
0.478
0.116
0.133
0.185
0.037
0.855
0.5
0.062
0.028
0
0.702
0.011
0.672
0.002
0.586
0.701
0.401
0.847
0.742
0.281
0.176
0.735
0.56
0.286
0.663
0.154
0.435
0.258
0.164
0.691
0.311
0.568
0.083
0.836
0.223
0.725
0.998
0.98
0.593
0.255
0.25
0.791
0.506
0.888
0.204
0.702
0.759
0.445
0.675
0.855
0.534
0.291
0.516
0.003
0.202
0.633
0.956
0.23
0.88
0.681
0.405
0.002
0.45
0.622
0.221
0.248
0.776
0.875
0.895
0.768
0.142
0.116
0.546
0.276
0.222
0.679
0.692
0.773
0.623
0.628
0.463
0.503
0.017
0.121
0.612
0.543
0.06
0.379
0.819
0.742
0.228
0.488
0.344
0.998
0.014
0.81
0.319
0.661
0.636
0.057
0.943
0.3
0.052
0.364
0.284
0.113
0.229
0.662
0.229
0.214
0.107
0.778
0.307
0.606
0.886
0.359
0.631
0.058
0.295
0.016
0.058
0.315
0.679
0.346
0.484
0.718
0.171
0.739
0.404
0.174
0.81
0.018
0.527
0.568
0.477
0.493
0.306
0.1
0.333
0.166
0.401
0.006
0.964
0.278
0.013
0.621
0.607
0.416
0.495
0.735
0.151
0.088
0.532
0.769
0.075
0.058
0.98
0.599
0.737
0.093
0.996
0.549
0.147
0.401
0.673
0.938
0.838
0.498
0.169
0.426
0.256
0.314
0.971
0.155
0.625
0.163
0.299
0.741
0.382
0.415
0.019
0.536
0.23
0.286
0.548
0.591
0.821
0.717
0.485
0.975
0.303
0.206
0.687
0.925
0.444
0.758
0.848
0.098
0.173
0.532
0
0.531
0.062
0.893
0.975
0.775
0.835
0.578
0.204
0.426
0.051
0.847
0.731
0.145
0.826
0.757
0.415
0.558
0.467
0.121
0.951
0.196
0.626
0.824
0.143
0.642
0.355
0.907
0.344
0.887
0.744
0.348
0
0.71
0.729
0.403
0.408
0.241
0.439
0.676
0.609
0.73
0.72
0.848
0.874
0.508
0.036
0.686
0.231
0.192
0.029
0.258
0.476
0.63
0.76
0.394
0.428
0.596
0.398
0.356
0.702
0.949
0.825
0.989
0.236
0.649
0.323
0.937
0.097
0.819
0.437
0.206
0.61
0.172
0.86
0.841
0.399
0.208
0.397
0.106
0.443
0.442
0.008
0.415
0.683
0.023
0.171
0.086
0.206
0.165
0.212
0.947
0.7
0.973
0.868
0.452
0.249
0.505
0.724
0.386
0.417
0.542
0.783
0.461
0.03
0.128
0.14
0.425
0.102
0.659
0.054
0.42
0.454
0.131
0.166
0.194
0.207
0.514
0.156
0.856
0.257
0.878
0.588
0.708
0.106
0.952
0.443
0.337
0.285
0.685
0.507
0.97
0.705
0.424
0.983
0.24
0.572
0.52
0.565
0.895
0.364
0.671
0.989
0.351
0.263
0.329
0.198
0.909
0.514
0.903
0.752
0.794
0.583
0.228
0.598
0.365
0.774
0.878
0.892
0.926
0.143
0.783
