0.55
0.692
0.339
0.531
0.984
0.043
0.862
0.539
0.27
0.578
0.185
0.765
0.462
0.45
0.604
0.2
0.011
0.991
0.444
0.968
0.199
0.405
0.74
0.416
0.587
0.181
0.229
0.982
0.547
0.839
0.03
0.191
0.162
0.473
0.724
0.023
0.333
0.943
0.3
0.485
0.064
0.712
0.536
0.091
0.742
0.112
0.881
0.518
0.525
0.04
0.756
0.306
0.776
0.375
0.467
0.821
0.43
0.154
0.274
0.996
0.682
0.534
0.163
0.96
0.847
0.434
0.941
0.377
0.128
0.528
0.555
0.428
0.585
0.522
0.963
0.224
0.435
0.771
0.548
0.582
0.039
0.335
0.873
0.17
0.499
0.13
0.743
0.272
0.015
0.659
0.104
0.28
0.573
0.352
0.47
0.511
0.85
0.279
0.953
0.923
0.782
0.972
0.199
0.07
0.085
0.305
0.802
0.13
0.406
0.176
0.379
0.908
0.932
0.276
0.343
0.288
0.443
0.151
0.683
0.935
0.249
0.304
0.908
0.581
0.01
0.506
0.437
0.768
0.942
0.259
0.859
0.831
0.248
0.001
0.639
0.742
0.735
0.645
0.75
0.092
0.842
0.663
0.979
0.016
0.125
0.318
0.11
0.057
0.049
0.417
0.354
0.616
0.038
0.238
0.819
0.332
0.757
0.946
0.82
0.66
0.191
0.295
0.615
0.028
0.254
0.948
0.72
0.611
0.146
0.639
0.074
0.217
0.624
0.736
0.104
0.091
0.019
0.166
0.967
0.01
0.559
0.389
0.634
0.87
0.141
0.413
0.59
0.834
0.458
0.173
0.298
0.035
0.878
0.731
0.126
0.715
0.124
0.594
0.68
0.128
0.254
0.353
0.645
0.797
0.775
0.385
0.172
0.735
0.228
0.055
0.616
0.521
0.265
0.562
0.355
0.62
0.855
0.826
0.476
0.941
0.823
0.225
0.606
0.636
0.568
0.636
0.845
0.884
0.232
0.469
0.131
0.342
0.035
0.305
0.433
0.244
0.624
0.553
0.252
0.582
0.427
0.476
0.935
0.785
0.706
0.78
0.902
0.848
0.314
0.202
0.393
0.535
0.826
0.173
0.683
0.912
0.787
0.738
0.767
0.596
0.097
0.297
0.222
0.147
0.082
0.878
0.442
0.886
0.496
0.561
0.912
0.782
0.735
0.394
0.214
0.985
0.441
0.934
0.726
0.435
0.312
0.529
0.466
0.898
0.819
0.361
0.263
0.254
0.672
0.523
0.326
0.55
0.804
0.902
0.9
0.423
0.956
0.581
0.994
0.081
0.477
0.159
0.596
0.879
0.001
0.712
0.804
0.709
0.061
0.207
0.59
0.865
0.934
0.509
0.055
0.86
0.566
0.497
0.75
0.127
0.247
0.801
0.999
0.816
0.126
0.86
0.759
0.215
0.661
0.998
0.752
0.265
0.975
0.937
0.38
0.324
0.934
0.109
0.256
0.075
0.329
0.448
0.632
0.313
0.359
0.102
0.591
0.237
0.322
0.211
0.925
0.008
0.991
0.872
0.552
0.693
0.911
0.324
0.902
0.534
0.425
0.198
0.538
0.811
0.199
0.674
0.503
0.13
0.292
0.252
0.967
0.967
0.654
0.007
0.297
0.584
0.38
0.957
0.565
0.541
0.716
0.564
0.791
0.166
0.479
0.873
0.789
0.26
0.957
0.016
0.338
0.38
0.638
0.047
0.614
0.117
0.366
0.444
0.927
0.305
0.395
0.361
0.136
0.633
0.485
0.182
0.28
0.98
0.072
0.704
0.257
0.975
0.516
0.866
0.699
0.504
0.917
0.955
0.363
0.902
0.383
0.113
0.692
0.781
0.673
0.839
0.087
0.161
0.996
0.917
0.884
0.878
0.348
0.367
0.921
0.968
0.461
0.42
0.558
0.126
0.187
0.763
0.674
0.987
0.399
0.72
0.394
0.805
0.976
0.965
0.893
0.715
0.787
0.687
0.715
0.341
0.162
0.744
0.016
0.528
0.312
0.734
0.19
0.512
0.177
0.209
0.283
0.114
0.09
0.563
0.622
0.448
0.99
0.866
0.903
0.687
0.086
0.847
0.351
0.323
0.989
0.156
0.712
0.217
0.479
0.475
0.875
0.084
0.449
0.976
0.797
0.739
0.117
0.784
0.965
0.154
0.903
0.1
0.303
0.446
0.282
0.093
0.176
0.123
0.589
0.44
0.541
0.431
0.895
0.825
0.335
0.919
0.824
0.489
0.555
0.832
0.767
0.012
0.578
0.939
0.668
0.182
0.293
0.109
0.224
0.746
0.123
0.388
0.014
0.361
0.746
0.048
0.004
0.828
0.142
0.868
0.598
0.618
0.512
0.985
0.332
0.24
0.018
0.492
0.009
0.971
0.735
0.194
0.814
0.478
0.155
0.166
0.928
0.766
0.872
0.417
0.1
0.537
0.798
0.435
0.863
0.337
0.448
0.783
0.533
0.34
0.301
0.791
0.039
0.174
0.931
0.929
0.788
0.493
0.1
0.196
0.891
0.323
0.156
0.016
0.824
0.93
0.695
0.787
0.566
0.084
0.648
0.794
0.97
0.572
0.28
0.495
0.82
0.31
0.237
0.774
0.393
0.062
0.429
0.182
0.282
0.029
0.074
0.636
0.063
0.587
0.55
0.232
0.493
0.542
0.241
0.806
0.611
0.464
0.528
0.565
0.76
0.049
0.675
0.489
0.793
0.509
0.61
0.192
0.027
0.974
0.051
0.075
0.981
0.809
0.595
0.99
0.158
0.358
0.731
0.738
0.376
0.814
0.133
0.023
0.349
0.345
0.988
0.968
0.263
0.289
0.576
0.451
0.609
0.622
0.514
0.012
0.201
0.898
0.725
0.344
0.461
0.173
0.141
0.019
0.218
0.381
0.122
0.147
0.559
0.803
0.185
0.364
0.745
0.205
0.283
0.844
0.5
0.616
0.253
0.956
0.52
0.406
0.589
0.022
0.276
0.036
0.026
0.162
0.936
0.037
0.455
0.557
0.577
0.126
0.52
0.214
0.133
0.879
0.026
0.135
0.676
0.079
0.401
0.09
0.068
0.811
0.65
0.88
0.017
0.42
0.372
0.788
0.646
0.868
0.564
0.543
0.78
0.044
0.463
0.572
0.969
0.851
0.708
0.496
0.995
0.069
0.353
0.914
0.99
0.657
0.322
0.485
0.356
0.459
0.118
0.542
0.56
0.523
0.91
0.425
0.61
0.4
0.561
0.972
0.49
0.526
0.69
0.294
0.824
0.785
0.921
0.528
0.076
0.175
0.881
0.397
0.654
0.124
0.639
0.593
0.262
0.075
0.944
0.421
0.966
0.694
0.388
0.239
0.359
0.54
0.916
0.721
0.21
0.178
0.305
0.534
0.051
0.096
0.85
0.951
0.021
0.469
0.953
0.129
0.726
0.618
0.66
0.389
0.298
0.52
0.134
0.789
0.143
0.305
0.293
0.908
0.335
0.408
0.164
0.415
0.568
0.843
0.113
0.709
0.498
0.37
0.738
0.08
0.241
0.549
0.183
0.341
0.413
0.357
0.96
0.198
0.696
0.181
0.237
0.136
0.99
0.769
0.424
0.727
0.333
0.471
0.082
0.253
0.334
0.449
0.583
0.67
0.533
0.83
0.859
0.88
0.512
0.966
0.608
0.043
0.188
0.736
0.882
0.492
0.974
0.222
0.676
0.053
0.313
0.568
0.611
0.161
0.544
0.353
0.779
0.652
0.948
0.651
0.877
0.013
0.996
0.438
0.849
0.477
0.914
0.126
0.731
0.567
0.054
0.762
0.855
0.955
0.667
0.615
0.669
0.033
0.248
0.482
0.739
0.694
0.422
0.242
0.826
0.982
0.837
0.924
0.209
0.482
0.645
0.532
0.231
0.258
0.982
0.169
0.914
0.94
0.061
0.739
0.275
0.709
0.203
0.007
0.129
0.455
0.099
0.691
0.704
0.844
0.003
0.21
0.954
0.337
0.363
0.343
0.7
0.629
0.997
0.292
0.668
0.042
0.062
0.756
0.601
0.211
0.319
0.036
0.96
0.992
0.084
0.537
0.665
0.138
0.787
0.72
0.069
0.41
0.726
0.912
0.717
0.827
0.481
0.131
0.175
0.9
0.414
0.969
0.749
0.665
0.267
0.839
0.739
0.596
0.562
0.901
0.581
0.791
0.304
0.145
0.314
0.748
0.816
0.62
0.597
0.409
0.35
0.155
0.978
0.366
0.233
0.364
0.335
0.018
0.878
0.615
0.171
0.408
0.779
0.712
0.443
0.731
0.531
0.492
0.733
0.032
0.767
0.377
0.094
0.627
0.669
0.198
0.343
0.495
0.325
0.071
0.239
0.995
0.555
0.881
0.266
0.907
0.564
0.474
0.447
0.527
