0.612
0.757
0.426
0.325
0.643
0.887
0.512
0.545
0.932
0.429
0.877
0.585
0.711
0.58
0.233
0.847
0.385
0.631
0.734
0.408
0.303
0.952
0.721
0.569
0.714
0.399
0.808
0.925
0.64
0.938
0.799
0.858
0.173
0.649
0.678
0.019
0.512
0.365
0.476
0.016
0.865
0.767
0.448
0
0.882
0.701
0.809
0.696
0.699
0.212
0.119
0.139
0.628
0.872
0.402
0.264
0.83
0.009
0.518
0.744
0.921
0.637
0.445
0.39
0.996
0.296
0.107
0.817
0.682
0.313
0.775
0.188
0.734
0.802
0.563
0.758
0.971
0.951
0.682
0.98
0.934
0.546
0.762
0.625
0.791
0.308
0.263
0.717
0.852
0.427
0.991
0.784
0.369
0.046
0.036
0.332
0.304
0.503
0.48
0.615
0.889
0.862
0.687
0.481
0.387
0
0.085
0.606
0.353
0.17
0.117
0.152
0.419
0.061
0.652
0.663
0.786
0.919
0
0.518
0.765
0.852
0.067
0.081
0.534
0.54
0.3
0.549
0.764
0.284
0.606
0.852
0.956
0.076
0.584
0.428
0.893
0.882
0.72
0.656
0.237
0.639
0.769
0.7
0.692
0.949
0.783
0.865
0.602
0.078
0.865
0.291
0.151
0.311
0.312
0.547
0.133
0.803
0.663
0.669
0.606
0.727
0.423
0.439
0.282
0.17
0.621
0.563
0.94
0.946
0.062
0.732
0.861
0.876
0.942
0.514
0.638
0.571
0.758
0.579
0.48
0.521
0.461
0.214
0.293
0.54
0.091
0.078
0.218
0.643
0.287
0.996
0.005
0.79
0.618
0.98
0.363
0.956
0.207
0.363
0.983
0.504
0.096
0.536
0.972
0.4
0.049
0.094
0.323
0.749
0.331
0.514
0.638
0.075
0.441
0.7
0.153
0.22
0.134
0.844
0.265
0.751
0.859
0.751
0.648
0.103
0.247
0.543
0.035
0.541
0.729
0.648
0.323
0.856
0.205
0.849
0.039
0.537
0.635
0.394
0.036
0.097
0.81
0.139
0.313
0.016
0.546
0.51
0.469
0.089
0.116
0.935
0.818
0.741
0.685
0.807
0.785
0.891
0.09
0.449
0.52
0.58
0.785
0.639
0.127
0.262
0.877
0.017
0.52
0.967
0.089
0.683
0.754
0.14
0.859
0.097
0.01
0.159
0.501
0.715
0.119
0.06
0.15
0.47
0.277
0.918
0.596
0.023
0.459
0.639
0.888
0.503
0.323
0.129
0.64
0.611
0.509
0.144
0.379
0.142
0.763
0.202
0.851
0.417
0.14
0.955
0.67
0.478
0.567
0.281
0.129
0.543
0.205
0.556
0.29
0.594
0.51
0.812
0.009
0.041
0.581
0.71
0.699
0.682
0.377
0.666
0.377
0.333
0.396
0.818
0.309
0.354
0.102
0.164
0.811
0.986
0.017
0.295
0.373
0.566
0.546
0.731
0.572
0.214
0.191
0.807
0.116
0.683
0.147
0.119
0.193
0.138
0.161
0.048
0.15
0.375
0.211
0.263
0.419
0.654
0.122
0.417
0.014
0.973
0.313
0.926
0.453
0.387
0.007
0.039
0.755
0.246
0.649
0.528
0.886
0.728
0.136
0.5
0.639
0.153
0.607
0.466
0.397
0.724
0
0.132
0.588
0.649
0.41
0
0.028
0.039
0.147
0.083
0.421
0.62
0.738
0.53
0.132
0.331
0.677
0.073
0.804
0.395
0.102
0.795
0.477
0.126
0.032
0.072
0.197
0.323
0.383
0.447
0.031
0.625
0.16
0.135
0.317
0.277
0.834
0.712
0.498
0.859
0.391
0.978
0.349
0.246
0.259
0.023
0.642
0.041
0.735
0.584
0.402
0.155
0.384
0.029
0.548
0.83
0.298
0.745
0.701
0.259
0.524
0.876
0.497
0
0.994
0.459
0.078
0.837
0.246
0.87
0.488
0.238
0.671
0.704
0.819
0.537
0.42
0.012
0.175
0.517
0.489
0.295
0.36
0.18
0.73
0.299
0.859
0.671
0.767
0.197
0.355
0.857
0.318
0.584
0.086
0.884
0.136
0.646
0.297
0.161
0.248
0.941
0.158
0.933
0.607
0.421
0.647
0.596
0.394
0.464
0.843
0.752
0.471
0.349
0.364
0.581
0.512
0.841
0.709
0.764
0.015
0.032
0.785
0.766
0.115
0.42
0.631
0.227
0.075
0.812
0.16
0.234
0.287
0.261
0.211
0.945
0.226
0.295
0.378
0.104
0.268
0.554
0.799
0.343
0.373
0.487
0.136
0.098
0.916
0.114
0.016
0.745
0.672
0.388
0.665
0.223
0.038
0.606
0.893
0.714
0.166
0.572
0.792
0.222
0.158
0.573
0.452
0.357
0.027
0.256
0.297
0.511
0.097
0.245
0.485
0.402
0.202
0.838
0.511
0.721
0.234
0.366
0.478
0.875
0.298
0.692
0.039
0.676
0.069
0.4
0.731
0.945
0.109
0.565
0.752
0.895
0.615
0.069
0.985
0.986
0.516
0.078
0.316
0.362
0.568
0.181
0.409
0.149
0.511
0.345
0.915
0.948
0.027
0.645
0.388
0.727
0.948
0.496
0.968
0.825
0.757
0.904
0.614
0.916
0.258
0.402
0.576
0.742
0.978
0.616
0.149
0.193
0.312
0.109
0.495
0.521
0.425
0.239
0.474
0.611
0.771
0.669
0.306
0.576
0.687
0.423
0.786
0.968
0.857
0.475
0.636
0.394
0.378
0.453
0.295
0.543
0.963
0.584
0.497
0.861
0.7
0.442
0.655
0.208
0.861
0.402
0.498
0.726
0.708
0.436
0.225
0.46
0.019
0.527
0.952
0.164
0.884
0.303
0.761
0.585
0.495
0.43
0.484
0.798
0.052
0.879
0.778
0.715
0.431
0.105
0.99
0.573
0.822
0.644
0.595
0.53
0.65
0.936
0.726
0.824
0.07
0.208
0.901
0.734
0.064
0.296
0.391
0.278
0.543
0.339
0.376
0.83
0.666
0.447
0.685
0.937
0.281
0.483
0.724
0.919
0.192
0.632
0.065
0.693
0.541
0.734
0.78
0.918
0.087
0.52
0.735
0.895
0.337
0.875
0.715
0.895
0.7
0.133
0.507
0.805
0.555
0.014
0.648
0.198
0.592
0.765
0.295
0.264
0.465
0.647
0.609
0.468
0.11
0.998
0.224
0.802
0.196
0.149
0.663
0.505
0.901
0.032
0.531
0.441
0.207
0.182
0.455
0.971
0.451
0.472
0.275
0.744
0.212
0.525
0.041
0.665
0.962
0.318
0.083
0.74
0.864
0.655
0.329
0.594
0.56
0.567
0.285
0.278
0.467
0.598
0.044
0.763
0.414
0.936
0.444
0.563
0.303
0.398
0.575
0.81
0.588
0.108
0.147
0.385
0.887
0.762
0.69
0.906
0.814
0.273
0.802
0.221
0.84
0.195
0.122
0.32
0.718
0.283
0.49
0.048
0.772
0.409
0.638
0.789
0.391
0.85
0.047
0.705
0.417
0.165
0.315
0.877
0.689
0.151
0.497
0.865
0.307
0.912
0.887
0.471
0.032
0.863
0.324
0.411
0.292
0.26
0.001
0.818
0.906
0.911
0.022
0.267
0.437
0.514
0.312
0.89
0.979
0.567
0.852
0.139
0.125
0.207
0.442
0.859
0.171
0.264
0.567
0.148
0.216
0.732
0.84
0.125
0.631
0.578
0.734
0.391
0.788
0.544
0.581
0.812
0.147
0.02
0.134
0.886
0.771
0.509
0.213
0.904
0.422
0.325
0.747
0.279
0.393
0.647
0.54
0.858
0.415
0.354
0.559
0.096
0.692
0.482
0.257
0.862
0.961
0.511
0.177
0.527
0.345
0.958
0.266
0.458
0.592
0.623
0.689
0.553
0.952
0.133
0.568
0.982
0.828
0.972
0.573
0.285
0.608
0.53
0.784
0.936
0.303
0.885
0.974
0.397
0.492
0.456
0.584
0.493
0.825
0.167
0.591
0.883
0.927
0.466
0.367
0.081
0.308
0.36
0.129
0.416
0.263
0.248
0.399
0.125
0.143
0.396
0.395
0.078
0.045
0.731
0.881
0.242
0.237
0.049
0.398
0.028
0.275
0.459
0.011
0.731
0.1
0.149
0.127
0.98
0.6
0.834
0.201
0.74
0.423
0.921
0.579
0.649
0.301
0.807
0.924
0.759
0.727
0.907
0.127
0.887
0.151
0.004
0.006
0
0.112
0.942
0.482
0.963
0.819
0.227
0.528
0.809
0.939
0.537
0.331
0.42
0.329
0.569
0.54
0.906
0.609
0.39
0.182
0.106
0.197
0.152
0.34
0.377
