0.503
0.186
0.279
0.361
0.255
0.308
0.719
0.928
0.366
0.655
0.251
0.066
0.962
0.577
0.81
0.006
0.935
0.584
0.002
0.15
0.633
0.837
0.293
0.36
0.081
0.586
0.636
0.336
0.014
0.257
0.763
0.994
0.928
0.474
0.875
0.028
0.476
0.857
0.753
0.311
0.251
0.814
0.298
0.602
0.726
0.307
0.307
0.658
0.766
0.405
0.278
0.298
0.002
0.07
0.459
0.582
0.407
0.599
0.716
0.232
0.619
0.86
0.28
0.863
0.756
0.95
0.947
0.857
0.224
0.048
0.527
0.147
0.163
0.853
0.269
0.315
0.14
0.221
0.884
0.973
0.351
0.343
0.385
0.825
0.452
0.451
0.251
0.952
0.151
0.826
0.464
0.339
0.277
0.658
0.468
0.504
0.518
0.442
0.689
0.062
0.787
0.841
0.917
0.702
0.266
0.967
0.851
0.492
0.203
0.394
0.848
0.997
0.083
0.976
0.766
0.943
0.846
0.278
0.092
0.23
0.842
0.003
0.296
0.917
0.351
0.788
0.304
0.684
0.771
0.671
0.121
0.033
0.478
0.407
0.491
0.965
0.973
0.479
0.733
0.547
0.493
0.457
0.158
0.049
0.083
0.664
0.202
0.818
0.233
0.595
0.774
0.495
0.651
0.768
0.527
0.639
0.05
0.923
0.41
0.379
0.635
0.702
0.345
0.952
0.514
0.852
0.226
0.027
0.571
0.091
0.98
0.248
0.889
0.23
0.644
0.926
0.137
0.638
0.805
0.061
0.672
0.087
0.584
0.287
0.614
0.242
0.531
0.984
0.333
0.646
0.033
0.495
0.273
0.116
0.702
0.344
0.088
0.827
0.522
0.142
0.089
0.529
0.814
0.232
0.247
0.269
0.092
0.492
0.263
0.89
0.432
0.186
0.222
0.436
0.4
0.392
0.08
0.257
0.792
0.652
0.541
0.698
0.769
0.361
0.392
0.19
0.333
0.217
0.897
0.462
0.737
0.574
0.065
0.52
0.739
0.986
0.528
0.858
0.091
0.544
0.873
0.283
0.74
0.148
0.925
0.709
0.919
0.985
0.963
0.096
0.17
0.46
0.501
0.727
0.223
0.024
0.663
0.383
0.904
0.976
0.124
0.635
0.806
0.957
0.351
0.747
0.987
0.726
0.056
0.387
0.093
0.513
0.235
0.166
0.732
0.45
0.711
0.362
0.623
0.059
0.275
0.307
0.972
0.989
0.233
0.112
0.104
0.367
0.59
0.699
0.774
0.427
0.548
0.837
0.076
0.781
0.147
0.344
0.403
0.629
0.053
0.113
0.389
0.331
0.605
0.369
0.71
0.929
0.252
0.605
0.747
0.949
0.343
0.898
0.443
0.437
0.743
0.944
0.054
0.075
0.485
0.985
0.819
0.269
0.183
0.345
0.892
0.378
0.962
0.626
0.694
0.276
0.412
0.946
0.262
0.294
0.865
0.107
0.428
0.971
0.437
0.754
0.246
0.095
0.846
0.297
0.951
0.283
0.443
0.6
0.072
0.59
0.161
0.79
0.639
0.606
0.955
0.743
0.273
0.716
0.499
0.184
0.184
0.019
0.879
0.698
0.999
0.622
0.857
0.118
0.647
0.849
0.467
0.241
0.058
0.283
0.658
0.444
0.968
0.222
0.444
0.486
0.685
0.03
0.62
0.927
0.948
0.867
0.597
0.069
0.165
0.118
0.389
0.306
0.992
0.289
0.469
0.975
0.24
0.483
0.205
0.62
0.249
0.616
0.31
0.008
0.73
0.735
0.766
0.601
0.196
0.405
0.627
0.493
0.048
0.832
0.537
0.492
0.591
0.752
0.428
0.518
0.333
0.894
0.375
0.395
0.539
0.949
0.14
0.506
0.757
0.693
0.048
0.373
0.472
0.773
0.499
0.518
0.421
0.899
0.765
0.918
0.615
0.699
0.028
0.896
0.802
0.245
0.322
0.415
0.749
0.502
0.045
0.366
0.568
0.199
0.449
0.648
0.929
0.272
0.748
0.407
0.487
0.166
0.308
0.593
0.321
0.94
0.024
0.768
0.743
0.534
0.73
0.34
0.982
0.169
0.493
0.166
0.362
0.051
0.232
0.362
0.939
0.021
0.803
0.368
0.887
0.257
0.393
0.854
0.798
0.404
0.007
0.764
0.923
0.818
0.338
0.635
0.988
0.61
0.375
0.336
0.833
0.502
0.181
0.829
0.733
0.817
0.389
0.328
1.0
0.03
0.945
0.168
0.979
0.813
0.739
0.287
0.335
0.472
0.191
0.071
0.121
0.214
0.526
0.538
0.985
0.979
0.006
0.947
0.816
0.978
0.837
0.883
0.87
0.003
0.164
0.53
0.145
0.635
0.775
0.289
0.657
0.753
0.798
0.459
0.067
0.702
0.554
0.274
0.929
0.058
0.099
0.854
0.287
0.603
0.048
0.564
0.655
0.817
0.856
0.733
0.548
0.703
0.619
0.652
0.972
0.381
0.988
0.838
0.669
0.358
0.806
0.582
0.653
0.074
0.792
0.559
0.428
0.431
0.999
0.743
0.197
0.011
0.121
0.54
0.437
0.323
0.941
0.999
0.053
0.762
0.728
0.126
0.131
0.416
0.814
0.574
0.545
0.499
0.729
0.363
0.881
0.91
0.457
0.568
0.153
0.567
0.855
0.833
0.299
0.735
0.104
0.096
0.895
0.336
0.641
0.983
0.683
0.105
0.913
0.412
0.642
0.385
0.229
0.432
0.815
0.699
0.794
0.927
0.818
0.677
0.6
0.162
0.575
0.221
0.431
0.959
0.161
0.677
0.969
0.101
0.645
0.752
0.38
0.411
0.627
0.817
0.708
0.185
0.513
0.653
0.3
0.686
0.332
0.152
0.31
0.965
0.122
0.202
0.36
0.815
0.725
0.043
0.192
0.751
0.089
0.405
0.845
0.155
0.346
0.555
0.994
0.419
0.137
0.355
0.309
0.639
0.515
0.412
0.564
0.943
0.754
0.356
0.792
0.274
0.123
0.242
0.217
0.732
0.584
0.452
0.834
0.475
0.312
0.804
0.228
0.772
0.728
0.759
0.489
0.908
0.075
0.472
0.85
0.901
0.251
0.352
0.804
0.524
0.825
0.541
0.145
0.852
0.963
0.842
0.223
0.005
0.959
0.841
0.048
0.328
0.259
0.908
0.107
0.418
0.017
0.069
0.985
0.704
0.142
0.437
0.575
0.246
0.973
0.463
0.407
0.502
0.058
0.64
0.349
0.834
0.536
0.342
0.74
0.845
0.905
0.779
0.944
0.812
0.262
0.367
0.809
0.018
0.498
0.045
0.039
0.38
0.358
0.81
0.182
0.427
0.52
0.895
0.907
0.189
0.066
0.308
0.524
0.283
0.505
0.391
0.137
0.911
0.465
0.766
0.996
0.098
0.321
0.353
0.433
0.8
0.526
0.77
0.595
0.212
0.483
0.42
0.788
0.872
0.846
0.85
0.414
0.564
0.072
0.993
0.213
0.497
0.304
0.145
0.839
0.506
0.874
0.125
0.916
0.641
0.517
0.917
0.146
0.075
0.313
0.464
0.522
0.188
0.262
0.644
0.465
0.774
0.835
0.372
0.838
0.957
0.649
0.97
0.753
0.563
0.585
0.501
0.44
0.136
0.857
0.143
0.647
0.887
0.956
0.235
0.826
0.763
0.698
0.583
0.775
0.074
0.766
0.453
0.205
0.669
0.296
0.525
0.675
0.046
0.112
0.889
0.405
0.404
0.281
0.988
0.17
0.508
0.129
0.225
0.586
0.189
0.386
0.478
0.259
0.688
0.002
0.366
0.383
0.301
0.876
0.178
0.148
0.053
0.855
0.854
0.346
0.461
0.707
0.291
0.811
0.717
0.123
0.189
0.513
0.601
0.375
0.91
0.291
0.45
0.306
0.572
0.874
0.027
0.028
0.856
0.572
0.258
0.147
0.185
0.805
0.401
0.278
0.368
0.98
0.353
0.668
0.752
0.531
0.543
0.522
0.172
0.467
0.609
0.992
0.674
0.592
0.344
0.199
0.871
0.49
0.608
0.2
0.342
0.28
0.165
0.214
0.101
0.119
0.549
0.777
0.335
0.763
0.337
0.456
0.061
0.928
0.862
0.173
0.824
0.6
0.419
0.953
0.002
0.576
0.597
0.34
0.691
0.658
0.439
0.34
0.737
0.503
0.772
0.92
0.722
0.261
0.546
0.699
0.569
0.628
0.924
0.945
0.073
0.497
0.518
0.665
0.749
0.292
0.211
0.815
0.775
0.913
0.103
0.486
0.378
0.055
0.521
0.943
0.332
0.577
0.352
0.705
0.196
0.787
0.405
0.113
0.498
0.744
0.551
0.911
0.681
0.278
0.081
0.326
0.25
0.668
0.876
0.025
0.017
