0.061
0.015
0.216
0.721
0.639
0.053
0.705
0.538
0.824
0
0.596
0.617
0.752
0.351
0.555
0.007
0.091
0.057
0.688
0.87
0.859
0.956
0.812
0.108
0.899
0.909
0.479
0.791
0.882
0.631
0.218
0.927
0.192
0.03
0.534
0.916
0.883
0.098
0.436
0.87
0.818
0.129
0.656
0.504
0.669
0.573
0.587
0.245
0.1
0.343
0.681
0.18
0.638
0.324
0.363
0.512
0.744
0.979
0.728
0.534
0.548
0.369
0.669
0.017
0.283
0.5
0.33
0.539
0.879
0.201
0.65
0.545
0.058
0.222
0.17
0.427
0.938
0.926
0.793
0.428
0.623
0.534
0.796
0.469
0.465
0.944
0.702
0.396
0.513
0.968
0.566
0.846
0.781
0.538
0.255
0.489
0.011
0.597
0.244
0.606
0.373
0.863
0.596
0.478
0.753
0.899
0.899
0.062
0.91
0.987
0.651
0.606
0.319
0.845
0.034
0.802
0.874
0.173
0.282
0.221
0.837
0.991
0.619
0.63
0.558
0.215
0.343
0.658
0.2
0.031
0.743
0.302
0.273
0.083
0.378
0.97
0.911
0.357
0.039
0.829
0.209
0.321
0.553
0.202
0.545
0.208
0.551
0.032
0.372
0.432
0.057
0.565
0.756
0.055
0.784
0.564
0.883
0.806
0.829
0.629
0.1
0.706
0.347
0.058
0.37
0.03
0.862
0.849
0.565
0.317
0.927
0.883
0.562
0.068
0.164
0.799
0.02
0.521
0.443
0.302
0.181
0.605
0.155
0.492
0.326
0.777
0.173
0.15
0.711
0.894
0.513
0.865
0.939
0.547
0.395
0.078
0.228
0.52
0.792
0.695
0.347
0.596
0.496
0.256
0.295
0.79
0.177
0.738
0.074
0.024
0.585
0.111
0.925
0.595
0.244
0.548
0.234
0.338
0.089
0.075
0.022
0.643
0.801
0.028
0.772
0.431
0.789
0.943
0.326
0.262
0.294
0.915
0.922
0.03
0.707
0.028
0.773
0.995
0.42
0.549
0.08
0.926
0.135
0.808
0.731
0.985
0.886
0.297
0.884
0.965
0.171
0.268
0.413
0.889
0.59
0.417
0.927
0.221
0.633
0.03
0.907
0.527
0.431
0.983
0.738
0.677
0.935
0.491
0.308
0.706
0.943
0.073
0.08
0.494
0.051
0.551
0.122
0.94
0.059
0.481
0.025
0.572
0.696
0.005
0.108
0.049
0.819
0.625
0.629
0.545
0.477
0.304
0.711
0.067
0.562
0.146
0.286
0.062
0.1
0.148
0.796
0.363
0.667
0.87
0.418
0.88
0.853
0.93
0.943
0.734
0.558
0.323
0.751
0.789
0.013
0.048
0.501
0.624
0.039
0.719
0.347
0.783
0.918
0.604
0.595
0.613
0.799
0.315
0.128
0.895
0.933
0.794
0.133
0.229
0.218
0.09
0.935
0.505
0.216
0.676
0.173
0.683
0.554
0.784
0.084
0.911
0.412
0.993
0.044
0.888
0.332
0.555
0.801
0.237
0.199
0.526
0.574
0.294
0.855
0.744
0.463
0.707
0.299
0.477
0.819
0.96
0.906
0.481
0.92
0.271
0.971
0.601
0.881
0.232
0.947
0.813
0.967
0.275
0.228
0.018
0.483
0.059
0.909
0.215
0.758
0.044
0.742
0.522
0.949
0.512
0.77
0.829
0.201
0.544
0.053
0.807
0.028
0.425
0.695
0.273
0.532
0.388
0.631
0.594
0.565
0.264
0.582
0.412
0
0.56
0.202
0.742
0.835
0.33
0.75
0
0.933
0.784
0.476
0.326
0.777
0.261
0.657
0.558
0.657
0.132
0.043
0.666
0.324
0.684
0.483
0.971
0.598
0.806
0.022
0
0.562
0.561
0.614
0.779
0.313
0.708
0.465
0.815
0.298
0.819
0.486
0.671
0
0.304
0.616
0.812
0.836
0.014
0.954
0.705
0.449
0.367
0.804
0.413
0.639
0.592
0.345
0.599
0.416
0.841
0.263
0.736
0.734
0.52
0.904
0.602
0.665
0.605
0.747
0.389
0.127
0.365
0.881
0.996
0.773
0.387
0.022
0.844
0.198
0.735
0.56
0.573
0.348
0.917
0.717
0.193
0.237
0.585
0.828
0.468
0.562
0.361
0.831
0.178
0.07
0.691
0.104
0.523
0.723
0.664
0.066
0.231
0.729
0.214
0.561
0.434
0.376
0.762
0.074
0.194
0.787
0.398
0.233
0.086
0.678
0.339
0.452
0.748
0.695
0.953
0.383
0.608
0.427
0.677
0.394
0.327
0.602
0.778
0.867
0.025
0.985
0.41
0.89
0.433
0.904
0.368
0.229
0.441
0.792
0.634
0.26
0.088
0.719
0.137
0.307
0.189
0.933
0.655
0.413
0.932
0.881
0.929
0.442
0.845
0.795
0.297
0.385
0.537
0.931
0.387
0.444
0.401
0.008
0.711
0.409
0.535
0.997
0.328
0.82
0.507
0.769
0.944
0.137
0.296
0.583
0.305
0.71
0.727
0.546
0.13
0.268
0.965
0.026
0.932
0.088
0.229
0.77
0.469
0.689
0.117
0.244
0.181
0.296
0.088
0.888
0.782
0.601
0.691
0.514
0.688
0.264
0.671
0.788
0.642
0.255
0.076
0.021
0.328
0.053
0.287
0.253
0.735
0.45
0.039
0.803
0.74
0.083
0.051
0.153
0.626
0.414
0.771
0.396
0.77
0.018
0.939
0.945
0.188
0.847
0.747
0.323
0.795
0.541
0
0.809
0.694
0.146
0.834
0.202
0.579
0.437
0.524
0.7
0.054
0.655
0.581
0.446
0.494
0.771
0.808
0.011
0.577
0.456
0.981
0.311
0.162
0.071
0.16
0.285
0.454
0.438
0.774
0.942
0.266
0.993
0.909
0.15
0.864
0.653
0.709
0.806
0.706
0.346
0.281
0.212
0.401
0.835
0.953
0.718
0.876
0.345
0.712
0.147
0.249
0.209
0.424
0.398
0.67
0.729
0.172
0
0.563
0.889
0.836
0.045
0.519
0.266
0.93
0.65
0.085
0.015
0.749
0.776
0.018
0.408
0.017
0.012
0.602
0.204
0.4
0.168
0.86
0.191
0.166
0.153
0.387
0.173
0.538
0.363
0.865
0.928
0.072
0.612
0.733
0.798
0.1
0.18
0.854
0.847
0.138
0.478
0.756
0.373
0.629
0.754
0.624
0.927
0.337
0.431
0.068
0.723
0.8
0.523
0.784
0.687
0.85
0.617
0.746
0.224
0.325
0.886
0.477
0.26
0.293
0.443
0.033
0.172
0.889
0.76
0.883
0.799
0.753
0.17
0.027
0.156
0.72
0.598
0.76
0.443
0.53
0.501
0.973
0.911
0.349
0.708
0.894
0.495
0.653
0.548
0.959
0.697
0.682
0.108
0.037
0.743
0.253
0.747
0.962
0.754
0.382
0.515
0.817
0.646
0.909
0.182
0.255
0.009
0.174
0.419
0.395
0.927
0.25
0.744
0.658
0.535
0.907
0.16
0.807
0.517
0.347
0.96
0.195
0.246
0.679
0.043
0.454
0.127
0.329
0.867
0.729
0.92
0.94
0.992
0.691
0.361
0.595
0.212
0.268
0.334
0.376
0.295
0.231
0.749
0.059
0.22
0.132
0.046
0.234
0.566
0
0.234
0.037
0.791
0.242
0.218
0.772
0.152
0.374
0.427
0.391
0.692
0.106
0.733
0.489
0.434
0.142
0.381
0.089
0.588
0.79
0.067
0.045
0.786
0.841
0.024
0.648
0.276
0.853
0.557
0.454
0.963
0.772
0.799
0.221
0.403
0.548
0.12
0.844
0.728
0.432
0.866
0.194
0.944
0.354
0.533
0.757
0.033
0.795
0.347
0.171
0.349
0.817
0.045
0.399
0.996
0.478
0.046
0.443
0.417
0.233
0.864
0.395
0.793
0.572
0.436
0.142
0.557
0.775
0.623
0.49
0.801
0.691
0.469
0.699
0.846
0.64
0.044
0.581
0.371
0.81
0.926
0.394
0.201
0.727
0.503
0.867
0.097
0.313
0.878
0.246
0.514
0.505
0.81
0.307
0.442
0.448
0.373
0.536
0.187
0.905
0.01
0.295
0.38
0.12
0.883
0.36
0.18
0.621
0.471
0.867
0.645
0.957
0.078
0.357
0.049
0.373
0.861
0.284
0.515
0
0.309
0.555
0.729
0.388
0.999
0.61
0.206
0.389
0.439
0.933
0.875
0.027
0.006
0.34
0.497
0.478
0.917
0.19
0.806
0.338
0.346
0.019
0.201
0.859
0.845
0.14
0.573
0.332
0.566
0.757
0.662
0.607
0.651
0.538
