0.413
0.803
0.928
0.713
0.058
0.68
0.379
0.916
0.38
0.984
0.571
0.297
0.984
0.137
0.343
0.248
0.44
0.62
0.373
0.517
0.464
0.146
0.154
0.388
0.138
0.621
0.384
0.169
0.505
0.662
0.409
0.73
0.01
0.208
0.097
0.128
0.709
0.218
0.97
0.013
0.152
0.012
0.81
0.433
0.408
0.139
0.081
0.11
0.286
0.788
0.357
0.379
0.482
0.432
0.79
0.85
0.754
0.697
0.121
0.257
0.402
0.48
0.268
0.765
0
0.089
0.674
0.716
0.16
0.553
0.79
0.978
0.425
0.194
0.771
0.112
0.514
0.815
0.349
0.537
0.663
0.671
0.059
0.665
0.646
0.95
0.059
0.948
0.433
0.787
0.07
0.639
0.672
0.616
0.928
0.899
0.776
0.374
0.364
0.401
0.7
0.5
0.91
0.441
0.958
0.358
0.098
0.063
0.98
0.443
0.146
0.176
0.549
0.327
0.134
0.674
0.381
0.43
0.905
0.673
0.483
0.012
0.938
0.745
0.008
0.95
0.553
0.293
0.275
0.04
0.955
0.029
0.498
0.817
0.692
0.379
0.474
0.652
0.364
0.415
0.515
0.818
0.842
0.21
0.79
0.807
0.118
0.227
0.744
0.378
0.268
0.091
0.666
0.246
0.05
0.796
0.882
0.274
0.181
0.923
0.594
0.727
0.755
0.245
0.81
0.939
0.184
0.68
0.302
0.567
0.614
0.26
0.174
0.045
0.889
0.319
0.56
0.844
0.084
0.964
0.965
0.699
0.949
0.578
0.579
0.522
0.555
0.124
0.75
0.98
0.266
0.017
0.738
0.777
0.49
0.459
0.434
0.981
0.631
0.243
0.489
0.967
0.741
0.912
0.164
0.053
0.936
0.304
0.56
0.771
0.856
0.741
0.394
0.763
0.228
0.065
0.101
0.55
0.886
0.273
0.487
0.974
0.066
0.929
0.864
0.365
0.626
0.99
0.851
0.816
0.143
0.359
0.912
0.048
0.433
0.151
0.093
0.199
0.187
0.95
0.598
0.39
0.585
0.559
0.173
0.549
0.699
0.493
0.237
0
0.663
0.033
0.552
0.055
0.428
0.645
0.073
0.47
0.068
0.48
0.817
0.354
0.713
0.601
0.183
0.529
0.812
0.424
0.923
0.756
0.32
0.75
0.176
0.907
0.481
0.557
0.203
0.414
0.12
0.153
0.186
0
0.658
0.235
0.067
0.33
0.396
0.459
0.624
0.691
0.185
0.784
0.851
0.855
0.617
0.549
0.123
0.488
0.267
0.603
0.26
0.041
0.723
0.11
0.854
0.458
0.886
0.26
0.187
0.39
0.592
0.79
0.122
0.149
0.213
0.17
0.959
0.411
0.574
0.427
0.553
0.156
0.363
0.351
0.601
0.44
0.022
0.186
0.456
0.081
0.932
0.504
0.669
0.744
0.821
0.203
0.872
0.122
0.038
0.319
0.968
0.071
0.59
0.36
0.693
0.544
0.796
0.998
0.156
0.4
0.165
0.331
0.026
0.637
0.649
0.183
0.785
0.383
0.112
0.982
0.677
0.905
0.925
0.657
0.994
0.279
0.968
0.163
0.669
0.772
0.669
0.612
0.644
0.037
0.579
0.518
0.535
0.551
0.985
0.832
0.313
0.568
0.082
0.368
0.789
0.368
0.128
0.029
0.16
0.696
0.69
0.943
0.011
0.423
0.799
0.872
0.3
0.534
0.744
0.101
0.158
0.938
0.487
0.101
0.763
0.308
0.279
0.683
0.738
0.782
0.788
0.198
0.242
0.52
0.343
0.229
0.106
0.273
0.673
0.63
0.828
0.601
0.364
0.92
0.448
0.736
0.821
0.665
0.425
0.474
0.296
0.48
0.189
0.166
0.41
0.355
0.144
0.308
0.149
0.084
0.712
0.027
0.441
0.855
0.636
0.9
0.004
0.789
0.116
0.428
0.917
0.46
0.798
0.304
0.002
0.894
0.396
0.882
0.635
0.204
0.792
0.723
0.716
0.895
0.115
0.602
0.048
0.785
0.504
0.983
0.651
0.496
0.64
0.974
0.186
0.68
0.255
0.129
0.703
0.644
0.088
0.657
0.883
0.469
0.38
0.644
0.038
0.597
0.049
0.258
0.58
0.092
0.756
0.032
0.035
0.48
0.327
0.737
0.611
0.242
0.157
0.848
0.913
0.971
0.597
0.111
0.366
0.11
0.996
0.91
0.735
0.624
0.426
0.235
0.822
0.557
0.774
0.92
0.083
0.831
0.7
0.17
0.814
0.576
0.985
0.452
0.902
0.291
0.791
0.024
0.877
0.406
0.081
0.98
0.74
0.118
0.611
0.138
0.827
0.161
0.007
0.694
0.434
0.782
0.095
0.124
0.621
0.514
0.731
0.291
0.193
0.459
0.528
0.237
0.94
0.791
0.596
0.666
0.3
0.495
0.148
0.402
0.72
0.97
0.869
0.315
0.73
0.391
0.598
0.89
0.571
0.556
0.296
0.468
0.191
0.013
0.414
0.927
0.541
0.677
0.599
0.493
0.25
0.159
0.707
0.647
0.361
0.439
0.203
0.338
0.16
0.689
0.542
0.796
0.994
0.379
0.711
0.512
0.178
0.1
0.482
0.486
0.516
0.585
0.639
0.245
0.425
0.339
0.8
0.114
0.554
0.751
0.135
0.278
0.946
0.016
0.194
0.488
0.145
0.335
0.555
0.404
0.401
0.985
0.427
0.335
0.514
0.931
0.74
0.681
0.666
0.868
0.578
0.226
0.217
0.657
0.396
0.423
0.393
0.494
0.292
0.344
0.066
0.843
0.468
0.679
0.315
0.215
0.289
0.517
0.921
0.713
0.399
0.506
0.499
0.103
0.738
0.222
0.861
0.617
0.806
0.072
0.479
0.948
0.081
0.175
0.531
0.312
0.873
0.044
0.439
0.732
0.462
0.468
0.859
0.936
0.373
0.365
0.232
0.187
0.966
0.202
0.783
0.965
0.894
0.793
0.788
0.91
0.996
0.703
0.799
0.209
0.357
0.758
0.292
0.829
0.214
0.644
0.09
0.484
0.821
0.203
0.621
0.782
0.481
0.379
0.011
0.205
0.556
0.586
0.283
0.46
0.052
0.61
0.443
0.339
0.485
0.255
0.459
0.245
0.097
0.413
0.427
0.909
0.89
0.854
0.813
0.843
0.886
0.047
0.032
0.005
0.732
0.093
0.516
0.401
0.399
0.185
0.919
0.298
0.71
0.08
0.417
0.674
0.921
0.193
0.903
0.96
0.548
0.549
0.093
0.278
0.764
0.462
0.722
0.972
0.594
0.625
0.274
0.589
0.384
0.009
0.088
0.523
0.794
0.269
0.897
0.708
0.464
0.879
0.454
0.196
0.517
0.93
0.849
0.211
0.411
0.961
0.442
0
0.79
0.832
0.644
0.758
0.21
0.679
0.166
0.527
0.401
0.315
0.137
0.702
0.278
0.045
0.742
0.334
0.609
0.115
0.47
0.549
0.598
0.379
0.639
0.809
0.658
0.987
0.049
0.201
0.247
0.392
0.227
0.28
0.187
0.909
0.445
0.686
0.391
0.997
0.409
0.334
0.774
0.176
0.821
0.381
0.475
0.306
0.082
0.969
0.928
0.451
0.897
0.009
0.525
0.906
0.751
0.264
0.533
0.84
0.32
0.437
0
0.683
0.735
0.995
0.021
0.378
0.698
0.117
0.442
0.529
0.865
0.746
0.551
0.328
0.329
0.008
0
0.402
0.754
0.823
0.27
0.74
0.726
0.076
0.047
0.521
0.284
0.623
0.152
0.636
0.823
0.068
0.385
0.636
0.583
0.053
0.153
0.371
0.661
0.645
0.621
0.622
0.45
0.017
0.453
0.571
0.489
0.515
0.448
0.021
0.774
0.679
0.761
0.748
0.48
0.215
0.093
0.296
0.037
0.753
0.224
0.863
0.983
0.279
0.135
0.923
0.892
0.722
0.998
0.77
0.41
0.15
0.737
0.1
0.338
0.501
0.635
0.451
0.159
0.446
0.18
0.39
0.996
0.072
0.115
0.487
0.397
0.394
0.575
0.367
0.159
0.976
0.474
0.268
0.13
0.244
0.737
0.89
0.853
0.034
0.344
0.483
0.736
0.964
0.308
0.473
0.544
0.27
0.329
0.454
0.039
0.01
0.263
0.477
0.008
0.723
0.498
0.796
0.679
0.915
0.912
0.939
0
0.753
0.052
0.769
0.724
0.277
0.08
0.294
0.383
0.287
0.647
0.009
0.242
0.246
0.295
0.843
0.025
0.899
0.155
0.443
0.434
0.695
0.319
0.273
0.346
0.359
0.073
0.214
0.882
0.607
0
0.748
0.51
0.629
0.543
0.427
0.203
0.734
