0.5
0.796
0.072
0.252
0.037
0.291
0.001
0.128
0.152
0.635
0.96
0.521
0.339
0.5
0.678
0.678
0.189
0.859
0.041
0.787
0.165
0.314
0.556
0.695
0.624
0.365
0.796
0.746
0.339
0.876
0.114
0.325
0.199
0.866
0.768
0.404
0.999
0.884
0.465
0.898
0.327
0.331
0.672
0.275
0.932
0.696
0.538
0.879
0.807
0.765
0.283
0.255
0.407
0.351
0.114
0.321
0.57
0.86
0.84
0.349
0.557
0.359
0.911
0.509
0.497
0.96
0.572
0.84
0.278
0.388
0.6
0.626
0.393
0.859
0.585
0.337
0.851
0.032
0.099
0.63
0.198
0.137
0.374
0.933
0.283
0.195
0.061
0.816
0
0.857
0.642
0.342
0.26
0.729
0.925
0.272
0.815
0.207
0.707
0.775
0.59
0.249
0.114
0.859
0.731
0.609
0.928
0.421
0.367
0.053
0.039
0.716
0.305
0.24
0.404
0.016
0.878
0.883
0.206
0.993
0.941
0.09
0.635
0.138
0.953
0.168
0.437
0.626
0.484
0.709
0.356
0.628
0.252
0.711
0.534
0.551
0.457
0.838
0.208
0.435
0.177
0.263
0.123
0.503
0.768
0.42
0.271
0.656
0.749
0.105
0.973
0.493
0.689
0.637
0.226
0.471
0.454
0.89
0.324
0.996
0.175
0.866
0.129
0.578
0.975
0.389
0.493
0.883
0.091
0.858
0.996
0.67
0.782
0.87
0.413
0.274
0.042
0.634
0.211
0.831
0.062
0.643
0.725
0.325
0.496
0.545
0.994
0.678
0.561
0.842
0.907
0.644
0.152
0.799
0.579
0.46
0.485
0.758
0.982
0.168
0.175
0.972
0.679
0.596
0.149
0.04
0.185
0.139
0.806
0.081
0.812
0.981
0.233
0.759
0.036
0.612
0.184
0.713
0.741
0.467
0.538
0.654
0.047
0.617
0.625
0.083
0.696
0.341
0.836
0.729
0.243
0.288
0.967
0.194
0.722
0.783
0.747
0.402
0.91
0.407
0.432
0.587
0.553
0.324
0.347
0.916
0.306
0.759
0.396
0.426
0.562
0.048
0.246
0.865
0.083
0.667
0.524
0.08
0.555
0.103
0.419
0.655
0.479
0.31
0.822
0.109
0.943
0.226
0.997
0.566
0.313
0.311
0.564
0.39
0.644
0.485
0.951
0.958
0.122
0.938
0.967
0.205
0.032
0.579
0.273
0.686
0.219
0.148
0.157
0.592
0.982
0.513
0.59
0.569
0.41
0.147
0.998
0.927
0.14
0.292
0.639
0.572
0.039
0.622
0.095
0.423
0.007
0.879
0.944
0.795
0.726
0.192
0.982
0.468
0.65
0.879
0.605
0.919
0.563
0.581
0.373
0.129
0.822
0.066
0.783
0.059
0.52
0.228
0.799
0.637
0.039
0.754
0.956
0.175
0.689
0.561
0.352
0.462
0.061
0.838
0.128
0.892
0.698
0.026
0.615
0.966
0.586
0.295
0.859
0.698
0.903
0.477
0.372
0.831
0.002
0.22
0.137
0.714
0.796
0.665
0.426
0.82
0.203
0.701
0.387
0.293
0.032
0.064
0.744
0.753
0.838
0.122
0.373
0.466
0.922
0.432
0.945
0.105
0.955
0.142
0.486
0.741
0.633
0.457
0.864
0.428
0.743
0.821
0.797
0.862
0.183
0.228
0.19
0.161
0.671
0.307
0.018
0.925
0.602
0.202
0.17
0.667
0.517
0.409
0.965
0.221
0.599
0.04
0.35
0.242
0.435
0.631
0.486
0.757
0.736
0.988
0.423
0.198
0.297
0.041
0.389
0.339
0.261
0.238
0.985
0.368
0.786
0.236
0.659
0.935
0.843
0.946
0.763
0.729
0.112
0.83
0.119
0.843
0.978
0.728
0.988
0.503
0.115
0.92
0.832
0.649
0.024
0.92
0.906
0.893
0.002
0.474
0.091
0.632
0.946
0.23
0.777
0.579
0.688
0.539
0.043
0.139
0.938
0.935
0.915
0.508
0.537
0.228
0.762
0.564
0.23
0.365
0.708
0.044
0.601
0.87
0.973
0.679
0.66
0.673
0.359
0.497
0.287
0.47
0.999
0.089
0.772
0.147
0.55
0.282
0.74
0.529
0.508
0.759
0.205
0.077
0.056
0.328
0.402
0.181
0.599
0.062
0.844
0.743
0.115
0.169
0.003
0.748
0.771
0.64
0.419
0.465
0.482
0.114
0.225
0.243
0.456
0.264
0.64
0.01
0.913
0.26
0.864
0.079
0.95
0.567
0.211
0.67
0.294
0.462
0.116
0.421
0.064
0.083
0.678
0.683
0.206
0.146
0.427
0.323
0.588
0.253
0.954
0.596
0.825
0.137
0.539
0.379
0.111
0.068
0.262
0.998
0.973
0.247
0.246
0.764
0.037
0.201
0.781
0.855
0.008
0.034
0.673
0.22
0.305
0.222
0.467
0.661
0.798
0.998
0.495
0.319
0.569
0.465
0.971
0.635
0.886
0.625
0.483
0.861
0.128
0.803
0.217
0.463
0.365
0.911
0.757
0.554
0.918
0.438
0.197
0.631
0.834
0.368
0.412
0.326
0.016
0.913
0.146
0.31
0.078
0.914
0.574
0.237
0.74
0.85
0.288
0.78
0.398
0.36
0.525
0.163
0.951
0.72
0.558
0.688
0.939
0.583
0.321
0.11
0.039
0.631
0.864
0.861
0.976
0.505
0.128
0.908
0.737
0.768
0.283
0.034
0.061
0.677
0.355
0.027
0.633
0.752
0.764
0.995
0.349
0.451
0.933
0.057
0.279
0.448
0.014
0.069
0.607
0.236
0.583
0.339
0.792
0.602
0.146
0.376
0.864
0.682
0.835
0.535
0.733
0.182
0.874
0.466
0.439
0.328
0.289
0.866
0.629
0.115
0.731
0.934
0.325
0.29
0.524
0.978
0.045
0.476
0.308
0.279
0.556
0.698
0.391
0.739
0.795
0.788
0.279
0.504
0.763
0.229
0.163
0.683
0.343
0.24
0.027
0.512
0
0.761
0.745
0.839
0.988
0.6
0.225
0.804
0.56
0.062
0.935
0.851
0.966
0.999
0.268
0
0.605
0.915
0.207
0.58
0.441
0.188
0.579
0.961
0.579
0.554
0.439
0.253
0.981
0.217
0.715
0.004
0.947
0.224
0.811
0.911
0.236
0.314
0.19
0.749
0.816
0.757
0.027
0.208
0.734
0.67
0.888
0.279
0.175
0.517
0.752
0.677
0.894
0.08
0.915
0.48
0.516
0.812
0.942
0.078
0.488
0.094
0.34
0.178
0.053
0.175
0.123
0.998
0.911
0.522
0.662
0.846
0.163
0.697
0.363
0.726
0.908
0.333
0.277
0.955
0.329
0.188
0.457
0.912
0.892
0.232
0.603
0.938
0.29
0.503
0.169
0.779
0.005
0.561
0.17
0.753
0.391
0.795
0.893
0.7
0.059
0.858
0.63
0.967
0.8
0.815
0.526
0.893
0.338
0.821
0.778
0.857
0.6
0.825
0.394
0.549
0.079
0.485
0.405
0.891
0.783
0.279
0.16
0.72
0.404
0.61
0.756
0.707
0.569
0.988
0.514
0.57
0.567
0.219
0.471
0.853
0.957
0.861
0.76
0.104
0.847
0.514
0.414
0.612
0.914
0.2
0.57
0.729
0.255
0.617
0.445
0.069
0.209
0.718
0.63
0.165
0.866
0.21
0.526
0.841
0.724
0.445
0.53
0.448
0.785
0.512
0.318
0.413
0.276
0.622
0.631
0.035
0.07
0.793
0.339
0.071
0.355
0.607
0.806
0.229
0.553
0.534
0.759
0.937
0.862
0.082
0.673
0.667
0.602
0.703
0.378
0.208
0.286
0.214
0.91
0.521
0.466
0.238
0.965
0.462
0.475
0.51
0.387
0.199
0.571
0.127
0.607
0.522
0.176
0.476
0.704
0.025
0.533
0.572
0.897
0.528
0.333
0.769
0.481
0.413
0.735
0.799
0.522
0.649
0.33
0.689
0.532
0.226
0.502
0.306
0.185
0.438
0.058
0.602
0.025
0.382
0.041
0.756
0.842
0.421
0.305
0.312
0.922
0.899
0.95
0.065
0.076
0.029
0.218
0.898
0.087
0.012
0.995
0.654
0.116
0.231
0.431
0.31
0.733
0.012
0.33
0.889
0.018
0.173
0.472
0.668
0.967
0.94
0.51
0.457
0.884
0.4
0.202
0.807
0.876
0.175
0.461
0.859
0.674
0.465
0.607
0.33
0.996
0.929
0.973
0.194
0.758
0.318
0.09
0.769
0.062
0.551
0.249
0.209
0.278
0.886
0.591
0.467
0.281
0.998
0.136
0.811
0
0.997
