0.936
0.61
0.139
0.256
0.213
0.535
0.554
0.136
0.426
0.41
0.45
0.689
0.818
0.092
0.92
0.908
0.819
0.307
0.77
0.903
0.238
0.84
0.559
0.346
0.151
0.471
0.926
0.456
0.278
0.197
0.218
0.378
0.152
0.96
0.953
0.352
0.655
0.482
0.238
0.847
0.093
0.282
0.425
0.847
0.943
0.526
0.025
0.556
0.802
0.813
0.519
0.347
0.305
0.64
0.894
0.839
0.267
0.136
0.059
0.681
0.72
0.161
0.616
0.217
0.263
0.599
0.682
0.968
0.691
0.08
0.77
0.527
0.117
0.801
0.765
0.12
0.277
0.192
0.428
0.282
0.918
0.55
0.165
0.964
0.539
0.959
0.345
0.866
0.299
0.185
0.075
0.955
0.323
0.611
0.787
0.358
0.72
0.117
0.186
0.594
0.766
0.597
0.325
0.858
0.56
0.219
0.35
0.808
0.018
0.296
0.739
0.14
0.914
0.818
0.289
0.875
0.747
0.86
0.46
0.527
0.65
0.994
0.505
0.1
0.551
0.298
0.061
0.529
0.888
0.303
0.148
0.617
0.09
0.14
0.419
0.953
0.219
0.946
0.114
0.44
0.104
0.254
0.594
0.32
0.935
0
0.194
0.091
0.786
0.268
0.629
0.998
0.498
0.235
0.047
0.935
0.495
0
0.498
0.999
0.392
0.411
0.794
0.896
0.305
0.183
0.434
0.877
0.406
0.718
0.577
0.535
0.781
0.078
0.812
0.104
0.075
0.637
0.489
0.514
0.536
0.469
0.114
0.514
0.652
0.004
0.395
0.28
0.521
0.846
0.952
0.898
0.936
0.369
0.225
0.698
0.019
0.274
0.784
0.271
0.486
0.233
0.851
0.446
0.586
0.705
0.171
0.251
0.575
0.509
0.73
0.183
0.893
0.41
0.235
0.054
0.899
0.934
0.319
0.185
0.568
0.578
0.297
0.294
0.536
0.249
0.64
0.581
0.563
0.537
0.996
0.99
0.386
0.525
0.689
0.627
0.495
0.667
0.434
0.667
0.148
0.02
0.755
0.562
0.342
0.651
0.447
0.29
0.818
0.253
0
0.268
0.593
0.069
0.356
0.601
0.032
0.747
0.396
0.472
0.377
0.749
0.159
0.758
0.928
0.932
0.449
0.786
0.639
0.301
0.302
0.344
0.855
0.489
0.112
0.501
0.046
0.3
0.028
0.709
0.644
0.003
0.854
0.778
0.153
0.131
0.209
0.893
0.763
0.49
0.323
0.383
0.726
0.182
0.329
0.956
0.187
0.506
0.116
0.383
0.531
0.607
0.452
0.529
0.033
0.534
0.936
0.062
0.857
0.384
0.701
0.057
0.747
0.635
0.526
0.939
0.974
0.629
0.594
0.582
0.834
0.897
0.192
0.459
0.943
0.653
0.423
0.995
0.137
0.77
0.572
0.59
0.264
0.059
0.202
0.448
0.713
0.48
0.546
0.823
0.009
0.01
0.948
0.353
0.299
0.152
0.359
0.486
0.061
0.647
0.636
0.1
0.543
0.116
0.137
0.285
0.903
0.558
0.309
0.775
0.664
0.896
0.906
0.511
0.158
0.869
0.51
0.803
0.888
0.428
0.346
0.179
0.089
0.612
0.232
0.94
0.177
0.62
0.343
0.673
0.714
0.659
0.538
0.967
0.94
0.539
0.076
0.101
0.573
0.795
0.332
0.755
0.258
0.253
0.571
0.451
0.993
0.956
0.803
0.26
0.377
0.515
0.589
0.263
0.206
0.142
0.075
0.276
0.741
0.71
0.781
0.989
0.998
0
0.568
0.684
0.215
0.916
0.456
0.604
0.663
0.479
0.363
0.035
0.669
0.133
0.726
0.815
0.893
0.292
0.024
0.649
0.657
0.04
0.547
0.884
0.197
0.458
0.258
0.332
0.384
0.164
0.87
0.358
0.355
0.386
0.458
0.238
0.8
0.383
0.548
0.687
0.124
0.155
0.873
0.424
0.839
0.41
0.364
0.024
0.042
0.008
0.94
0.549
0.282
0.166
0.996
0.854
0.19
0.445
0.916
0.946
0.776
0.186
0.806
0.383
0.046
0.42
0
0.605
0.074
0.625
0.956
0.495
0.988
0.888
0.533
0.697
0.865
0.08
0.075
0.482
0.281
0.298
0.914
0.179
0.09
0.858
0.955
0.456
0.02
0.896
0.586
0.928
0.81
0.523
0.216
0.711
0.464
0.924
0.254
0.716
0.35
0.872
0.681
0.387
0.695
0.467
0.421
0.978
0.236
0.401
0.04
0.305
0.119
0.346
0.415
0.947
0.68
0.369
0.949
0.29
0.797
0.37
0.412
0.227
0.909
0.51
0.588
0.21
0.804
0.248
0.841
0.595
0.288
0.162
0.828
0.311
0.203
0.936
0.325
0.583
0.79
0.957
0.369
0.024
0.013
0.747
0.43
0.712
0.975
0.288
0.158
0.941
0.762
0.033
0.758
0.857
0.659
0.96
0.613
0.838
0.43
0.843
0.795
0.887
0.761
0.452
0.458
0.994
0.755
0.156
0.509
0.838
0.288
0.496
0.012
0.136
0.011
0.322
0.121
0.563
0.962
0.0
0.188
0.97
0.94
0.897
0.833
0.038
0.545
0.678
0.809
0.628
0.186
0.044
0.947
0.324
0.101
0.143
0.296
0.387
0.749
0.859
0.456
0.053
0.815
0.881
0.156
0.896
0.619
0.121
0.311
0.736
0.112
0.887
0.034
0.676
0.329
0.384
0.847
0.811
0.389
0.124
0.073
0.177
0.532
0.355
0.975
0.123
0.672
0.712
0.928
0.057
0.822
0.932
0.725
0.423
0.976
0.068
0.15
0.225
0.102
0.271
0.76
0.452
0.589
0.025
0.22
0.011
0.194
0.59
0.722
0.348
0.587
0.448
0.346
0.052
0.211
0.865
0.611
0.345
0.939
0.967
0.04
0.502
0.381
0.866
0.756
0.871
0.199
0.45
0.091
0.006
0.982
0.659
0.364
0.291
0.772
0.679
0.846
0.317
0.97
0.576
0.998
0.35
0.526
0.696
0.169
0.029
0.258
0.284
0.851
0.12
0.741
0.111
0.748
0.939
0.223
0.605
0.064
0.622
0.287
0.228
0.166
0.081
0.373
0.369
0.911
0.875
0.461
0.277
0.743
0.032
0.921
0.157
0.366
0.874
0.343
0.457
0.518
0.267
0.714
0.993
0.605
0.214
0.613
0.33
0.558
0.12
0.423
0.898
0
0.134
0.609
0.23
0.147
0.029
0.879
0.281
0.916
0.274
0.423
0.66
0.326
0.334
0.434
0.879
0.587
0.42
0.766
0.291
0.339
0.667
0.652
0.376
0.256
0.605
0.097
0.442
0.618
0.773
0.859
0.916
0.177
0.214
0.916
0.118
0.571
0.658
0.767
0.245
0.942
0.164
0.298
0.457
0.988
0.811
0.613
0.18
0.474
0.255
1.0
0.302
0.978
0.037
0.335
0.474
0.061
0.157
0.033
0.717
0.634
0.553
0.097
0.614
0.142
0.564
0.143
0.396
0.419
0.348
0.587
0.822
0.6
0.417
0.434
0.404
0.307
0.265
0.121
0.083
0.374
0.177
0.876
0.789
0.115
0.531
0.25
0.416
0.327
0.975
0.307
0.555
0.345
0.517
0.286
0.391
0.636
0.253
0.242
0.964
0.265
0.602
0.519
0.211
0.358
0.467
0.37
0.841
0.026
0.965
0.974
0.329
0.043
0.443
0.062
0.244
0.489
0.035
0.911
0.836
0.219
0.416
0.258
0.117
0.421
0.845
0.482
0.491
0.785
0.463
0.539
0.151
0.361
0.388
0.695
0.466
0.956
0.95
0.907
0.071
0.641
0.331
0.847
0.516
0.236
0.079
0.131
0.441
0.446
0.559
0.981
0.98
0.644
0.872
0.965
0.666
0.039
0.621
0.574
0.211
0.782
0.407
0.543
0.4
0.623
0.079
0.331
0.894
0.447
0.577
0.274
0.457
0.715
0.783
0.518
0.287
0.058
0
0.174
0.093
0.249
0.029
0.274
0.952
0.816
0.826
0.749
0.203
0.426
0.658
0.624
0.824
0.129
0.605
0.329
0.347
0.044
0.96
0.11
0.585
0.377
0.392
0.092
0.093
0.038
0.374
0.096
0.518
0.266
0.692
0.071
0.348
0.645
0.581
0.302
0.85
0.55
0.228
0.047
0.841
0.167
0.229
0.693
0.137
0.568
0.921
0.695
0.648
0.581
0.598
0.233
0.885
0.219
0.443
0.188
0.278
0.616
0.136
0.251
0.724
0.912
0.531
0.876
0.078
0.547
0.317
0.887
0.629
0.642
0.54
0.385
0.443
0.348
0.058
0.633
0.21
0.439
0.288
