0.556
0.847
0.707
0.063
0.599
0.345
0.081
0.632
0.789
0.907
0.352
0.073
0.189
0.546
0.288
0.198
0.152
0.998
0.976
0.281
0.028
0.368
0.697
0.353
0.374
0.136
0.394
0.278
0.559
0.267
0.968
0.101
0.638
0.363
0.114
0.423
0.715
0.338
0.486
0.587
0.277
0.735
0.2
0.404
0.637
0.404
0.638
0.478
0.765
0.967
0.133
0.36
0.606
0.318
0.19
0.486
0.334
0.498
0.958
0.041
0.015
0.382
0.858
0.852
0.137
0.433
0.846
0.378
0.268
0.844
0.419
0.909
0.088
0.795
0.029
0.608
0.749
0.441
0.021
0.087
0.256
0.341
0.377
0.194
0.984
0.363
0.194
0.688
0.538
0.7
0.511
0.236
0.907
0.128
0.477
0.106
0.226
0.297
0.387
0.129
0.409
0.703
0.409
0.009
0.051
0.638
0.562
0.248
0.234
0.613
0.151
0.693
0.377
0.498
0.389
0.165
0.455
0.485
0.764
0.386
0.103
0.238
0.036
0.019
0.941
0.149
0.007
0.253
0.599
0.01
0.922
0.042
0.135
0.427
0.724
0.384
0.217
0.459
0.088
0.411
0.292
0.064
0.43
0.372
0.466
0.506
0.327
0.141
0.517
0.869
0.16
0.483
0.74
0.802
0.243
0.551
0.545
0.247
0.482
0.205
0.498
0
0.04
0.219
0.005
0
0.2
0.598
0.807
0.423
0.473
0.804
0.27
0.003
0
0.264
0.43
0.911
0.593
0.632
0.739
0.621
0.022
0.983
0.072
0.646
0.798
0.368
0.275
0.64
0.009
0.958
0.835
0.39
0.811
0.489
0.989
0.78
0.129
0.052
0.699
0.249
0.564
0.187
0.564
0.214
0.243
0.393
0.51
0.695
0.196
0.3
0.984
0.514
0.649
0.532
0.031
0.717
0.037
0.079
0.194
0.679
0.83
0.296
0.164
0.297
0.912
0.984
0.065
0.676
0.58
0.2
0.498
0.53
0.776
0.289
0.379
0.919
0.468
0.573
0.928
0.273
0.354
0.996
0.202
0.099
0.334
0.656
0.053
0.467
0.145
0.232
0.01
0.196
0.254
0.122
0.998
0.331
0.364
0.637
0.76
0.658
0.014
0.119
0.046
0.904
0.049
0.282
0.419
0.044
0.287
0.64
0.704
0.565
0.425
0.346
0.093
0.286
0.648
0.12
0.205
0.649
0.032
0.093
0.414
0.232
0.704
0.322
0.917
0.697
0.419
0.89
0.676
0.031
0.491
0.667
0.524
0.323
0.036
0.923
0.895
0.089
0.812
0.462
0.773
0.409
0.083
0.609
0.144
0.932
0.238
0.982
0.186
0.21
0.825
0.653
0.541
0.063
0.524
0.692
0.542
0.646
0.272
0.373
0.998
0.004
0.529
0.871
0.917
0.276
0.324
0.033
0.196
0.121
0.885
0.218
0.15
0.605
0.274
0.579
0.18
0.557
0.344
0.983
0.874
0.969
0.616
0.928
0.267
0.407
0.444
0.097
0.072
0.399
0.767
0.535
0.621
0.501
0.04
0.495
0.8
0.73
0.172
0.956
0.174
0.297
0.755
0.412
0.332
0.207
0.372
0.01
0.824
0.108
0.925
0.959
0.376
0.492
0.455
0.687
0.809
0.202
0.359
0.279
1.0
0.908
0.934
0.893
0.65
0.018
0.947
0.034
0.379
0
0.882
0.279
0.192
0.233
0.463
0.063
0.927
0.566
0.514
0.398
0.351
0.032
0.102
0.597
0.637
0.865
0.583
0.083
0.417
0.014
0.481
0.271
0.221
0.23
0.669
0.51
0.444
0.84
0.072
0.42
0.166
0.141
0.426
0.737
0.867
0.102
0.699
0.692
0.799
0.535
0.038
0.985
0.757
0.694
0.356
0.26
0.708
0.21
0.223
0.43
0.843
0.102
0.173
0.417
0.474
0.834
0.4
0.152
0.313
0.722
0.031
0.504
0.687
0.249
0.63
0.597
0.856
0.0
0.959
0.513
0.694
0.463
0.221
0.436
0.436
0.766
0.945
0.379
0.501
0
0.034
0.306
0.131
0.529
0.011
0.041
0.588
0.787
0.052
0.508
0.424
0.071
0.388
0.739
0.343
0.223
0.271
0.12
0.593
0.648
0.863
0.398
0.611
0.862
0.309
0.843
0.578
0.41
0.342
0.955
0.121
0.135
0.975
0.638
0.179
0.124
0.731
0.293
0.326
0.162
0.68
0.062
0.58
0.918
0.486
0.11
0.349
0.211
0.444
0.404
0.547
0.099
0.207
0.474
0.981
0.893
0.333
0.474
0.822
0.289
0.809
0.293
0.142
0.098
0.625
0.445
0.92
0.469
0.89
0.476
0.776
0.182
0.599
0
0.491
0.15
0.354
0.176
0.861
0.57
0.121
0.48
0.227
0.501
0.909
0.168
0.847
0.288
0.369
0
0.818
0.114
0.243
0.497
0.332
0.398
0.382
0.498
0.986
0.194
0.157
0.808
0.612
0.715
0.987
0.7
0.969
0.392
0.669
0.613
0.185
0.751
0.025
0.637
0.361
0.399
0.886
0.193
0.05
0.796
0.868
0.035
0.257
0.949
0.146
0.828
0.245
0.889
0.192
0.105
0.2
0.197
0.513
0.895
0.487
0.271
0.999
0.531
0.656
0.619
0.923
0.934
0.233
0.993
0.715
0.292
0.347
0.207
0.602
0.056
0.62
0.977
0.855
0.882
0.793
0.865
0.403
0.289
0.59
0.207
0.325
0.911
0.551
0.67
0.297
0.981
0.853
0.469
0.388
0.344
0.003
0.913
0.128
0.254
0.439
0.999
0.601
0.202
0.035
0.98
0.282
0.268
0.379
0.77
0.923
0.234
0.264
0.545
0.118
0.293
0.284
0.611
0.871
0.927
0.555
0.891
0.925
0.711
0.42
0.826
0.05
0.184
0.887
0.846
0.471
0.845
0.532
0.31
0.639
0.155
0.519
0.112
0.205
0.92
0.235
0.322
0.031
0.335
0.046
0.227
0.056
0.9
0.455
0.62
0.075
0.218
0.777
0.708
0.826
0.203
0.976
0.196
0.503
0.711
0.27
0.601
0.916
0.78
0.736
0.902
0.301
0.813
0.988
0.129
0.946
0.196
0.947
0.808
0.304
0.398
0.469
0.952
0.508
0.515
0.39
0.793
0.822
0.514
0.731
0.627
0.19
0.409
0.345
0.205
0.073
0.592
0.998
0.427
0.189
0.478
0.679
0.338
0.096
0.031
0.754
0.144
0.581
0.911
0.792
0.561
0.202
0.75
0.478
0.17
0.927
0.942
0.366
0.498
0.706
0.267
0.367
0.997
0.678
0.503
0.129
0.678
0.914
0.615
0.719
0.956
0.672
0.74
0.41
0.395
0.219
0.019
0.781
0.064
0.758
0.197
0.434
0.614
0.582
0.741
0.694
0.565
0.728
0.031
0
0.565
0.42
0.443
0.639
0.542
0.304
0.866
0.946
0.322
0.141
0.941
0.852
0.665
0.378
0.589
0.777
0.612
0.037
0.736
0.541
0.42
0.52
0.55
0.665
0.195
0.182
0.933
0.217
0.859
0.737
0.818
0.304
0.739
0.395
0.25
0.453
0.633
0.056
0.758
0.756
0.207
0.425
0.981
0.994
0.422
0.103
0.741
0.829
0.381
0.496
0.781
0.239
0.59
0.771
0.983
0.517
0.18
0.182
0.864
0.02
0.685
0.049
0.838
0.037
0.261
0.158
0.896
0.231
0.221
0.207
0.531
0.235
0.558
0.752
0.793
0.601
0.065
0.668
0.705
0.434
0.901
0.785
0.239
0.202
0.93
0.718
0.162
0.454
0.283
0.705
0.714
0.7
0.538
0.529
0.888
0.691
0.724
0.395
0.925
0.503
0.697
0.451
0.69
0.831
0.629
0.462
0.974
0.806
0.261
0.037
0.421
0.3
0.708
0.641
0.093
0.048
0.502
0.645
0.507
0.278
0.747
0.821
0.415
0.869
0.404
0.714
0.728
0.294
0.612
0.5
0.95
0.829
0.685
0.04
0.856
0.732
0.193
0.884
0.17
0.642
0.734
0.702
0.921
0.618
0.088
0.04
0.702
0.85
0.475
0.137
0.371
0.896
0.755
0.222
0.729
0.403
0.051
0.699
0.812
0.932
0.023
0.355
0.21
0.618
0.213
0.953
0.171
0.512
0.453
0.869
0.602
0.586
0.207
0.591
0.491
0.707
0.242
0.069
0.923
0.849
0.973
0.633
0.851
0.125
0.768
0.778
0.53
0.632
0.14
0.11
0.382
0.873
0.348
0.499
0.866
0.918
0.92
0.904
0.119
0.629
0.932
0.744
0.119
0.196
0.836
0.72
0.789
