0.675
0.836
0.039
0.216
0.401
0.339
0.58
0.711
0.74
0.063
0.291
0.573
0.885
0.334
0.232
0.891
0.749
0.418
0.17
0.25
0.79
0.136
0.57
0.047
0.476
0.995
0.055
0.857
0.258
0.913
0.943
0.795
0.381
0.043
0.722
0.726
0.387
0.775
0.238
0.38
0.193
0.937
0.204
0.835
0.987
0.429
0.765
0.152
0.227
0.351
0.452
0.071
0.543
0.181
0.824
0.382
0.762
0.791
0.771
0.979
0.552
0.994
0.099
0.486
0.742
0.676
0.32
0.297
0.144
0.831
0.647
0.883
0.706
0.945
0.395
0.251
0.217
0.864
0.303
0.368
0.65
0.139
0.528
0.028
0.955
0.504
0.263
0.257
0.983
0.294
0.066
0.229
0.311
0.353
0.176
0.173
0.493
0.772
0.154
0.076
0.863
0.497
0.466
0.673
0.68
0.697
0.313
0.655
0.341
0.619
0.112
0.917
0.086
0.399
0.865
0.569
0.431
0.16
0.819
0.185
0.039
0.883
0.947
0.259
0.201
0.428
0.086
0.017
0.574
0.017
0.735
0.849
0.109
0.227
0.668
0.902
0.927
0.179
0.991
0.615
0.016
0.309
0.471
0.842
0.304
0.886
0.337
0.673
0.745
0.021
0.4
0.317
0.38
0.739
0.61
0.959
0.628
0.754
0.617
0.807
0.899
0.467
0.439
0.392
0.144
0.852
0.619
0.462
0.87
0.618
0.106
0.467
0.184
0.584
0.679
0.507
0.064
0.359
0.154
0.195
0.829
0.562
0.221
0.85
0.861
0.917
0.608
0.628
0.934
0.655
0.342
0.79
0.588
0.323
0.795
0.56
0.567
0.596
0.255
0.016
0.298
0.202
0.445
0.386
0.579
0.173
0.199
0.445
0.542
0.164
0.541
0.465
0.061
0.862
0.476
0.061
0.766
0.544
0.15
0.633
0.8
0.669
0.321
0.632
0.598
0.603
0.387
0.126
0.188
0.712
0.663
0.637
0.694
0.971
0.372
0.052
0.264
0.23
0.654
0.059
0.194
0.016
0.418
0.025
0.155
0.783
0.397
0.731
0.752
0.915
0.312
0.953
0.909
0.688
0.397
0.742
0.991
0.227
0.759
0.827
0.181
0.914
0.705
0.337
0.239
0.514
0.375
0.998
0.871
0.88
0.804
0.856
0.887
0.986
0.676
0.727
0.856
0.665
0.438
0.776
0.503
0.015
0.28
0.412
0.141
0.541
0.006
0.359
0.434
0.88
0.809
0.844
0.821
0.296
0.864
0.44
0.23
0.734
0.017
0.673
0.177
0.632
0.252
0.918
0.984
0.918
0.785
0.251
0.249
0.492
0.442
0.264
0.522
0.476
0.994
0.792
0.84
0.072
0.356
0.129
0.042
0.181
0.626
0.994
0.54
0.612
0.714
0.432
0.831
0.244
0.913
0.014
0.982
0.843
0.299
0.281
0.103
0.637
0.615
0.309
0.054
0.114
0.023
0.516
0.661
0.136
0.164
0.382
0.664
0.077
0.397
0.274
0.629
0.414
0.729
0.835
0.477
0.892
0.936
0.438
0.43
0.695
0.851
0.925
0.755
0.86
0.995
0.158
0.104
0.909
0.767
0.709
0.254
0.89
0.508
0.796
0.956
0.064
0.967
0.157
0.291
0.95
0.851
0.705
0.259
0.989
0.477
0.474
0.733
0.965
0.63
0.169
0.938
0.656
0.274
0.084
0.188
0.204
0.954
0.03
0.594
0.473
0.009
0.682
0.03
0.713
0.503
0.277
0.376
0.445
0.844
0.488
0.625
0.67
0.614
0.488
0.342
0.648
0.641
0.169
0.068
0.688
0.721
0.948
0.579
0.394
0.66
0.384
0.069
0.162
0.372
0.067
0.548
0.724
0.291
0.808
0.816
0.249
0.019
0.579
0.803
0.309
0.2
0.9
0.318
0.692
0.096
0.715
0.448
0.771
0.711
0.215
0.383
0.831
0.449
0.342
0.05
0.944
0.427
0.729
0.434
0.371
0.377
0.004
0.336
0.758
0.685
0.554
0.981
0.76
0.861
0.771
0.426
0.996
0.212
0.92
0.219
0.005
0.353
0.69
0.762
0.768
0.4
0.201
0.696
0.84
0.523
0.759
0.843
0.724
0.407
0.768
0.937
0.746
0.846
0.537
0.245
0.012
0.149
0.466
0.318
0.888
0.295
0.533
0.086
0.973
0.859
0.926
0.346
0.185
0.245
0.775
0.043
0.652
0.001
0.976
0.985
0.941
0.623
0.211
0.858
0.9
0.906
0.575
0.163
0.322
0.433
0.746
0.63
0.751
0.234
0.779
0.587
0.997
0.16
0.291
0.928
0.48
0.516
0.151
0.9
0.666
0.199
0.074
0.17
0.771
0.043
0.591
0.092
0.783
0.757
0.145
0.712
0.263
0.123
0.302
0.006
0.985
0.557
0.57
0.207
0.032
0.694
0.536
0.785
0.886
0.816
0.722
0.779
0.296
0.407
0.024
0.116
0.233
0.618
0.41
0.589
0.218
0.043
0.167
0.93
0.537
0.488
0.645
0.802
0.618
0.651
0.03
0.705
0.202
0.015
0.907
0.067
0.483
0.819
0.123
0.237
0.509
0.8
0.877
0.847
0.435
0.275
0.744
0.293
0.674
0.724
0.533
0.144
0.651
0.914
0.521
0.596
0.069
0.512
0.088
0.192
0.439
0.968
0.986
0.906
0.493
0.281
0.339
0.85
0.778
0.864
0.283
0.319
0.501
0.517
0.961
0.264
0.384
0.159
0.613
0.188
0.63
0.425
0.825
0.631
0.653
0.072
0.382
0.773
0.935
0.52
0.636
0.694
0.905
0.898
0.971
0.567
0.563
0.283
0.251
0.849
0.378
0.902
0.84
0.545
0.049
0.199
0.154
0.335
0.297
0.765
0.731
0.078
0.811
0.258
0.479
0.811
0.874
0.181
0.051
0.202
0.419
0.425
0.492
0.535
0.052
0.007
0.583
0.27
0.836
0.736
0.694
0.969
0.619
0.97
0.168
0.849
0.788
0.065
0.958
0.923
0.65
0.731
0.445
0.163
0.003
0.812
0.239
0.456
0.376
0.174
0.151
0.568
0.295
0.78
0.994
0.351
0.458
0.1
0.805
0.969
0.306
0.334
0.852
0.56
0.016
0.397
0.393
0.662
0.099
0.529
0.701
0.414
0.111
0.908
0.862
0.789
0.665
0.549
0.109
0.368
0.939
0.236
0.667
0.823
0.332
0.996
0.454
0.282
0.567
0.558
0.59
0.932
0.314
0.704
0.811
0.524
0.626
0.17
0.891
0.219
0.315
0.627
0.592
0.725
0.57
0.57
0.099
0.409
0.14
0.019
0.017
0.332
0.476
0.87
0.185
0.492
0.227
0.664
0.686
0.862
0.513
0.478
0.778
0.323
0.068
0.074
0.056
0.93
0.128
0.758
0.279
0.97
0.539
0.724
0.643
0.733
0.953
0.701
0.135
0.317
0.886
0.334
0.443
0.394
0.623
0.56
0.023
0.298
0.548
0.614
0.316
0.197
0.357
0.994
0.341
0.246
0.72
0.286
0.377
0.643
0.677
0.819
0.713
0.881
0.821
0.381
0.095
0.954
0.009
0.051
0.254
0.423
0.099
0.966
0.374
0.915
0.885
0.636
0.186
0.489
0.624
0.911
0.458
0.265
0.592
0.921
0.944
0.28
0.375
0.997
0.458
0.567
0.809
0.126
0.627
0.14
0.733
0.435
0.786
0.234
0.297
0.234
0.5
0.944
0.379
0.954
0.13
0.931
0.794
0.61
0.017
0.79
0.39
0.004
0.531
0.454
0.72
0.3
0.098
0.473
0.018
0.573
0.624
0.954
0.864
0.881
0.194
0.562
0.558
0.916
0.1
0.61
0.061
0.667
0.216
0.716
0.778
0.928
0.627
0.562
0.281
0.559
0.963
0.836
0.07
0.216
0.178
0.595
0.435
0.359
0.577
0.744
0.473
0.802
0.23
0.281
0.566
0.787
0.595
0.653
0.905
0.954
0.676
0.63
0.914
0.885
0.919
0.769
0.888
0.354
0.234
0.916
0.518
0.563
0.884
0.954
0.888
0.715
0.027
0.055
0.036
0.951
0.331
0.067
0.244
0.122
0.876
0.253
0.087
0.747
0.013
0.984
0.706
0.913
0.62
0.259
0.107
0.405
0.54
0.96
0.582
0.995
0.303
0.779
0.005
0.527
0.116
0.836
0.676
0.006
0.071
0.698
0.073
0.49
0.959
0.773
0.063
0.537
0.492
0.641
0.88
0.948
0.324
0.434
0.753
0.914
0.523
0.867
0.513
0.03
0.278
0.409
0.209
0.53
0.285
0.745
0.553
0.911
0.554
0.444
0.167
0.905
0.205
