0.222
0.7
0.893
0.254
0.753
0.112
0.927
0.071
0.598
0.278
0.496
0.507
0.054
0.423
0.636
0.417
0.658
0.202
0.077
0.886
0.084
0.171
0.104
0.867
0.939
0.468
0.571
0.184
0.258
0.7
0.561
0.656
0.678
0.448
0.295
0.66
0.223
0.615
0.587
0.23
0.513
0.978
0.641
0.827
0.782
0.882
0.662
0.824
0.74
0.542
0.908
0.346
0.785
0.807
0.893
0.36
0.279
0.654
0.471
0.198
0.594
0.918
0.57
0.426
0.605
0.412
0.285
0.689
0.788
0.72
0.314
0.842
0.871
0.891
0.774
0.52
0.971
0.46
0.451
0.267
0.543
0.078
0.806
0.912
0.322
0.388
0.958
0.453
0.587
0.991
0.764
0.518
0.262
0.974
0.8
0.144
0.01
0.76
0.59
0.418
0.365
0.933
0.076
0.567
0.302
0.47
0.635
0.599
0.532
0.246
0.429
0.215
0.284
0.411
0.969
0.768
0.575
0.406
0.297
0.101
0.178
0.815
0.4
0.35
0.686
0.285
0.964
0.07
0.674
0.52
0.003
0.479
0.818
0.265
0.228
0.312
0.61
0.029
0.706
0.325
0.892
0.181
0.475
0.499
0.162
0.553
0.063
0.032
0.278
0.423
0.778
0.868
0.226
0.25
0.378
0.626
0.087
0.541
0.377
0.895
0.76
0.085
0.314
0.049
0.45
0.502
0.067
0.426
0.935
0.793
0.212
0.96
0.842
0.643
0.759
0.77
0.86
0.817
0.22
0.516
0.486
0.325
0.042
0.225
0.739
0.838
0.684
0.033
0.139
0.085
0.737
0.604
0.943
0.866
0.657
0.425
0.657
0.593
0.1
0.776
0.927
0.232
0.288
0.172
0.553
0.69
0.495
0.329
0.322
0.697
0.036
0.467
0.609
0.78
0.912
0.078
0.611
0.233
0.428
0.04
0.606
0.81
0.067
0.931
0.851
0.555
0.55
0.682
0.955
0.558
0.156
0.526
0.457
0.454
0.311
0.318
0.525
0.547
0.957
0.369
0.474
0.855
0.176
0.275
0.77
0.712
0.9
0.463
0.906
0.708
0.978
0.68
0.843
0.943
0.234
0.361
0.302
0.587
0.36
0.185
0.7
0.853
0.741
0.209
0.681
0.117
0.53
0.533
0.166
0.061
0.742
0.098
0.795
0.046
0.164
0.362
0.029
0.232
0.5
0.765
0.596
0.703
0.175
0.882
0.38
0.14
0.019
0.705
0.555
0.719
0.57
0.83
0.966
0.541
0.99
0.588
0.778
0.192
0.745
0.058
0.965
0.08
0.933
0.678
0.028
0.833
0.892
0.156
0.653
0.372
0.902
0.921
0.288
0.937
0.984
0.971
0.923
0.029
0.928
0.773
0.874
0.391
0.514
0.163
0.026
0.357
0.729
0.75
0.487
0.822
0.761
0.905
0.844
0.223
0.821
0.286
0.851
0.744
0.635
0.509
0.022
0.951
0.739
0.696
0.593
0.862
0.128
0.837
0.672
0.095
0.951
0.361
0.249
0.049
0.767
0.34
0.647
0.851
0.986
0.544
0.902
0.182
0.211
0.173
0.078
0.518
0.462
0.182
0.378
0.983
0.609
0.037
0.73
0.565
0.541
0.453
0.201
0.093
0.536
0.366
0.713
0.141
0.91
0.551
0.074
0.694
0.964
0.694
0.279
0.355
0.071
0.423
0.136
0.659
0.061
0.276
0.425
0.534
0.698
0.882
0.419
0.69
0.964
0.098
0.347
0.353
0.152
0.429
0.063
0.743
0.418
0.019
0.871
0.999
0.872
0.612
0.98
0.996
0.913
0.453
0.587
0.076
0.859
0.898
0.18
0.267
0.231
0.811
0.293
0.86
0.393
0.968
0.893
0.592
0.238
0.976
0.344
0.836
0.756
0.735
0.052
0.672
0.617
0.371
0.313
0.033
0.871
0.76
0.683
0.379
0.154
0.139
0.73
0.42
0.007
0.231
0.602
0.215
0.656
0.603
0.151
0.074
0.135
0.857
0.097
0.353
0.99
0.854
0
0.103
0.583
0.047
0.33
0.164
0.65
0.498
0.01
0.793
0.674
0.525
0.944
0.827
0.174
0.833
0.662
0.603
0.425
0.21
0.201
0.235
0.491
0.903
0.735
0.006
0.979
0.972
0.194
0.604
0.545
0.63
0.646
0.528
0.407
0.717
0.124
0.457
0.136
0.54
0.948
0.808
0.005
0.478
0.082
0.764
0.646
0.672
0.826
0.947
0.557
0.762
0.176
0.214
0.289
0.226
0.698
0.84
0.37
0.144
0.956
0.396
0.892
0.02
0.352
0.487
0.27
0.282
0.222
0.648
0.185
0.148
0.076
0.617
0.124
0.487
0.326
0.317
0.2
0
0.212
0.894
0.068
0.751
0.615
0.645
0.115
0.538
0.907
0.481
0.227
0.574
0.395
0.67
0.429
0.795
0.443
0.216
0.484
0.306
0.519
0.753
0.114
0.187
0.075
0.402
0.294
0.894
0.676
0.501
0.716
0.145
0.215
0.027
0.072
0.39
0.391
0.68
0.028
0.348
0.477
0.245
0.455
0.771
0.414
0.618
0.161
0.323
0.515
0.242
0.06
0.836
0.961
0.71
0.792
0.084
0.422
0.146
0.817
0.474
0.255
0.032
0.69
0.652
0.754
0.648
0.193
0.887
0.578
0
0.41
0.23
0.68
0.168
0.317
0.315
0.855
0.607
0.373
0.763
0.313
0.476
0.636
0.041
0.719
0.291
0.124
0.166
0.361
0.688
0.481
0.174
0.724
0.421
0.578
0.372
0.734
0.764
0.07
0.432
0.111
0.659
0.63
0.764
0.451
0.148
0.119
0.054
0.574
0.735
0.366
0.079
0.019
0.294
0.206
0.959
0.178
0.613
0.523
0.518
0.026
0.812
0.213
0.575
0.367
0.48
0.9
0.743
0.668
0.144
0.161
0.656
0.895
0.598
0.044
0.483
0.256
0.306
0.221
0.231
0.789
0.462
0.52
0.643
0.136
0.907
0.845
0.555
0.186
0.803
0.356
0.243
0.566
0.639
0.829
0.659
0.808
0.392
0.87
0.655
0.352
0.7
0.989
0.29
0.823
0.526
0.14
0.776
0.191
0.933
0.15
0.82
0.35
0
0.579
0.196
0.877
0.166
0.814
0.805
0.24
0.941
0.624
0.689
0.353
0.216
0.998
0.462
0.985
0.325
0.625
0.776
0.933
0.238
0.402
0.215
0.9
0.558
0.931
0.926
0.027
0.296
0.344
0.953
0.312
0.102
0.037
0.061
0.742
0.083
0.382
0.776
0.258
0.065
0.015
0.412
0.146
0.157
0.429
0.458
0.283
0.968
0.217
0.038
0.115
0.541
0.371
0.465
0.502
0.105
0.872
0.859
0.067
0.95
0.163
0.739
0.808
0.216
0.41
0.63
0.808
0.779
0.237
0.205
0.541
0.807
0.457
0.389
0.966
0.373
0.451
0.458
0.139
0.293
0.542
0.922
0.073
0.569
0.748
0.137
0.407
0.607
0.89
0.654
0.784
0.836
0.721
0.413
0.511
0.594
0.865
0.485
0.588
0.609
0.819
0.409
0.213
0.215
0.515
0.111
0.344
0.725
0.393
0.017
0.326
0.656
0.886
0.945
0.525
0.086
0.756
0.015
0.461
0.538
0.342
0.191
0.132
0.306
0.35
0.25
0.833
0.098
0.941
0.273
0.266
0.56
0.625
0.659
0.568
0.206
0.352
0.013
0.786
0.72
0.359
0.49
0.604
0.299
0.614
0.208
0.801
0.809
0.106
0.459
0.009
0.144
0.683
0.26
0.992
0.116
0.401
0.301
0.149
0.191
0.284
0.932
0.303
0.497
0.103
0.449
0.538
0.738
0.619
0.872
0.836
0.331
0.511
0.221
0.337
0.723
0.938
0.731
0.244
0.807
0.711
0.882
0.993
0.23
0.716
0.934
0.482
0.216
0.201
0.895
0.068
0.736
0.91
0.817
0.555
0.974
0.798
0.517
0.828
0.505
0.033
0.588
0.919
0.275
0.021
0.048
0.669
0.407
0.219
0.342
0.837
0.657
0.837
0.533
0.946
0.089
0.399
0.269
0.864
0.184
0.856
0.516
0.599
0.86
0.429
0.207
0.027
0.924
0.225
0.264
0.458
0.587
0.59
0.816
0.544
0.023
0.657
0.025
0.187
0.117
0.813
0.226
0.484
0.045
0.881
0.429
0.503
0.268
0.662
0.961
0.159
0.028
0.632
0.198
0.599
0.065
0.518
0.142
0.59
0.267
0.919
0.068
0.433
0.746
0.404
0.063
0.79
0.132
0.079
0.956
0.763
0.418
0.208
0.794
0.748
0.207
0.677
0.623
