0.471
0.631
0.26
0.71
0.949
0.116
0.965
0.965
0.693
0.527
0.404
0.351
0.186
0.945
0.534
0.593
0.493
0.08
0.767
0.674
0.049
0.928
0.99
0.442
0.565
0.838
0
0.613
0.518
0.485
0.654
0.562
0.746
0.007
0.366
0.541
0.174
0.64
0.866
0.881
0.822
0.641
0.714
0.789
0.663
0.035
0.768
0.881
0.786
0.076
0.414
0.279
0.422
0.551
0.187
0.929
0.332
0.255
0.211
0.749
0.19
0.096
0.036
0.937
0.543
0.393
0.579
0.242
0.619
0.134
0.946
0.259
0.152
0.985
0.841
0.394
0.411
0.468
0.163
0.811
0.403
0.129
0.612
0.223
0.888
0.342
0.484
0.379
0.019
0.975
0.774
0.423
0.909
0.086
0.255
0.008
0.088
0.555
0.441
0.45
0.85
0.497
0
0.114
0.407
0.176
0.896
0.515
0.588
0.336
0.878
0.074
0.852
0.195
0.498
0.921
0.015
0.841
0.177
0.884
0.167
0.741
0.11
0.03
0.801
0.652
0.388
0.527
0.082
0.863
0.927
0.57
0.085
0.232
0.691
0.496
0
0.486
0.156
0.027
0.369
0.777
0.853
0.501
0.547
0.535
0.238
0.355
0.34
0.554
0.105
0.026
0.035
0.277
0.099
0.672
0.41
0.659
0.344
0.369
0.499
0.924
0.141
0.57
0.572
0.187
0.224
0.858
0.052
0.282
0.382
0.689
0.006
0.471
0.192
0.002
0.589
0.312
0.883
0.805
0.094
0.477
0.587
0.874
0.645
0.014
0.107
0.968
0.546
0.362
0.219
0.98
0.314
0.772
0.933
0.95
0.207
0.259
0.79
0.125
0.967
0.551
0.68
0.529
0.588
0.592
0
0.544
0.687
0.056
0.088
0.571
0.542
0.05
0.913
0.019
0.787
0.51
0.137
0.902
0.111
0.616
0.848
0.801
0.435
0.232
0.38
0.684
0.724
0.43
0.299
0.281
0.119
0.626
0.839
0.261
0.001
0.968
0.11
0.515
0.428
0
0.862
0.471
0.726
0.748
0.131
0.411
0.109
0.907
0.904
0.865
0.591
0.248
0.064
0.964
0.323
0.828
0.982
0.348
0.145
0.13
0.164
0.053
0.2
0.969
0
0.819
0.682
0.403
0.379
0.225
0.678
0.408
0.906
0.291
0.376
0.207
0.267
0.986
0.33
0.001
0.152
0.564
0.92
0.148
0.606
0.586
0.858
0.054
0.091
0.345
0.477
0.372
0.587
0.737
0.132
0.803
0.439
0.171
0.148
0.198
0.796
0.415
0.448
0.629
0.898
0.551
0.228
0.369
0.832
0.517
0.079
0.235
0.819
0.071
0.721
0.582
0.425
0.472
0.395
0.24
0.803
0.345
0.078
0.914
0.779
0.891
0.492
0.852
0.353
0.951
0.088
0.388
0.697
0.052
0.703
0.969
0.924
0.324
0.936
0.756
0.549
0.096
0.303
0.052
0.9
0.795
0.925
0.266
0.415
0.37
0.724
0.372
0.009
0.576
0.137
0.245
0.151
0.764
0.596
0.271
0.376
0.598
0.221
0.547
0.944
0.794
0.394
0.923
0.38
0.477
0.654
0.571
0.253
0.082
0.571
0.97
0.758
0.348
0.74
0.187
0.468
0.656
0.045
0.206
0.443
0.968
0.556
0.678
0.388
0.637
0.849
0.697
0.167
0.919
0.528
0.378
0.745
0.089
0.49
0.759
0.671
0.051
0.446
0.8
0.295
0.358
0.265
0.23
0.177
0.079
0.535
0.265
0.748
0.576
0.433
0.687
0.745
0.67
0.624
0.602
0.187
0.527
0.033
0.45
0.385
0.871
0.607
0.629
0.502
0.356
0.748
0.556
0.508
0.292
0.952
0.988
0.992
0.058
0.109
0.885
0.202
0.259
0.208
0.604
0.593
0.741
0.529
0.771
0.181
0.615
0.185
0.269
0.5
0.907
0.945
0.908
0.637
0.803
0.92
0.511
0.28
0.207
0.808
0.603
0.765
0.733
0.912
0.424
0.153
0.023
0.359
0.935
0.741
0.659
0.373
0.123
0.774
0.052
0.236
0.76
0.371
0.045
0.66
0.435
0.763
0.031
0.884
0.422
0.098
0.9
0.758
0.42
0.283
0.715
0.175
0.232
0.758
0.781
0.617
0.369
0.01
0.463
0.282
0.424
0.061
0.484
0.413
0.956
0.418
0.602
0.69
0.735
0.809
0.115
0.655
0.485
0.174
0.405
0.222
0.735
0.946
0.964
0.183
0.372
0.324
0.381
0.232
0.922
0.651
0.337
0.911
0.358
0.94
0.371
0.857
0.587
0.567
0.003
0.638
0.774
0.371
0.156
0.936
0.406
0.862
0.626
0.42
0.065
0.296
0.038
0.977
0.674
0.952
0.194
0.926
0.193
0.833
0.348
0.522
0.224
0.057
0.814
0.777
0.53
0.461
0.955
0.931
0.195
0.295
0.02
0.768
0.843
0.454
0.671
0.839
0.482
0.8
0.556
0.025
0.961
0.454
0.844
0.467
0.593
0.627
0.714
0.176
0.483
0.815
0.582
0.77
0.01
0.723
0.705
0.164
0.92
0.311
0.407
0.525
0.954
0.084
0.563
0.276
0.407
0.831
0.615
0.842
0.232
0.497
0.2
0.535
0.853
0.343
0.843
0.82
0.585
0.733
0.07
0.055
0.644
0.952
0.381
0.728
0.77
0.54
0.808
0.35
0.012
0.916
0.575
0.34
0.514
0.35
0.532
0.404
0.283
0.065
0.908
0.018
0.438
0.453
0.197
0.425
0.041
0.269
0.78
0.217
0.629
0.012
0.689
0.257
0.172
0.689
0.338
0.589
0.018
0.153
0.546
0.743
0.82
0.735
0.516
0.451
0.319
0.467
0.161
0.285
0.957
0.59
0.781
0.537
0.355
0.27
0.089
0.898
0.338
0.358
0.365
0.031
0.891
0.446
0.24
0.396
0.941
0.756
0.145
0.535
0.949
0.88
0.953
0.568
0.491
0.612
0.745
0.681
0.016
0.261
0.346
0.394
0.744
0.969
0.934
0.307
0.55
0.068
0.399
0.352
0.37
0.736
0.123
0.707
0.066
0.466
0.955
0.918
0.575
0.719
0.8
0.575
0.005
0.734
0.854
0.23
0.968
0.373
0.573
0.731
0.942
0.23
0.772
0.685
0.244
0.888
0.621
0.899
0.046
0.864
0.514
0.411
0.24
0.502
0.834
0.218
0.395
0.821
0.521
0.365
0.77
0.256
0.55
0.748
0.718
0.032
0.069
0.549
0.911
0.386
0.276
0.836
0.342
0.007
0.531
0.934
0.376
0.719
0.613
0.387
0.309
0
0.365
0.515
0.206
0.647
0.936
0.954
0.254
0.572
0.498
0.84
0.109
0.695
0.378
0.945
0.199
0.754
0.72
0.378
0.31
0.54
0.661
0.864
0.049
0.106
0.986
0.885
0.587
0.319
0.459
0.159
0.555
0.653
0.378
0.945
0.744
0.259
0.964
0.169
0.888
0.115
0.93
0.699
0.46
0.814
0.338
0.129
0.478
0.721
0.867
0.359
0.939
0.689
0.313
0.535
0.523
0.696
0.179
0.475
0.042
0.956
0.768
0.708
0.024
0.391
0.162
0.347
0.626
0.095
0.467
0.834
0.857
0.165
0.385
0.133
0.223
0.821
0.983
0.777
0.739
0.794
0.867
0.686
0.538
0.04
0.167
0.757
0.923
0.746
0.21
0.745
0.543
0.729
0.551
0.518
0.79
0.15
0.569
0.198
0.15
0.057
0.557
0.791
0.643
0.359
0.179
0.679
0.619
0.288
0.179
0.975
0.608
0.82
0.577
0.586
0.911
0.702
0.023
0.802
0.081
0.235
0.922
0.255
0.647
0.878
0.265
0.793
0.695
0.224
0.008
0.761
0.298
0.174
0.571
0.29
0.592
0.961
0.042
0.761
0.388
0.092
0.272
0.068
0.744
0.36
0.107
0.387
0.076
0.616
0.215
0.628
0.244
0.625
0.432
0.533
0.658
0.828
0.119
0.608
0.606
0.334
0.37
0.337
0.375
0.331
0.96
0.821
0.494
0.562
0.68
0.425
0.496
0.729
0.399
0.23
0.86
0.896
0.272
0.053
0.359
0.267
0.615
0.983
0.363
0.746
0.433
0.519
0.232
0.95
0.504
0.645
0.761
0.108
0.464
0.673
0.229
0.251
0.954
0.947
0.091
0.368
0.181
0.316
0.835
0.641
0.606
0.085
0.427
0.654
0.353
0.135
0.704
0.944
0.949
0.244
0.746
0.412
0.644
0.344
0.346
0.532
0.217
0.227
0.85
0.497
0.56
0.457
0.55
0.499
0.525
