0.12
0.242
0.79
0.997
0.619
0.08
0.07
0.437
0.753
0.814
0.986
0.772
0.772
0.832
0.114
0.175
0.822
0.821
0.487
0.722
0.376
0.436
0.578
0.944
0.364
0.616
0.575
0.24
0.717
0.077
0.806
0.682
0.166
0.716
0.149
0.784
0.63
0.677
0.679
0.396
0.591
0.782
0.625
0.544
0.818
0.533
0.293
0.899
0.612
0.539
0.865
0.215
0.008
0.083
0.358
0.238
0.687
0.028
0.775
0.465
0.029
0.7
0.429
0.345
0.685
0.898
0.556
0.703
0.809
0.312
0.419
0.536
0.206
0.65
0.655
0.384
0.546
0.523
0.551
0.954
0.796
0.227
0.332
0.104
0.856
0.505
0.363
0.85
0.869
0.168
0.564
0.351
0.917
0.845
0.119
0.677
0.042
0.954
0.201
0.894
0.774
0.853
0.105
0.528
0.083
0.781
0.726
0.496
0.758
0.728
0.571
0.933
0.948
0.625
0.042
0.449
0.522
0.249
0.887
0.069
0.035
0.391
0.392
0.269
0.763
0.201
0.233
0.541
0.416
0.832
0.703
0.681
0.671
0.117
0.139
0.901
0.328
0.561
0.903
0.15
0.242
0.457
0.982
0.876
0.469
0.402
0.764
0.608
0.064
0.023
0.274
0.898
0.12
0.257
0.938
0.393
0.628
0.268
0.723
0.09
0.416
0.916
0.549
0.36
0.796
0.34
0.784
0.977
0.238
0.329
0.211
0.195
0.43
0.063
0.231
0.197
0.092
0.79
0.554
0.464
0.291
0.944
0.513
0.753
0.621
0.593
0.504
0.082
0.947
0.176
0.124
0.904
0.174
0.015
0.946
0.394
0.439
0.742
0.142
0.782
0.088
0.777
0.838
0.707
0.727
0.365
0.795
0.54
0.524
0.39
0.075
0.689
0.39
0.189
0.449
0.439
0.085
0.343
0.274
0.472
0.866
0.801
0.359
0.065
0.231
0.195
0.878
0.994
0.473
0.864
0.408
0.836
0.415
0.197
0.221
0.726
0.495
0.111
0.495
0.578
0.792
0.427
0.405
0.02
0.887
0.051
0.293
0.892
0.464
0.582
0.276
0.679
0.196
0.614
0.598
0.151
0.72
0.692
0.687
0.559
0.992
0.288
0.301
0.439
0.048
0.232
0.822
0.721
0.249
0.409
0.822
0.249
0.481
0.442
0.864
0.242
0.354
0.916
0.283
0.434
0.619
0.698
0.724
0.708
0.925
0.09
0.636
0.512
0.569
0.91
0.238
0.384
0.412
0.592
0.234
0.449
0.295
0.614
0.454
0.8
0.674
0.367
0.184
0.167
0.97
0.597
0.455
0.603
0.026
0.909
0.997
0.133
0.188
0.569
0.568
0.859
0.655
0.156
0.132
0.018
0.724
0.07
0.001
0.401
0.372
0.617
0.208
0.655
0.608
0.003
0.157
0.636
0.428
0.076
0.115
0.557
0.469
0.991
0.117
0.655
0.17
0.495
0.842
0.544
0.537
0.509
0.429
0.385
0.839
0.779
0.76
0.637
0.203
0.307
0.518
0.654
0.037
0.922
0.63
0.291
0.815
0.036
0.372
0.969
0.449
0.221
0.944
0.233
0.54
0.674
0.187
0.573
0.509
0.079
0.8
0.005
0.999
0.065
0.331
0.559
0.587
0.318
0.641
0.301
0.137
0.892
0.04
0.716
0.972
0.626
0.341
0.257
0.95
0.6
0.634
0.647
0.544
0.509
0.823
0.026
0.011
0.877
0.216
0.167
0.268
0.761
0.497
0.086
0.922
0.48
0.267
0.461
0.886
0.215
0.487
0.669
0.4
0.247
0.492
0.653
0.549
0.311
0.219
0.106
0.992
0.923
0.14
0.859
0.286
0.381
0.749
0.795
0.072
0.018
0.928
0.749
0.206
0.13
0.081
0.815
0.583
0.32
0.43
0.252
0.659
0.232
0.08
0.138
0.77
0.756
0.032
0.605
0.697
0.308
0.954
0.513
0.296
0.831
0.223
0.629
0.439
0.465
0.981
0.273
0.472
0.184
0.644
0.212
0.121
0.452
0.963
0.65
0.807
0.581
0.807
0.708
0.888
0.823
0.718
0.61
0.966
0.502
0.378
0.346
0.332
0.094
0.232
0.814
0.715
0.554
0.859
0.803
0.016
0.256
0.284
0.702
0.734
0.805
0.775
0.782
0.841
0.502
0.142
0.666
0.775
0.543
0.841
0.128
0.935
0.489
0.873
0.959
0.075
0.03
0.16
0.416
0.584
0.278
0.127
0.676
0.676
0.519
0.81
0.893
0.401
0.22
0.092
0.355
0.055
0.703
0.698
0.984
0.159
0.236
0.396
0.514
0.894
0.912
0.778
0.599
0.557
0.376
0.804
0.553
0.591
0.353
0.779
0.605
0.225
0.766
0.485
0.735
0.916
0.959
0.635
0.053
0.073
0.301
0.271
0.462
0.386
0.903
0.247
0.121
0.71
0.698
0.082
0.556
0.404
0.226
0.741
0.234
0.08
0.037
0.702
0.559
0.773
0.924
0.587
0.349
0.486
0.744
0.742
0.988
0.57
0.04
0.195
0.521
0.181
0.43
0.44
0.913
0.93
0.995
0.775
0.085
0.269
0.258
0.626
0.002
0.712
0.786
0.849
0.973
0.607
0.957
0.253
0.891
0.58
0.776
0.477
0.343
0.397
0.38
0.551
0.197
0.27
0.422
0.927
0.044
0.221
0.63
0.235
0.354
0.997
0.89
0.226
0.575
0.777
0.197
0.174
0.225
0.821
0.422
0.834
0.498
0.722
0.452
0.075
0.443
0.04
0.231
0.457
0.815
0.719
0.701
0.846
0.785
0.833
0.833
0.677
0.672
0.258
0.969
0.812
0.82
0.706
0.272
0.545
0.372
0.455
0.418
0.739
0.724
0.746
0.711
0.868
0.699
0.296
0.414
0.575
0.428
0.917
0.052
0.44
0.193
0.111
0.339
0.505
0.204
0.668
0.488
0.622
0.925
0.468
0.424
0.64
0.047
0.411
0.801
0.767
0.89
0.646
0.034
0.157
0.406
0.374
0.421
0.22
0.821
0.644
0.022
0.92
0.773
0.871
0.708
0.071
0.998
0.979
0.55
0.928
0.995
0.535
0.862
0.993
0.554
0.347
0.4
0.92
0.964
0.241
0.34
0.617
0.804
0.526
0.719
0.509
0.185
0.864
0.223
0.043
0.424
0.321
0.077
0.42
0.776
0.371
0.212
0.365
0.348
0.88
0.538
0.517
0.549
0.581
0.123
0.919
0.857
0.151
0.783
0.017
0.604
0.425
0.458
0.203
0.696
0.377
0.93
0.51
0.741
0.374
0.809
0.807
0.316
0.546
0.082
0.666
0.548
0.086
0.737
0.001
0.18
0.931
0.948
0.949
0.14
0.99
0.68
0.166
0.669
0.781
0.239
0.869
0.782
0.618
0.925
0.284
0.214
0.674
0.498
0.918
0.808
0.561
0.391
0.434
0.567
0.424
0.754
0.988
0.777
0.994
0.313
0.717
0.51
0.129
0.816
0.677
0.733
0.008
0.444
0.693
0.577
0.812
0.397
0.131
0.699
0.801
0.566
0.285
0.882
0.277
0.035
0.616
0.722
0.879
0.52
0.627
0.114
0.727
0.447
0.375
0.429
0.292
0.222
0.919
0.889
0.468
0.049
0.459
0.43
0.962
0.825
0.197
0.191
0.735
0.923
0.954
0.331
0.864
0.937
0.925
0.496
0.511
0.583
0.866
0.733
0.791
0.891
0.533
0.806
0.093
0.946
0.301
0.134
0.966
0.366
0.809
0.288
0.402
0.837
0.669
0.669
0.147
0.414
0.883
0.458
0.398
0.546
0.646
0.986
0.743
0.355
0.688
0.118
0.708
0.751
0.504
0.587
0.402
0.584
0.646
0.075
0.524
0.877
0.859
0.743
0.412
0.099
0.807
0.434
0.138
0.292
0.069
0.054
0.002
0.587
0.362
0.779
0.291
0.335
0.846
0.904
0.478
0.128
0.101
0.063
0.109
0.893
0.538
0.172
0.534
0.748
0.805
0.722
0.301
0.328
0.341
0.552
0.915
0.592
0.348
0.499
0.713
0.575
0.21
0.013
0.696
0.651
0.455
0.639
0.524
0.151
0.032
0.42
0.312
0.635
0.864
0.878
0.888
0.946
0.381
0.513
0.394
0.746
0.501
0.675
0.951
0.547
0.539
0.076
0.538
0.527
0.972
0.156
0.984
0.097
0.669
0.54
0.985
0.6
0.217
0.509
0.435
0.408
0.167
0.975
0.812
0.655
0.406
0.981
0.013
0.908
0.026
0.487
0.339
0.71
0.254
0.899
0.021
0.796
0.318
0.641
0.029
0.19
0.621
0.863
0.913
0.132
0.046
0.87
