0.039
0.134
0.957
0.495
0.953
0.064
0.967
0.615
0.6
0.047
0.795
0.395
0.898
0.429
0.519
0.153
0.051
0.307
0.139
0.049
0.026
0.141
0.585
0.519
0.186
0.983
0.772
0.626
0.755
0.364
0.243
0.961
0.86
0.747
0.609
0.253
0.625
0.913
0.498
0.645
0.544
0.773
0.905
0.698
0.272
0.273
0.384
0.392
0.406
0.1
0.983
0.329
0.167
0.168
0.682
0.481
0.524
0.514
0.14
0.497
0.486
0.194
0.961
0.383
0.451
0.868
0.667
0.038
0.222
0.906
0.331
0.127
0.107
0.659
0.201
0.353
0.184
0.164
0.097
0.712
0.614
0.35
0.568
0.537
0.917
0.907
0.807
0.045
0.064
0.7
0.983
0.117
0.802
0.427
0.57
0.09
0.663
0.601
0.14
0.354
0.435
0.578
0.68
0.889
0.751
0.069
0.053
0.915
0.432
0.55
0.762
0.038
0.419
0.444
0.555
0.278
0.094
0.723
0.288
0.524
0.392
0.327
0.924
0.37
0.053
0.105
0.999
0.779
0.222
0.219
0.656
0.116
0.245
0.445
0.437
0.104
0.874
0.663
0.416
0.927
0.886
0.949
0.776
0.94
0.891
0.129
0.847
0.373
0.881
0.208
0.852
0.12
0.442
0.216
0.398
0.983
0.904
0.505
0.92
0.112
0.306
0.929
0.736
0.984
0.8
0.659
0.242
0.681
0.101
0.744
0.753
0.932
0.045
0.764
0.512
0.919
0.396
0.36
0.092
0.072
0.441
0.283
0.493
0.728
0.905
0.809
0.82
0.618
0.961
0.342
0.919
0.861
0.358
0.915
0.497
0.67
0.907
0.945
0.309
0.032
0.796
0.582
0.113
0.587
0.007
0.204
0.446
0.259
0.324
0.003
0.112
0.523
0.891
0.045
0.707
0.845
0.593
0.057
0.143
0.387
0.216
0.067
0.077
0.754
0.915
0.233
0.159
0.155
0.698
0.125
0.255
0.172
0.37
0.233
0.21
0.621
0.029
0.802
0.561
0.416
0.613
0.763
0.027
0.662
0.389
0.017
0.172
0.167
0.394
0.608
0.375
0.103
0.985
0.104
0.301
0.348
0.817
0.953
0.974
0.381
0.192
0.842
0.895
0.004
0.329
0.586
0.986
0.279
0.162
0.063
0.911
0.557
0.294
0.379
0.4
0.4
0.205
0.126
0.85
0.835
0.22
0.007
0.959
0.988
0.668
0.057
0.479
0.148
0.393
0.984
0.918
0.158
0.635
0.474
0.482
0.139
0.368
0.367
0.046
0.043
0.465
0.838
0.648
0.388
0.005
0.407
0.738
0.227
0.769
0.389
0.619
0.643
0.272
0.256
0.053
0.763
0.3
0.86
0.962
0.606
0.538
0.743
0.716
0.81
0.986
0.302
0.511
0.049
0.217
0.845
0.164
0.691
0.474
0.202
0.094
0.846
0.735
0.944
0.393
0.205
0.947
0.085
0.658
0.683
0.88
0.505
0.07
0.01
0.036
0.806
0.895
0.592
0.521
0.561
0.233
0.027
0.183
0.456
0.995
0.794
0.481
0.483
0.336
0.378
0.418
0.384
0.897
0.339
0.868
0.566
0.029
0.575
0.98
0.409
0.789
0.385
0.808
0.042
0.345
0.487
0.864
0.269
0.765
0.372
0.96
0.129
0.59
0.141
0.208
0.582
0.034
0.001
0.114
0.087
0.803
0.543
0.046
0.897
0.718
0.603
0.751
0.197
0.296
0.346
0.362
0.173
0.86
0.457
0.656
0.599
0.182
0.526
0.024
0.33
0.919
0.328
0.603
0.307
0.292
0.184
0.233
0.568
0.246
0.936
0.018
0.773
0.539
0.473
0.755
0.093
0.025
0.409
0.957
0.6
0.584
0.374
0.798
0.835
0.435
0.036
0.571
0.584
0.144
0.239
0.251
0.956
0.096
0.979
0.64
0.521
0.187
0.756
0.259
0.759
0.36
0.308
0.916
0.124
0.666
0.539
0.898
0.254
0.896
0.11
0.202
0.839
0.409
0.26
0.777
0.648
0.811
0.332
0.01
0.749
0.06
0.678
0.167
0.031
0.983
0.141
0.96
0.294
0.323
0.258
0.321
0.292
0.073
0.511
0.819
0.233
0.258
0.03
0.459
0.081
0.08
0.959
0.472
0.252
0.735
0.42
0.613
0.501
0.323
0.352
0.181
0.91
0.4
0.612
0.662
0.506
0.326
0.178
0.589
0.524
0.971
0.479
0.397
0.613
0.385
0.279
0.033
0.154
0.674
0.446
0.534
0.225
0.722
0.498
0.16
0.675
0.197
0.991
0.431
0.579
0.002
0.369
0.69
0.87
0.904
0.678
0.125
0.142
0.544
0.622
0.461
0.247
0.306
0.417
0.757
0.283
0.649
0.52
0.58
0.737
0.775
0.873
0.949
0.268
0.244
0.998
0.662
0.734
0.476
0.986
0.702
0.268
0.987
0.18
0.641
0.792
0.579
0.199
0.119
0.007
0.124
0.019
0.338
0.701
0.363
0.761
0.36
0.637
0.709
0.861
0.697
0.276
0.997
0.293
0.63
0.456
0.903
0.526
0.436
0.572
0.447
0.015
0.739
0.703
0.352
0.32
0.76
0.429
0.387
0.745
0.56
0.859
0.317
0.154
0.717
0.223
0.88
0.773
0.735
0.897
0.15
0.12
0.426
0.079
0.72
0.265
0.981
0.808
0.303
0.884
0.195
0.512
0.837
0.985
0.972
0.454
0.505
0.669
0.723
0.76
0.759
0.95
0.946
0.836
0.184
0.091
0.1
0.359
0.923
0.262
0.941
0.521
0.373
0.005
0.174
0.09
0.603
0.922
0.147
0.432
0.742
0.55
0.211
0.894
0.885
0.439
0.365
0.708
0.827
0.201
0.868
0.665
0.574
0.211
0.487
0.213
0.227
0.961
0.462
0.455
0.454
0.094
0.058
0.25
0.441
0.176
0.08
0.404
0.871
0.81
0.385
0.112
0.46
0.404
0.371
0.976
0.435
0.395
0.689
0.956
0.948
0.95
0.588
0.281
0.572
0.893
0.151
0.164
0.727
0.491
0.199
0.954
0.586
0.266
0.572
0.701
0.468
0.692
0.234
0.524
0.426
0.04
0.296
0.531
0.956
0.838
0.021
0.569
0.67
0.905
0.864
0.908
0.835
0.368
0.48
0.885
0.343
0.132
0.737
0.092
0.199
0.31
0.153
0.926
0.82
0.675
0.241
0.52
0.949
0.816
0.454
0.294
0.657
0.037
0.808
0.431
0.284
0.673
0.955
0.301
0.461
0.025
0.899
0.276
0.672
0.236
0.094
0.426
0.007
0.392
0.587
0.869
0.697
0.576
0.577
0.332
0.772
0.213
0.721
0.16
0.695
0.283
0.033
0.678
0.399
0.786
0.916
0.38
0.973
0.433
0.454
0.534
0.11
0.416
0.283
0.832
0.556
0.561
0.393
0.777
0.089
0.949
0.474
0.288
0.993
0.378
0.369
0.897
0.582
0.955
0.47
0.131
0.782
0.568
0.748
0.42
0.696
0.92
0.362
0.167
0.765
0.776
0.717
0.301
0.895
0.469
0.382
0.957
0.381
0.232
0.816
0.682
0.963
0.037
0.516
0.973
0.425
0.152
0.871
0.992
0.743
0.277
0.269
0.577
0.542
0.164
0.84
0.511
0.78
0.49
0.332
0.363
0.613
0.879
0.662
0.289
0.363
0.993
0.287
0.478
0.967
0.966
0.082
0.853
0.572
0.079
0.282
0.279
0.257
0.287
0.108
0.425
0.157
0.793
0.425
0.73
0.531
0.685
0.468
0.423
0.806
0.281
0.746
0.414
0.061
0.379
0.464
0.044
0.855
0.021
0.859
0.754
0.867
0.409
0.049
0.802
0.87
0.627
0.678
0.356
0.752
0.079
0.168
0.458
0.082
0.213
0.188
0.562
0.676
0.745
0.049
0.08
0.777
0.365
0.711
0.899
0.989
0.914
0.389
0.944
0.268
0.428
0.705
0.959
0.615
0.292
0.449
0.097
0.747
0.476
0.89
0.611
0.022
0.018
0.667
0.596
0.058
0.567
0.134
0.119
0.047
0.582
0.37
0.374
0.248
0.37
0.182
0.496
0.723
0.149
0.348
0.614
0.584
0.451
0.154
0.405
0.989
0.747
0.674
0.565
0.09
0.233
0.378
0.905
0.618
0.99
0.338
0.049
0.511
0.147
0.11
0.849
0.866
0.523
0.486
0.751
0.825
0.679
0.576
0.802
0.191
0.756
0.945
0.411
0.293
0.959
0.566
0.105
0.937
0.656
0.573
0.029
0.998
0.708
0.628
0.569
0.524
0.113
0.525
0.377
0.712
0.578
0.568
0.399
0.326
0.979
