0.608
0.563
0.493
0.428
0.372
0.643
0.764
0.844
0.815
0.289
0.087
0.277
0.124
0.634
0.59
0.969
0.462
0.212
0.857
0.077
0.759
0.303
0.225
0.09
0.15
0.596
0.867
0.86
0.87
0.322
0.28
0.113
0.903
0.197
0.688
0.12
0.199
0.267
0.891
0.864
0.731
0.378
0.029
0.727
0.838
0.351
0.176
0.677
0.248
0.54
0.992
0.325
0.197
0.413
0.499
0.254
0.49
0.642
0.596
0.058
0.304
0.231
0.573
0.135
0.656
0.933
0.519
0.416
0.95
0.827
0.253
0.621
0.165
0.786
0.825
0.943
0.898
0.384
0.805
0.955
0.504
0.829
0.167
0.413
0.185
0.451
0.188
0.812
0.227
0.53
0.494
0.021
0.067
0.536
0.785
0.195
0.198
0.037
0.403
0.396
0.661
0.298
0.581
0.494
0.158
0.879
0.813
0.592
0.63
0.599
0.658
0.911
0.778
0.455
0.607
0.001
0.507
0.64
0.246
0.265
0.843
0.556
0.588
0.372
0.814
0.227
0.24
0.824
0.42
0.635
0.469
0.648
0.814
0.916
0.754
0.914
0.982
0.519
0.976
0.016
0.304
0.141
0.799
0.686
0.421
0.359
0.886
0.754
0.595
0.451
0.893
0.781
0.703
0.376
0.321
0.44
0.351
0.514
0.412
0.471
0.586
0.1
0.72
0.088
0.682
0.212
0.106
0.782
0.948
0.282
0.367
0.553
0.115
0.772
0.3
0.298
0.145
0.496
0.605
0.468
0.911
0.705
0.819
0.197
0.789
0.584
0.612
0.147
0.277
0.594
0.766
0.756
0.261
0.674
0.596
0.166
0.811
0.319
0.666
0.509
0.855
0.132
0.141
0.119
0.178
0.261
0.36
0.781
0.743
0.605
0.193
0.983
0.072
0.611
0.865
0.363
0.857
0.763
0.41
0.052
0.996
0.846
0.79
0.968
0.66
0.097
0.007
0.502
0.303
0.446
0.419
0.779
0.912
0.331
0.563
0.656
0.657
0.484
0.704
0.521
0.479
0.851
0.887
0.728
0.863
0.95
0.826
0.392
0.943
0.844
0.432
0.395
0.913
0.696
0.516
0.905
0.304
0.375
0.31
0.984
0.173
0.07
0.243
0.014
0.939
0.424
0.308
0.883
0.213
0.994
0.103
0.454
0.334
0.1
0.853
0.191
0.765
0.96
0.879
0.987
0.44
0.645
0.033
0.683
0.616
0.562
0.662
0.12
0.777
0.637
0.596
0.008
0.768
0.605
0.328
0.597
0.171
0.136
0.521
0.814
0.16
0.022
0.108
0.307
0.2
0.003
0.868
0.651
0.52
0.224
0.129
0.843
0.493
0.293
0.542
0.5
0.045
0.09
0.782
0.683
0.554
0.63
0
0.87
0.302
0.349
0.212
0.124
0.66
0.075
0.487
0.04
0.725
0.847
0.278
0.721
0.702
0.988
0.255
0.398
0.274
0.803
0.219
0.268
0.691
0.081
0.012
0.441
0.548
0.264
0.698
0.856
0.034
0.439
0.646
0.723
0.164
0.507
0.066
0.764
0.721
0.612
0.391
0.725
0.07
0.61
0.92
0.539
0.387
0.267
0.855
0.344
0.393
0.081
0.311
0.472
0.815
0.738
0.761
0.709
0.196
0.318
0.983
0.151
0.559
0.804
0.909
0.011
0.095
0.51
0.29
0.645
0.286
0.757
0.158
0.58
0.566
0.749
0.594
0.494
0.258
0.171
0.956
0
0.374
0.737
0.322
0.248
0.291
0.434
0.469
0.455
0.187
0.245
0.898
0.489
0.393
0.522
0.41
0.139
0.422
0.478
0.595
0.653
0.665
0.196
0.702
0.418
0.507
0.89
0.573
0.413
0.078
0.652
0.308
0.231
0.551
0.54
0.495
0.03
0.564
0.081
0.831
0.628
0.24
0.401
0.922
0.364
0.104
0.044
0.206
0.687
0.356
0.073
0.53
0.236
0.094
0.277
0.173
0.488
0.639
0.172
0.367
0.743
0.615
0.214
0.488
0.478
0.935
0.903
0.714
0.52
0.057
0.462
0.681
0.794
0.188
0.253
0.5
0.196
0.836
0.064
0.279
0.281
0.855
0.818
0.489
0.747
0.644
0.642
0.648
0.411
0.861
0.863
0.023
0.721
0.377
0.827
0.444
0.729
0.778
0.509
0.265
0.283
0.093
0.058
0.105
0.731
0.568
0.528
0.575
0.8
0.94
0.804
0.084
0.45
0.72
0.356
0.727
0.605
0.314
0.706
0.057
0.045
0.756
0.163
0.797
0.259
0.235
0.84
0.482
0.768
0.467
0.741
0.756
0.875
0.479
0.938
0.351
0.847
0.275
0.758
0.958
0.362
0.171
0.396
0.845
0.359
0.873
0.571
0.192
0.956
0.364
0.053
0.135
0.76
0.765
0.028
0.049
0.794
0.448
0.578
0.032
0.836
0.329
0.6
0.995
0.342
0.806
0.625
0.057
0.742
0.007
0.675
0.894
0.106
0.353
0.683
0.578
0.712
0.786
0.408
0.567
0.838
0.414
0.377
0.011
0.072
0.525
0.096
0.27
0.255
0.448
0.432
0.96
0.377
0.998
0.839
0.149
0.26
0.449
0.264
0.244
0.156
0.835
0.7
0.578
0.5
0.014
0.175
0.239
0.583
0.723
0.137
0.305
0.726
0.123
0.951
0.762
0.587
0.717
0.451
0.556
0.353
0.569
0.999
0.236
0.525
0.184
0.705
0.776
0.966
0.941
0.945
0.026
0.184
0.548
0.667
0.051
0.439
0.587
0.843
0.216
0.631
0.587
0.728
0.896
0.431
0.891
0.715
0.103
0.821
0.571
0.075
0.585
0.973
0.008
0.22
0.026
0.303
0.215
0.413
0.069
0.027
0.076
0.702
0.249
0.266
0.591
0.363
0.938
0.756
0.865
0.757
0.828
0.685
0.003
0.584
0.877
0.646
0.41
0.506
0.006
0.329
0.805
0.571
0.664
0.68
0.872
0.006
0.159
0.528
0.553
0.066
0.163
0.336
0.478
0.896
0.101
0.194
0.193
0.738
0.907
0.677
0.91
0.217
0.791
0.767
0.229
0.559
0.956
0.746
0.659
0.724
0.675
0.163
0.112
0.615
0.647
0.166
0.068
0.594
0.064
0.19
0.857
0.498
0.855
0.036
0.629
0.704
0.798
0.223
0.778
0.971
0.931
0.768
0.251
0.246
0.876
0.813
0.121
0.426
0.298
0.606
0.661
0.365
0.72
0.455
0.654
0.944
0.807
0.506
0.575
0.627
0.982
0.04
0.817
0.479
0.478
0.225
0.898
0.037
0.788
0.278
0.166
0.541
0.397
0.408
0.363
0.333
0.673
0.643
0.728
0.754
0.936
0.495
0.781
0.186
0.061
0.217
0.001
0.457
0.134
0.325
0.31
0.073
0.12
0.362
0.549
0.101
0.993
0.076
0.439
0.951
0.538
0.027
0.927
0.722
0.762
0.646
0.884
0.221
0.376
0.751
0.476
0.974
0.36
0.137
0.705
0.299
0.615
0.802
0.476
0.955
0.447
0.814
0.711
0.004
0.003
0.82
0.465
0.514
0.125
0.825
0.275
0.377
0
0.181
0.337
0.274
0.811
0.583
0.688
0.477
0.342
0.424
0.598
0.835
0.011
0.914
0.519
0.692
0.376
0.502
0.45
0.286
0.677
0.389
0.707
0.915
0.5
0.368
0.232
0.623
0.484
0.809
0.108
0.059
0.293
0.826
0.342
0.72
0.346
0.092
0.835
0.12
0.784
0.136
0.522
0.305
0.886
0.221
0.276
0.69
0.509
0.626
0.038
0.011
0.286
0.2
0.409
0.269
0.715
0.851
0.214
0.844
0.218
0.582
0.203
0.353
0.821
0.244
0.761
0.213
0.307
0.285
0.95
0.796
0.737
0.511
0.684
0.422
0.721
0.212
0.437
0.325
0.159
0.894
0.29
0.343
0.933
0.995
0.614
0.229
0.857
0.255
0.269
0.027
0.166
0.729
0.859
0.74
0.664
0.113
0.077
0.584
0.216
0.424
0.201
0.197
0.699
0.286
0.96
0.938
0.406
0.581
0.239
0.38
0.615
0.294
0.267
0.829
0.541
0.107
0.36
0.177
0.744
0.053
0.376
0.877
0.864
0.005
0.73
0.437
0.679
0.992
0.017
0.615
0.191
0.946
0.622
0.264
0.358
0.773
0.496
0.602
0.102
0.878
0.255
0.105
0.118
0.002
0.072
0.383
0.731
0.408
0.368
0.065
0.482
0.93
0.987
0.117
0.821
0.984
0.863
0.513
0.272
0.432
0.021
0.501
0.234
0.082
0.899
0.724
0.283
0.411
0.495
0.887
0.301
0.721
