0.906
0.631
0.61
0.097
0.746
0.504
0.969
0.477
0.844
0.878
0.383
0.622
0.27
0.928
0.114
0.734
0.675
0.738
0.895
0.572
0.44
0.626
0.427
0.954
0.143
0.732
0.591
0.604
0.645
0.172
0.745
0.93
0.194
0.32
0.598
0.215
0.809
0.29
0.825
0.782
0.361
0.594
0.518
0.107
0.841
0.041
0.737
0.575
0.659
0.993
0.003
0.818
0.967
0.118
0.488
0.968
0.372
0.751
0.34
0.782
0.304
0.47
0.049
0.765
0.186
0.384
0.375
0.05
0.627
0.877
0.996
0.563
0.917
0.596
0.567
0.453
0.421
0.862
0.288
0.817
0.377
0.992
0.843
0.255
0.27
0.233
0.505
0.398
0.186
0.145
0.546
0.563
0.733
0.963
0.613
0.258
0.416
0.976
0.364
0.595
0.388
0.696
0.474
0.321
0.132
0.515
0.698
0.239
0.402
0.733
0.009
0.313
0.442
0.405
0.582
0.341
0.758
0.736
0.039
0.923
0.828
0.343
0.101
0.068
0.705
0.179
0.464
0.294
0.764
0.689
0.129
0.462
0.388
0.449
0.894
0.486
0.368
0.709
0.681
0.378
0.676
0.383
0.457
0.203
0.025
0.798
0.393
0.463
0.168
0.499
0.418
0.514
0.434
0.238
0.106
0.156
0.051
0.816
0.168
0.711
0.513
0.329
0.118
0.999
0.041
0.261
0.808
0.698
0.692
0.586
0.159
0.907
0.018
0.413
0.295
0.286
0.797
0.657
0.078
0.168
0.581
0.08
0.079
0.372
0.894
0.57
0.512
0.294
0.459
0.074
0.946
0.402
0.359
0.913
0.644
0.506
0.155
0.195
0.14
0.662
0.605
0.978
0.901
0.124
0.045
0.079
0.412
0.916
0.132
0.429
0.753
0.398
0.554
0.216
0.188
0.953
0.005
0.195
0.948
0.663
0.009
0.455
0.982
0.637
0.917
0.614
0.972
0.732
0.8
0.999
0.927
0.107
0.554
0.395
0.861
0.532
0.296
0.313
0.282
0.998
0.962
0.944
0.125
0.833
0.478
0.507
0.846
0.881
0.721
0.207
0.616
0.104
0.488
0.677
0.053
0.461
0.654
0.451
0.778
0.873
0.799
0.13
0.884
0.186
0.071
0.061
0.043
0.448
0.579
0.104
0.724
0.239
0.371
0.085
0.248
0.905
0.26
0.922
0.395
0.227
0.638
0.134
0.503
0.094
0.775
0.165
0.174
0.13
0.718
0.621
0.362
0.226
0.546
0.404
0.741
0.657
0.576
0.28
0.724
0.568
0.297
0.756
0.116
0.387
0.805
0.33
0.541
0.47
0.215
0.988
0.394
0.408
0.026
0.419
0.161
0.539
0.982
0.905
0.141
0.955
0.431
0.177
0.936
0.301
0.428
0.394
0.151
0.204
0.168
0.058
0.43
0.084
0.525
0.669
0.323
0.968
0.205
0.63
0.436
0.863
0.492
0.546
0.415
0.148
0.037
0.357
0.166
0.884
0.684
0.429
0.388
0.009
0.527
0.044
0.395
0.295
0.163
0.761
0.717
0.349
0.009
0.822
0.862
0.339
0.342
0.379
0.709
0.979
0.252
0.737
0.138
0.355
0.568
0.01
0.762
0.06
0.307
0.55
0.625
0.168
0.439
0.616
0.356
0.894
0.752
0.278
0.461
0.299
0.596
0.825
0.013
0.683
0.825
0.912
0.806
0.419
0.46
0.074
0.12
0.244
0.627
0.81
0.205
0.54
0.401
0.751
0.389
0.677
0.796
0.198
0.124
0.824
0.055
0.157
0.593
0.275
0.392
0.717
0.999
0.955
0.007
0.052
0.934
0.088
0.673
0.258
0.05
0.754
0.804
0.706
0.191
0.222
0.803
0.598
0.138
0.462
0.625
0.925
0.81
0.033
0.445
0.253
0.531
0.543
0.601
0.154
0.331
0.183
0.407
0.618
0.685
0.84
0.225
0.443
0.994
0.214
0.666
0.408
0.142
0.351
0.211
0.794
0.326
0.054
0.255
0.83
0.809
0.236
0.505
0.701
0.049
0.229
0.445
0.349
0.186
0.124
0.559
0.107
0.026
0.976
0.735
0.173
0.425
0.678
0.375
0.277
0.376
0.013
0.348
0.951
0.706
0.432
0.785
0.221
0.02
0.984
0.962
0.941
0.177
0.698
0.405
0.562
0.28
0.023
0.262
0.151
0.333
0.304
0.088
0.53
0.135
0.553
0.164
0.777
0.092
0.345
0.943
0.579
0.016
0.264
0.063
0.001
0.828
0.371
0.487
0.867
0.667
0.22
0.622
0.276
0.26
0.61
0.45
0.67
0.82
0.78
0.902
0.716
0.365
0.77
0.038
0.061
0.043
0.703
0.485
0.539
0.079
0.049
0.197
0.069
0.156
0.459
0.345
0.942
0.467
0.93
0.131
0.374
0.843
0.289
0.14
0.426
0.639
0.016
0.732
0.383
0.5
0.417
0.85
0.737
0.304
0.283
0.414
0.475
0.108
0.248
0.69
0.828
0.892
0.482
0.341
0.05
0.764
0.371
0.614
0.96
0.053
0.387
0.836
0.028
0.843
0.406
0.379
0.528
0.475
0.036
0.282
0.036
0.444
0.102
0.939
0.353
0.772
0.469
0.732
0.495
0.342
0.446
0.34
0.53
0.681
0.614
0.185
0.29
0.212
0.972
0.432
0.246
0.505
0.053
0.605
0.511
0.607
0.554
0.393
0.902
0.798
0.291
0.218
0.526
0.002
0.242
0.269
0.888
0.083
0.087
0.717
0.544
0.992
0.895
0.987
0.433
0.97
0.104
0.935
0.297
0.945
0.221
0.405
0.053
0.412
0.435
0.678
0.018
0.354
0.562
0.536
0.409
0.56
0.103
0.65
0.145
0.059
0.731
0.917
0.827
0.513
0.324
0.987
0.681
0.786
0.755
0.98
0.308
0.001
0.121
0.061
0.377
0
0.072
0.216
0.995
0.719
0.496
0.146
0.365
0.996
0.913
0.593
0.541
0.439
0.228
0.004
0.702
0.657
0.923
0.437
0.954
0.044
0.932
0.672
0.049
0.566
0.318
0.017
0.637
0.311
0.13
0.236
0.352
0.906
0.038
0.997
0.368
0.154
0.864
0.557
0.369
0.486
0.979
0.754
0.025
0.526
0.03
0.983
0.985
0.49
0.673
0.697
0.813
0.707
0.32
0.727
0.402
0.752
0.437
0.042
0.024
0.478
0.431
0.428
0.15
0.721
0.322
0.856
0.091
0.41
0.894
0.499
0.91
0.966
0.634
0.211
0.926
0.614
0.366
0.633
0.358
0.152
0.407
0.401
0.955
0.278
0.578
0.162
0.578
0.438
0.642
0.468
0.436
0.97
0.05
0.422
0.346
0.606
0.833
0.589
0.89
0.563
0.041
0.588
0.121
0.338
0.403
0.634
0.73
0.484
0.611
0.258
0.478
0.164
0.934
0.165
0.22
0.971
0.666
0.22
0.219
0.43
0.611
0.076
0.787
0.958
0.27
0.168
0.563
0.914
0.763
0.714
0.586
0.759
0.416
0.624
0.381
0.055
0.209
0.046
0.567
0.591
0.041
0.876
0.822
0.618
0.468
0.971
0.673
0.208
0.598
0.08
0.593
0.128
0.988
0.508
0.478
0.674
0.182
0.929
0.276
0.277
0.261
0.738
0.798
0.953
0.254
0.508
0.878
0.17
0.464
0.7
0.574
0.545
0.269
0.96
0.338
0.699
0.656
0.593
0.528
0.053
0.028
0.331
0.845
0.394
0.664
0.54
0.284
0.525
0.456
0.13
0.236
0.643
0.576
0.046
0.34
0.53
0.477
0.279
0.738
0.297
0.376
0.977
0.734
0.995
0.691
0.694
0.771
0.455
0.08
0.935
0.354
0.979
0.245
0.588
0.579
0.141
0.674
0.641
0.053
0.415
0.719
0.16
0.534
0.917
0.611
0.409
0.218
0.565
0.216
0.171
0.435
0.206
0.342
0.953
0.16
0.681
0.927
0.094
0.543
0.61
0.083
0.387
0.229
0.181
0.366
0.744
0.11
0.652
0.511
0.952
0.467
0.694
0.612
0.394
0.741
0.168
0.375
0.038
0.441
0.575
0.605
0.724
0.794
0.235
0.521
0.396
0.806
0.406
0.25
0.037
0.624
0.894
0.596
0.659
0.474
0.289
0.777
0.366
0.277
0.49
0.438
0.878
0.314
0.161
0.471
0.884
0.84
0.024
0.169
0.389
0.668
0.731
0.561
0.092
0.67
0.939
0.245
0.682
0.576
0.223
0.364
0.053
0.241
0.459
0.491
0.773
0.473
0.527
0.71
0.329
0.556
0.876
0.707
0.12
0.333
0.467
0.256
0.005
0.316
0.441
0.166
