0.084
0.133
0.532
0.203
0.545
0.867
0.026
0.065
0.347
0.021
0.586
0.387
0.837
0.765
0.668
0.232
0.213
0.488
0.198
0.228
0.64
0.073
0.088
0.375
0.108
0.061
0.974
0.663
0.698
0.669
0.674
0.162
0.606
0.487
0.68
0.351
0.568
0.791
0.105
0.465
0.061
0.573
0.093
0.08
0.347
0.757
0.921
0.315
0.251
0.663
0.454
0.137
0.842
0.615
0.469
0.904
0.546
0.104
0.846
0.905
0.564
0.135
0.563
0.309
0.663
0.562
0.688
0.168
0.806
0.968
0.575
0.435
0.892
0.856
0.047
0.384
0.859
0.341
0.547
0.458
0.373
0.454
0.009
0.25
0.54
0.466
0.556
0.862
0.922
0.631
0.24
0.824
0.083
0.775
0.448
0.912
0.356
0.152
0.474
0.338
0.36
0.989
0.052
0.995
0.988
0.961
0.029
0.925
0.854
0.519
0.669
0.759
0.966
0.174
0.848
0.474
0.174
0.582
0.958
0.42
0.308
0.651
0.645
0.76
0.081
0.602
0.005
0.498
0.054
0.137
0.636
0.709
0.636
0.33
0.146
0.426
0.389
0.351
0.672
0.593
0.074
0.628
0.154
0.739
0.541
0.332
0.391
0.846
0.113
0.705
0.023
0.117
0.165
0.473
0.862
0.87
0.857
0.807
0.683
0.978
0.726
0.751
0.094
0.589
0.144
0.447
0.325
0.364
0.653
0.197
0.689
0.431
0.167
0.3
0.866
0.459
1.0
0.248
0.389
0.604
0.925
0.358
0.096
0.368
0.538
0.487
0.088
0.394
0.058
0.327
0.635
0.722
0.364
0.503
0.709
0.986
0.593
0.34
0.461
0.374
0.92
0.89
0.973
0.136
0.727
0.278
0.623
0.023
0.305
0.565
0.89
0.54
0.336
0.443
0.1
0.837
0.463
0.276
0.599
0.082
0.955
0.719
0.406
0.968
0.234
0.423
0.91
0.358
0.452
0.824
0.313
0.329
0.232
0.683
0.009
0.733
0.933
0.521
0.435
0.574
0.518
0.694
0.234
0.001
0.547
0.823
0.005
0.957
0.493
0.414
0.892
0.005
0.964
0.973
0.156
0.081
0.322
0.87
0.016
0.939
0.094
0.265
0.842
0.188
0.326
0.045
0.309
0.568
0.04
0.133
0.597
0.706
0.429
0.009
0.639
0.732
0.243
0.421
0.539
0.142
0.626
0.943
0.98
0.262
0.592
0.393
0.562
0.914
0.077
0.309
0.364
0.578
0.282
0.607
0.909
0.8
0.202
0.484
0.926
0.565
0.975
0.443
0.775
0.219
0.994
0.863
0.251
0.853
0.967
0.148
0.242
0.287
0.93
0.71
0.003
0.812
0.226
0.837
0.915
0.429
0.638
0.113
0.403
0.38
0.447
0.973
0.664
0.706
0.566
0.736
0.789
0.724
0.828
0.995
0.871
0.47
0.557
0.232
0.907
0.34
0.32
0.877
0.809
0.989
0.178
0.562
0.81
0.328
0.03
0.942
0.287
0.886
0.706
0.999
0.871
0.741
0.141
0.788
0.28
0.608
0.104
0.096
0.366
0.547
0.014
0.462
0.332
0.842
0.399
0.493
0.214
0.963
0.564
0.937
0.941
0.382
0.591
0.711
0.731
0.186
0.483
0.921
0.336
0.175
0.236
0.554
0.157
0.386
0.527
0.055
0.581
0.818
0.656
0.694
0.306
0.751
0.303
0.299
0.457
0.39
0.499
0.477
0.474
0.533
0.8
0.163
0.908
0.606
0.33
0.654
0.313
0.296
0.597
0.989
0.248
0.324
0.212
0.304
0.665
0.152
0
0.742
0.311
0.58
0.162
0.008
0.726
0.463
0.054
0.357
0.582
0.677
0.942
0.829
0.177
0.326
0.991
0.515
0.837
0.41
0.269
0.365
0.276
0.156
0.265
0.884
0.924
0.983
0.661
0.395
0.065
0.912
0.66
0.969
0.827
0.211
0.134
0.502
0.413
0.426
0.753
0.044
0.312
0.6
0.059
0.835
0.575
0.18
0.899
0.236
0.485
0.106
0.505
0.951
0.309
0.563
0.405
0.585
0.603
0.854
0.229
0.171
0.368
0.978
0.993
0.918
0.152
0.427
0.022
0.404
0.654
0.73
0.794
0.658
0.026
0.954
0.38
0.22
0.938
0.414
0.132
0.577
0.118
0.67
0.144
0.408
0.531
0.827
0.566
0.179
0.846
0.335
0.787
0.159
0.759
0.045
0.66
0.126
0.097
0.16
0.57
0.522
0.101
0.052
0.107
0.466
0.099
0.41
0.148
0.408
0.139
0.43
0.139
0.287
0.057
0.529
0.966
0.903
0.176
0.647
0.029
0.788
0.299
0.349
0.89
0.878
0.685
0.033
0.135
0.78
0.512
0.755
0.693
0.052
0.132
0.34
0.41
0.625
0.701
0.177
0.171
0.904
0.778
0.499
0.97
0.707
0.845
0.878
0.523
0.95
0.564
0.419
0.25
0.118
0.666
0.039
0.121
0.826
0.488
0.842
0.115
0.469
0.116
0.934
0.189
0.295
0.676
0.737
0.441
0.831
0.049
0.943
0.516
0.039
0.791
0.668
0.874
0.96
0.701
0.953
0.794
0.313
0.567
0.786
0.483
0.611
0.558
0.676
0.191
0.607
0.677
0.606
0.355
0.954
0.41
0.455
0.388
0.471
0.162
0.278
0.224
0.505
0.183
0.848
0.145
0.59
0.901
0.105
0.523
0.067
0.131
0.998
0.271
0.386
0.817
0.055
0.61
0.992
0.407
0.522
0.671
0.646
0.59
0.991
0.319
0.338
0.378
0.31
0.135
0.823
0.305
0.728
0.158
0.229
0.864
0.656
0.341
0.748
0.22
0.639
0.287
0.741
0.541
0.39
0.827
0.282
0.287
0.188
0.653
0.23
0.913
0.108
0.345
0.665
0.448
0.242
0.748
0.205
0.845
0.805
0.031
0.23
0.27
0.083
0.459
0.755
0.711
0.707
0.429
0.649
0.988
0.487
0.881
0.842
0.922
0.405
0.874
0.934
0.436
0.486
0.159
0.499
0.635
0.579
0.419
0.534
0.125
0.278
0.319
0.016
0.294
0.391
0.792
0.662
0.713
0.87
0.507
0.485
0.78
0.437
0.358
0.947
0.289
0.26
0.102
0.527
0.561
0.116
0.269
0.595
0.543
0.611
0.909
0.243
0.193
0.672
0.945
0.83
0.12
0.797
0.67
0.523
0.962
0.242
0.921
0.176
0.357
0.678
0.032
0.604
0.649
0.614
0.074
0.784
0.088
0.3
0.197
0.98
0.551
0.815
0.182
0.031
0.253
0.092
0.724
0.917
0.862
0.325
0.903
0.494
0.607
0.578
0.735
0.646
0.576
0.61
0.676
0.21
0.702
0.604
0.32
0.48
0.675
0.015
0.44
0.271
0.016
0.442
0.791
0.518
0.121
0.971
0.159
0.013
0.627
0.947
0.628
0.967
0.97
0.444
0.979
0.001
0.745
0.541
0.983
0.897
0.278
0.501
0.647
0.533
0.856
0.033
0.511
0.082
0.071
0.609
0.018
0.147
0.765
0.329
0.969
0.503
0.445
0.639
0.143
0.221
0.04
0.007
0.829
0.187
0.897
0.379
0.909
0.342
0.01
0.326
0.323
0.129
0.367
0.285
0.982
0.373
0.005
0.04
0.849
0.041
0.459
0.339
0.611
0.436
0.973
0.442
0.347
0.376
0.573
0.66
0.881
0.064
0.68
0.11
0.913
0.61
0.408
0.289
0.022
0.192
0.493
0.656
0.035
0.454
0.984
0.676
0.816
0.68
0.849
0.394
0.08
0.609
0.266
0.771
0.079
0.797
0.329
0.879
0.425
0.828
0.823
0.697
0.347
0.727
0.865
0.075
0.75
0.668
0.2
0.569
0.263
0.084
0.862
0.246
0.751
0.454
0.585
0.689
0.799
0.187
0.868
0.338
0.493
0.223
0.252
0.405
0.224
0.175
0.798
0.655
0.835
0.469
0.512
0.943
0.961
0.514
0.45
0.108
0.888
0.664
0.253
0.109
0.177
0.912
0.82
0.816
0.078
0.101
0.437
0.149
0.711
0.051
0.755
0.437
0.81
0.66
0.5
0.191
0.529
0.708
0.386
0.198
0.124
0.175
0.268
0.812
0.415
0.572
0.907
0.683
0.156
0.214
0.077
0.699
0.062
0.487
0.364
0.913
0.951
0.479
0.564
0.846
0.325
0.66
0.878
0.4
0.582
0.854
0.207
0.909
0.318
0.612
0.847
0.695
0.9
0.007
0.533
0.571
0.807
0.204
0.8
0.191
0.263
0.978
0.07
0.94
0.672
0.968
0.492
0.434
0.688
0.168
0.814
0.793
