0.243
0.546
0.439
0.683
0.567
0.771
0.001
0.921
0.666
0.65
0.68
0.925
0.769
0.581
0.614
0.401
0.827
0.635
0.479
0.061
0.964
0.064
0.064
0.191
0.977
0.288
0.123
0.484
0.66
0.57
0.444
0.123
0.071
0.387
0.496
0.854
0.667
0.151
0.036
0.597
0.194
0.919
0.956
0.463
0.329
0.34
0.643
0.594
0.878
0.045
0.764
0.94
0.447
0.875
0.29
0.412
0.499
0.848
0.418
0.871
0.969
0.394
0.276
0.538
0.468
0.834
0.765
0.04
0.545
0.076
0.881
0.591
0.564
0.053
0.803
0.651
0.709
0.645
0.722
0.102
0.012
0.764
0.306
0.254
0.672
0.715
0.793
0.417
0.436
0.498
0.819
0.347
0.845
0.711
0.98
0.247
0.018
0.095
0.007
0.979
0.206
0.861
0.254
0.123
0.384
0.29
0.801
0.656
0
0.652
0.903
0.833
0.822
0.651
0.285
0.257
0.712
0.9
0.408
0.251
0.688
0.338
0.104
0.144
0.105
0.924
0.438
0.346
0.46
0.011
0.706
0.95
0.603
0.942
0.698
0.122
0.542
0.287
0.373
0.14
0.937
0.111
0.229
0.079
0.957
0.644
0.455
0.008
0.288
0.464
0.531
0.638
0.654
0.084
0.618
0.653
0.916
0.873
0.721
0.81
0.355
0.477
0.766
0.277
0.656
0.79
0.757
0.199
0.381
0.745
0.028
0.003
0.664
0.689
0.976
0.803
0.733
0.172
0.735
0.591
0.996
0.468
0.769
0.504
0.277
0.391
0.543
0.138
0.148
0.615
0.639
0.126
0.318
0.045
0.847
0.745
0.147
0.252
0.715
0.84
1.0
0.823
0.095
0.833
0.299
0.792
0.923
0.711
0.693
0.49
0.384
0.649
0.534
0.819
0.067
0.698
0.785
0.735
0.123
0.307
0.521
0.623
0.384
0.406
0.29
0.912
0.428
0.344
0.394
0
0.851
0.886
0.252
0.808
0.929
0.006
0.827
0.869
0.965
0.441
0.084
0.534
0.92
0.67
0.796
0.861
0.006
0.806
0.788
0.275
0.77
0.277
0.284
0.067
0.849
0.346
0.999
0.552
0.66
0.143
0.956
0.804
0.758
0.644
0.434
0.896
0.483
0.593
0.708
0.635
0.352
0.604
0.396
0.749
0.526
0.532
0
0.196
0.897
0.028
0.223
0.313
0.564
0.26
0.595
0.7
0.963
0.009
0.297
0.097
0.199
0.6
0.26
0.573
0.937
0.653
0.072
0.744
0.668
0.177
0.193
0.489
0.626
0.258
0.289
0.13
0.757
0.75
0.611
0.355
0.743
0.089
0.146
0.15
0.872
0.308
0.006
0.356
0.32
0.247
0.156
0.736
0.297
0.648
0.129
0.868
0.637
0.32
0.341
0.207
0.706
0.762
0.011
0.217
0.444
0.226
0.213
0.062
0.081
0.447
0.476
0.165
0.486
0.553
0.454
0.016
0.991
0.134
0.398
0.888
0.24
0.095
0.986
0.933
0.975
0.595
0.524
0.037
0.707
0.905
0.835
0.568
0.339
0.86
0.232
0.335
0.303
0.06
0.901
0.756
0.597
0.323
0.733
0.34
0.794
0.957
0.715
0.372
0.254
0.536
0.982
0.937
0.454
0.247
0.375
0.878
0.438
0.145
0.446
0.406
0
0.979
0.423
0
0.919
0.954
0.201
0.128
0.444
0.599
0.093
0.776
0.002
0.484
0.261
0.442
0.349
0.435
0.19
0.808
0.385
0.951
0
0.085
0.449
0.127
0.39
0.934
0.431
0.429
0.893
0.32
0.882
0.321
0.349
0.972
0.506
0.821
0.207
0.621
0.198
0.464
0.737
0.813
0.243
0.1
0.042
0.678
0.207
0.808
0.559
0.983
0.939
0.837
0.841
0.944
0.759
0.54
0.706
0.173
0.552
0.044
0.171
0.507
0.153
0.56
0.16
0.274
0.052
0.222
0.677
0.841
0.499
0.729
0.289
0.683
0.872
0.036
0.724
0.008
0.389
0.524
0.115
0.049
0.782
0.941
0.954
0.363
0.911
0.88
0.977
0.008
0.953
0.774
0.61
0.643
0.744
0.654
0.187
0.773
0.458
0.312
0.102
0.302
0.199
0.431
0.005
0.316
0.924
0.341
0.822
0.17
0.181
0.119
0.351
0.725
0.785
0.524
0.083
0.803
0.289
0.559
0.154
0.095
0.082
0.538
0.759
0.239
0.842
0.571
0.235
0.332
0.953
0.769
0.113
0.87
0.253
0.766
0.779
0.6
0.2
0.565
0.575
0.753
0.617
0.517
0.812
0.085
0.506
0.97
0.502
0.481
0.288
0.027
0.318
0.147
0.117
0.975
0.181
0.791
0.788
0.199
0.27
0.732
0.281
0.486
0.056
0.57
0.614
0.854
0.858
0.439
0.601
0.158
0.585
0.233
0.482
0.596
0.627
0.651
0.284
0.87
0.843
0.986
0.465
0.854
0.1
0.473
0.662
0.017
0.711
0.267
0.493
0.807
0.313
0.785
0.642
0.252
0.24
0.184
0.167
0.044
0.469
0.563
0.963
0.209
0.88
0.653
0.33
0.565
0.593
0.521
0.126
0.945
0.99
0.471
0.033
0.76
0.363
0.531
0.785
0.551
0.91
0.345
0.526
0.506
0.328
0.528
0.529
0.738
0.238
0.034
0.753
0.984
0.853
0.424
0.911
0.949
0.518
0.768
0.382
0.851
0.499
0.397
0.284
0.941
0.947
0.809
0.911
0.958
0.753
0.382
0.272
0.346
0.96
0.094
0.412
0.569
0.059
0.936
0.607
0.075
0.571
0.309
0.456
0.849
0.971
0.498
0.469
0.29
0.15
0.1
0.416
0.934
0.52
0.671
0.014
0.557
0.977
0.033
0.419
0.033
0.215
0.233
0.225
0.367
0.781
0.527
0.456
0
0.956
0.187
0.452
0.608
0.147
0.63
0.542
0.55
0.611
0.819
0.773
0.983
0.378
0.371
0.432
0.002
0.625
0.748
0.25
0.416
0.727
0.873
0.493
0.71
0
0.051
0.325
0.751
0.802
0.447
0.071
0.032
0.04
0.005
0.235
0.734
0.312
0.594
0.501
0.781
0.607
0.562
0.25
0.802
0.867
0.821
0.431
0.08
0.775
0.15
0.058
0.02
0.071
0.425
0.563
0.509
0.138
0.561
0.114
0.474
0.32
0.512
0.619
0.295
0.657
0.519
0.442
0.612
0.185
0.582
0.161
0.239
0.903
0.76
0.397
0.817
0.658
0.212
0.706
0.55
0.134
0.461
0.871
0.04
0.587
0.78
0.188
0.43
0.907
0.44
0.026
0.007
0.804
0.691
0.904
0.941
0.753
0.309
0.446
0.805
0.762
0.319
0.244
0.487
0.853
0.001
0.97
0.423
0.053
0.75
0.927
0.327
0.823
0.258
0.572
0.577
0.824
0.954
0.663
0.527
0.103
0.322
0.292
0.295
0.511
0.579
0.751
0.836
0.075
0.868
0.081
0.123
0.126
0.516
0.447
0.872
0.446
0.667
0.848
0.934
0.266
0.043
0.032
0.2
0.251
0.369
0.218
0.602
0.656
0.136
0.995
0.128
0.931
0.371
0.275
0.391
0.43
0.219
0.272
0.714
0.052
0.163
0.641
0.6
0.336
0.087
0.789
0.996
0.144
0.073
0.027
0.737
0.141
0.136
0.88
0.539
0.5
0.727
0
0.598
0.998
0.968
0.519
0.509
0.554
0.9
0.584
0.778
0.66
0.073
0.886
0.979
0.781
0.668
0.97
0.594
0.009
0.627
0.901
0.222
0.534
0.001
0.482
0.396
0.304
0.348
0.362
0.416
0.207
0.64
0.374
0.978
0.676
0.435
0.538
0.781
0.943
0.061
0.877
0.522
0.105
0.676
0.907
0.229
0.81
0.012
0.554
0.452
0.326
0.777
0.387
0.581
0.044
0.588
0.347
0.206
0.085
0.716
0.979
0.985
0.833
0.522
0.934
0.458
0.02
0.823
0.473
0.314
0.868
0.672
0.237
0.754
0.896
0.758
0.706
0.467
0.914
0.629
0.566
0.465
0.983
0.46
0.29
0.212
0.263
0.754
0.416
0.595
0.942
0.276
0.983
0.521
0.798
0.866
0.999
0.655
0.837
0.433
0.201
0.254
0.77
0.811
0.09
0.722
0.01
0.294
0.083
0.461
0.358
0.105
0.214
0.935
0.616
0.939
0.48
0.005
0.65
0.161
0.528
0.89
0.265
0.356
0.324
0.073
0.203
0.57
0.71
0.737
0.604
0.847
0.316
0.811
0.583
0.586
0.734
0.032
0.989
0.844
0.968
0.06
