0.671
0.697
0.079
0.17
0.991
0.9
0.722
0.834
0
0.961
0.378
0.19
0.743
0.659
0.75
0.423
0.063
0.229
0.133
0.409
0.604
0.745
0.939
0.196
0.662
0.046
0.954
0.943
0.95
0.409
0.892
0.327
0.88
0.177
0.883
0.051
0.811
0.558
0.817
0.635
0.163
0.879
0.808
0.112
0.599
0.767
0.243
0.568
0.112
0.896
0.646
0.636
0.102
0.685
0.959
0.709
0.516
0.287
0.329
0.283
0.901
0.941
0.728
0.793
0.552
0.875
0.838
0.458
0.136
0.644
0.256
0.88
0.081
0.356
0.518
0.232
0.46
0.671
0.201
0.753
0.218
0.497
0.559
0.389
0.573
0.898
0.043
0.48
0.203
0.317
0.97
0.991
0.184
0.911
0.064
0.917
0.436
0.74
0.445
0.219
0.369
0.775
0.646
0.302
0.051
0.013
0.533
0.553
0
0.845
0.914
0.462
0.072
0.601
0.517
0.168
0.733
0.982
0.597
0.221
0.549
0.732
0.032
0
0.169
0.184
0.235
0.214
0.475
0.01
0.544
0.147
0.422
0.903
0.858
0.364
0.75
0.147
0.91
0.019
0.401
0.159
0.846
0.173
0.452
0.88
0.309
0.952
0.731
0.868
0.858
0.643
0.991
0.316
0.397
0.343
0.558
0.103
0.201
0.265
0.589
0.561
0.526
0.516
0.726
0.489
0.353
0.066
0.92
0.148
0.981
0.449
0.635
0.064
0.677
0.678
0.17
0.67
0.422
0.778
0.068
0.315
0.531
0.435
0.643
0.368
0.236
0.579
0.633
0.717
0.232
0.754
0.102
0.464
0.401
0.912
0.131
0.237
0.172
0.556
0.464
0.264
0.573
0.253
0.578
0.446
0.308
0.454
0.522
0.967
0.522
0.724
0.015
0.588
0.161
0.713
0.801
0.373
0.561
0.784
0.984
0.419
0.438
0.201
0.956
0.85
0.669
0.977
0.855
0.265
0.878
0.272
0.654
0.396
0.198
0.141
0.931
0.092
0.072
0.324
0.734
0.521
0.83
0.46
0.582
0.754
0.015
0.873
0.215
0.448
0.141
0.664
0.845
0.351
0.142
0.937
0.916
0.915
0.005
0.129
0.174
0.033
0.137
0.913
0.557
0.4
0.503
0.239
0.087
0.18
0.136
0.74
0.246
0.519
0.596
0.09
0.267
0.256
0.845
0.29
0.019
0.197
0.08
0.096
0.858
0.665
0.841
0.806
0.266
0.297
0.6
0.432
0.58
0.072
0.874
0.082
0.352
0.496
0.449
0.195
0.768
0.158
0.433
0.15
0.622
0.562
0.855
0.541
0.254
0.212
0.494
0.648
0.295
0.708
0.762
0.715
0.172
0.077
0.49
0.361
0.834
0.477
0.124
0.844
0.832
0.454
0.523
0.878
0.843
0.682
0.703
0.378
0.254
0.147
0.941
0.832
0.695
0.961
0.06
0.62
0.89
0.664
0.862
0.969
0.466
0.848
0.507
0.759
0.87
0.515
0.902
0.741
0.061
0.721
0.058
0.155
0.651
0.582
0.505
0.953
0.968
0.854
0.041
0.363
0.707
0.519
0.651
0.177
0.667
0.309
0.858
0.534
0.495
0.668
0.489
0.665
0.779
0.497
0.747
0.597
0.433
0.075
0.321
0.37
0.671
0.119
0.617
0.828
0.827
0.669
0.541
0.409
0.28
0.099
0.409
0.302
0.314
0.25
0.148
0.471
0.04
0.453
0.026
0.094
0.588
0.018
0.064
0.939
0.501
0.922
0.306
0.578
0.493
0.453
0.458
0.126
0.446
0.249
0.063
0.969
0.495
0.1
0.184
0.095
0.841
0.817
0.711
0.413
0.79
0.476
0.169
0.681
0.156
0.69
0.417
0.454
0.683
0.146
0.234
0.786
0.974
0.019
0.588
0.267
0.929
0.06
0.555
0.21
0.723
0.571
0.233
0.421
0.29
0.308
0.231
0.551
0.287
0.339
0.116
0.291
0.896
0.269
0.598
0.278
0.272
0.193
0.675
0.033
0.515
0.463
0.274
0.884
0.137
0.578
0.661
0.478
0.035
0.714
0.567
0.473
0.157
0.226
0.289
0.265
0.806
0.067
0.818
0.681
0.475
0.71
0.89
0.024
0.979
0.984
0.816
0.719
0.884
0.251
0.666
0.655
0.594
0.249
0.466
0.076
0.262
0.123
0.199
0.272
0.699
0.947
0.551
0.648
0.053
0.195
0.478
0.481
0.433
0.742
0.714
0.593
0.782
0.884
0.029
0.433
0.628
0.763
0.854
0.015
0.674
0.943
0.034
0.73
0.543
0.039
0.913
0.843
0.745
0.005
0.919
0.675
0.188
0.171
0.91
0.273
0.299
0.894
0.423
0.291
0.423
0.48
0.665
0.612
0.575
0.643
0.493
0.23
0.137
0.406
0.034
0.497
0.356
0.324
0.616
0.004
0.715
0.465
0.61
0.156
0.907
0.31
0.961
0.492
0.399
0.171
0.781
0.841
0.028
0.699
0.549
0.005
0.097
0.344
0.359
0.219
0.107
0.893
0.209
0.567
0.116
0.628
0.043
0.788
0.865
0.829
0.138
0.503
0.747
0.354
0.296
0.626
0.496
0.33
0.176
0.463
0.226
0.976
0.695
0.943
0.221
0.406
0.795
0.316
0.292
0.803
0.508
0.611
0.661
0.301
0.132
0.356
0.752
0.527
0.205
0.406
0.932
0.505
0.671
0.611
0.365
0.956
0.291
0.032
0.348
0.173
0.888
0.791
0.174
0.649
0.71
0.072
0.423
0.865
0.614
0.116
0.491
0.917
0.311
0.051
0.629
0.621
0.454
0.063
0.001
0.782
0.948
0.521
0.889
0.849
0.877
0.151
0.365
0.545
0.871
0.401
0.66
0.26
0.889
0.451
0.776
0.635
0.718
0.405
0.203
0.027
0.849
0.129
0.183
0.995
0.286
0.097
0.138
0.634
0.747
0.636
0.31
0.332
0.171
0.72
0.594
0.282
0.51
0.895
0.915
0.145
0.873
0.85
0.905
0.089
0.941
0.465
0.298
0.593
0.169
0.622
0.314
0.589
0.921
0.919
0.118
0.147
0.284
0.66
0.559
0.2
0.886
0.148
0.358
0.285
0.078
0.491
0.328
0.675
0.952
0.448
0.405
0.605
0.732
0.046
0.504
0.027
0.627
0.285
0.643
0.051
0.992
0.64
0.603
0.181
0.339
0.095
0.826
0.056
0.471
0.419
0.765
0.482
0.019
0.891
0.216
0.823
0.102
0.495
0.996
0.352
0.811
0.533
0.521
0.818
0.425
0.498
0.974
0.334
0.465
0.864
0.087
0.422
0.615
0.362
0.345
0.447
0.339
0.044
0.827
0.774
0.231
0.683
0.531
0.88
0.146
0.348
0.286
0.486
0.306
0.832
0.279
0.426
0.147
0.139
0.942
0.089
0.123
0.178
0.923
0.857
0.141
0.547
0.681
0.902
0.005
0.5
0.238
0.453
0.434
0.166
0.233
0.702
0.057
0.147
0.671
0.278
0
0.146
0.198
0.074
0.843
0.453
0.08
0.571
0.604
0.627
0.676
0.043
0.895
0.74
0.691
0.219
0.313
0.876
0.392
0.299
0.371
0.643
0.363
0.85
0.197
0.047
0.25
0.766
0.071
0.095
0.161
0.436
0.265
0.238
0.391
0.572
0.156
0.558
0.854
0.728
0.766
0.783
0.026
0.411
0.798
0.236
0.192
0.847
0.817
0.296
0.094
0.544
0.425
0.078
0.649
0.256
0.98
0.267
0.169
0.003
0.95
0.818
0.42
0.061
0.383
0.557
0.029
0.431
0.503
0.36
0.55
0.739
0.572
0.515
0.265
0.626
0.231
0.396
0.793
0.964
0.613
0.959
0.861
0.775
0.377
0.178
0.018
0.68
0.949
0.749
0.615
0.938
0.732
0.854
0.792
0.814
0.826
0.455
0.147
0.191
0.534
0.08
0.806
0.374
0.166
0.342
0.426
0.642
0.243
0.968
0.591
0.463
0.308
0.393
0.556
0.12
0.148
0.946
0.23
0.645
0.592
0.216
0.273
0.037
0.466
0.698
0.809
0.217
0.275
0.432
0.45
0.729
0.123
0.655
0.781
0.814
0.617
0.432
0.065
0.217
0.876
0.389
0.275
0.308
0.503
0.33
0.248
0.013
0.656
0.218
0.017
0.137
0.773
0.548
0.703
0.606
0.426
0.248
0.231
0.299
0.159
0.899
0.478
0.65
0.75
0.8
0.625
0.158
0.482
0.423
0.077
0.642
0.404
0.885
0.965
0.457
0.667
0.363
0.228
0.023
0.345
0.336
0.178
0.245
0.825
0.597
0.931
0.955
0.116
0.974
