0.153
0.393
0.498
0.822
0.579
0.648
0.986
0.466
0.831
0.968
0.856
0.953
0.327
0.965
0.286
0.691
0.016
0.695
0.642
0.115
0.052
0.819
0.617
0.985
0.562
0.218
0.076
0.607
0.184
0.34
0.838
0.228
0.517
0.965
0.213
0.354
0.506
0.384
0.383
0.894
0.849
0.785
0.227
0.68
0.878
0.085
0.445
0.999
0.005
0.811
0.721
0.391
0.54
0.318
0.749
0.282
0.615
0.796
0.33
0.736
0.487
0.566
0.409
0.462
0.469
0.093
0.372
0.742
0.471
0.139
0.53
0.248
0.039
0.577
0.961
0.024
0.366
0.014
0.79
0.657
0.317
0.343
0.187
0.317
0.236
0.491
0.96
0.817
0.128
0.664
0.521
0.017
0.711
0.045
0.321
0.785
0.85
0.777
0.453
0.532
0.006
0.498
0.384
0.259
0.418
0.333
0.682
0.902
0.394
0.814
0.321
0.756
0.626
0.392
0.276
0.87
0.159
0.342
0.342
0.603
0.96
0.084
0.945
0.452
0.98
0.654
0.855
0.091
0.67
0.234
0.264
0.972
0.271
0.633
0.286
0.702
0.353
0.88
0.386
0.769
0.579
0.461
0.644
0.995
0.95
0.106
0.75
0.887
0.782
0.051
0.155
0.833
0.731
0.931
0.861
0.797
0.894
0.255
0.276
0.555
0.426
0.439
0.886
0.074
0.929
0.217
0.583
0.745
0.085
0.708
0.886
0.249
0.016
0.132
0.32
0.71
0.497
0.032
0.266
0.683
0.966
0.722
0.44
0.831
0.944
0.78
0.163
0.065
0.866
0.117
0.551
0.912
0.78
0.281
0.739
0.324
0.467
0.309
0.681
0.478
0.765
0.661
0.4
0.375
0.854
0.895
0.996
0.716
0.333
0.968
0.128
0.179
0.13
0.529
0.25
0.484
0.159
0.534
0.372
0.256
0.71
0.68
0.29
0.7
0.584
0.431
0.72
0.486
0.802
0.454
0.867
0.177
0.688
0.391
0.794
0.691
0.535
0.755
0.588
0.821
0.355
0.324
0.393
0.079
0.433
0.351
0.527
0.452
0.644
0.479
0.767
0.265
0.69
0.773
0.382
0.85
0.467
0.975
0.286
0.935
0.143
0.772
0.238
0.436
0.077
0.203
0.935
0.272
0.512
0.939
0.641
0.141
0.579
0.844
0.214
0.613
0.865
0.862
0.879
0.697
0.376
0.087
0.087
0.449
0.172
0.078
0.481
0.233
0.678
0.884
0.737
0.591
0.345
0.64
0.838
0.764
0.692
0.601
0.466
0.166
0.92
0.641
0.543
0.19
0.433
0.71
0.552
0.065
0.03
0.484
0.315
0.518
0.13
0.54
0.363
0.224
0.893
0.999
0.961
0.009
0.561
0.337
0.577
0.438
0.57
0.354
0.939
0.961
0.694
0.334
0.876
0.27
0.754
0.164
0.752
0.544
0.279
0.534
0.267
0.375
0.506
0.73
0.91
0.973
0.68
0.924
0.543
0.583
0.389
0.402
0.423
0.399
0.989
0.957
0.323
0.603
0.222
0.912
0.72
0.904
0.624
0.514
0.174
0.232
0.432
0.451
0.086
0.707
0.779
0.892
0.958
0.591
0.59
0.536
0.799
0.18
0.553
0.569
0.39
0.476
0.523
0.135
0.548
0.573
0.073
0.76
0.072
0.461
0.617
0.558
0.873
0.036
0.895
0.834
0.026
0.385
0.032
0.004
0.372
0.336
0.118
0.974
0.955
0.569
0.066
0.602
0.808
0.937
0.475
0.189
0.44
0.51
0.331
0.47
0.292
0.833
0.212
0.172
0.863
0.202
0.855
0.673
0.059
0.375
0.852
0.685
0.11
0.826
0.434
0.321
0.703
0.809
0.979
0.489
0.68
0.344
0.538
0.971
0.797
0.415
0.61
0.092
0.129
0.45
0.192
0.319
0.206
0.674
0.136
0.268
0.239
0.765
0.284
0.289
0.094
0.054
0.491
0.916
0.68
0.218
0.986
0.003
0.526
0.758
0.408
0.441
0.833
0.684
0.219
0.839
0.996
0.842
0.44
0.097
0.783
0.825
0.292
0.282
0.816
0.008
0.084
0.621
0.237
0.633
0.133
0.386
0.815
0.971
0.704
0.528
0.818
0.287
0.139
0.977
0.39
0.156
0.338
0.709
0.959
0.55
0.3
0.534
0.898
0.693
0.902
0.001
0.49
0.061
0.849
0.942
0.643
0.433
0.417
0.876
0.388
0.577
0.513
0.659
0.885
0.303
0.148
0.94
0.697
0.9
0.766
0.984
0.374
0.35
0.74
0.828
0.7
0.307
0.735
0.585
0.445
0.631
0.039
0.897
0.132
0.721
0.442
0.996
0.488
0.733
0.89
0.462
0.582
0.83
0.829
0.728
0.28
0.804
0.49
0.328
0.527
0.041
0.56
0.675
0.443
0.765
0.922
0.406
0.519
0.185
0.497
0.539
0.345
0.665
0.891
0.881
0.084
0.484
0.123
0.782
0.343
0.225
0.85
0.845
0.627
0.564
0.453
0.316
0.406
0.126
0.226
0.84
0.972
0.593
0.342
0.799
0.494
0.771
0.75
0.894
0.525
0.269
0.59
0.382
0.934
0.193
0.952
0.448
0.8
0.075
0.554
0.893
0.983
0.998
0.453
0.731
0.7
0.091
0.14
0.504
0.637
0.799
0.764
0.919
0.516
0.294
0.794
0.52
0.988
0.121
0.898
0.096
0.598
0.203
0.971
0.019
0.066
0.061
0.539
0.213
0.389
0.842
0.437
0.119
0.877
0.462
0.34
0.828
0.374
0.461
0.186
0.411
0.906
0.463
0.882
0.182
0.902
0.559
0.138
0.061
0.234
0.644
0.984
0.024
0.264
0.205
0.432
0.663
0.937
0.675
0.81
0.981
0.186
0.356
0.284
0.751
0.085
0.979
0.372
0.293
0.034
0.988
0.738
0.05
0.907
0.051
0.181
0.143
0.688
0.629
0.578
0.385
0.571
0.691
0.083
0.129
0.796
0.397
0.325
0.361
0.351
0.659
0.047
0.451
0.774
0.084
0.618
0.957
0.016
0.819
0.787
0.275
0.29
0.629
0.024
0.229
0.477
0.471
0.929
0.677
0.069
0.247
0.133
0.049
0.524
0.171
0.117
0.052
0.631
0.863
0.346
0.283
0.961
0.112
0.56
0.724
0.073
0.556
0.027
0.235
0.767
0.901
0.753
0.718
0.688
0.533
0.333
0.567
0.464
0.999
0.867
0.701
0.716
0.805
0.497
0.48
0.768
0.076
0.359
0.339
0.594
0.527
0.912
0.88
0.125
0.9
0.611
0.207
0.913
0.92
0.396
0.092
0.804
0.251
0.282
0.678
0.294
0.096
0.716
0.935
0.241
0.56
0.023
0.853
0.049
0.016
0.968
0.43
0.359
0.964
0.703
0.0
0.789
0.959
0.032
0.416
0.392
0.77
0.142
0.993
0.653
0.936
0.128
0.755
0.724
0.769
0.585
0.612
0.313
0.128
0.437
0.531
0.038
0.69
0.123
0.589
0.072
0.105
0.204
0.244
0.613
0.065
0.338
0.232
0.588
0.038
0.58
0.794
0.82
0.792
0.035
0.63
0.487
0.601
0.702
0.962
0.463
0.146
0.705
0.717
0.438
0.556
0.772
0.665
0.238
0.548
0.02
0.494
0.99
0.757
0.032
0.146
0.752
0.83
0.892
0.49
0.135
0.908
0.059
0.43
0.224
0.45
0.738
0.443
0.146
0.688
0.855
0.307
0.822
0.793
0.699
0.433
0.991
0.803
0.407
0.411
0.89
0.902
0.926
0.96
0.975
0.109
0.15
0.556
0.542
0.634
0.693
0.416
0.114
0.915
0.107
0.394
0.278
0.048
0.452
0.641
0.4
0.203
0.37
0.006
0.224
0.8
0.916
0.317
0.029
0.399
0.369
0.066
0.424
0.297
0.5
0.244
0.564
0.409
0.211
0.157
0.003
0.682
0.593
0.094
0.047
0.022
0.856
0.876
0.46
0.206
0.035
0.953
0.761
0.118
0.329
0.648
0.352
0.795
0.193
0.169
0.979
0.792
0.244
0.881
0.611
0.894
0.99
0.438
0.087
0.098
0.854
0.31
0.252
0.146
0.793
0.831
0.141
0.465
0.784
0.079
0.129
0.033
0.56
0.589
0.118
0.787
0.705
0.531
0.961
0.719
0.456
0.497
0.23
0.99
0.595
0.777
0.213
0.226
0.393
0.658
0.26
0.559
0.775
0.337
0.4
0.953
0.425
0.494
0.702
0.55
0.509
0.052
0.244
0.974
0.08
0.488
0.292
0.194
0.286
0.756
0.078
0.036
0.735
0.017
0.341
0.718
0.302
0.254
0.684
0.029
