0.414
0.708
0.505
0.911
0.387
0.229
0.922
0.704
0.972
0.599
0.978
0.193
0.411
0.655
0.973
0.687
0.123
0.566
0.003
0.191
1.0
0.458
0.472
0.23
0.033
0.823
0.721
0.879
0.372
0.103
0.126
0.221
0.173
0.182
0.721
0.672
0.348
0.567
0.77
0.589
0.641
0.079
0.716
0.198
0.148
0.088
0.789
0.653
0.513
0.079
0.924
0.492
0.554
0.076
0.727
0.098
0.966
0.677
0.693
0.746
0.086
0.001
0.831
0.531
0.292
0.364
0.823
0.803
0.628
0.713
0.389
0.007
0.309
0.994
0.598
0.641
0.069
0.975
0.24
0.517
0.188
0.375
0.847
0.584
0.757
0.906
0.893
0.777
0.241
0.427
0.972
0.944
0.277
0.026
0.238
0.634
0.379
0.324
0.819
0.654
0.819
0.786
0.997
0.638
0.962
0.966
0.994
0.762
0.358
0.414
0.38
0.728
0.122
0.866
0.512
0.381
0.836
0.994
0.929
0.012
0.025
0.195
0.908
0.337
0.259
0.143
0.56
0.027
0.234
0.822
0.143
0.397
0.33
0.56
0.099
0.154
0.948
0.81
0.371
0.161
0.344
0.039
0.261
0.821
0.802
0.335
0.374
0.298
0.351
0.939
0.512
0.374
0.571
0.094
0.235
0.098
0.777
0.262
0.483
0.942
0.189
0.378
0.673
0.904
0.398
0.513
0.252
0.264
0.549
0.131
0.382
0.22
0.225
0.109
0.1
0.771
0.825
0.057
0.039
0.501
0.682
0.6
0.404
0.333
0.217
0.398
0.182
0.742
0.971
0.305
0.843
0.034
0.132
0.779
0.001
0.032
0.099
0.151
0.78
0.702
0.801
0.096
0.023
0.5
0.202
0.889
0.138
0.729
0.656
0.162
0.564
0.865
0.559
0.403
0.661
0.143
0.523
0.142
0.956
0.266
0.021
0.431
0.727
0.641
0.165
0.872
0.414
0.112
0.344
0.511
0.051
0.802
0.95
0.07
0.424
0.265
0.135
0.87
0.392
0.968
0.972
0.386
0.763
0.115
0.945
0.16
0.119
0.346
0.014
0.06
0.964
0.373
0.988
0.661
0.937
0.775
0.054
0.994
0.014
0.562
0.258
0.464
0.836
0.749
0.082
0.343
0.056
0.253
0.574
0.581
0.059
0.68
0.998
0.045
0.174
0.493
0.793
0.017
0.915
0.286
0.116
0.588
0.177
0.951
0.037
0.18
0.242
0.3
0.872
0.701
0.74
0.63
0.488
0.287
0.437
0.531
0.682
0.193
0.789
0.565
0.947
0.4
0.63
0.748
0.923
0.759
0.737
0.345
0.155
0.068
0.445
0.141
0.057
0.227
0.584
0.562
0.853
0.713
0.523
0.984
0.724
0.334
0.31
0.85
0.449
0.751
0.397
0.306
0.312
0.174
0.09
0.94
0.213
0.966
0.107
0.706
0.86
0.44
0.834
0.235
0.834
0.524
0.016
0.257
0.096
0.825
0.248
0.888
0.074
0.482
0.265
0.619
0.18
0.741
0.785
0.326
0.964
0.668
0.844
0.531
0.699
0.59
0.272
0.631
0.543
0.183
0.814
0.482
0.614
0.139
0.738
0.233
0.842
0.01
0.097
0.998
0.742
0.167
0.804
0.804
0.834
0.784
0.2
0.665
0.004
0.258
0.584
0.131
0.063
0.305
0.03
0.972
0.369
0.968
0.103
0.84
0.46
0.29
0.344
0.953
0.055
0.104
0.456
0.289
0.384
0.065
0.771
0.661
0.57
0.871
0.985
0.156
0.077
0.007
0.978
0.136
0.517
0.74
0.986
0.053
0.285
0.501
0.335
0.802
0.68
0.681
0.456
0.423
0.428
0.769
0.947
0.254
0.074
0.306
0.615
0.811
0.262
0.24
0.233
0.803
0.737
0.224
0.434
0.96
0.071
0.132
0.78
0.474
0.346
0.803
0.559
0.891
0.579
0.791
0.927
0.165
0.411
0.074
0.765
0.261
0.832
0.494
0.805
0.676
0.632
0.736
0.2
0.379
0.053
0.739
0.912
0.329
0.778
0.847
0.742
0.889
0.598
0.274
0.408
0.504
0.567
0.769
0.308
0.307
0.118
0.162
0.985
0.002
0.56
0.835
0.921
0.13
0.828
0.116
0.268
0.537
0.812
0.04
0.741
0.575
0.116
0.415
0.913
0.218
0.377
0.393
0.229
0.771
0.81
0.861
0.023
0.236
0.646
0.715
0.792
0.982
0.419
0.62
0.378
0.109
0.351
0.152
0.118
0.156
0.665
0.996
0.321
0.123
0.375
0.129
0.841
0.286
0.226
0.813
0.58
0.459
0.075
0.6
0.706
0.499
0.036
0.581
0.257
0.607
0.363
0.284
0.883
0.632
0.893
0.769
0.932
0.163
0.404
0.232
0.866
0.578
0.115
0.288
0.957
0.105
0.127
0.301
0.49
0.274
0.141
0.768
0.521
0.011
0.27
0.443
0.762
0.88
0.857
0.376
0.34
0.901
0.479
0.723
0.575
0.032
0.882
0.353
0.25
0.897
0.63
0.08
0.732
0.894
0.411
0.936
0.764
0.187
0.919
0.175
0.794
0.317
0.524
0.066
0.713
0.747
0.621
0.57
0.754
0.132
0.51
0.608
0.164
0.062
0.355
0.578
0.41
0.4
0.658
0.806
0.074
0.432
0.12
0.805
0.68
0.685
0.789
0.137
0.912
0.148
0.21
0.357
0.179
0.448
0.32
0.997
0.665
0.729
0.844
0.357
0.094
0.899
0.308
0.402
0.802
0.198
0.454
0.183
0.442
0.246
0.352
0.343
0.603
0.021
0.124
0.246
0.914
0.197
0.352
0.961
0.943
0.955
0.863
0.575
0.911
0.704
0.489
0.392
0.481
0.731
0.977
0.94
0.445
0.393
0.979
0.063
0.739
0.766
0.755
0.589
0.816
0.318
0.072
0.997
0.661
0.275
0.163
0.896
0.344
0.854
0.92
0.049
0.845
0.633
0.611
0.172
0.761
0.048
0.341
0.978
0.384
0.675
0.985
0.364
0.938
0.348
0.271
0.785
0.847
0.268
0.885
0.398
0.092
0.495
0.943
0.724
0.426
0.403
0.008
0.241
0.489
0.777
0.764
0.273
0.297
0.447
0.444
0.083
0.063
0.403
0.843
0.046
0.827
0.611
0.767
0.429
0.015
0.505
0.588
0.124
0.508
0.295
0.886
0.874
0.205
0.005
0.846
0.23
0.444
0.884
0.347
0.873
0.396
0.224
0.125
0.836
0.761
0.87
0.067
0.355
0.173
0.854
0.482
0.499
0.529
0.021
0.964
0.616
0.86
0.383
0.556
0.812
0.541
0.453
0.59
0.808
0.23
0.275
0.046
0.322
0.435
0.216
0.706
0.541
0.712
0.365
0.014
0.81
0.577
0.063
0.607
0.832
0.149
0.409
0.643
0.14
0.151
0.212
0.963
0.707
0.199
0.344
0.087
0.282
0.563
0.309
0.638
0.68
0.555
0.973
0.687
0.6
0.26
0.466
0.581
0.111
0.539
0.27
0.875
0.879
0.589
0.189
0.64
0.214
0.059
0.128
0.002
0.511
0.352
0.285
0.323
0.31
0.507
0.312
0.48
0.038
0.47
0.049
0.727
0.676
0.518
0.223
0.221
0.014
0.627
0.015
0.619
0.758
0.606
0.992
0.157
0.883
0.619
0.792
0.309
0.82
0.957
0.008
0.614
0.803
0.772
0.205
0.937
0.124
0.723
0.575
0.023
0.03
0.681
0.759
0.576
0.789
0.564
0.556
0.35
0.102
0.204
0.76
0.216
0.095
0.363
0.445
0.239
0.575
0.235
0.62
0.499
0.979
0.262
0.517
0.791
0.359
0.086
0.224
0.334
0.198
0.702
0.613
0.949
0.098
0.819
0.758
0.737
0.406
0.338
0.095
0.986
0.918
0.032
0.695
0.239
0.118
0.859
0.393
0.286
0.96
0.68
0.523
0.313
0.573
0.199
0.714
0.428
0.452
0.746
0.947
0.24
0.824
0.325
0.812
0.313
0.651
0.291
0.916
0.071
0.041
0.158
0.11
0.795
0.276
0.15
0.668
0.195
0.795
0.386
0.506
0.752
0.598
0.015
0.086
0.527
0.066
0.838
0.325
0.791
0.751
0.405
0.971
0.854
0.892
0.39
0.865
0.158
0.078
0.694
0.637
0.242
0.652
0.976
0.161
0.982
0.937
0.62
0.376
0.251
0.579
0.465
0.057
0.545
0.004
0.591
0.607
0.247
0.801
0.175
0.511
0.071
0.315
0.055
0.794
0.108
0.145
0.65
0.361
0.447
0.51
0.36
0.429
0.38
0.319
0.983
0.676
0.257
0.342
0.876
0.164
