0.092
0.881
0.777
0.125
0.548
0.78
0.712
0.523
0.173
0.585
0.675
0.409
0.919
0.931
0.313
0.741
0.342
0.183
0.165
0.098
0.732
0.642
0.35
0.744
0.924
0.603
0.962
0.638
0.344
0.653
0.785
0.515
0.134
0.49
0.031
0.681
0.954
0.173
0.822
0.506
0.663
0.974
0.616
0.718
0.564
0.929
0.093
0.891
0.701
0.895
0.925
0.136
0.829
0.158
0.184
0.003
0.87
0.699
0.204
0.116
0.361
0.469
0.487
0.846
0.582
0.978
0.596
0.502
0.152
0.76
0.157
0.312
0.175
0.171
0.768
0.437
0.051
0.207
0.984
0.432
0.599
0.642
0.977
0.518
0.027
0.072
0.721
0.823
0.528
0.94
0.777
0.818
0.176
0.828
0.004
0.938
0.204
0.023
0.514
0.008
0.799
0.902
0.817
0.938
0.092
0.679
0.929
0.845
0.323
0.169
0.326
0.292
0.471
0.696
0.531
0.223
0.74
0.618
0.986
0.782
0.25
0.427
0.815
0.729
0.45
0.956
0.261
0.424
0.353
0.391
0.233
0.463
0.307
0.162
0.717
0.617
0.908
0.59
0.867
0.91
0.831
0.979
0.871
0.921
0.501
0.299
0.06
0.832
0.502
0.792
0.732
0.685
0.484
0.986
0.424
0.412
0.024
0.371
0.745
0.152
0.254
0.026
0.324
0.501
0.792
0.716
0.073
0.293
0.722
0.654
0.248
0.766
0.384
0.875
0.187
0.042
0.856
0.191
0.25
0.361
0.593
0.654
0.409
0.695
0.707
0.638
0.824
0.86
0.822
0.406
0.986
0.854
0.711
0.2
0.509
0.134
0.775
0.472
0.279
0.4
0.401
0.934
0.608
0.697
0.745
0.112
0.197
0.354
0.258
0.936
0.153
0.188
0.997
0.435
0.111
0.776
0.736
0.662
0.442
0.036
0.626
0.182
0.886
0.153
0.021
0.666
0.601
0.755
0.518
0.551
0.447
0.13
0.466
0.005
0.127
0.876
0.572
0.169
0.221
0.291
0.036
0.966
0.939
0.182
0.801
0.023
0.926
0.768
0.02
0.737
0.901
0.287
0.324
0.074
0.461
0.142
0.223
0.206
0.872
0.267
0.708
0.945
0.799
0.824
0.809
0.626
0.024
0.765
0.473
0.382
0.84
0.338
0.123
0.867
0.719
0.574
0.609
0.624
0.591
0.128
0.589
0.447
0.327
0.868
0.233
0.577
0.569
0.877
0.001
0.562
0.612
0.964
0.011
0.634
0.864
0.496
0.456
0.097
0.616
0.198
0.34
0.344
0.299
0.525
0.249
0.625
0.853
0.007
0.167
0.371
0.303
0.837
0.02
0.449
0.347
0.644
0.143
0.529
0.409
0.593
0.626
0.355
0.889
0.095
0.207
0.283
0.759
0.928
0.124
0.541
0.986
0.773
0.65
0.564
0.802
0.491
0.223
0.147
0.879
0.386
0.369
0.044
0.832
0.11
0.017
0.918
0.016
0.062
0.488
0.833
0.645
0.86
0.711
0.985
0.875
0.647
0.832
0.039
0.96
0.625
0.654
0.797
0.234
0.75
0.443
0.655
0.352
0.077
0.722
0.005
0.861
0.042
0.889
0.377
0.25
0.861
0.535
0.073
0.601
0.296
0.566
0.294
0.666
0.726
0.299
0.27
0.433
0.868
0.511
0.393
0.515
0.478
0.23
0.5
0.976
0.292
0.0
0.049
0.797
0.976
0.352
0.808
0.32
0.76
0.93
0.806
0.004
0.337
0.071
0.269
0.272
0.621
0.274
0.685
0.299
0.203
0.57
0.298
0.735
0.894
0.124
0.547
0.947
0.992
0.95
0.261
0.716
0.279
0.246
0.756
0.508
0.867
0.883
0.24
0.548
0.678
0.664
0.057
0.905
0.271
0.373
0.096
0.615
0.476
0.807
0.752
0.219
0.238
0.471
0.175
0.501
0.89
0.57
0.173
0.273
0.399
0.42
0.777
0.148
0.077
0.764
0.567
0.89
0.962
0.709
0.503
0.272
0.998
0.213
0.796
0.44
0.249
0.327
0.656
0.503
0.691
0.222
0.944
0.536
0.451
0.28
0.545
0.711
0.759
0.182
0.954
0.309
0.185
0.813
0.313
0.075
0.495
0.931
0.258
0.813
0.409
0.704
0.093
0.457
0.194
0.045
0.529
0.658
0.929
0.592
0.048
0.67
0.788
0.887
0.28
0.419
0.41
0.963
0.709
0.982
0.18
0.507
0.893
0.252
0.815
0.351
0.063
0.615
0.112
0.441
0.09
0.149
0.82
0.528
0.711
0.004
0.43
0.989
0.694
0.403
0.175
0.577
0.988
0.2
0.232
0.128
0.421
0.562
0.069
0.233
0.758
0.388
0.918
0.29
0.862
0.074
0.248
0.985
0.161
0.311
0.476
0.083
0.316
0.654
0.839
0.676
0.387
0.832
0.732
0.916
0.136
0.294
0.503
0.075
0.487
0.986
0.402
0.865
0.611
0.067
0.065
0.863
0.262
0.959
0.745
0.748
0.678
0.25
0.528
0.118
0.252
0.584
0.499
0.794
0.346
0.771
0.855
0.374
0.063
0.219
0.205
0.615
0.932
0.647
0.438
0.585
0.871
0.55
0.646
0.859
0.028
0.035
0.092
0.646
0.769
0.173
0.474
0.884
0.62
0.525
0.083
0.545
0.038
0.908
0.352
0.551
0.67
0.972
0.654
0.48
0.584
0.758
0.624
0.685
0.7
0.696
0.578
0.581
0.657
0.847
0.165
0.367
0.256
0.018
0.205
0.971
0.165
0.224
0.503
0.791
0.728
0.491
0.235
0.926
0.914
0.675
0.733
0.102
0.692
0.992
0.346
0.014
0.685
0.236
0.491
0.258
0.049
0.3
0.779
0.956
0.03
0.547
0.511
0.579
0.963
0.699
0.5
0.466
0.012
0.171
0.703
0.985
0.441
0.461
0.595
0.972
0.032
0.405
0.49
0.969
0.987
0.602
0.623
0.01
0.127
0.076
0.816
0.834
0.724
0.205
0.525
0.322
0.067
0.433
0.736
0.429
0.422
0.18
0.695
0.239
0.37
0.799
0.592
0.069
0.782
0.334
0.211
0.0
0.527
0.242
0.357
0.272
0.423
0.799
0.913
0.08
0.966
0.718
0.659
0.345
0.556
0.207
0.664
0.265
0.896
0.321
0.145
0.514
0.985
0.24
0.022
0.582
0.092
0.144
0.567
0.675
0.437
0.796
0.266
0.331
0.959
0.432
0.513
0.677
0.565
0.157
0.029
0.389
0.321
0.54
0.141
0.929
0.607
0.72
0.891
0.185
0.374
0.011
0.992
0.098
0.558
0.065
0.636
0.458
0.156
0.923
0.693
0.866
0.754
0.628
0.612
0.272
0.966
0.031
0.398
0.666
0.7
0.178
0.368
0.961
0.017
0.423
0.593
0.476
0.527
0.614
0.633
0.372
0.732
0.326
0.503
0.038
0.645
0.005
0.833
0.98
0.289
0.939
0.847
0.179
0.055
0.56
0.322
0.386
0.288
0.855
0.557
0.47
0.045
0.63
0.489
0.702
0.661
0.558
0.545
0.827
0.592
0.128
0.942
0.591
0.925
0.372
0.778
0.117
0.024
0.495
0.768
0.702
0.786
0.349
0.698
0.933
0.207
0.501
0.565
0.336
0.162
0.819
0.176
0.872
0.372
0.278
0.63
0.641
0.85
0.806
0.117
0.967
0.528
0.652
0.274
0.049
0.53
0.128
0.584
0.607
0.03
0.968
0.47
0.479
0.947
0.141
0.62
0.441
0.898
0.597
0.212
0.127
0.079
0.345
0.05
0.433
0.629
0.661
0.793
0.6
0.653
0.057
0.061
0.073
0.601
0.719
0.263
0.987
0.309
0.203
0.515
0.989
0.862
0.021
0.059
0.627
0.021
0.091
0.652
0.227
0.252
0.773
0.028
0.427
0.893
0.307
0.106
0.293
0.607
0.396
0.23
0.126
0.399
0.432
0.916
0.56
0.114
0.027
0.759
0.184
0.508
0.301
0.82
0.404
0.209
0.754
0.152
0.363
0.904
0.687
0.111
0.402
0.68
0.363
0.093
0.063
0.226
0.957
0.532
0.56
0.57
0.733
0.793
0.332
0.195
0.499
0.196
0.916
0.903
0.554
0.938
0.351
0.614
0.062
0.396
0.758
0.092
0.217
0.605
0.931
0.752
0.126
0.469
0.542
0.309
0.803
0.711
0.071
0.694
0.208
0.361
0.158
0.119
0.749
0.04
0.774
0.02
0.962
0.959
0.091
0.914
0.892
0.629
0.511
0.253
0.722
0.563
0.235
0.371
0.565
0.792
0.539
0.914
0.18
0.83
0.543
0.672
0.967
0.991
