0.463
0.602
0.941
0.077
0.973
0.791
0.237
0.211
0.547
0.253
0.805
0.397
0.1
0.058
0.249
0.686
0.877
0.85
0.413
0.894
0.586
0.302
0.984
0.0
0.245
0.37
0.981
0.185
0.501
0.071
0.214
0.901
0.975
0.974
0.243
0.362
0.469
0.83
0.358
0.45
0.961
0.529
0.857
0.619
0.463
0.722
0.407
0.424
0.806
0.505
0.185
0.061
0.309
0.863
0.799
0.948
0.843
0.904
0.318
0.534
0.038
0.481
0.257
0.52
0.448
0.889
0.52
0.274
0.185
0.303
0.042
0.834
0.08
0.177
0.578
0.756
0.306
0.149
0.187
0.926
0.062
0.497
0.885
0.379
0.748
0.397
0.475
0.724
0.441
0.531
0.247
0.624
0.042
0.008
0.396
0.39
0.146
0.308
0.751
0.758
0.855
0.958
0.691
0.995
0.195
0.681
0.597
0.592
0.534
0.29
0.527
0.483
0.595
0.841
0.117
0.025
0.081
0.723
0.768
0.941
0.798
0.167
0.974
0.331
0.144
0.216
0.178
0.942
0.933
0.868
0.902
0.316
0.212
0.163
0.546
0.93
0.11
0.398
0.456
0.386
0.993
0.69
0.55
0.288
0.764
0.334
0.082
0.524
0.732
0.259
0.785
0.844
0.442
0.321
0.403
0.427
0.387
0.008
0.595
0.186
0.25
0.266
0.71
0.011
0.337
0.559
0.789
0.455
0.922
0.144
0.736
0.329
0.25
0.48
0.282
0.146
0.342
0.918
0.493
0.03
0.893
0.95
0.097
0.253
0.979
0.99
0.801
0.438
0.613
0.779
0.188
0.003
0.825
0.682
0.436
0.181
0.443
0.913
0.517
0.653
0.522
0.924
0.269
0.424
0.205
0.172
0.467
0.264
0.755
0.313
0.466
0.042
0.521
0.456
0.285
0.344
0.781
0.328
0.498
0.408
0.431
0.424
0.812
0.617
0.487
0.371
0.714
0.797
0.208
0.422
0.418
0.885
0.468
0.805
0.893
0.117
0.139
0.914
0.369
0.036
0.924
0.779
0.496
0.804
0.491
0.991
0.622
0.306
0.655
0.263
0.693
0.323
0.381
0.025
0.613
0.726
0.206
0.157
0.738
0.255
0.505
0.062
0.951
0.159
0.022
0.55
0.013
0.147
0.069
0.147
0.948
0.689
0.151
0.933
0.48
0.792
0.46
0.566
0.434
0.515
0.766
0.732
0.143
0.92
0.094
0.787
0.129
0.02
0.575
0.398
0.11
0.146
0.384
0.866
0.407
0.523
0.098
0.119
0.268
0.5
0.756
0.534
0.537
0.97
0.466
0.867
0.764
0.083
0.249
0.185
0.375
0.43
0.779
0.227
0.007
0.798
0.845
0.984
0.751
0.474
0.905
0.345
0.284
0.791
0.751
0.034
0.791
0.386
0.044
0.231
0.29
0.255
0.414
0.008
0.976
0.697
0.434
0.435
0.127
0.794
0.798
0.394
0.587
0.732
0.698
0.771
0.848
0.222
0.326
0.748
0.273
0.201
0.081
0.638
0.726
0.773
0.463
0.646
0.059
0.609
0.725
0.267
0.996
0.875
0.867
0.13
0.342
0.537
0.909
0.536
0.069
0.678
0.666
0.211
0
0.537
0.794
0.808
0.519
0.041
0.364
0.126
0.13
0.703
0.948
0.209
0.265
0.91
0.191
0.266
0.405
0.148
0.419
0.581
0.768
0.514
0.298
0.455
0.746
0.023
0.426
0.201
0.657
0.636
0.385
0.189
0.301
0.054
0.305
0.456
0.657
0.488
0.01
0.261
0.951
0.095
0.483
0.636
0.402
0.913
0.708
0.406
0.822
0.732
0.342
0.443
0.341
0.032
0.508
0.859
0.572
0.791
0.117
0.979
0.868
0.345
0.011
0.82
0.619
0.247
0.856
0.191
0.287
0.903
0.432
0.861
0.123
0.747
0.578
0.169
0.177
0.011
0.584
0.854
0.633
0.352
0.386
0.13
0.573
0.469
0.791
0.89
0.075
0.298
0.533
0.988
0.814
0.985
0.727
0.375
0.843
0.146
0.525
0.226
0.125
0.652
0.807
0.919
0.361
0.062
0.983
0.753
0.159
0.421
0.046
0.418
0.457
0.309
0.706
0.353
0.329
0.697
0.393
0.282
0.789
0.881
0.827
0.706
0.763
0.077
0.774
0.728
0.596
0.734
0.551
0.187
0.699
0.723
0.644
0.048
0.346
0.951
0.021
0.06
0.086
0.496
0.911
0.994
0.248
0.532
0.419
0.338
0.285
0.522
0.701
0.504
0.131
0.184
0.473
0.717
0.784
0.988
0.082
0.684
0.095
0.117
0.259
0.255
0.261
0.107
0.056
0.912
0.257
0.979
0.611
0.264
0.274
0.438
0.449
0.659
0.541
0.615
0.75
0.971
0.886
0.625
0.959
0.556
0.828
0.421
0.353
0.515
0.388
0.643
0.876
0.203
0.788
0.373
0.852
0.255
0.646
0.768
0.425
0.915
0.971
0.381
0.57
0.536
0.826
0.382
0.114
0.863
0.377
0.952
0.681
0.013
0.7
0.224
0.771
0.303
0.661
0.575
0.846
0.154
0.923
0.887
0.645
0.562
0.851
0.631
0.737
0.342
0.472
0.011
0.211
0.76
0.136
0.989
0.678
0.981
0.557
0.497
0.019
0.185
0.733
0.485
0.882
0.362
0.002
0.315
0.942
0.163
0.889
0.701
0.46
0.306
0.78
0.269
0.975
0.355
0.269
0.72
0.159
0.397
0.066
0.6
0.342
0.437
0.44
0.313
0.067
0.855
0.921
0.6
0.346
0.247
0.209
0.946
0.586
0.472
0.929
0.254
0.208
0.051
0.527
0.383
0.865
0.822
0.169
0.381
0.154
0.193
0.772
0.374
0.998
0.024
0.609
0.812
0.429
0.736
0.714
0.647
0.027
0.812
0.506
0.306
0.452
0.229
0.07
0.314
0.993
0.984
0.791
0.14
0.953
0.989
0.918
0.489
0.771
0.068
0.275
0.496
0.634
0.955
0.299
0.429
0.744
0.903
0.164
0.778
0.773
0.462
0.397
0.414
0.727
0.44
0.368
0.061
0.101
0.192
0.684
0.494
0.415
0.589
0.599
0.752
0.097
0.228
0.7
0.574
0.448
0.404
0.822
0.523
0.327
0.056
0.283
0.968
0.44
0.714
0.18
0.325
0.098
0.308
0.042
0.292
0.437
0.441
0.966
0.573
0.187
0.739
0.077
0.754
0.169
0.629
0.544
0.828
0.168
0.365
0.12
0.89
0.368
0.389
0.942
0.296
0.792
0.619
0.196
0.137
0.771
0.851
0.34
0.821
0.181
0.123
0.803
0.054
0.73
0.781
0.162
0.997
0.767
0.517
0.69
0.214
0.585
0.444
0.824
0.464
0.014
0.343
0.89
0.415
0.229
0.584
0.256
0.451
0.551
0.228
0.12
0.964
0.064
0.399
0.638
0.881
0.752
0.186
0.261
0.216
0.948
0.711
0.51
0.867
0.091
0.785
0.481
0.331
0.935
0.653
0.255
0.148
0.392
0.036
0.862
0.144
0.514
0.144
0.042
0.459
0.839
0.114
0.042
0.114
0.933
0.316
0.899
0.327
0.075
0.647
0.541
0.45
0.005
0.59
0.051
0.115
0.017
0.623
0.198
0.19
0.437
0.741
0.891
0.356
0.505
0.93
0.493
0.519
0.372
0.268
0.868
0.042
0.187
0.659
0.525
0.682
0.421
0.784
0.891
0.248
0.303
0.233
0.115
0.836
0.305
0.723
0.331
0.644
0.911
0.955
0.971
0.466
0.988
0.459
0.335
0.255
0.692
0.863
0.047
0.874
0.799
0.969
0.926
0.046
0.058
0.493
0.619
0.979
0.223
0.484
0.913
0.159
0.675
0.552
0.086
0.006
0.257
0.128
0.86
0.533
0.381
0.992
0.122
0.396
0.079
0.014
0.17
0.655
0.585
0.974
0.56
0.772
0.653
0.172
0.969
0.969
0.586
0.124
0.212
0.007
0.092
0.681
0.272
0.138
0.001
0.714
0.519
0.804
0.091
0.494
0.79
0.657
0.749
0.095
0.57
0.239
0.825
0.356
0.545
0.814
0.658
0.629
0.647
0.089
0.146
0.934
0.474
0.188
0.964
0.185
0.64
0.59
0.248
0.869
0.368
0.394
0.56
0.551
0.944
0.422
0.012
0.651
0.041
0.188
0.943
0.097
0.366
0.446
0.514
0.015
0.479
0.094
0.757
0.795
0.803
0.509
0.45
0.794
0.376
0.629
0.655
0.659
0.204
0.459
0.925
0.496
0.377
0.311
0.893
0.392
0.325
0.148
0.289
0.579
0.275
0.754
0.718
0.009
0.877
0.244
