0.164
0.687
0.905
0.957
0.345
0.44
0.238
0.08
0.104
0.298
0.119
0.667
0.661
0.527
0.523
0.867
0.803
0.203
0.133
0.738
0.386
0.447
0.695
0.131
0.66
0.982
0.815
0.802
0.423
0.806
0.217
0.669
0.163
0.515
0.589
0.265
0.055
0.797
0.535
0.736
0.732
0.897
0.388
0.614
0.796
0.624
0.73
0.579
0.746
0.222
0.565
0.385
0.683
0.729
0.005
0.245
0.259
0.826
0.059
0.023
0.801
0.087
0.335
0.009
0.282
0.294
0.077
0.376
0.328
0.271
0.514
0.244
0.421
0.953
0.27
0.772
0.994
0.751
0.077
0.743
0.603
0.262
0.282
0.84
0.158
0.868
0.48
0.456
0.213
0.604
0.43
0.617
0.285
0.61
0.023
0.408
0.774
0.212
0.484
0.416
0.096
0.038
0.398
0.544
0.437
0.049
0.505
0.613
0.708
0.785
0.37
0.722
0.433
0.172
0.145
0.322
0.696
0.903
0.113
0.251
0.579
0.855
0.119
0.542
0.854
0.736
0.533
0.334
0.034
0.085
0.458
0.235
0.51
0.68
0.779
0.499
0.826
0.344
0.293
0.812
0.636
0.059
0.746
0.541
0.299
0.35
0.569
0.096
0.555
0.667
0.341
0.659
0.878
0.072
0.714
0.457
0.548
0.717
0.098
0.564
0.15
0.582
0.741
0.178
0.859
0.867
0.454
0.268
0.331
0.092
0.84
0.338
0.601
0.971
0.145
0.334
0.342
0.794
0.427
0.218
0.651
0.477
0.999
0.122
0.413
0.534
0.752
0.11
0.347
0.678
0.007
0.083
0.876
0.764
0.015
0.881
0.46
0.787
0.251
0.017
0.238
0.859
0.646
0.691
0.346
0.524
0.961
0.366
0.377
0.146
0.336
0.358
0.108
0.25
0.217
0.804
0.03
0.706
0.455
0.104
0.295
0.22
0.758
0.944
0.513
0.747
0.948
0.534
0.341
0.469
0.24
0.908
0.116
0.918
0.035
0.382
0.864
0.912
0.395
0.66
0.611
0.227
0.36
0.178
0.249
0.94
0.121
0.317
0.899
0.232
0.292
0.836
0.737
0.993
0.635
0.83
0.647
0.894
0.853
0.781
0.888
0.64
0.788
0.13
0.548
0.468
0.595
0.119
0.09
0.464
0.495
0.255
0.901
0.466
0.536
0.782
0.752
0.593
0.248
0.328
0.423
0.057
0.559
0.769
0.611
0.889
0.247
0.211
0.647
0.796
0.906
0.772
0.839
0.308
0.671
0.354
0.668
0.909
0.728
0.44
0.422
0.902
0.961
0.301
0.78
0.712
0.208
0.139
0.89
0.758
0.279
0.127
0.581
0.719
0.607
0.505
0.799
0.263
0.672
0.641
0.202
0.713
0.931
0.732
0.945
0.933
0.68
0.166
0.414
0.12
0.24
0.927
0.564
0.313
0.436
0.814
0.774
0.277
0.03
0.246
0.037
0.802
0.952
0.467
0.713
0.284
0.327
0.681
0.744
0.232
0.058
0.501
0.656
0.939
0.331
0.571
0.649
0.499
0.261
0.484
0.762
0.389
0.528
0.27
0.117
0.721
0.05
0.346
0.883
0.537
0.221
0.197
0.316
0.392
0.709
0.011
0.944
0.383
0.605
0.132
0.499
0.125
0.121
0.609
0.596
0.658
0.413
0.915
0.359
0.875
0.241
0.64
0.548
0.444
0.885
0.634
0.876
0.604
0.574
0.671
0.75
0.226
0.303
0.64
0.853
0.563
0.164
0.169
0.532
0.073
0.855
0.017
0.983
0.49
0.334
0.372
0.24
0.033
0.625
0.673
0.136
0.634
0.153
0.145
0.903
0.485
0.795
0.957
0.617
0.822
0.138
0.049
0.368
0.523
0.156
0.706
0.824
0.306
0.306
0.29
0.288
0.253
0.941
0.88
0.139
0.246
0.728
0.748
0.89
0.125
0.567
0.239
0.004
0.657
0.928
0.956
0.5
0.186
0.935
0.342
0.896
0.851
0.97
0.077
0.946
0.329
0.559
0.819
0.014
0.034
0.165
0.512
0.826
0.895
0.845
0.443
0.451
0.289
0.206
0.593
0.068
0.615
0.494
0.329
0.709
0.797
0.582
0.674
0.542
0.703
0.458
0.203
0.479
0.573
0.789
0.272
0.633
0.755
0.239
0.244
0.389
0.944
0.456
0.631
0.66
0.857
0.706
0.182
0.956
0.793
0.553
0.93
0.301
0.757
0.671
0.975
0.141
0.394
0.015
0.949
0.212
0.028
0.857
0.789
0.42
0.067
0.206
0.478
0.451
0.98
0.905
0.172
0.766
0.544
0.187
0.218
0.372
0.024
0.151
0.131
0.005
0.486
0.062
0.616
0.503
0.394
0.762
0.251
0.156
0.844
0.518
0.994
0.021
0.319
0.804
0.82
0.841
0.033
0.843
0.703
0.021
0.284
0.887
0.906
0.034
0.876
0.482
0.533
0.577
0.702
0.128
0.77
0.914
0.928
0.281
0.408
0.865
0.042
0.456
0.555
0.486
0.573
0.339
0.385
0.673
0.602
0.414
0.511
0.546
0.083
0.617
0.82
0.309
0.394
0.831
0.685
0.86
0.365
0.442
0.798
0.125
0.189
0.107
0.495
0.093
0.835
0.999
0.554
0.826
0.139
0.631
0.303
0.606
0.06
0.549
0.999
0.33
0.547
0.402
0.499
0.526
0.47
0.922
0.36
0.233
0.876
0.501
0.273
0.412
0.726
0.042
0.912
0.693
0.276
0.364
0.412
0.601
0.833
0.386
0.56
0.665
0.648
0.631
0.284
0.309
0.469
0.869
0.89
0.016
0.72
0.841
0.58
0.192
0.527
0.487
0.544
0.986
0.709
0.518
0.307
0.241
0.952
0.89
0.297
0.325
0.056
0.692
0.642
0.856
0.321
0.5
0.782
0.578
0.813
0.595
0.864
0.884
0.903
0.221
0.093
0.642
0.483
0.217
0.44
0.937
0.504
0.292
0.141
0.68
0.264
0.934
0.681
0.578
0.285
0.761
0.256
0.734
0.138
0.788
0.881
0.58
0.951
0.71
0.034
0.675
0.7
0.634
0.377
0.377
0.021
0.677
0.211
0.844
0.441
0.33
0.973
0.794
0.7
0.053
0.574
0.551
0.017
0.13
0.574
0.258
0.466
0.65
0.348
0.492
0.554
0.963
0.07
0.394
0.957
0.109
0.519
0.329
0.735
0.507
0.707
0.113
0.724
0.026
0.656
0.065
0.161
0.12
0.738
0.888
0.309
0.204
0.886
0.294
0.301
0.99
0.447
0.815
0.321
0.39
0.295
0.681
0.768
0.746
0.516
0.548
0.854
0.717
0.207
0.641
0.821
0.147
0.13
0.831
0.965
0.149
0.592
0.837
0.138
0.311
0.535
0.416
0.897
0.654
0.515
0.334
0.619
0.626
0.722
0.88
0.836
0.027
0.622
0.811
0.55
0.071
0.554
0.413
0.704
0.446
0.818
0.171
0.496
0.478
0.788
0.109
0.925
0.873
0.141
0.749
0.491
0.106
0.921
0.679
0.432
0.894
0.054
0.098
0.096
0.71
0.865
0.002
0.601
0.764
0.345
0.431
0.886
0.55
0.56
0.853
0.878
0.251
0.424
0.521
0.094
0.272
0.548
0.833
0.991
0.07
0.122
0.29
0.321
0.485
0.174
0.221
0.66
0.023
0.28
0.84
0.749
0.124
0.578
0.769
0.214
0.621
0.125
0.987
0.936
0.923
0.315
0.679
0.244
0.594
0.668
0.486
0.411
0.993
0.496
0.263
0.288
0.384
0.646
0.497
0.239
0.241
0.847
0.869
0.914
0.135
0.866
0.0
0.884
0.036
0.843
0.289
0.731
0.117
0.945
0.179
0.824
0.473
0.733
0.525
0.911
0.554
0.533
0.835
0.086
0.432
0.603
0.865
0.395
0.98
0.091
0.975
0.522
0.967
0.993
0.83
0.875
0.494
0.095
0.036
0.881
0.613
0.898
0.892
0.002
0.332
0.146
0.123
0.699
0.473
0.73
0.358
0.845
0.117
0.266
0.584
0.056
0.539
0.424
0.633
0.914
0.698
0.473
0.077
0.799
0.459
0.994
0.897
0.152
0.187
0.614
0.609
0.247
0.104
0.489
0.98
0.583
0.869
0.774
0.352
0.836
0.925
0.548
0.505
0.716
0.471
0.638
0.178
0.26
0.616
0.168
0.618
0.721
0.788
0.926
0.034
0.956
0.078
0.563
0.256
0.435
0.669
0.884
0.283
0.731
0.602
0.775
0.394
0.582
0.906
0.814
0.309
0.177
0.562
0.311
0.646
0.839
0.763
0.252
1.0
0.42
0.592
0.05
0.795
0.212
0.021
0.483
