0.204
0.38
0.542
0.222
0.57
0.405
0.537
0.84
0.009
0.498
0.024
0.495
0.849
0.089
0.565
0.13
0.194
0.96
0.44
0.472
0.246
0.819
0.576
0.778
0.557
0.505
0.257
0.196
0.052
0.602
0.273
0.241
0.665
0.998
0.107
0.59
0.985
0.597
0.351
0.628
0.593
0.36
0.506
0.584
0.18
0.156
0.36
0.215
0.722
0.104
0.125
0.728
0.626
0.555
0.043
0.563
0.195
0.733
0.505
0.262
0.74
0.768
0.253
0.605
0.502
0.395
0.292
0.772
0.806
0.839
0.836
0.976
0.583
0.308
0.834
0.796
0.881
0.493
0.243
0.162
0.214
0.813
0.467
0.494
0.507
0.886
0.033
0.07
0.218
0.906
0.544
0.789
0.026
0.13
0.899
0.259
0.321
0.223
0.235
0.978
0.489
0.789
0.621
0.382
0.847
0.813
0.708
0.465
0.876
0.784
0.066
0.146
0.462
0.957
0.446
0.695
0.836
0.48
0.332
0.268
0.819
0.019
0.766
0.946
0.031
0.823
0.54
0.89
0.763
0.538
0.427
0.105
0.876
0.388
0.954
0.709
0.448
0.817
0.852
0.143
0.396
0.331
0.051
0.483
0.976
0.773
0.913
0.093
0.921
0.027
0.151
0.522
0.583
0.507
0.023
0.482
0.075
0.112
0.143
0.113
0.402
0.093
0.574
0.898
0.68
0.526
0.24
0.037
0.139
0.292
0.625
0.888
0.351
0.553
0.217
0.9
0.037
0.95
0.982
0.154
0.959
0.485
0.106
0.69
0.24
0.831
0.135
0.276
0.228
0.098
0.851
0.791
0.271
0.535
0.011
0.568
0.469
0.747
0.471
0.601
0.651
0.076
0.012
0.327
0.868
0.848
0.305
0.509
0.848
0.667
0.501
0.361
0.042
0.334
0.841
0.891
0.72
0.534
0.115
0.247
0.919
0.733
0.506
0.666
0.673
0.946
0
0.632
0.564
0.661
0.301
0.608
0.02
0.652
0.223
0.175
0.757
0.636
0.506
0.245
0.374
0.327
0.334
0.172
0.792
0.292
0.83
0.103
0.776
0.788
0.641
0.83
0.382
0.661
0.828
0.579
0.295
0.22
0.195
0.622
0.513
0.496
0.081
0.893
0.201
0.864
0.408
0.909
0.546
0.986
0.173
0.86
0.156
0.068
0.391
0.739
0.533
0.654
0.348
0.924
0.55
0.433
0.121
0.357
0.838
0.119
0.064
0.221
0.612
0.515
0.162
0.136
0.879
0.869
0.497
0.76
0.221
0
0.045
0.505
0.94
0.073
0.993
0.535
0.118
0.343
0.051
0.56
0.336
0.746
0.595
0.249
0.503
0.626
0.867
0.932
0.864
0.947
0.176
0.139
0.608
0.682
0.983
0.724
0.844
0.598
0.048
0.149
0.901
0.282
0.139
0.449
0.412
0.703
0.791
0.516
0.794
0.24
0.592
0.643
0.372
0.874
0.967
0.701
0.054
0.204
0.27
0.159
0.32
0.278
0.312
0.719
0.398
0.877
0.041
0.842
0.682
0.897
0.819
0.209
0.24
0.996
0.597
0.066
0.193
0.421
0.043
0.867
0.862
0.259
0.813
0.386
0.515
0.302
0.257
0.052
0.068
0.773
0.774
0.277
0.317
0.252
0.18
0.03
0.149
0.91
0.468
0.81
0.808
0.153
0.645
0.303
0.382
0.993
0.546
0.447
0.201
0.317
0.624
0.013
0.703
0.204
0.078
0.893
0.969
0.883
0.724
0.952
0.671
0.761
0.83
0.662
0.873
0.723
0.395
0.35
0.397
0.458
0.788
0.465
0.908
0.119
0.147
0.638
0.716
0.754
0.66
0.774
0.898
0.642
0.418
0.52
0.188
0.853
0.308
0.256
0.996
0.112
0.559
0.221
0.424
0.209
0.94
0.695
0.587
0.157
0.097
0.246
0.523
0.237
0.901
0.864
0.257
0.811
0.201
0.216
0.35
0.756
0.955
0.697
0.97
0.143
0.725
0.558
0.731
0.15
0.609
0.076
0.991
0.859
0.364
0.33
0.111
0.153
0.314
0.562
0.339
0.671
0.987
0.065
0.773
0.31
0.593
0.97
0.61
0.173
0.44
0.235
0.29
0.216
0.464
0.786
0.627
0.12
0.503
0.993
0.472
0.179
0.009
0.291
0.205
0.072
0.824
0.002
0.937
0.419
0.932
0.223
0.415
0.633
0.743
0.258
0.31
0.443
0.539
0.309
0.816
0.937
0.629
0.378
0.648
0.488
0.9
0.429
0.545
0.348
0.205
0.886
0.77
0.103
0.112
0.716
0.452
0.736
0.959
0.472
0.394
0.617
0.566
0.594
0.178
0.629
0.271
0.835
0.815
0.398
0.493
0.893
0.696
0.605
0.98
0.035
0.992
0.025
0.233
0.484
0.998
0.89
0.471
0.841
0.872
0.331
0.746
0.676
0.764
0.752
0.225
0.734
0.659
0.675
0.574
0.819
0.847
0.177
0.545
0.21
0.117
0.364
0.774
0.885
0.048
0.039
0.33
0.377
0.844
0.348
0.56
0.274
0.522
0.648
0.421
0.835
0.258
0.72
0.245
0.399
0.6
0.722
0.938
0.023
0.836
0.459
0.894
0.318
0.542
0.698
0.242
0.053
0.461
0.142
0.834
0.939
0.899
0.605
0.599
0.054
0.075
0.345
0.943
0.276
0.935
0.167
0.013
0.421
0.994
0.847
0.675
0.248
0.39
0.72
0.752
0.67
0.097
0.322
0.104
0.817
0.06
0.521
0.753
0.791
0.89
0.527
0.924
0.014
0.955
0.415
0.438
0.417
0.166
0.409
0.976
0.727
0.074
0.406
0.946
0.607
0.168
0.257
0.569
0.937
0.008
0.127
0.795
0.846
0.656
0.443
0.879
0.284
0.748
0.322
0.057
0.772
0.681
0.888
0.737
0.837
0.783
0.903
0.952
0.993
0.704
0.665
0.62
0.489
0.083
0.167
0.67
0.417
0.027
0.135
0.152
0.141
0.764
0.955
0.724
0.837
0.292
0.38
0.067
0.863
0.476
0.595
0.417
0.619
0.437
0.152
0.175
0.406
0.353
0.163
0.14
0.986
0.631
0.178
0.215
0.219
0.488
0.519
0.957
0.579
0.711
0.564
0.38
0.712
0.014
0.737
0.115
0.091
0.911
0.842
0.864
0.88
0.349
0.553
0.547
0.131
0.599
0.045
0.865
0.217
0.576
0.304
0.238
0.653
0.655
0.963
0.076
0.222
0.513
0.036
0.227
0
0.181
0.564
0.131
0.013
0.823
0.482
0.695
0.656
0.522
0.6
0.62
0.695
0.912
0.448
0.387
0.068
0.822
0.789
0.767
0.036
0.517
0.341
0.854
0.9
0.941
0.763
0.655
0.416
0.179
0.435
0.804
0.855
0.414
0.133
0.638
0.993
0.846
0.645
0.799
0.518
0.8
0.112
0.428
0.821
0.691
0.83
0.556
0.376
0.8
0.865
0.66
0.834
0.17
0.228
0.103
0.308
0.028
0.969
0.825
0.589
0.414
0.296
0.03
0.645
0.085
0.344
0.644
0.51
0.338
0.396
0.863
0.562
0.86
0.918
0.236
0.922
0.96
0.742
0.773
0.091
0.231
0.393
0.942
0.806
0.451
0.213
0.955
0.365
0.863
0.225
0.364
0.688
0.407
0.64
0.143
0.408
0.099
0.002
0.049
0.163
0.411
0.254
0.144
0.165
0.151
0.837
0.57
0.799
0.15
0.865
0.423
0.471
0.347
0.429
0.705
0.097
0.224
0.493
0.019
0.422
0.574
0.731
0.039
0
0.697
0.514
0.546
0.053
0.154
0.084
0.272
0.444
0.842
0.068
0.32
0.205
0.456
0.689
0.777
0.121
0.968
0.476
0.666
0.731
0.175
0.498
0.945
0.114
0.228
0.245
0.323
0.616
0.606
0.49
0.137
0.503
0.737
0.861
0.074
0.829
0.433
0.329
0
0.248
0.088
0.421
0.138
0.459
0.924
0.833
0.622
0.472
0.661
0.662
0.18
0.007
0.22
0.112
0.266
0.002
0.257
0.318
0.321
0.15
0.163
0.298
0.162
0.592
0.741
0.239
0.766
0.705
0.299
0.539
0.565
0.378
0.289
0.604
0.615
0.966
0.932
0.357
0.62
0.064
0.019
0.136
0.836
0.113
0.942
0.039
0.794
0.411
0.942
0.564
0.488
0.354
0.022
0.321
0.945
0.216
0.575
0.71
0.258
0.262
0.96
0.211
0.238
0.997
0.152
0.204
0.836
0.792
0.546
0.824
0.27
0.582
0.587
0.5
0.809
0.843
0.162
0.459
0.782
0.663
0.044
0.958
0.783
0.387
