0.274
0.553
0.906
0.223
0.154
0.084
0.786
0
0.226
0.236
0.725
0.388
0.185
0.266
0.151
0.409
0.539
0.962
0.39
0.156
0.815
0.582
0.45
0.362
0.056
0.153
0.793
0.413
0.367
0.939
0.909
0.949
0.288
0.968
0.576
0.855
0.244
0.562
0.873
0.474
0.997
0.814
0.553
0.49
0.228
0.198
0.116
0.583
0.045
0.314
0.445
0.382
0.534
0.687
0.336
0.025
0.038
0.557
0.698
0.377
0.879
0.537
0.507
0.521
0.788
0.941
0.583
0.329
0.357
0.383
0.98
0.221
0.815
0.796
0.815
0.779
0.684
0.513
0.215
0.621
0.944
0.676
0.367
0.486
0.559
0.167
0.604
0.31
0.027
0.248
0.724
0.526
0.644
0.924
0.253
0.701
0.978
0.781
0.401
0.742
0.553
0.065
0.298
0.557
0.478
0.501
0.202
0.078
0.443
0.365
0.461
0.489
0.035
0.339
0.72
0.486
0.328
0.627
0.325
0.06
0.893
0.297
0.366
0.15
0.398
0.513
0.515
0.785
0.147
0.868
0.819
0.385
0.438
0.058
0.694
0.963
0.569
0.52
0.794
0.856
0.773
0.895
0.645
0.99
0.68
0.548
0.994
0.404
0.452
0.288
0.995
0.139
0.853
0.211
0.823
0.74
0.127
0.136
0.399
0.259
0.132
0.654
0.445
0.132
0.532
0.749
0.291
0.609
0.984
0.187
0.137
0.715
0.385
0.602
0.139
0.323
0.705
0.263
0.514
0.836
0.032
0.183
0.645
0.602
0.593
0.179
0.13
0.24
0.601
0.367
0.439
0.381
0.545
0.128
0.121
0.183
0.977
0.134
0.563
0.421
0.694
0.122
0.52
0.114
0.301
0.467
0.081
0.97
0.461
0.377
0.862
0.505
0.145
0.606
0.196
0.878
0.965
0.508
0.14
0.336
0.196
0.84
0.464
0.433
0.207
0.146
0.752
0.337
0.447
0.077
0.802
0.664
0.24
0.11
0.637
0.831
0.008
0.711
0.803
0.705
0.293
0.495
0.026
0.53
0.657
0.421
0.73
0.135
0.108
0.153
0.004
0.091
0.732
0.253
0.392
0.919
0.396
0.509
0.409
0.547
0.871
0.041
0.922
0.26
0.097
0.358
0.623
0.746
0.736
0.274
0.751
0.505
0.242
0.793
0.071
0.966
0.503
0.611
0.761
0.234
0.372
0.051
0.833
0.916
0.43
0.327
0.646
0.373
0.289
0.257
0.336
0.557
0.86
0.672
0.612
0.459
0.303
0.585
0.695
0.012
0.45
0.015
0.369
0.118
0.991
0.425
0.085
0.249
0.384
0.274
0.611
0.416
0.906
0.223
0.82
0.677
0.338
0
0.838
0.271
0.374
0.95
0.66
0.939
0.956
0.817
0.254
0.54
0.078
0.59
0.012
0.384
0.708
0.859
0.297
0.832
0.423
0.716
0.069
0.5
0.535
0.173
0.057
0.481
0.484
0.121
0.107
0.971
0.686
0.41
0.989
0.13
0.101
0.43
0.193
0.195
0.891
0.652
0.829
0.638
0.103
0.107
0.123
0.724
0.799
0.37
0.033
0.662
0.41
0.259
0.197
0.436
0.891
0.043
0.208
0
0.029
0.749
0.448
0.003
0.919
0.415
0.531
0.065
0.517
0.883
0.677
0.561
0.133
0.791
0.014
0.661
0.047
0.992
0.483
0.493
0.879
0.349
0.197
0.755
0.853
0.205
0.705
0.88
0.577
0.236
0.543
0.093
0.16
0.13
0.343
0.354
0.882
0.27
0.571
0.188
0.606
0.082
0.952
0.864
0.38
0.656
0.86
0.393
0.126
0.227
0.549
0.96
0.53
0.814
0.992
0.307
0.291
0.143
0.949
0.829
0.889
0.605
0.141
0.009
0.632
0.237
0.513
0.059
0.292
0.994
0.224
0.705
0.864
0.718
0.881
0.644
0.558
0.135
0.473
0.025
0.706
0.081
0.68
0.291
0.542
0.969
0.707
0.666
0.56
0.644
0.83
0.146
0.083
0.671
0.057
0.934
0.67
0.323
0.869
0.501
0.119
0.866
0.07
0.71
0.083
0.392
0.728
0.132
0.313
0.588
0.647
0.33
0.827
0.549
0.78
0.295
0.801
0.933
0.31
0.891
0.746
0.028
0.711
0.296
0.462
0.731
0.656
0.554
0.375
0.651
0.714
0.481
0.73
0.59
0.757
0.02
0.055
0.168
0.324
0.789
0.183
0.796
0.015
0.979
0.164
0.382
0.765
0.628
0.537
0.021
0.391
0.433
0.027
0.745
0.388
0.543
0.199
0.902
0.025
0.266
0.698
0.927
0.751
0.683
0.946
0.289
0.546
0.967
0.178
0.938
0.407
0.357
0.126
0.462
0.015
0.227
0.3
0.153
0.14
0.478
0.638
0.631
0.088
0.382
0.201
0.539
0.75
0.891
0.954
0.392
0.661
0.051
0.381
0.325
0.666
0.781
0.33
0.656
0.367
0.383
0.788
0.763
0.656
0.651
0.926
0.405
0.362
0.002
0.675
0.1
0.061
0.16
0.047
0.214
0.601
0.072
0
0.397
0.168
0.825
0.924
0.965
0.789
0.721
0.084
0.376
0.333
0.954
0.252
0.725
0.984
0.509
0.291
0.551
0.359
0.868
0.552
0.628
0.004
0.818
0.481
0.301
0.21
0.084
0.456
0.038
0.993
0.541
0.904
0.003
0.4
0.934
0.754
0.462
0.73
0.612
0.699
0.261
0.736
0.437
0.916
0.241
0.121
0.898
0.786
0.199
0.759
0.1
0.39
0.939
0.164
0.575
0.681
0.681
0.099
0.694
0.49
0.969
0.116
0.911
0.957
0.363
0.172
0.732
0.338
0.29
0.021
0.531
0.85
0.701
0.349
0.662
0.328
0.318
0.522
0.194
0.725
0.122
0.553
0.211
0.326
0.073
0.594
0.768
0.992
0.211
0.124
0.73
0.072
0.31
0.603
0.288
0.253
0.558
0.226
0.893
0.709
0.398
0.643
0.314
0.113
0.214
0.912
0.288
0.305
0.788
0.081
0.245
0.144
0.48
0.34
0.003
0.994
0.214
0.688
0.038
0.061
0.657
0.88
0.471
0.569
0.613
0.989
0.914
0.78
0.725
0.838
0.971
0.373
0.457
0.132
0.803
0.601
0.478
0.706
0.507
0.252
0.752
0.267
0.437
0.41
0.371
0.796
0.797
0.981
0.079
0.281
0.825
0.44
0.737
0.195
0.99
0.908
0.767
0.35
0.157
0.552
0.993
0.698
0.315
0.2
0.327
0.864
0.639
0.531
0.343
0.903
0
0.664
0.056
0.808
0.777
0.159
0.908
0.502
0.664
0.011
0.034
0.729
0.697
0.356
0.361
0.474
0.416
0.342
0.624
0.256
0.605
0.994
0.225
0.675
0.052
0.736
0.489
0.459
0.319
0.247
0.564
0.552
0.892
0.615
0.529
0.63
0.668
0.432
0.101
0.09
0.739
0.3
0.779
0.006
0.756
0.943
0.042
0.591
0.556
0.531
0.431
0.654
0.421
0.654
0.363
0.287
0.669
0.907
0.311
0.809
0.663
0.707
0.578
0.24
0.062
0.815
0.29
0.106
0.603
0.233
0.435
0.755
0.599
0.855
0.312
0.416
0.118
0.459
0.255
0.971
0.301
0.904
0.067
0.602
0.753
0.045
0.459
0.87
0.091
0.858
0.477
0.384
0.85
0.808
0.103
0.421
0.303
0.491
0.068
0.362
0.628
0.806
0.311
0.33
0.366
0.691
0.676
0.117
0.745
0.753
0.701
0.358
0.22
0.666
0.399
0.697
0.709
0.783
0.588
0.701
0.752
0.627
0.984
0.525
0.201
0.463
0.468
0.597
0.528
0.94
0.169
0.373
0.185
0.346
0.81
0.636
0.42
0.568
0.315
0.681
0.736
0.249
0.385
0.79
0.87
0.972
0.483
0.423
0.769
0.347
0.941
0.72
0.64
0.352
0.261
0.273
0.164
0.771
0.798
0.355
0.796
0.731
0.299
0.783
0.436
0.296
0.23
0.287
0.383
0.828
0.587
0.581
0.659
0.792
0.363
0.277
0.759
0.234
0.833
0.979
0.404
0.4
0.754
0.685
0.62
0.72
0.111
0.599
0.114
0.669
0.973
0.034
0.811
0.316
0.223
0.719
0.195
0.96
0.248
0.019
0.32
0.266
0.675
0.951
0.719
0.908
0.483
0.209
0.658
0.732
0.146
0.65
0.055
0.918
0.609
0.757
0.251
0.738
0.129
0.819
0.197
0.258
0.75
0.919
0.776
0.94
0
0.252
0.196
0.582
0.44
0.795
0.112
0.455
0.814
0.56
0.976
