0.284
0.988
0.028
0.207
0.334
0.568
0.508
0.247
0.97
0.6
0.319
0.811
0.395
0.517
0.435
0.043
0.693
0.779
0.6
0.82
0.793
0.567
0.459
0.165
0.094
0.44
0.964
0.929
0.201
0.371
0.744
0.128
0.755
0.33
0.402
0.237
0.381
0.999
0.066
0.151
0.817
0.997
0.167
0.99
0.641
0.428
0.566
0.066
0.517
0.57
0.581
0.122
0.833
0.751
0.398
0.539
0.981
0.902
0.465
0.096
0.678
0.188
0.413
0.859
0.602
0.455
0.757
0.215
0.382
0.478
0.16
0.958
0.893
0.016
0.102
0.894
0.088
0.778
0.428
0.697
0.18
0.968
0.516
0.696
0.433
0.908
0.143
0.042
0.81
0.191
0.153
0.404
0.188
0.281
0.482
0.385
0.765
0.782
0.453
0.953
0
0.646
0.783
0.962
0.482
0.197
0.594
0.111
0.529
0.93
0.403
0.709
0.614
0.014
0.377
0.716
0.828
0.912
0.35
0.684
0.307
0.288
0.664
0.724
0.089
0.26
0.742
0.409
0.996
0.653
0.183
0.81
0.257
0.742
0.942
0.627
0.638
0.521
0.747
0.968
0.31
0.84
0.159
0.847
0.486
0.417
0.354
0.584
0.257
0.398
0.27
0.08
0.72
0.732
0.48
0.716
0.29
0.672
0.461
0.765
0.251
0.852
0.783
0.189
0.415
0.502
0.896
0.766
0.825
0.669
0.364
0.739
0.623
0.293
0.26
0.291
0.01
0.263
0.267
0.745
0.28
0.799
0.796
0.206
0.013
0.385
0.779
0.056
0
0.645
0.803
0.411
0.317
0.277
0.997
0.167
0.385
0.785
0.316
0.09
0.958
0.336
0.912
0.98
0.252
0.633
0.315
0.806
0.881
0.578
0.671
0.512
0.602
0.637
0.487
0.524
0.121
0.228
0.461
0.231
0.721
0.273
0.593
0.097
0.592
0.663
0.328
0.116
0.988
0.165
0.857
0.124
0.132
0.188
0.066
0.193
0.296
0.924
0.043
0.234
0.383
0.429
0.599
0.942
0.887
0.66
0.11
0.863
0.101
0.924
0.151
0.474
0.656
0.824
0.175
0.34
0.212
0.091
0.971
0.358
0.075
0.403
0.677
0.936
0.206
0.915
0.499
0.012
0.13
0.89
0.052
0.339
0.705
0.377
0.838
0.102
0.935
0.326
0.604
0.055
0.141
0.571
0.12
0.599
0.198
0.82
0.808
0.327
0.08
0.075
0.174
0.441
0.261
0.187
0.075
0.782
0.109
0.027
0.17
0.445
0.243
0.218
0.066
0.427
0.966
0.092
0.834
0.265
0.112
0.643
0.932
0.659
0.314
0.709
0.753
0.025
0.936
0.535
0.865
0.835
0.232
0.944
0.689
0.307
0.829
0.657
0.717
0.419
0.067
0.454
0.429
0.504
0.473
0.711
0.601
0.791
0.259
0.985
0.128
0.442
0.12
0.595
0.783
0.331
0.342
0.456
0.131
0.991
0.523
0.082
0.444
0.716
0.897
0.846
0.664
0.957
0.387
0.686
0.04
0.61
0.228
0.829
0.856
0.823
0.659
0.947
0.295
0.113
0.607
0.443
0.958
0.354
0
0.955
0.433
0.029
0.465
0.479
0.073
0.242
0.377
0.323
0.815
0.596
0.2
0.709
0.814
0.744
0.733
0.609
0.516
0.444
0.734
0.069
0.677
0.763
0.618
0.697
0.884
0.386
0.127
0.862
0.503
0.797
0.042
0.154
0.412
0.555
0.165
0.329
0.633
0.382
0.538
0.115
0.401
0.586
0.951
0.294
0.444
0.352
0.066
0.3
0.282
0.826
0.763
0.108
0.829
0.782
0.468
0.177
0.38
0.556
0.616
0.275
0.829
0.727
0.827
0.292
0.992
0.182
0.83
0.846
0.971
0.502
0.285
0.141
0.232
0.572
0.247
0.96
0.036
0.656
0.103
0.32
0.896
0.921
0.867
0.743
0.072
0.111
0.864
0.213
0.477
0.929
0.856
0.999
0.33
0.017
0.649
0.782
0.713
0.207
0.062
0.956
0.253
0.015
0.554
0.875
0.764
0.331
0.731
0.709
0.434
0.409
0.602
0.642
0.172
0.187
0.366
0.382
0.633
0.092
0.447
0.282
0.489
0.92
0.308
0.275
0.89
0.261
0.728
0.325
0.469
0.692
0.187
0.693
0.439
0.212
0.245
0.586
0.523
0.572
0.379
0.827
0.612
0.151
0.681
0.995
0.212
0.102
0.8
0.987
0.582
0.217
0.162
0.837
0.695
0.269
0.533
0.762
0.505
0.647
0.892
0.941
0.12
0.428
0.717
0.184
0.017
0.529
0.523
0.406
0.989
0.263
0.689
0.514
0.278
0.838
0.954
0.954
0.154
0.836
0.125
0.292
0.378
0.037
0.846
0.868
0.332
0.628
0.487
0.344
0.387
0.789
0.579
0.025
0.082
0.285
0.766
0.179
0.678
0.8
0.911
0.754
0.217
0.131
0.92
0.515
0.459
0.387
0.798
0.092
0.647
0.877
0.998
0.667
0.132
0.814
0.893
0.949
0.839
0.282
0.209
0.394
0.855
0.931
0.463
0.696
0.811
0.708
0.502
0.272
0.895
0.512
0.571
0.358
0.334
0.222
0.992
0.466
0.173
0.105
0.064
0.733
0.127
0.463
0.177
0.188
0.917
0.519
0.319
0.06
0.693
0.241
0.243
0.363
0.129
0.31
0.741
0.152
0.087
0.507
0.713
0.74
0.707
0.008
0.984
0.813
0.713
0.842
0.153
0.076
0.166
0.611
0.803
0.864
0.688
0.12
0.163
0.163
0.421
0.384
0.506
0.739
0.926
0.497
0.185
0.266
0.387
0.618
0.546
0.25
0.51
0.166
0.611
0.593
0.766
0.021
0.987
0.773
0.511
0.545
0.246
0.105
0.875
0.359
0.961
0.758
0.895
0.473
0.553
0.365
0.784
0.963
0.171
0.697
0.527
0.986
0.589
0.408
0.244
0.127
0.732
0.928
0.734
0.499
0.161
0.845
0.402
0.584
0.629
0.372
0.348
0.613
0.959
0.199
0.926
0.452
0.769
0.731
0.607
0.481
0.617
0.164
0.977
0.314
0.011
0.623
0.949
0.604
0.058
0.951
0.363
0.188
0.816
0.248
0.967
0.003
0.065
0.837
0.944
0.025
0.148
0.062
0.876
0.102
0.738
0.023
0.803
0.387
0.915
0.274
0.29
0.3
0.527
0.554
0.147
0.405
0.661
0.452
0.587
0.711
0.619
0.518
0.871
0.532
0.516
0.392
0.931
0
0.086
0.812
0.311
0.341
0.072
0.041
0.549
0.335
0.795
0.552
0.297
0.731
0.366
0.148
0.261
0.455
0.459
0.412
0.809
0.033
0.332
0.965
0.856
0.874
0.099
0.691
0.776
0.007
0.289
0.897
0.026
0.632
0.677
0.363
0.224
0.115
0.195
0.242
0.409
0.871
0.377
0.24
0.495
0.214
0.848
0.201
0.779
0.089
0.879
0.829
0.791
0.39
0.213
0.408
0.501
0.871
0.169
0.72
0.836
0.934
0.499
0.044
0.429
0.62
0.522
0.64
0.605
0.707
0.536
0.082
0.945
0.889
0.415
0.005
0.343
0.324
0.44
0.868
0.48
0.389
0.534
0.754
0.894
0.177
0.392
0.22
0.52
0.36
0
0.455
0.411
0.631
0.39
0.277
0.517
0.565
0.005
0.874
0.93
0.54
0.021
0.551
0.342
0.746
0.294
0.832
0.214
0.195
0.357
0.41
0.302
0.893
0.674
0.861
0.804
0.653
0.276
0.168
0.494
0.143
0.474
0.918
0.712
0.774
0.231
0.799
0.137
0.301
0.758
0.673
0.096
0.319
0.39
0.96
0.112
0.884
0.967
0.949
0.709
0.958
0.001
0.257
0.287
0.017
0.829
0.364
0.428
0.338
0.007
0.988
0.285
0.577
0.711
0.856
0.969
0.412
0.998
0.582
0.631
0.179
0.978
0.763
0.539
0.171
0.94
0.416
0.402
0.752
0.541
0.681
0.623
0.083
0.5
0.894
0.175
0.656
0.676
0.313
0.263
0.162
0.631
0.957
0.171
0.178
0.699
0.147
0.436
0.235
0.324
0.456
0.633
0.41
0.645
0.873
0.579
0.629
0.232
0.06
0.728
0.693
0.938
0.698
0.846
0.194
0.23
0.42
0.909
0.625
0.862
0.513
0.481
0.326
0.174
0.693
0.439
0.69
0.224
0.515
0.25
0.465
0.789
0.943
0.233
0.248
0.945
0.694
0.308
0.428
0.521
0.037
0.353
0.534
0.356
0.702
0.684
0.142
0.809
0.551
0.34
0.753
