0.537
0.944
0.73
0.476
0.768
0.803
0.517
0.751
0.48
0.299
0.715
0.725
0.249
0.875
0.199
0.58
0.561
0.25
0.741
0.559
0.564
0.292
0.196
0.511
0.727
0.836
0.92
0.476
0.94
0.086
0.336
0.095
0.627
0.724
0.483
0.782
0.333
0.136
0.144
0.696
0.803
0.149
0.807
0.701
0.626
0.248
0.118
0.286
0.162
0.804
0.763
0.53
0.361
0.03
0.647
0.553
0.35
0.573
0.135
0.521
0.515
0.402
0.474
0.396
0.755
0.996
0.44
0.504
0.066
0.355
0.729
0.611
0.528
0.644
0.675
0.241
0.556
0.449
0.9
0.111
0.602
0.46
0.009
0.792
0.371
0.731
0.175
0.321
0.82
0.568
0.126
0.15
0.494
0.93
0.226
0.088
0.118
0.284
0.88
0.501
0.952
0.763
0.489
0.686
0.424
0.477
0.084
0.738
0.713
0.501
0.945
0.188
0.42
0.053
0.602
0.81
0.611
0.125
0.115
0.809
0.414
0.559
0.597
0.305
0.497
0.933
0.143
0.465
0.193
0.897
0.735
0.687
0.839
0.525
0.379
0.347
0.743
0.49
0.288
0.39
0.361
0.473
0.017
0.9
0.275
0.433
0.598
0.437
0.805
0.077
0.117
0.232
0.271
0.789
0.692
0.388
0.522
0.934
0.992
0.409
0.352
0.261
0.928
0.811
0.752
0.516
0.952
0.181
0.114
0.101
0.427
0.22
0.157
0.931
0.177
0.205
0.981
0.253
0.384
0
0.401
0.854
0.596
0.577
0.829
0.024
0.33
0.759
0.571
0.133
0.931
0.048
0.119
0.746
0.15
0.935
0.638
0.513
0.969
0.729
0.231
0.341
0.44
0.595
0.085
0.335
0.281
0.63
0.689
0.406
0.795
0.277
0.781
0.038
0.071
0.37
0.969
0.548
0.283
0.656
0.77
0.393
0.516
0.433
0.949
0.367
0.864
0.406
0.738
0.279
0.393
0.081
0.374
0.613
0.711
0.051
0.267
0.005
0.826
0.517
0.16
0.147
0.068
0.893
0.769
0.533
0.504
0.108
0.963
0.81
0.405
0.494
0.549
0.412
0.532
0.606
0.481
0.335
0.967
0.251
0.385
0.352
0.273
0.92
0.992
0.473
0.449
0.032
0.253
0.909
0.282
0.137
0.994
0.533
0.271
0.77
0.439
0.354
0.779
0.716
0.107
0.368
0.632
0.804
0.901
0.725
0.416
0.417
0.164
0.927
0.185
0.495
0
0.501
0.008
0.913
0.187
0.628
0.729
0.359
0.946
0.707
0.282
0.341
0.283
0.394
0.014
0.398
0.922
0.29
0.341
0.86
0.771
0.57
0.659
0.999
0.541
0.612
0.471
0.143
0.577
0.663
0.672
0.078
0.735
0.461
0.595
0.988
0.609
0.374
0.629
0.919
0.674
0.418
0.545
0.065
0.977
0.052
0.858
0.695
0.776
0.319
0.906
0.067
0.069
0.635
0.588
0.757
0.587
0.834
0.613
0.711
0.84
0.779
0.315
0.286
0.317
0.441
0.843
0.28
0.847
0.241
0.634
0.543
0.895
0.735
0.678
0.953
0.53
0.135
0.254
0.799
0.38
0.868
0.94
0.515
0.109
0.453
0.388
0.739
0.275
0.381
0.683
0.066
0.294
0.477
0.859
0.089
0.61
0.142
0.048
0.174
0.876
0.09
0.074
0.047
0.492
0.95
0.207
0.15
0.8
0.727
0.812
0.551
0.6
0.484
0.83
0.327
0.311
0.573
0.324
0.338
0.718
0.398
0.746
0.824
0.116
0.313
0.546
0.527
0.924
0.128
0.864
0.308
0.724
0.217
0.117
0.562
0.544
0.824
0.755
0.671
0.37
0.564
0.423
0.34
0.705
0.722
0.098
0.276
0.016
0.671
0.07
0.333
0.904
0.593
0.032
0.089
0.623
0.743
0.084
0.894
0.432
0.645
0.962
0.389
0.956
0.741
0.77
0.513
0.691
0.34
0.581
0.735
0.615
0.603
0.454
0
0.231
0.858
0.959
0.918
0.739
0.341
0.994
0.244
0.531
0.813
0.019
0.831
0.479
0.668
0.499
0.806
0.55
0.041
0.139
0.896
0.013
0.977
0.128
0.1
0.139
0.959
0.39
0.308
0.729
0.746
0.158
0.351
0.979
0.886
0.739
0
0.297
0.3
0.93
0.149
0.786
0.663
0.481
0.556
0.288
0.304
0.063
0.262
0.459
0.721
0.377
0.472
0.443
0.299
0.414
0.485
0.911
0.144
0.081
0.845
0.109
0.175
0.79
0.257
0.05
0.836
0.608
0.035
0.167
0.81
0.343
0.343
0.171
0.191
0.723
0.826
0.248
0.058
0.406
0.266
0.884
0.281
0.852
0.26
0.778
0.419
0.768
0.549
0.968
0.595
0.716
0.25
0.639
0.097
0.039
0.52
0.325
0.546
0.161
0.777
0.85
0.971
0.247
0.843
0.705
0.908
0.584
0.17
0.112
0.175
0.969
0.109
0.874
0.411
0.882
0.097
0.872
0.82
0.243
0.558
0.796
0.283
0.52
0.918
0.443
0.158
0.819
0.156
0.917
0.906
0.102
0.261
0.506
0.44
0.295
0.489
0.429
0.86
0.501
0.36
0.213
0.988
0.512
0.001
0.135
0.491
0.935
0.32
0.302
0.537
0.652
0.15
0.015
0.252
0.779
0.202
0.625
0.45
0.123
0.332
0.383
0.288
0.522
0.655
0.225
0.788
0.98
0.713
0.6
0.981
0.502
0.476
0.363
0.834
0.668
0.094
0.947
0.119
0.711
0.244
0.018
0.489
0.263
0.546
0.527
0.113
0.038
0.499
0.213
0.662
0.096
0.2
0.496
0.047
0.674
0.536
0.716
0.229
0.799
0.631
0.603
0.563
0.448
0.903
0.571
0.031
0.455
0.079
0.493
0.684
0.314
0.012
0.749
0.473
0.365
0.363
0.197
0.894
0.256
0.95
0.246
0.356
0.722
0.239
0.674
0.096
0.693
0.326
0.779
0.979
0.369
0.534
0.758
0.091
0.983
0.368
0.713
0.763
0
0.756
0.717
0.624
0.246
0.212
0.911
0.718
0.535
0.616
0.78
0.104
0.553
0.457
0.159
0.809
0.38
0.012
0.936
0.148
0.45
0.929
0.033
0.191
0.286
0.379
0.739
0.027
0.947
0.541
0.033
0.431
0.062
0.195
0.755
0.062
0.648
0.321
0.814
0.116
0.038
0.049
0.113
0.045
0.766
0.917
0.119
0.858
0.869
0.068
0.808
0.684
0.683
0.348
0.134
0.029
0.308
0.851
0.061
0.216
0.04
0.225
0.231
0.988
0.705
0.215
0.428
0.637
0.119
0.379
0.956
0.544
0.299
0.54
0.246
0.608
0.222
0.874
0.159
0.776
0.009
0.627
0.569
0.142
0.022
0.425
0.353
0.456
0.337
0.206
0.029
0.39
0.557
0.67
0.166
0.998
0.332
0.446
0.314
0.254
0.302
0.396
0.369
0.299
0.055
0.019
0.108
0.889
0.416
0.976
0.248
0.635
0.807
0.284
0.234
0.544
0.934
0.781
0.748
0.582
0.057
0.502
0.335
0.39
0.581
0.993
0.444
0.48
0.43
0.218
0.734
0.686
0.757
0
0.91
0.848
0.131
0.142
0.877
0.511
0.031
0.773
0.161
0.37
0.071
0.473
0.11
0.771
0.32
0.826
0.716
0.531
0.201
0.071
0.425
0.755
0.108
0.393
0.695
0.108
0.694
0.811
0.018
0.684
0.366
0.921
0.742
0.278
0.74
0.29
0.983
0.523
0.194
0.548
0.139
0
0.662
0.033
0.806
0.712
0.594
0.609
0.601
0.0
0.535
0.369
0.917
0.431
0.333
0.425
0.744
0.589
0.854
0.609
0.158
0.294
0.325
0.536
0.283
0.515
0.959
0.029
0.314
0.431
0.286
0.934
0.203
0.634
0.359
0.566
0.951
0.165
0.293
0.4
0.443
0.284
0.765
0.632
0.542
0.905
0.076
0.795
0.482
0.53
0.673
0.32
0.042
0.953
0.996
0.791
0.948
0.503
0.183
0.782
0.875
0.698
0.313
0.211
0.205
0.63
0.433
0.452
0.773
0.771
0.197
0.436
0.743
0.571
0.923
0.353
0.113
0.563
0.237
0.366
0.987
0.106
0.501
0.498
0.518
0.427
0.983
0.564
0.358
0.2
0.952
0.752
0.973
0.254
0.523
0.104
0.913
0.657
0.039
0.016
0.629
0.941
0.941
0.892
0.564
0.255
0.047
0.5
0.186
0.878
0.192
0.983
0.738
0.503
0.671
0.396
0.49
0.723
0.189
0.549
