0.021
0.815
0.6
0.028
0.033
0.985
0.471
0.28
0.243
0.36
0.654
0.105
0.203
0.555
0.851
0.292
0.142
0.298
0.421
0.399
0.604
0.063
0.446
0.951
0.239
0.878
0.418
0.335
0.086
0.497
0.299
0.746
0.756
0.233
0.789
0.927
0.783
0.499
0.419
0.648
0.075
0.023
0.271
0.505
0.704
0.965
0.022
0.666
0.308
0.219
0.902
0.551
0.684
0.897
0.594
0.836
0.641
0.097
0.623
0.424
0.454
0.589
0.014
0.159
0.397
0.537
0.198
0.875
0.544
0.062
0.201
0.828
0.684
0.574
0.17
0.616
0.495
0.129
0.777
0.534
0.525
0.584
0.769
0.385
0.166
0.288
0.394
0.311
0.104
0.581
0.561
0.801
0.819
0.261
0.717
0.111
0.356
0.259
0.66
0.776
0.877
0.092
0.5
0.994
0.53
0.97
0.664
0.251
0.159
0.543
0.665
0.146
0.946
0.429
0.308
0.368
0.438
0.017
0.984
0.194
0.625
0.669
0.222
0.909
0.788
0.248
0.295
0.882
0.845
0.988
0.656
0.38
0.822
0.572
0.027
0.469
0.062
0.139
0.798
0.119
0.483
0.809
0.094
0.129
0.001
0.249
0.194
0.443
0.831
0.914
0.065
0.244
0.131
0.895
0.366
0.189
0.961
0.624
0.543
0.597
0.721
0.779
0.304
0.727
0.485
0.701
0.55
0.182
0.578
0.079
0.214
0.867
0.724
0.639
0.048
0.487
0.518
0.252
0.32
0.297
0.278
0.156
0.726
0.361
0.996
0.508
0.205
0.054
0.284
0.06
0.66
0.644
0.795
0.733
0.391
0.848
0.417
0.539
0.708
0.211
0.77
0.585
0.328
0.56
0.147
0.812
0.563
0.4
0.363
0.955
0.054
0.137
0.45
0.432
0.899
0.269
0.558
0.034
0.9
0.882
0.438
0.237
0.324
0.912
0.33
0.735
0.7
0.871
0.955
0.451
0.055
0.566
0.226
0.151
0.79
0.023
0.32
0.761
0.382
0.013
0.121
0.17
0.559
0.003
0.387
0.835
0.577
0.187
0.113
0.494
0.079
0.136
0.116
0.323
0.594
0.484
0.337
0.168
0.049
0.438
0.14
0.487
0.625
0.648
0.151
0.768
0.965
0.005
0.948
0.067
0.844
0.853
0.451
0.784
0.543
0.766
0.797
0.022
0.045
0.19
0.867
0.64
0.624
0.679
0.395
0.144
0.898
0.159
0.026
0.472
0.461
0.077
0.411
0.634
0.767
0.015
0.196
0.407
0.455
0.882
0.229
0.78
0.209
0.886
0.963
0.304
0.372
0.031
0.955
0.755
0.922
0.009
1.0
0.657
0.196
0.099
0.192
0.076
0.956
0.424
0.789
0.353
0.122
0.269
0.819
0.827
0.803
0.667
0.152
0.263
0.137
0.427
0.138
0.897
0.332
0.995
0.219
0.018
0.584
0.412
0.032
0.82
0.863
0.42
0.841
0.324
0.187
0.374
0.23
0.837
0.333
0.128
0.581
0.999
0.936
0.304
0.448
0.643
0.853
0.763
0.782
0.89
0.936
0.944
0.245
0.665
0.279
0.145
0.455
0.537
0.774
0.167
0.295
0.671
0.415
0.453
0.066
0.715
0.26
0.998
0.952
0.315
0.106
0.745
0.04
0.678
0.743
0.43
0.672
0.213
0.492
0.028
0.3
0.712
0.259
0.796
0.98
0.684
0.656
0.459
0.404
0.726
0.427
0.26
0.708
0.985
0.192
0.918
0.659
0.795
0.236
0.161
0.237
0.688
0.706
0.091
0.228
0.405
0.049
0.594
0.002
0.583
0.143
0.532
0.427
0.62
0.448
0.475
0.19
0.629
0.648
0.84
0.653
0.732
0.073
0.058
0.283
0.038
0.51
0.834
0.761
0.132
0.844
0.167
0.453
0.889
0.511
0.518
0.635
0.491
0.822
0.299
0.186
0.912
0.114
0.683
0.744
0.928
0.905
0.117
0.011
0.975
0.359
0.58
0.991
0.35
0.65
0.961
0.432
0.558
0.462
0.152
0.788
0.613
0.389
0.194
0.418
0.493
0.092
0.983
0.665
0.14
0.971
0.934
0.595
0.3
0.742
0.958
0.581
0.583
0.8
0.464
0.11
0.138
0.437
0.665
0.965
0.364
0.188
0.702
0.346
0.545
0.025
0.464
0.853
0.54
0.285
0.548
0.161
0.327
0.869
0.504
0.726
0.228
0.966
0.11
0.144
0.986
0.539
0.253
0.137
0.569
0.352
0.859
0.268
0.308
0.686
0.731
0.114
0.264
0.667
0.63
0.404
0.706
0.982
0.755
0.281
0.915
0.89
0.642
0.988
0.486
0.068
0.588
0.943
0.411
0.136
0.864
0.81
0.815
0.528
0.452
0.34
0.478
0.352
0.755
0.815
0.881
0.814
0.241
0.429
0.681
0.233
0.444
0.188
0.624
0.332
0.05
0.608
0.442
0.615
0.681
0.275
0.058
0.249
0.887
0.561
0.01
0.417
0.789
0.215
0.104
0.812
0.477
0.882
0.244
0.308
0.32
0.424
0.69
0.616
0.274
0.039
0.16
0.941
0.744
0.585
0.567
0.442
0.241
0.537
0.06
0.642
0.375
0.902
0.155
0.953
0.815
0.657
0.761
0.14
0.78
0.272
0.361
0.828
0.751
0.107
0.411
0.525
0.157
0.941
0.53
0.932
0.699
0.661
0.302
0.399
0.919
0.971
0.034
0.552
0.323
0.238
0.324
0.549
0.409
0.752
0.557
0.759
0.632
0.676
0.919
0.057
0.581
0.683
0.814
0.588
0.792
0.775
0.885
0.138
0.385
0.837
0.471
0.905
0.372
0.825
0.087
0.366
0.357
0.538
0.534
0.9
0.392
0.765
0.524
0.378
0.9
0.246
0.676
0.541
0.55
0.481
0.261
0.133
0.929
0.808
0.622
0.902
0.752
0.221
0.48
0.039
0.44
0.55
0.63
0.275
0.94
0
0.235
0.451
0.744
0.536
0.605
0.555
0.908
0.886
0.202
0.15
0.181
0.548
0.482
0.451
0.767
0.864
0.726
0.929
0.667
0.365
0.526
0.149
0.549
0.482
0.945
0.417
0.346
0.625
0.449
0.669
0.035
0.825
0.536
0.043
0.033
0.208
0.987
0.697
0.001
0.745
0.568
0.516
0.188
0.589
0.674
0.087
0.971
0.462
0.769
0.67
0.426
0.584
0.438
0.644
0.177
0.672
0.854
0.832
0.14
0.737
0.988
0.08
0.324
0.202
0.018
0.311
0.507
0.862
0.176
0.545
0.597
0.434
0.53
0.784
0.92
0.241
0.447
0.305
0.112
0.906
0.454
0.803
0.793
0.189
0.956
0.892
0.283
0.497
0.885
0.905
0.349
0.239
0.992
0.562
0.432
0.747
0.972
0.221
0.571
0.329
0.887
0.028
0.27
0.152
0.941
0.901
0.814
0.645
0.948
0.947
0.231
0.618
0.372
0.179
0.838
0.769
0.848
0.847
0.699
0.427
0.4
0.885
0.217
0.924
0.923
0.568
0.08
0.424
0.447
0.682
0.963
0.543
0.433
0.675
0.591
0.227
0.54
0.414
0.894
0.91
0.624
0.384
0.117
0.974
0.525
0.319
0.373
0.606
0.719
0.155
0.838
0.108
0.017
0.828
0.489
0.369
0.808
0.613
0.596
0.587
0.231
0.419
0.375
0.756
0.253
0.882
0.732
0.493
0.344
0.808
0.616
0.777
0.685
0.454
0.206
0.074
0.847
0.194
0.983
0.888
0.128
0.737
0.371
0.643
0.013
0.477
0.918
0.696
0.83
0.577
0.581
0.247
0.557
0.512
0.1
0.081
0.244
0.892
0.281
0.046
0.932
0.656
0.259
0.881
0.683
0.941
0.337
0.593
0.981
0.041
0.359
0.03
0.821
0.404
0.51
0.088
0.319
0.391
0.907
0.179
0.698
0.825
0.975
0.354
0.612
0.294
0.21
0.756
0.067
0.398
0.345
0.714
0.132
0.713
0.244
0.638
0.09
0.843
0.576
0.841
0.338
0.607
0.674
0.656
0.604
0.338
0.757
0.096
0.446
0.27
0.563
0.17
0.308
0.921
0.342
0.659
0.354
0.031
0.585
0.721
0.073
0.977
0.901
0.007
0.164
0.963
0.171
0.655
0.948
0.362
0.488
0.822
0.315
0.599
0.876
0.736
0.52
0.825
0.579
0.707
0.656
0.414
0.15
0.704
0.229
0.185
0.452
0.34
0.211
0.788
0.795
0.917
0.707
0.175
0.981
0.097
0.004
0.641
0.949
0.229
0.963
0.995
0.11
0.78
0.228
0.643
0.539
0.381
0.991
0.186
0.097
