0.264
0.644
0.431
0.818
0.815
0.565
0.099
0.308
0.56
0.472
0.524
0.6
0.924
0.737
0.638
0.041
0.703
0.284
0.176
0.003
0.436
0.503
0.685
0.287
0.606
0.392
0.39
0.888
0.611
0.112
0.968
0.905
0.489
0.425
0.705
0.997
0.189
0.801
0.817
0.543
0.305
0.825
0.418
0.613
0.167
0
0.763
0.486
0.535
0.212
0.945
0.517
0.299
0.706
0.716
0.661
0.069
0.162
0.466
0.555
0.529
0.136
0.927
0.445
0.061
0.065
0.798
0.162
0.185
0.406
0.758
0.355
0.944
0.896
0.361
0.221
0.553
0.936
0.762
0.852
0.491
0.619
0.664
0.232
0.974
0.453
0.398
0.583
0.818
0.36
0.748
0.687
0.453
0.23
0.695
0.448
0.028
0.788
0.458
0.001
0.697
0.24
0.303
0.273
0.978
0.132
0.306
0.779
0.085
0.471
0
0.122
0.426
0.769
0.123
0.193
0.839
0.465
0.398
0.694
0.583
0.594
0.348
0.444
0.984
0.681
0.23
0.641
0.324
0.078
0.794
0.208
0.96
0.211
0.005
0.43
0.604
0.476
0.946
0.738
0.357
0.265
0.171
0.037
0.884
0.474
0.549
0.378
0.18
0.061
0.535
0.845
0.341
0.412
0.615
0.284
0.681
0.504
0.836
0.157
0.67
0.704
0.276
0.55
0.47
0.268
0.034
0.129
0.036
0.22
0.42
0.381
0.299
0.936
0.384
0.909
0.631
0.203
0.632
0.555
0.241
0.58
0.933
0.86
0.083
0.324
0.531
0.804
0.493
0.119
0.794
0.602
0.886
0.012
0.978
0.377
0.687
0.351
0.893
0.804
0.62
0.786
0.838
0.235
0.336
0.73
0.558
0.109
0.484
0.066
0.979
0.49
0.347
0.114
0.971
0.472
0.478
0.378
0.259
0.317
0.664
0.783
0.472
0.639
0.734
0.07
0.844
0.754
0.511
0.74
0.376
0.392
0.405
0.816
0.992
0.267
0.519
0.831
0.359
0.952
0.585
0.502
0.148
0.432
0.831
0.811
0.12
0.662
0.61
0.405
0.426
0.715
0.422
0.977
0.423
0.132
0.792
0.698
0.713
0.725
0.923
0.572
0.441
0.224
0.08
0.073
0.424
0.165
0.485
0.569
0.403
0.188
0.489
0.883
0.835
0.599
0.729
0.974
0.408
0.312
0.693
0.808
0.952
0.252
0.54
0.919
0.91
0.143
0.276
0.614
0.758
0.554
0.215
0.05
0.008
0.371
0.094
0.379
0.379
0.415
0.366
0.13
0.448
0.088
0.799
0.905
0.412
0.247
0.792
0.003
0.432
0.711
0.787
0.159
0.606
0.927
0.894
0.055
0.891
0.458
0.072
0.462
0.064
0.652
0.801
0.962
0.285
0.822
0.052
0.039
0.309
0.329
0.371
0.499
0.931
0.338
0.091
0.018
0.903
0.038
0.615
0.979
0.295
0.524
0.383
0.965
0.286
0.923
0.936
0.509
0.537
0.001
0.916
0.064
0.094
0.303
0.607
0.774
0.013
0.161
0.672
0.242
0.685
0.914
0.736
0.917
0.808
0.878
0.928
0.564
0.19
0.558
0.428
0.53
0.752
0.058
0.716
0.188
0.556
0.386
0.161
0.364
0.309
0.099
0.658
0.853
0.22
0.541
0.659
0.232
0.847
0.454
0.176
0.395
0.332
0.206
0.442
0.119
0.751
0.274
0.7
0.413
0.077
0.379
0.402
0.523
0.769
0.103
0.929
0.2
0.529
0.24
0.847
0.707
0.985
0.796
0.338
0.192
0.824
0.572
0.139
0.982
0.667
0.354
0.588
0.692
0.316
0.469
0.607
0.567
0.934
0.841
0.177
0.107
0.103
0.457
0.251
0
0.111
0.122
0.74
0.854
0.818
0.625
0.999
0.829
0.797
0.619
0.61
0.184
0.317
0.73
0.039
0.363
0.772
0.446
0
0.382
0.28
0.704
0.711
0.214
0.415
0.828
0.321
0.015
0.04
0.598
0.681
0.204
0.341
0.633
0.758
0.284
0.249
0.544
0.591
0.148
0.169
0.349
0.654
0.982
0.079
0.019
0.528
0.247
0.534
0.653
0.253
0.374
0.002
0.677
0.409
0.141
0.304
0.001
0.48
0.667
0.606
0.723
0.84
0.134
0.601
0.238
0.296
0.316
0.79
0.936
0.191
0.279
0.593
0.04
0.22
0.298
0.453
0.283
0.765
0.121
0.134
0.722
0.928
0.08
0.28
0.306
0.765
0.172
0.145
0.773
0.737
0.183
0.783
0.451
0.375
0.948
0.057
0.54
0.039
0.274
0.722
0
0.011
0.809
0.124
0.467
0.516
0.124
0.671
0.439
0.106
0.63
0.517
0.142
0.161
0.075
0.226
0.596
0.993
0.409
0.124
0.205
0.192
0.702
0.857
0.563
0.626
0.822
0.558
0.453
0.916
0.339
0.106
0.898
0.617
0.472
0.892
0.883
0.327
0.145
0.125
0.385
0.226
0.022
0.112
0.631
0.869
0.233
0.777
0.312
0.986
0.725
0.077
0.973
0.372
0.431
0.076
0.091
0.286
0.44
0.87
0.409
0.611
0.999
0.9
0.443
0.533
0.679
0.956
0.967
0.242
0.85
0.056
0.275
0.855
0.995
0.922
0.885
0.187
0.493
0.871
0.172
0.02
0.638
0.466
0.393
0.244
0.689
0.718
0.555
0.31
0.19
0.777
0.478
0.041
0.598
0.295
0.552
0.002
0.569
0.867
0.538
0.154
0.386
0.489
0.398
0.857
0.22
0.685
0.261
0.847
0.899
0.451
0.547
0.045
0.981
0.941
0.618
0.602
0.557
0.961
0.477
0.051
0.335
0.058
0.376
0.744
0.121
0.736
0.179
0.125
0.639
0.86
0.201
0.371
0.93
0.67
0.613
0.766
0.072
0.648
0.719
0.179
0.552
0.081
0.91
0.814
0.069
0.922
0.425
0.639
0.506
0.459
0.913
0.162
0.243
0.027
0.692
0.192
0.028
0.162
0.26
0.983
0.606
0.815
0.868
0.71
0.12
0.629
0.221
0.106
0.773
0.237
0.078
0.107
0.64
0.259
0.259
0.303
0.468
0.772
0.773
0.03
0.085
0.864
0.052
0.312
0.375
0.698
0.087
0.032
0.998
0.233
0.666
0.152
0.829
0.251
0.385
0.77
0.223
0.459
0.143
0.833
0.672
0
0.25
0.984
0.321
0.635
0.368
0.59
0.537
0.846
0.784
0.935
0.116
0.954
0.486
0.251
0.871
0.799
0.747
0.492
0.894
0.269
0.255
0.494
0.691
0.524
0.93
0.897
0.419
0.009
0.934
0.851
0.102
0.241
0.217
0.734
0.945
0.103
0.411
0.703
0.565
0.728
0.174
0.001
0.214
0.954
0.05
0.856
0.259
0.195
0.062
0.774
0.151
0.575
0.958
0.841
0.918
0.532
0.197
0.088
0.853
0.856
0.037
0.703
0.084
0.356
0.959
0.685
0.258
0.547
0.85
0.721
0.376
0.704
0.116
0.753
0.472
0.301
0.846
0.198
0.491
0.557
0.753
0.907
0.608
0.562
0.138
0.507
0.308
0.415
0.416
0.916
0.128
0.099
0.808
0.011
0.021
0.157
0.259
0.498
0.054
0.912
0.53
0.993
0.096
0.292
0.316
0.239
0.698
0.2
0.579
0.272
0.978
0.089
0.737
0.289
0.332
0.022
0.456
0.133
0.964
0.232
0.65
0.547
0.916
0.12
0.855
0.412
0.607
0.375
0.98
0.731
0.165
0.394
0.731
0.847
0.068
0.298
0.446
0.034
0.292
0.358
0.681
0.97
0.003
0.715
0.547
0.098
0.387
0.393
0.88
0.688
0.693
0.061
0.931
0.29
0.744
0.856
0.997
0.796
0.191
0.187
0.81
0.164
0.27
0.899
0.152
0.825
0.888
0.008
0.826
0.994
0.862
0.651
0.368
0.356
0.002
0.741
0.15
0.447
0.266
0.974
0.744
0.48
0.391
0.723
0.837
0.592
0.083
0.93
0.599
0.937
0.652
0.478
0.75
0.418
0.015
0.318
0.327
0.887
0.497
0.325
0.74
0.586
0.617
0.807
0.094
0.464
0.761
0.445
0.32
0.686
0.389
0.827
0.927
0.472
0.405
0.024
0.717
0.224
0.867
0.218
0.582
0.858
0.393
0.869
0.68
0.841
0.891
0.406
0.88
0.212
0.822
0.868
0.34
0.722
0.196
0.825
0.416
0.29
0.181
0.488
0.456
0.528
0.668
0.633
0.389
0.982
0.885
0.692
0.696
0.754
0.382
0.983
0.526
0.411
0.104
0.546
0.356
