0.332
0.446
0.134
0.802
0.342
0.361
0.477
0.05
0.555
0.408
0.429
0.528
0.461
0.105
0.413
0.236
0.868
0.18
0.576
0.531
0.103
0.279
0.412
0.557
0.098
0.027
0.409
0.083
0.755
0.691
0.701
0.571
0.916
0.828
0.77
0.817
0.953
0.942
0.154
0.366
0.579
0.386
0.131
0.255
0.406
0.979
0.59
0.34
0.071
0.361
0.616
0.543
0.545
0.375
0.142
0.447
0.839
0.827
0.803
0.141
0.934
0.665
0.299
0.249
0.941
0.551
0.094
0.089
0.764
0.347
0.507
0.824
0.689
0.717
0.859
0.848
0.76
0.99
0.58
0.866
0.225
0.131
0.771
0.129
0.098
0.179
0.706
0.857
0.875
0.276
0.125
0.575
0.286
0.159
0.795
0.413
0.383
0.34
0.733
0.192
0.57
0.007
0.38
0.12
0.714
0.699
0.171
0.012
0.394
0.315
0.706
0.721
0.249
0.864
0.114
0.415
0.919
0.501
0.179
0.856
0.604
0.098
0.648
0.69
0.599
0.765
0.366
0.733
0.916
0.399
0.961
0.433
0.728
0.209
0.234
0.018
0.315
0.58
0.59
0.764
0.529
0.304
0.102
0.588
0.571
0.372
0.43
0.599
0.81
0.845
0.004
0.931
0.682
0.662
0.338
0.695
0.458
0.83
0.22
0.559
0.238
0.042
0.917
0.497
0.691
0.456
0.891
0.569
0.447
0.099
0.775
0.447
0.583
0.836
0.906
0.342
0.441
0.365
0.439
0.129
0.923
0.794
0.721
0.808
0.367
0.097
0.788
0.644
0.306
0.624
0.714
0.091
0.636
0.756
0.463
0.644
0.453
0
0.166
0.798
0.891
0.499
0.07
0.255
0.44
0.905
0.948
0.858
0.564
0.442
0.988
0.093
0.565
0.045
0.967
0.025
0.175
0.826
0.765
0.71
0.036
0.274
0.268
0.995
0.874
0.385
0.834
0.49
0.929
0.658
0.749
0.376
0.086
0.4
0.053
0.215
0.792
0.934
0.272
0.644
0.534
0.493
0.613
0.128
0.205
0.298
0.162
0.264
0.802
0.176
0.307
0.732
0.987
0.313
0.52
0.309
0.898
0.575
0.293
0.141
0.001
0.603
0.743
0.156
0.634
0.105
0.526
0.245
0.146
0.821
0.345
0.614
0.967
0.827
0.75
0.261
0.891
0.622
0.08
0.475
0.349
0.262
0.516
0.513
0.144
0.247
0.573
0.641
0.858
0.164
0.362
0.341
0.395
0.62
0.405
0.086
0.209
0.382
0.091
0.404
0.996
0.827
0.845
0.881
0.942
0.373
0.29
0.023
0.601
0.877
0.08
0.994
0.786
0.57
0.525
0.153
0.297
0.977
0.453
0.889
0.038
0.076
0.512
0.161
0.157
0.587
0.915
0.011
0.203
0.675
0.679
0.936
0.054
0.491
0.218
0.321
0.552
0.957
0.212
0.289
0.111
0.82
0.287
0.123
0.863
0.076
0.57
0.023
0.279
0.594
0.227
0.209
0.576
0.968
0.525
0.516
0.355
0.092
0.199
0.113
0.807
0.289
0.013
0.923
0.252
0.546
0.091
0.566
0.814
0.993
0.621
0.835
0.68
0.696
0.874
0.216
0.906
0.57
0.916
0.658
1.0
0.456
0.161
0.486
0.749
0.849
0.008
0.577
0.123
0.284
0.151
0.002
0.675
0.15
0.471
0.642
0.249
0.824
0.827
0.031
0.236
0.714
0.555
0.938
0.438
0.176
0.958
0.473
0.683
0.003
0.025
0.933
0.591
0.066
0.069
0.931
0.042
0.603
0.016
0.971
0.935
0.049
0.975
0.343
0.771
0.252
0.585
0.423
0.008
0.464
0.33
0.235
0.09
0.024
0.128
0.646
0.802
0.33
0.932
0.255
0.24
0.238
0.365
0.798
0.016
0.023
0.653
0.221
0.657
0.981
0.208
0.666
0.341
0.898
0.308
0.418
0.179
0.677
0.316
0.024
0.906
0.238
0.456
0.886
0.42
0.357
0.914
0.39
0.822
0.784
0.969
0.037
0.504
0.667
0.604
0.433
0.56
0.684
0.91
0.26
0.226
0.461
0.385
0.055
0.961
0.839
0.919
0.025
0.66
0.425
0.496
0.828
0.062
0.43
0.343
0.998
0.551
0.497
0.744
0.974
0.963
0.747
0.871
0.358
0.115
0.979
0.221
0.873
0.766
0.774
0.358
0.072
0.882
0.718
0.612
0.272
0.053
0.077
0.53
0.179
0.075
0.319
0.252
0.004
0.232
0.299
0.406
0.389
0.057
0.88
0.309
0.809
0.342
0.892
0.656
0.621
0.228
0.362
0.428
0.28
0.103
0.495
0.012
0.436
0.268
0.447
0.974
0.383
0.115
0.213
0.13
0.111
0.705
0.401
0.937
0.2
0.389
0.772
0.551
0.024
0.827
0.414
0.847
0.466
0.906
0.971
0.774
0.958
0.171
0.711
0.463
0.648
0.187
0.85
0.991
0.571
0.422
0.441
0
0.294
0.718
0.764
0.148
0.101
0.534
0.479
0.212
0.44
0.349
0.001
0.627
0.002
0.836
0.638
0.895
0.686
0.059
0.993
0.173
0.175
0.653
0.132
0.297
0.854
0.026
0.234
0.661
0.263
0.458
0.922
0.697
0.434
0.055
0.934
0.429
0.264
0.178
0.506
0.744
0.266
0.249
0.816
0.233
0.684
0.449
0.362
0.279
0.63
0.934
0.894
0.836
0.321
0.008
0.482
0.344
0.312
0.492
0.875
0.713
0.847
0.137
0.293
0.868
0.887
0.241
0.413
0.342
0.114
0.648
0.932
0.771
0.02
0.989
0.407
0.794
0.5
0.73
0.702
0.787
0.671
0.745
0.317
0.492
0.484
0.721
0.097
0.495
0.065
0.68
0.499
0.329
0.347
0.258
0.435
0.733
0.723
0.135
0.264
0.919
0.541
0.617
0.516
0.274
0.78
0.182
0.35
0.94
0.036
0.155
0.663
0.595
0.038
0.796
0.428
0.545
0.964
0.552
0.174
0
0.824
0.932
0.641
0.244
0.729
0.166
0.69
0.344
0.949
0.085
0.564
0.588
0.895
0.233
0.661
0.343
0.423
0.945
0.206
0.877
0.76
0.593
0.013
0.51
0.702
0.38
0.373
0.846
0.925
0.518
0.113
0.816
0.973
0.441
0.849
0.321
0.548
0.484
0.876
0.75
0.208
0.687
0.045
0.437
0.187
0.8
0.883
0.388
0.079
0.53
0.093
0.711
0.697
0.818
0.033
0.169
0.44
0.58
0.314
0.014
0.499
0.586
0.565
0.282
0.775
0.325
0.508
0.956
0.546
0.623
0.227
0.669
0.232
0.101
0.949
0.058
0.068
0.57
0.303
0.966
0.974
0.505
0.312
0.477
0.487
0.56
0.916
0.9
0.505
0.437
0.339
0.565
0.833
0.113
0.578
0.911
0.09
0.438
0.946
0.204
0.094
0.41
0.938
0.444
0.22
0.524
0.156
0.401
0.565
0.489
0.187
0.349
0.273
0.309
0.979
0.762
0.736
0.538
0.887
0.431
0.971
0.787
0.043
0.576
0.802
0.729
0.296
0.962
0.301
0.384
0.457
0.728
0.4
0.95
0.702
0.963
0.38
0.302
0.608
0.703
0.225
0.358
0.251
0.4
0.011
0.737
0.306
0.045
0.505
0.545
0.709
0.54
0.909
0.417
0.288
0.514
0.015
0.115
0.47
0.086
0.783
0.903
0.995
0.465
0.815
0.578
0.097
0.084
0.448
0.048
0.655
0.259
0.753
0.361
0.671
0.295
0.347
0.79
0.475
0.979
0.268
0.885
0.865
0.685
0.093
0.82
0.482
0.763
0.446
0.198
0.996
0.977
0.151
0.489
0.779
0.65
0.11
0.294
0.98
0.231
0.956
0.262
0.559
0.128
0.275
0.584
0.426
0.831
0.415
0.929
0.93
0.36
0.322
0.653
0.885
0.215
0.537
0.915
0.145
0.553
0.433
0.423
0.562
0.118
0.366
0.922
0.52
0.241
0.765
0.735
0.384
0.436
0.857
0.643
0.485
0.3
0.337
0.722
0.004
0.401
0.483
0.152
0.757
0.058
0.042
0.508
0.317
0.105
0.908
0.969
0.9
0.192
0.078
0.573
0.808
0.211
0.54
0.383
0.551
0.418
0.393
0.031
0.786
0.945
0.901
0.362
0.713
0.391
0.126
0.234
0.221
0.898
0.258
0.79
0.959
0.595
0.392
0.029
0.148
0.115
0.285
0.858
0.492
0.601
0.87
0.606
0.427
0.577
0.808
0.148
0.027
0.221
0.576
0.72
0.116
0.091
0.076
0.389
0.596
0
0.054
