0.73
0.043
0.921
0.556
0.539
0.99
0.355
0.794
0.202
0.964
0.505
0.63
0.49
0.409
0.399
0.227
0.758
0.384
0.302
0.86
0.467
0.387
0.885
0.606
0.879
0.723
0.179
0.335
0.435
0.463
0.96
0.7
0.886
0.09
0.332
0.31
0.079
0.409
0.515
0.218
0.08
0.479
0.926
0.123
0.673
0.053
0.013
0.688
0.869
0.399
0.302
0.313
0.774
0.044
0.489
0.623
0.301
0.412
0.469
0.464
0.32
0.187
0.61
0.462
0.131
0.645
0.309
0.355
0.426
0.615
0.402
0.736
0.43
0.868
0.087
0.149
0.966
0.287
0.266
0.921
0.764
0.882
0.782
0.215
0.026
0.98
0.268
0.31
0.427
0.163
0.4
0.177
0.052
0.963
0.148
0.564
0.13
0.054
0.466
0.54
0.214
0.566
0.579
0.334
0.943
0.423
0.767
0.916
0.135
0.314
0.057
0.896
0.435
0.62
0.565
0.931
0.452
0.297
0.597
0.439
0.81
0.021
0.374
0.13
0.244
0.312
0.211
0.291
0.918
0.915
0.608
0.364
0.467
0.987
0.793
0.744
0.938
0.893
0.254
0.095
0.559
0.591
0.733
0.563
0.21
0.556
0.626
0.24
0.523
0.565
0.073
0.345
0.576
0.1
0.353
0.09
0.311
0.456
0.971
0.438
0.819
0.348
0.734
0.511
0.696
0.906
0.696
0.135
0.454
0.032
0.031
0.501
0.597
0.154
0.784
0.133
0.196
0.497
0.187
0.357
0.793
0.336
0.052
0.508
0.299
0.023
0.612
0.866
0.466
0.104
0.674
0.409
0.284
0.515
0.387
0.455
0.142
0.378
0.711
0.882
0.12
0.047
0.996
0.203
0.029
0.666
0.423
0.862
0.517
0.178
0.178
0.005
0.342
0.117
0.075
0.162
0.045
0.835
0.224
0.334
0.75
0.86
0.265
0.988
0.88
0.657
0.434
0.228
0.577
0.775
0.117
0.341
0.455
0.236
0.019
0.119
0.04
0.241
0.277
0.735
0.139
0.711
0.817
0.571
0.936
0.73
0.088
0.25
0.75
0.257
0.419
0.794
0.43
0.193
0.981
0.188
0.921
0.296
0.965
0.74
0.009
0.425
0.267
0.167
0.705
0.193
0.675
0.533
0.679
0.47
0.526
0.178
0.4
0.666
0.492
0.487
0.123
0.957
0.89
0.814
0.024
0.139
0.214
0.165
0.264
0.189
0.48
0.197
0.783
0.38
0.832
0.609
0.669
0.828
0.737
0.644
0.941
0.433
0.698
0.361
0.048
0.636
0.166
0.732
0.806
0.269
0.451
0.573
0.072
0.056
0.281
0.585
0.752
0.401
0.415
0.342
0.148
0.347
0.483
0.174
0.714
0.675
0.081
0.919
0.664
0.474
0.634
0.3
0.958
0.267
0.417
0.075
0.973
0.467
0.524
0.723
0.209
0.461
0.983
0.185
0.445
0.389
0.025
0.346
0.379
0.577
0.387
0.774
0.35
0.126
0.582
0.435
0.366
0.333
0.871
0.449
0.521
0.808
0.449
0.519
0.461
0.43
0.676
0.528
0.612
0.133
0.688
0.952
0.111
0.088
0.644
0.469
0.857
0.604
0.678
0.869
0.763
0.253
0.022
0.054
0.907
0.141
0.356
0.209
0.685
0.111
0.616
0.243
0.146
0.643
0.061
0.712
0.745
0.708
0.129
0.707
0.593
0.576
0.19
0.276
0.317
0.062
0.002
0.564
0.195
0.912
0.373
0.185
0.342
0.905
0.505
0.848
0.29
0.313
0.623
0.205
0.812
0.47
0.554
0.249
0.559
0.276
0.905
0.495
0.395
0.326
0.362
0.058
0.793
0.568
0.318
0.429
0.022
0.7
0.716
0.234
0.545
0.96
0.77
0.517
0.852
0.094
0.555
0.336
0.776
0.189
0.327
0.532
0.493
0.96
0.474
0.669
0.898
0.553
0.068
0.659
0.687
0.194
0.809
0.33
0.823
0.474
0.377
0.093
0.278
0.004
0.371
0.06
0.903
0.55
0.86
0.293
0.582
0.764
0.203
0.119
0.238
0.439
0.769
0.556
0.588
0.37
0.871
0.107
0.598
0.648
0.286
0.396
0.715
0.274
0.284
0.275
0.136
0.396
0.241
0.909
0.225
0.856
0.926
0.129
0.402
0.88
0.71
0.821
0.24
0.365
0.86
0.195
0.2
0.865
0.621
0.285
0.866
0.246
0.365
0.537
0.096
0.279
0.743
0.184
0.399
0.97
0.222
0.127
0.081
0.57
0.673
0.775
0.568
0.847
0.317
0.891
0.436
0.486
0.896
0.856
0.419
0.224
0.468
0.909
0.118
0.875
0.309
0.822
0.345
0.308
0.341
0.824
0.65
0.089
0.627
0.569
0.494
0.452
0.397
0.714
0.424
0.755
0.403
0.01
0.86
0.011
0.693
0.09
0.191
0.176
0.808
0.172
0.952
0.283
0.298
0.759
0.483
0.777
0.152
0.428
0.514
0.139
0.304
0.795
0.824
0.767
0.353
0.762
0.328
0.021
0.943
0.387
0.304
0.461
0.147
0.572
0.27
0.747
0.238
0.362
0.629
0.805
0.096
0.626
0.292
0.066
0.5
0.231
0.887
0.445
0.827
0.847
0.065
0.518
0.603
0.398
0.891
0.867
0.336
0.947
0.933
0.784
0.376
0.456
0.045
0.517
0.555
0.763
0.311
0.596
0.918
0.1
0.88
0.246
0.164
0.66
0.364
0.425
0.986
0.104
0.503
0.174
0.164
0.216
0.289
0.308
0.317
0.033
0.32
0.06
0.205
0.955
0.162
0.781
0.821
0.593
0.356
0.411
0.75
0.17
0.237
0.035
0.087
0.612
0.281
0.296
0.56
0.973
0.076
0.391
0.349
0.736
0.273
0.112
0.144
0.023
0.071
0.996
0.938
0.997
0.837
0.034
0.624
0.158
0.405
0.006
0.61
0.074
0.539
0.025
0.899
0.675
0.38
0.412
1.0
0.99
0.333
0.157
0.556
0.984
0.608
0.815
0.808
0.221
0.611
0.864
0.267
0.082
0.376
0.758
0.955
0.948
0.634
0.654
0.304
0.16
0.281
0.482
0.495
0.314
0.026
0.841
0.299
0.165
0.223
0.143
0.593
0.707
0.248
0.202
0.819
0.87
0.952
0.54
0.024
0.361
0.473
0.282
0.321
0.971
0.566
0.461
0.446
0.633
0.783
0.91
0.624
0.958
0.766
0.088
0.755
0.244
0.295
0.837
0.134
0.494
0.505
0.995
0.106
0.409
0.724
0.699
0.528
0.081
0.689
0.002
0.821
0.204
0.0
0.321
0.159
0.606
0.858
0.633
0.822
0.888
0.947
0.043
0.564
0.555
0.179
0.535
0.837
0.546
0.557
0.534
0.042
0.102
0.358
0.408
0.811
0.507
0.437
0.407
0.321
0.433
0.089
0.172
0.059
0.207
0.241
0.178
0.032
0.065
0.537
0.395
0.762
0.952
0.97
0.353
0.548
0.122
0.253
0.726
0.098
0.78
0.491
0.385
0.488
0.199
0.216
0.477
0.778
0.433
0.703
0.735
0.471
0.473
0.376
0.241
0.433
0.638
0.27
0.198
0.361
0.562
0.677
0.451
0.748
0.968
0.9
0.328
0.504
0.178
0.851
0.259
0.782
0.816
0.736
0.626
0.652
0.947
0.107
0.267
0.959
0.015
0.459
0.837
0.517
0.933
0.505
0.866
0.428
0.752
0.051
0.909
0.018
0.292
0.758
0.708
0.102
0.364
0.155
0.397
0.56
0.617
0.439
0.956
0.125
0.428
0.567
0.331
0.712
0.483
0.247
0.989
0.383
0.751
0.921
0.35
0.225
0.721
0.671
0.927
0.511
0.886
0.711
0.311
0.757
0.849
0.191
0.32
0.447
0.591
0.529
0.358
0.338
0.566
0.133
0.901
0.851
0.807
0.293
0.108
0.304
0.758
0.259
0.935
0.57
0.74
0.154
0.786
0.553
0.908
0.264
0.82
0.76
0.163
0.846
0.671
0.085
0.563
0.746
0.064
0.08
0.199
0.455
0.747
0.735
0.406
0.387
0.674
0.818
0.171
0.041
0.661
0.212
0.059
0.408
0.277
0.2
0.711
0.376
0.33
0.154
0.582
0.631
0.564
0.553
0.249
0.543
0.906
0.709
0.979
0.911
0.142
0.866
0.473
0.088
0.095
0.583
0.005
0.212
0.855
0.559
0.953
0.745
0.832
0.885
0.151
0.394
0.932
0.874
0.479
0.731
0.075
0.224
0.272
0.374
0.628
0.388
0.386
0.201
0.176
0.336
0.561
0.535
0.986
0.035
0.353
0.394
0.778
0.421
0.613
