0.918
0.851
0.883
0.779
0.958
0.839
0.451
0.395
0.107
0.145
0.264
0.838
0.466
0.323
0.726
0.378
0.57
0.467
0.1
0.547
0.538
0.073
0.866
0.325
0.022
0.945
0.748
0.005
0.469
0.268
0.139
0.828
0.981
0.076
0.193
0.645
0.341
0.873
0.275
0.049
0.34
0.863
0.797
0.31
0.749
0.276
0.221
0.763
0.357
0.463
0.219
0.465
0.03
0.387
0.528
0.171
0.149
0.085
0.311
0.928
0.944
0.422
0.817
0.105
0.834
0.822
0.04
0.294
0.575
0.58
0.489
0.948
0.523
0.202
0.234
0.471
0.171
0.947
0.442
0.918
0.5
0.628
0.981
0.739
0.371
0.264
0.73
0.026
0.096
0.196
0.826
0.62
0.861
0.552
0.678
0.611
0.641
0.437
0.973
0.128
0.612
0.52
0.84
0.023
0.853
0.378
0.751
0.499
0.53
0.728
0.163
0.143
0.234
0.003
0.302
0.871
0.974
0.683
0.653
0.576
0.216
0.662
0.373
0.355
0.198
0.49
0.17
0.596
0.774
0.502
0.874
0.314
0.467
0.638
0.442
0.766
0.991
0.58
0.776
0.366
0.806
0.919
0.974
0.152
0.406
0.901
0.349
0.555
0.85
0.408
0.449
0.856
0.133
0.105
0.461
0.625
0.072
0.116
0.191
0.81
0.669
0.577
0.486
0
0.414
0.392
0.781
0.314
0.323
0.221
0.506
0.294
0.129
0.208
0.876
0.693
0.916
0.621
0.474
0.324
0.329
0.714
0.363
0.238
0.238
0.113
0.363
0.141
0.007
0.219
0.727
0.263
0.845
0.709
0.474
0.82
0.594
0.804
0.372
0.043
0.352
0.59
0.697
0.621
0.706
0.278
0.402
0.506
0.544
0.962
0.408
0.962
0.537
0.625
0.135
0.258
0.48
0.846
0.032
0.928
0.889
0.302
0.722
0.678
0.317
0.312
0.767
0.569
0.312
0.11
0.799
0.59
0.998
0.588
0.342
0.967
0.954
0.558
0.226
0.931
0.475
0.145
0.198
0.391
0.124
0.284
0.221
0.23
0.966
0.204
0.485
0.506
0.598
0.31
0.497
0.078
0.6
0.686
0.098
0.024
0.507
0.282
0.55
0.686
0.491
0.165
0.278
0.452
0.599
0.958
0.142
0.454
0.955
0.553
0.814
0.044
0.175
0.304
0.565
0.092
0.708
0.037
0.696
0.607
0.101
0.201
0.948
0.054
0.809
0.187
0.165
0.998
0.586
0.594
0.436
0.322
0.58
0.32
0.471
0.245
0.432
0.918
0.222
0.76
0.958
0.901
0.195
0.795
0.201
0.51
0.064
0.457
0.284
0.694
0.218
0.674
0.389
0.752
0.416
0.589
0.573
0.024
0.278
0.262
0.22
0.559
0.58
0.184
0.67
0.653
0.675
0.255
0.879
0.126
0.067
0.273
0.464
0.623
0.058
0.289
0.784
0.639
0.079
0.136
0.206
0.795
0.006
0.202
0.214
0.766
0
0.772
0.418
0.302
0.631
0.991
0.215
0.396
0.173
0.036
0.867
0.068
0.379
0.297
0.077
0.494
0.277
0.95
0.664
0.91
0.702
0.766
0.005
0.439
0.56
0.108
0.719
0.81
0.972
0.798
0.048
0.473
0.217
0.845
0.682
0.48
0.248
0.349
0.071
0.663
0.008
0.525
0.247
0.404
0.65
0.334
0.533
0.273
0.89
0.772
0.493
0.767
0.839
0.249
0.436
0.597
0.025
0.052
0.218
0.728
0.168
0.738
0.018
0.052
0.166
0.411
0.907
0.31
0.599
0.876
0.463
0.667
0.558
0.638
0.293
0.878
0.899
0.168
0.956
0.905
0.699
0.491
0.656
0.17
0.715
0.395
0.411
0.183
0.489
0.082
0.69
0.116
0.621
0.377
0.406
0.597
0.59
0.898
0.381
0.882
0.738
0.404
0.081
0.875
0.055
0.833
0.877
0.751
0.179
0.957
0.779
0.612
0.413
0.096
0.339
0.661
0.541
0.143
0.459
0.376
0.316
0.543
0.416
0.689
0.727
0.715
0.359
0.902
0.45
0.083
0.056
0.159
0.807
0.051
0.043
0.831
0.747
0.725
0.551
0.137
0.187
0.656
0.449
0.871
0.527
0.966
0.707
0.09
0.685
0.397
0.241
0.749
0.848
0.84
0.604
0.651
0.917
0.286
0.272
0.449
0.853
0.335
0.274
0.472
0.175
0.791
0.515
0.961
0.071
0.244
0.927
0.817
0.098
0.987
0.164
0.141
0.751
0.763
0.694
0.055
0.989
0.068
0.665
0.112
0.747
0.571
0.788
0.821
0.607
0.887
0.634
0.312
0.457
0.673
0.49
0.275
0.947
0.272
0.89
0.573
0.424
0.98
0.431
0.147
0.188
0.983
0.885
0.286
0.661
0.23
0.588
0.497
0.471
0.79
0.582
0.804
0.153
0.063
0.12
0.009
0.703
0.552
0.494
0.896
0.077
0.749
0.241
0.321
0.457
0.489
0.318
0.258
0.412
0.542
0.004
0.434
0.87
0.375
0.123
0.776
0.659
0.845
0.57
0.361
0.246
0.017
0.042
0.208
0.248
0.875
0.454
0.875
0.012
0.872
0.69
0.384
0.96
0.721
0.298
0.172
0.505
0.172
0.903
0.288
0.77
0.607
0.245
0.422
0.523
0.851
0.578
0.02
0.483
0.961
0.725
0.582
0.596
0.469
0.907
0.215
0.127
0.016
0.872
0.519
0.366
0.368
0.9
0.871
0.027
0.701
0.174
0.029
0.868
0.084
0.046
0.117
0.158
0.936
0.473
0.465
0.327
0.807
0.986
0.439
0.95
0.331
0.578
0.853
0.061
0.382
0.292
0.242
0.829
0.641
0.694
0.6
0.963
0.617
0.045
0.62
0.068
0.408
0.844
0.581
0.87
0.128
0.198
0.618
0.547
0.339
0.157
0.949
0.239
0.416
0.033
0.153
0.825
0.179
0.409
0.728
0.363
0.044
0.614
0.503
0.551
0.433
0.74
0.491
0.543
0.293
0.009
0.56
0.662
0.617
0.697
0.213
0.92
0.829
0.853
0.311
0.748
0.422
0.729
0.373
0.792
0.909
0.93
0.283
0.906
0.104
0.751
0.82
0.092
0.458
0.622
0.868
0.397
0.234
0.294
0.114
0.699
0.31
0.466
0.786
0.947
0.524
0.948
0.504
0.941
0.609
0.102
0.92
0.995
0.76
0.093
0.672
0.021
0.367
0.928
0.602
0.847
0.135
0.854
0.055
0.43
0.352
0.776
0.618
0.248
0.769
0.299
0.204
0.122
0.584
0.177
0.164
0.156
0.418
0.671
0.538
0.64
0.872
0.716
0.95
0.126
0.508
0.988
0.61
0.256
0.395
0.375
0.189
0.937
0.321
0.755
0.113
0.354
0.808
0.874
0.868
0.324
0.866
0.988
0.88
0.694
0.945
0.855
0.272
0.762
0.053
0.649
0.632
0.981
0.463
0.317
0.983
0.793
0.449
0.182
0.762
0.311
0.017
0.727
0.562
0.571
0.952
0.108
0.398
0.555
0.809
0.035
0.451
0.489
0.713
0.276
0.255
0.702
0.161
0.078
0.525
0.501
0.151
0.364
0.838
0.033
0.985
0.036
0.221
0.172
0.131
0.87
0.856
0.6
0.644
0.624
0.336
0.598
0.686
0.826
0.996
0.252
0.39
0.279
0.324
0.918
0.74
0.981
0.593
0.449
0.426
0.242
0.467
0.696
0.054
0.453
0.75
0.16
0.89
0.032
0.287
0.336
0.484
0.158
0.394
0.343
0.59
0.342
0.148
0.884
0.376
0.887
0.551
0.004
0.142
0.947
0.135
0.998
0.24
0.488
0.898
0.686
0.092
0.373
0.006
0.246
0.064
0.304
0.09
0.35
0.274
0.563
0.317
0.344
0.043
0.261
0.047
0.419
0.508
0.971
0.824
0.79
0.913
0.969
0.569
0.385
0.608
0.455
0.542
0.265
0.528
0.046
0.089
0.43
0.94
0.229
0.58
0.99
0.372
0.27
0.211
0.357
0.109
0.726
0.183
0.976
0.863
0.776
0.79
0
0.627
0.772
0.379
0.979
0.752
0.106
0.69
0.251
0.762
0.405
0.156
0.213
0.872
0.705
0.56
0.82
0.394
0.035
0.457
0.298
0.038
0.726
0.354
0.059
0.414
0.069
0.393
0.068
0.864
0.776
0.378
0.481
0.842
0.077
0.931
0.115
0.886
0.112
0.922
0.454
0.211
0.19
0.983
0.934
0.924
0.958
0.734
0.185
0.477
0.811
0.501
0.678
0.44
0.537
0.287
0.819
0.78
0.271
0.305
0.686
0.723
