0.291
0.779
0.17
0.897
0.072
0.007
0.439
0.133
0.991
0.378
0.411
0.533
0.41
0.47
0.034
0.454
0.759
0.165
0.321
0.799
0.096
0.84
0.845
0.097
0.545
0.568
0.732
0.827
0.408
0.307
0.98
0.727
0.345
0.914
0.343
0.055
0.227
0.505
0.053
0.33
0.237
0.706
0.359
0.411
0.222
0.904
0.732
0.925
0.538
0.818
0.896
0.567
0.633
0.859
0.934
0.288
0.617
0.501
0.131
0.344
0.071
0.849
0.47
0.848
0.551
0.78
0.591
0.23
0.33
0.986
0.481
0.781
0.764
0.538
0.583
0.129
0.295
0.582
0.185
0.644
0.947
0.323
0.99
0.675
0.332
0.902
0.46
0.331
0.158
0.29
0.761
0.892
0.724
0.225
0.606
0.367
0.98
0.445
0.361
0.467
0.077
0.506
0.622
0.989
0.941
0.091
0.343
0.593
0.279
0.136
0.168
0.4
0.454
0.882
0.119
0.59
0.563
0.941
0.915
0.803
0.415
0.672
0.042
0.069
0.407
0.943
0.926
0.944
0.599
0.136
0.054
0.029
0.934
0.012
0.022
0.873
0.802
0.995
0.809
0.678
0.948
0.693
0.347
0.246
0.809
0.952
0.551
0.578
0.941
0.498
0.408
0.222
0.434
0.947
0.628
0.533
0.091
0.69
0.829
0.0
0.514
0.981
0.817
0.459
0.515
0.198
0.331
0.781
0.727
0.171
0.487
0.191
0.411
0.35
0.527
0.143
0.079
0.178
0.172
0.242
0.933
0.754
0.188
0.461
0.527
0.085
0.378
0.404
0.387
0.866
0.26
0.811
0.434
0.556
0.475
0.407
0.246
0.316
0.873
0.347
0.239
0.057
0.024
0.64
0.425
0.597
0.484
0.391
0.389
0.725
0.791
0.69
0.266
0.722
0.479
0.05
0.59
0.905
0.814
0.762
0.039
0.463
0.013
0.372
0.988
0.85
0.26
0.362
0.161
0.005
0.268
0.65
0.269
0.88
0.665
0.403
0.825
0.605
0.008
0.449
0.124
0.873
0.613
0.462
0.869
0.184
0.456
0.706
0.591
0.8
0.468
0.912
0.384
0.484
0.526
0.206
0.033
0.627
0.832
0.387
0.124
0.922
0.188
0.084
0.386
0.686
0.592
0.76
0.037
0.824
0.787
0.164
0.043
0.316
0.587
0.574
0.861
0.914
0.71
0.927
0.071
0.893
0.255
0.998
0.104
0.252
0.498
0.988
0.743
0.997
0.188
0.832
0.946
0.975
0.637
0.444
0.047
0.958
0.753
0.549
0.068
0.483
0.608
0.456
0.075
0.484
0.128
0.538
0.251
0.923
0.065
0.143
0.103
0.749
0.925
0.163
0.421
0.518
0.755
0.568
0.666
0.605
0.048
0.274
0.109
0.052
0.62
0.205
0.17
0.665
0.699
0.806
0.446
0.153
0.488
0.766
0.45
0.779
0.656
0.323
0.126
0.487
0.818
0.602
0.823
0.381
0.362
0.207
0.71
0.807
0.456
0.173
0.004
0.286
0.752
0.597
0.32
0.492
0.669
0.566
0.398
0.747
0.954
0.428
0.684
0.999
0.78
0.089
0.501
0.349
0.883
0.611
0.994
0.048
0.863
0.161
0.4
0.383
0.091
0.498
0.318
0.899
0.27
0.636
0.787
0.744
0.976
0.579
0.084
0.581
0.306
0.212
0.68
0.429
0.067
0.427
0.97
0.78
0.296
0.718
0.521
0.478
0.926
0.713
0.089
0.855
0.844
0.159
0.14
0.882
0.496
0.032
0.867
0.711
0.194
0.23
0.547
0.091
0.359
0.704
0.474
0.592
0.321
0.711
0.757
0.311
0.826
0.219
0.418
0.368
0.433
0.772
0.32
0.584
0.321
0.997
0.304
0.009
0.124
0.467
0.735
0.189
0.561
0.052
0.835
0.08
0.218
0.831
0.089
0.065
0.24
0.111
0.8
0.858
0.232
0.011
0.992
0.192
0.84
0.216
0.573
0.346
0.496
0.468
0.541
0.874
0.574
0.837
0.364
0.922
0.337
0.639
0.862
0.022
0.701
0.62
0.452
0.261
0.241
0.681
0.322
0.552
0.334
0.08
0.679
0.122
0.737
0.464
0.919
0.456
0.229
0.23
0.812
0.182
0.519
0.267
0.33
0.851
0.679
0.154
0.629
0.643
0.306
0.955
0.266
0.97
0.49
0.916
0.107
0.555
0.653
0.912
0.743
0.539
0.698
0.657
0.483
0.463
0.66
0.066
0.255
0.734
0.829
0.482
0.017
0.391
0.683
0.047
0.619
0.119
0.995
0.187
0.598
0.205
0.086
0.325
0.744
0.357
0.439
0.829
0.504
0.73
0.265
0.545
0.733
0.578
0.496
0.695
0.339
0.282
0.255
0.523
0.343
0.627
0.47
0.722
0.604
0.734
0.195
0.906
1.0
0.25
0.1
0.508
0.046
0.104
0.555
0.68
0.283
0.999
0.784
0
0.664
0.157
0.435
0.318
0.892
0.526
0.491
0.028
0.425
0.439
0.343
0.427
0.686
0.949
0.174
0.318
0.449
0.058
0.238
0.992
0.985
0.554
0.254
0.229
0.67
0.553
0.445
0.644
0.381
0.041
0.508
0.227
0.237
0.77
0.915
0.243
0.447
0.443
0.742
0.615
0.424
0.588
0.875
0.38
0.527
0.402
0.624
0.896
0.311
0.913
0.329
0.972
0.592
0.771
0.837
0.696
0.151
0.192
0
0.528
0.963
0.095
0.633
0.165
0.885
0.096
0.677
0.605
0.343
0.643
0.114
0.584
0.506
0.076
0.058
0.146
0.26
0.399
0.224
0.708
0.027
0.947
0.95
0.183
0.656
0.123
0.758
0.079
0.185
0.781
0.548
0.976
0.723
0.428
0.91
0.278
0.701
0.053
0.379
0.75
0.504
0.932
0.978
0.813
0.505
0.392
0.424
0.067
0.532
0.491
0.969
0.2
0.427
0.121
0.075
0.835
0.299
0.818
0.539
0.188
0.919
0.631
0.948
0.965
0.05
0.246
0.343
0.387
0.215
0.255
0.05
0.475
0.635
0
0.851
0.453
0.709
0.815
0.759
0.247
0.029
0.108
0.42
0.798
0.082
0.117
0.529
0.713
0.856
0.05
0.358
0.141
0.086
0.776
0.188
0.016
0.757
0.525
0.581
0.155
0.027
0.941
0.679
0.167
0.623
0.812
0.651
0.521
0.063
0.847
0.479
0.037
0.929
0.001
0.156
0.236
0.189
0.073
0.467
0.066
0.698
0.614
0.974
0.461
0.333
0.76
0.2
0.952
0.646
0.857
0.547
0.676
0.126
0.119
0.426
0.437
0.619
0.796
0.665
0.518
0.621
0.801
0.628
0.124
0.389
0.454
0.617
0.639
0.806
0.012
0.84
0.429
0.275
0.977
0.241
0.107
0.748
0.103
0.579
0.115
0.484
0.319
0.739
0.528
0.592
0.091
0.989
0.89
0.237
0.823
0.506
0.738
0.518
0.474
0.786
0.017
0.512
0.551
0.154
0.023
0.281
0.969
0.835
0.984
0.77
0.768
0.107
0.208
0.784
0.462
0.362
0.584
0.179
0.625
0.576
0.805
0.425
0.939
0.866
0.497
0.874
0.23
0.836
0.502
0.23
0.724
0.509
0.219
0.316
0.333
0.018
0.274
0.575
0.261
0.722
0.151
0.558
0.76
0.449
0.906
0.13
0.667
0.505
0.382
0.297
0.291
0.717
0.167
0.461
0.087
0.595
0.83
0.462
0.592
0.776
0.976
0.485
0.597
0.837
0.138
0.929
0.456
0.247
0.043
0.263
0
0.26
0.646
0.111
0.364
0.705
0.863
0.832
0.223
0.527
0.651
0.805
0.139
0.983
0.001
0.69
0.702
0.272
0.007
0.814
0.631
0.033
0.008
0.268
0.835
0.242
0.191
0.107
0.916
0.776
0.66
0.305
0.866
0.238
0.77
0.051
0.8
0.337
0.964
0.868
0.708
0.19
0.928
0.762
0.447
0.01
0.906
0.116
0.604
0.271
0.008
0.393
0.265
0.548
0.073
0.13
0.585
0.785
0.722
0.258
0.952
0.598
0.425
0.516
0.04
0.676
0.298
0.86
0.123
0.551
0.778
0.838
0.628
0.085
0.753
0.845
0.783
0.02
0.248
0.459
0.451
0.251
0.851
0.501
0.309
0.716
0.137
0.742
0.535
0.14
0.889
0.277
0.208
0.67
0.254
0.111
0.639
0.881
0.12
0.395
0.472
0.648
0.225
0.438
0.837
0.527
0.715
0.871
0.397
0.804
0.164
0.083
0.766
0.597
0.308
0.591
0.251
0.237
0.404
0.317
0.635
0.332
0.853
