0.075
0.96
0.842
0.817
0.215
0.5
0.63
0.075
0.792
0.184
0.047
0.482
0.756
0.203
0.56
0.952
0.745
0.105
0.998
0.475
0.647
0.556
0.381
0.645
0.717
0.267
0.638
0.482
0.896
0.147
0.309
0.568
0.834
0.095
0.352
0.112
0.118
0.454
0.676
0.239
0.314
0.813
0.858
0.617
0.962
0.827
0.509
0.308
0.423
0.502
0.791
0.278
0.338
0.81
0.98
0.858
0.002
0.999
0.992
0.383
0.469
0.83
0.029
0.016
0.425
0.879
0.601
0.611
0.109
0.68
0.339
0.314
0.857
0.439
0.884
0.629
0.167
0.769
0.07
0.022
0.926
0.526
0.412
0.306
0.546
0.1
0.422
0.346
0.123
0.795
0.966
0.217
0.957
0.977
0.105
0.87
0.88
0.343
0.435
0.103
0.719
0.542
0.366
0.089
0.548
0.079
0.896
0.032
0.29
0.579
0.498
0.138
0.666
0.182
0.629
0.486
0.78
0.31
0.999
0
0.591
0.921
0.004
0.065
0.23
0.929
0.842
0.792
0.94
0.886
0.531
0.615
0.885
0.123
0.068
0.362
0.095
0.281
0.643
0.938
0.953
0.003
0.356
0.87
0.843
0.041
0.612
0.261
0.445
0.31
0.379
0.918
0.133
0.595
0.82
0.447
0.788
0.563
0.431
0.932
0.397
0.311
0.789
0.471
0.27
0.35
0.049
0.054
0.386
0.558
0.036
0.18
0.889
0.602
0.983
0.564
0.053
0.072
0.246
0.851
0.3
1.0
0.152
0.918
0.567
0.701
0.766
0.373
0.924
0.534
0.391
0.322
0.949
0.752
0.416
0.498
0.407
0.821
0.52
0.853
0.313
0.162
0.374
0.651
0.815
0.64
0.766
0.37
0.398
0.37
0.702
0.652
0.439
0.014
0.956
0.931
0.93
0.462
0.101
0.846
0.173
0.448
0.211
0.366
0.262
0.152
0.485
0.147
0.016
0.97
0.977
0.681
0.706
0.866
0.301
0.384
0.601
0.613
0.807
0.982
0.998
0.053
0.632
0.503
0.707
0.714
0.803
0
0.06
0.832
0.808
0.642
0.249
0.032
0.175
0.607
0.277
0.338
0.69
0.619
0.124
0.717
0.005
0.45
0.713
0.119
0.137
0
0.669
0.056
0.962
0.672
0.135
0.992
0
0.35
0.159
0.305
0.554
0.365
0.058
0.333
0.103
0.41
0.506
0.795
0.23
0.221
0.656
0.368
0.024
0.488
0.945
0.358
0.38
0.32
0.044
0.184
0.486
0.926
0.374
0.614
0.737
0.161
0.915
0.116
0.469
0.649
0.489
0.486
0.46
0.026
0.096
0.434
0.145
0.341
0.997
0.829
0.096
0.937
0.842
0.156
0.107
0.29
0.758
0.177
0.751
0.173
0.249
0.234
0.716
0.544
0.036
0.305
0.019
0.811
0.314
0.101
0.777
0.926
0.184
0.346
0.257
0.559
0.006
0.343
0.315
0.594
0.327
0.515
0.139
0.062
0.517
0.006
0.685
0.462
0.619
0.235
0.098
0.296
0.297
0.204
0.072
0.644
0.844
0.522
0.926
0.085
0.665
0.992
0.95
0.456
0.054
0.243
0.302
0.433
0.685
0.863
0.964
0.758
0.096
0.295
0.469
0.58
0.28
0.496
0.166
0.545
0.979
0.855
0.757
0.621
0.421
0.423
0.344
0.699
0.413
0.834
0.806
0.068
0.647
0.6
0.241
0.63
0.711
0.11
0.215
0.943
0.548
0.712
0.134
0.983
0.723
0.591
0.412
0.22
0.602
0.175
0.571
0.488
0.588
0.114
0.803
0.888
0.889
0.017
0.895
0.049
0.725
0.191
0.368
0.517
0.519
0.283
0.424
0.039
0.949
0.376
0.783
0.34
0.371
0.284
0.468
0.654
0.978
0.735
0.24
0.752
0.186
0.275
0.378
0.3
0.358
0.064
0.106
0.05
0.363
0.048
0.541
0.479
0.999
0.051
0.891
0.266
0.349
0.888
0.441
0.671
0.811
0.717
0.594
0.352
0.761
0.776
0.226
0.119
0.94
0.338
0.367
0.253
0
0.737
0.72
0.064
0.959
0.242
0.177
0.748
0.238
0.808
0.129
0.709
0.251
0.006
0.87
0.176
0.062
0.736
0.433
0.844
0.521
0.187
0.141
0.407
0.815
0.155
0.463
0.256
0.028
0.045
0.395
0.281
0.893
0.209
0.278
0.229
0.567
0.673
0.087
0.896
0.649
0.535
0.317
0.358
0.162
0.282
0.183
0.833
0.219
0.52
0.508
0.478
0.738
0.516
0.337
0.88
0.934
0.262
0.058
0.698
0.192
0.509
0.814
0.237
0.719
0.298
0.893
0.633
0.769
0.927
0.487
0.152
0.785
0.629
0.535
0.439
0.403
0.029
0.352
0.651
0.294
0.834
0.678
0.912
0.487
0.801
0.416
0.753
0.758
0.649
0.303
0.326
0.948
0.232
0.255
0.435
0.021
0.655
0.647
0.137
0.966
0.453
0.696
0.74
0.642
0.39
0.859
0.189
0.322
0.557
0.961
0.604
0.684
0.32
0.336
0.74
0.867
0.675
0.514
0.079
0.824
0.254
0.439
0.601
0.28
0.891
0.071
0.045
0.787
0.173
0.562
0.436
0.624
0.985
0.552
0
0.249
0.222
0.927
0.787
0.074
0.08
0.542
0.845
0.712
0.408
0.905
0.508
0.912
0.161
0.591
0.008
0.565
0.724
0.899
0.606
0.114
0.06
0.018
0.594
0.772
0.988
0.325
0.346
0.837
0.468
0.238
0.216
0.22
0.602
0.357
0.808
0.842
0.66
0.271
0.442
0.282
0.884
0.94
0.226
0.403
0.227
0.861
0.316
0.815
0.89
0.771
0.107
0.554
0.087
0.831
0.926
0.563
0.445
0.966
0.801
0.214
0.502
0.714
0.864
0.937
0.656
0.36
0.605
0.12
0.397
0.247
0.468
0.531
0.054
0.353
0.824
0.737
0.695
0.894
0.243
0.447
0.468
0.452
0.348
0.856
0.893
0.047
0.76
0.601
0.68
0.059
0.114
0.737
0.007
0.288
0.38
0.081
0.449
0.942
0.141
0.488
0.432
0.491
0
0.855
0.453
0.531
0.89
0.847
0.936
0.573
0.223
0.01
0.478
0.837
0.297
0.177
0.441
0.964
0.272
0.99
0.533
0.33
0.353
0.836
0.012
0.426
0.9
0.554
0.37
0.268
0.711
0.227
0.904
0.477
0.322
0.336
0.519
0.236
0.143
0.73
0.862
0.5
0.82
0.84
0.949
0.801
0.019
0.766
0.064
0.043
0.145
0.185
0.17
0.895
0.142
0.524
0.637
0.034
0.551
0.05
0.001
0.957
0.317
0.408
0.7
0.332
0.23
0.129
0.643
0.012
0.323
0.273
0.843
0.289
0.202
0.725
0.074
0.66
0.82
0.801
0.691
0.431
0.856
0.735
0.73
0.312
0.564
0.57
0.933
0.217
0.314
0.011
0.243
0.528
0.726
0.851
0.155
0.281
0.119
0.742
0.833
0.713
0.527
0.289
0.373
0.3
0.73
0.273
0.322
0.24
0.762
0.261
0.751
0.563
0.592
0.445
0.469
0.818
0.833
0.22
0.299
0.242
0.303
0.839
0.09
0.935
0.459
0.203
0.509
0.493
0.853
0.62
0
0.076
0.209
0.296
0.454
0.061
0.821
0.066
0.584
0.055
0.759
0.463
0.952
0.879
0.614
0.419
0.836
0.168
0.151
0.546
0.801
0.307
0.575
0.093
0.513
0.579
0.189
0.236
0.618
0.194
0.592
0.377
0.071
0.352
0.271
0.226
0.113
0.857
0.526
0.42
0.499
0.232
0.091
0.704
0.223
0.241
0.947
0.036
0.538
0.864
0.363
0.624
0.228
0.606
0.061
0.707
0.947
0.852
0.512
0.487
0.269
0.401
0.094
0.794
0.725
0.439
0.075
0.798
0.682
0.385
0.543
0.009
0.552
0.004
0.166
0.733
0.879
0.127
0.706
0.588
0.729
0.328
0.953
0.336
0.928
0.396
0.348
0.428
0.425
0.156
0.113
0.058
0.34
0.905
0.719
0.611
0.406
0.357
0.631
0.056
0.355
0.7
0.701
0.01
0.167
0.821
0.912
0.723
0.875
0.017
0.022
0.794
0.776
0.215
0.516
0.427
0.645
0.317
0.441
0.049
0.196
0.284
0.272
0.038
0.943
0.981
0.415
0.469
0.386
0.67
0.018
0.101
0.614
0.465
0.829
0.206
0.117
0.295
0.971
0.058
0.539
0.44
0.28
0.138
0.219
0.888
0.06
0.345
0.786
0.676
0.097
