0.901
0.448
0.021
0.02
0.516
0.799
0.855
0.069
0.352
0.703
0.798
0.261
0.806
0.888
0.355
0.871
0.817
0.548
0.244
0.557
0.827
0.906
0.071
0.08
0.101
0.639
0.15
0.362
0.177
0.136
0.431
0.037
0.731
0.064
0.339
0.59
0.744
0.707
0.889
0.537
0.919
0.744
0.469
0.407
0.574
0.192
0.628
0.762
0.887
0.107
0.531
0.586
0.807
0.8
0.111
0.033
0.085
0.287
0.531
0.474
0.546
0.519
0.876
0.534
0.142
0.303
0.106
0.028
0.149
0.553
0.671
0.123
0.434
0.96
0.882
0.758
0.302
0.679
0.383
0.456
0.047
0.875
0.353
0.886
0.69
0.032
0.986
0.632
0.254
0.458
0.745
0.691
0.513
0.121
0.261
0.104
0.063
0.561
0.214
0.886
0.341
0.458
0.487
0.752
0.359
0.162
0.27
0.594
0.81
0.251
0.551
0.473
0.996
0.274
0.119
0.791
0.694
0.301
0.143
0.314
0.077
0.484
0.565
0.867
0.216
0.451
0.084
0.441
0.041
0.514
0.747
0.498
0.555
0.54
0.684
0.007
0.557
0.281
0.965
0.254
0.366
0.002
0.597
0.309
0.36
0.268
0.676
0.647
0.07
0.852
0.802
0.584
0.186
0.273
0.963
0.043
0.708
0.859
0.287
0.166
0.607
0.749
0.882
0.12
0.298
0.475
0.422
0.528
0.333
0.887
0.985
0.21
0.902
0.164
0.286
0.603
0.209
0.449
0.485
0.035
0.761
0.01
0.481
0.986
0.614
0.001
0.733
0.817
0.69
0.156
0.187
0.928
0.927
0.036
0.919
0.684
0.276
0.223
0.328
0.215
0.27
0.523
0.981
0.38
0.966
0.188
0.328
0.165
0.258
0.553
0.288
0.413
0.712
0.983
0.408
0.984
0.887
0.18
0.184
0.275
0.145
0.181
0.583
0.595
0.049
0.331
0.218
0.386
0.928
0.767
0.228
0.811
0.772
0.17
0.293
0.722
0.374
0.978
0.501
0.696
0.437
0.663
0.707
0.473
0.411
0.683
0.082
0.226
0.025
0.096
0.895
0.409
0.475
0.465
0.177
0.951
0.031
0.802
0.136
0.879
0.399
0.59
0.477
0.825
0.45
0.472
0.133
0.594
0.48
0.762
0.074
0.581
0.154
0.875
0.26
0.601
0.495
0.876
0.315
0.468
0.776
0.923
0.361
0.062
0.595
0.772
0.644
0.947
0.737
0.383
0.746
0.392
0.854
0.72
0.559
0.841
0.391
0.095
0.502
0.381
0.621
0.249
0.071
0.928
0.093
0.203
0.758
0.987
0.239
0.445
0.285
0.491
0.597
0.43
0.635
0.387
0.977
0.016
0.97
0.159
0.676
0.12
0.617
0.172
0.024
0.686
0.303
0.328
0.28
0.691
0.329
0.751
0.862
0.052
0.533
0.37
0.781
0.875
0.313
0.899
0.947
0.995
0.571
0.086
0.887
0.743
0.671
0.45
0.122
0.2
0.967
0.146
0.042
0.571
0.389
0.091
0.411
0.279
0.849
0.846
0.472
0.08
0.506
0.953
0.584
0.431
0.012
0.622
0.37
0.597
0.062
0.458
0.259
0.528
0.702
0.231
0.537
0.094
0.645
0.676
0.074
0.819
0.712
0.282
0.698
0.654
0.163
0.934
0.385
0.246
0.693
0.487
0.285
0.39
0.394
0.805
0.062
0.079
0.877
0.745
0.686
0.301
0.933
0.086
0.782
0.293
0.137
0.37
0.796
0.862
0.498
0.717
0.147
0.067
0.943
0.283
0.195
0.041
0.671
0.859
0.832
0.083
0.019
0.284
0.48
0.391
0.199
0.954
0.116
0.045
0.209
0.152
0.758
0.941
0.58
0.956
0.979
0.938
0.805
0.435
0.778
0.072
0.134
0.076
0.033
0.192
0.294
0.7
0.349
0.28
0.312
0.151
0.924
0.608
0.226
0.89
0.4
0.828
0.925
0.954
0.334
0.317
0.619
0.235
0.707
0.741
0.029
0.667
0.036
0.533
0.806
0.401
0.999
0.641
0.582
0.704
0.127
0.734
0.197
0.95
0.246
0.166
0.454
0.237
0.303
0.839
0.065
0.737
0.031
0.417
0.055
0.644
0.397
0.991
0.676
0.569
0.186
0.384
0.568
0.738
0.593
0.077
0.73
0.481
0.651
0.631
0.133
0.117
0.002
0.222
0.441
0.762
0.86
0.212
0.77
0.099
0.037
0.619
0.834
0.386
0.313
0.472
0.857
0.214
0.608
0.243
0.483
0.349
0.652
0.814
0.235
0.736
0.011
0.523
0.712
0.071
0.223
0.377
0.484
0.317
0.319
0.414
0.086
0.039
0.793
0.963
0.181
0.876
0.42
0.947
0.935
0.017
0.564
0.417
0.067
0.668
0.964
0.92
0.183
0.091
0.32
0.322
0.719
0.618
0.69
0.841
0.499
0.44
0.557
0.487
0.881
0.008
0.76
0.279
0.345
0.612
0.913
0.48
0.794
0.505
0.304
0.533
0.628
0.541
0.582
0.998
0.314
0.984
0.849
0.739
0.243
0.271
0.54
0.575
0.362
0.598
0.561
0.983
0.394
0.261
0.257
0.971
0.027
0.848
0.43
0.573
0.88
0.441
0.219
0.919
0.456
0.292
0.999
0.951
0.134
0.6
0.228
0.135
0.079
0.624
0.427
0.788
0.775
0.3
0.798
0.752
0.702
0.963
0.882
0.552
0.561
0.95
0.757
0.145
0.159
0.776
0.831
0.924
0.856
0.086
0.294
0.82
0.977
0.54
0.536
0.634
0.652
0.548
0.677
0.343
0.731
0.682
0.523
0.212
0.643
0.841
0.899
0.512
0.425
0.795
0.106
0.858
0.492
0.281
0.239
0.773
0.307
0.566
0.781
0.247
0.07
0.563
0.172
0.831
0.171
0.583
0.786
0.255
0.546
0.369
0.104
0
0.3
0.627
0.805
0.018
0.221
0.4
0.923
0.923
0.266
0.246
0.876
0.136
0.085
0.48
0.401
0.37
0.394
0.046
0.108
0.579
0.142
0.637
0.37
0.036
0.256
0.264
0.638
0.504
0.553
0.052
0.548
0.636
0.559
0.631
0.469
0.825
0.933
0.07
0.901
0.201
0.674
0.214
0.768
0.499
0.282
0.063
0.686
0.993
0.051
0.767
0.881
0.896
0.955
0.981
0.952
0.772
0.672
0.489
0.139
0.094
0.477
0.774
0.23
0.884
0.548
0.719
0.349
0.031
0.615
0.925
0.688
0.366
0.855
0.301
0.159
0.726
0.39
0.125
0.847
0.287
0.398
0.61
0.248
0.545
0.537
0.915
0.308
0.518
0.032
0.529
0.318
0.33
0.304
0.471
0.959
0.709
0.911
0.489
0.803
0.976
0.498
0.386
0.996
0.006
0.843
0.77
0.643
0.193
0.335
0.514
0.639
0.84
0.541
0.806
0.526
0.777
0.489
0.436
0.078
0.159
0.545
0.879
0.821
0.664
0.394
0.409
0.481
0.708
0.291
0.811
0.197
0.69
0.738
0.95
0.858
0.389
0.235
0.51
0.474
0.514
0.722
0.311
0.443
0.373
0.561
0.136
0.223
0.923
0.864
0.763
0.234
0.34
0.911
0.539
0.963
0.846
0.386
0.378
0.783
0.132
0.459
0.187
0.602
0.808
0.872
0.869
0.362
0.171
0.509
0.89
0.455
0.171
0.526
0.528
0.785
0.259
0.891
0.477
0.733
0.058
0.816
0.921
0.692
0.139
0.632
0.741
0.798
0.532
0.846
0.947
0.072
0.999
0.619
0.884
0.574
0.07
0.718
0.149
0.035
0.29
0.925
0.294
0.733
0.211
0.358
0.152
0.682
0.47
0.615
0.831
0.986
0.953
0.138
0.533
0.008
0.402
0.077
0.323
0.825
0.778
0.567
0.784
0.04
0.065
0.952
0.797
0.685
0.595
0.639
0.622
0.64
0.848
0.382
0.001
0.188
0.979
0.178
0.791
0.808
0.424
0.52
0.667
0.26
0.507
0.973
0.377
0.904
0.174
0.747
0.51
0.111
0.94
0.153
0.532
0.418
0.254
0.148
0.742
0.421
0.937
0.191
0.584
0.458
0.185
0.287
0.162
0.563
0.952
0.917
0.589
0.521
0.996
0.486
0.36
0.154
0.079
0.523
0.49
0.311
0.856
0.588
0.956
0.6
0.957
0.049
0.163
0.634
0.522
0.971
0.092
0.682
0.441
0.862
0.161
0.783
0.348
0.155
0.216
0.368
0.362
0.598
0.825
0.477
0.432
0.396
0.756
0.079
0.953
0.117
0.947
0.364
0.886
0.959
0.793
0.548
0.885
0.075
0.27
