0.81
0.807
0.913
0.035
0.841
0.107
0.291
0.605
0.727
0.027
0.712
0.459
0.555
0.054
0.065
0.909
0.462
0.434
0.81
0.985
0.086
0.287
0.709
0.903
0.48
0.946
0.165
0.288
0.329
0.974
0.602
0.646
0.191
0.509
0.683
0.748
0.311
0.637
0.969
0.168
0.428
0.93
0.687
0.377
0.729
0.781
0.182
0.566
0.789
0.393
0.765
0.72
0.516
0.294
0.705
0.853
0.433
0.409
0.971
0.936
0.739
0.613
0.486
0.527
0.285
0.273
0.547
0.942
0.893
0.778
0.486
0.266
0.993
0.92
0.727
0.527
0.431
0.349
0.407
0.495
0.253
0.602
0.467
0.54
0.546
0.576
0.492
0.838
0.909
0.373
0.451
0.374
0.929
0.582
0.198
0.241
0.654
0.681
0.957
0.666
0.737
0.359
0.418
0.247
0.095
0.69
0.995
0.253
0.456
0.537
0.847
0.318
0.221
0.447
0.095
0.325
0.056
0.378
0.911
0.608
0.055
0.624
0.996
0.651
0.907
0.192
0.328
0.297
0.994
0.145
0.826
0.661
0.256
0.032
0.379
0.554
0.07
0.842
0.406
0.0
0.381
0.284
0.391
0.918
0.447
0.166
0.821
0.898
0.909
0.792
0.887
0.599
0.823
0.629
0.16
0.268
0.688
0.081
0.56
0.699
0.137
0.224
0.948
0.38
0.803
0.252
0.348
0.454
0.903
0.974
0.637
0.464
0.361
0.187
0.271
0.725
0.771
0.614
0.992
0.221
0.971
0.76
0.587
0.21
0.182
0.274
0.968
0.334
0.742
0.146
0.828
0.267
0.595
0.114
0.554
0.989
0.329
0.394
0.036
0.016
0.159
0.551
0.022
0.367
0.924
0.912
0.869
0.67
0.627
0.036
0.427
0.25
0.128
0.709
0.586
0.624
0.809
0.485
0.698
0.453
0.958
0.823
0.511
0.354
0.876
0.032
0.339
0.423
0.891
0.51
0.235
0.569
0.49
0.355
0.12
0.093
0.433
0.792
0.472
0.129
0.693
0.206
0.014
0.855
0.81
0.643
0.235
0.42
0.334
0.137
0.9
0.735
0.987
0.986
0.015
0.996
0.993
0.43
0.867
0.053
0
0.248
0.99
0.808
0.121
0.36
0.651
0.792
0.333
0.45
0.223
0.607
0.462
0.499
0.246
0.49
0.123
0.269
0.768
0.214
0.364
0.305
0.068
0.063
0.312
0.257
0.135
0.171
0.2
0.588
0.533
0.485
0.525
0.846
0.088
0.661
0.036
0.85
0.134
0.671
0.664
0.562
0.154
0.973
0.791
0.831
0.75
0.751
0.347
0.762
0
0.632
0.183
0.721
0.683
0.441
0.421
0.104
0.44
0.44
0.922
0.162
0.594
0.432
0.751
0.397
0.197
0.984
0.724
0.354
0.407
0.694
0.846
0.209
0.839
0.329
0.821
0.683
0.891
0.362
0.71
0.834
0.612
0.651
0.507
0.648
0.54
0.023
0.596
0.836
0
0.085
0.303
0.577
0.387
0.043
0.481
0.674
0.918
0.008
0.739
0.977
0.606
0.043
0.162
0.312
0
0.131
0.538
0.792
0.455
0.883
0.221
0.523
0.263
0.256
0.602
0.583
0.566
0.104
0.262
0.232
0.073
0.331
0.493
0.58
0.84
0.748
0.565
0.335
0.088
0.066
0.073
0.677
0.895
0.122
0.858
0.625
0.576
0.942
0.633
0.825
0.889
0.265
0.898
0.08
0.345
0.112
0.497
0.89
0.78
0.427
0.657
0.726
0.883
0.455
0.16
0.993
0.63
0.015
0.801
0.896
0.315
0.767
0.863
0.412
0.927
0.239
0.04
0.049
0.675
0.255
0.531
0.14
0.788
0.403
0.015
0
0.86
0.764
0.654
0.457
0.675
0.406
0.156
0.944
0.842
0.385
0.219
0.065
0.649
0.392
0.474
0.371
0.513
0.789
0.479
0.768
0.431
0.151
0.131
0.718
0.478
0.932
0.832
0.294
0.828
0.133
0.474
0.305
0.135
0.073
0.982
0.316
0.282
0.53
0.976
0.597
0.907
0.393
0.715
0.373
0.9
0.063
0.99
0.237
0.114
0.885
0.386
0.791
0.04
0.576
0.954
0.67
0.515
0.019
0.155
0.598
0.969
0.555
0.071
0.57
0.793
0.179
0.662
0.787
0.801
0.851
0.825
0.056
0.865
0.562
0.969
0.528
0.086
0.861
0.03
0.42
0.906
0.602
0.408
0.495
0.587
0.707
0.32
0.408
0.313
0.552
0.075
0.983
0.512
0.747
0.3
0.473
0.158
0.938
0.662
0.428
0.713
0.937
0.727
0.105
0.552
0.999
0.877
0.339
0.097
0.328
0.937
0.557
0.455
0.213
0.671
0.713
0.042
0.028
0.604
0.468
0.009
0.117
1.0
0.008
0.281
0.371
0.866
0.531
0.579
0.763
0.645
0.133
0.418
0.322
0.265
0.534
0.792
0.809
0.841
0.984
0.135
0.449
0.758
0.134
0.046
0.262
0.531
0.227
0.294
0.8
0.398
0.421
0.743
0.462
0.466
0.611
0.815
0.833
0.892
0.45
0.336
0.859
0.659
0.015
0.744
0.636
0.817
0.705
0.44
0.773
0.336
0.76
0.955
0.87
0.522
0.501
0.472
0.832
0.757
0
0.304
0.611
0.242
0.115
0.935
0.049
0.396
0.848
0.375
0.133
0.043
0.883
0.389
0.875
0.556
0.681
0.068
0.477
0.356
0.803
0.334
0.346
0.239
0.237
0.493
0.323
0.255
0.131
0.177
0.602
0.436
0.084
0.226
0.728
0.652
0.819
0.341
0.017
0.444
0.341
0.46
0.383
0.198
0.314
0.255
0.47
0.86
0.972
0.233
0.514
0.84
0.575
0.969
0.862
0.407
0.318
0.768
0.171
0.864
0.852
0.801
0.232
0.906
0.389
0.559
0.134
0.425
0.346
0.362
0.317
0.307
0.776
0.561
0.43
0.487
0.275
0.354
0.416
0.841
0.717
0.975
0.723
0.169
0.736
0.836
0.166
0.898
0.441
0.658
0.754
0.93
0.914
0.935
0.318
0.197
0.655
0.875
0.74
0.475
0.796
0.209
0.374
0.794
0.329
0.992
0.159
0.301
0.177
0.993
0.018
0.022
0.833
0.609
0.739
0.703
0.233
0.788
0.96
0.689
0.426
0.001
0.354
0.68
0.973
0.786
0.98
0.949
0.351
0.768
0.908
0.673
0.473
0.675
0.314
0.323
0.958
0.919
0.908
0.325
0.227
0.31
0.348
0.06
0.764
0.318
0.401
0.633
0.881
0.826
0.493
0.842
0.293
0.728
0.215
0.665
0.699
0.649
0.54
0.158
0.091
0.311
0.692
0.291
0.997
0.512
0.773
0.768
0.613
0.34
0.774
0.227
0.512
0.148
0.987
0.379
0.624
0.945
0.338
0.088
0.637
0.483
0.756
0.45
0.436
0.98
0.05
0.15
0.338
0.774
0.769
0.646
0.433
0.2
0.898
0.769
0.459
0.86
0.265
0.45
0.348
0.51
0.27
0.784
0.73
0.816
0.399
0.449
0.009
0.656
0.517
0.619
0.764
0.851
0.869
0.077
0.518
0.282
0.929
0.575
0.391
0.931
0.616
0.965
0.967
0.602
0.892
0.212
0.168
0.34
0.94
0.712
0.47
0.684
0.863
0.035
0.72
0.429
0.048
0.998
0.421
0.006
0.04
0.319
0.67
0.737
0.945
0.587
0.292
0.977
0.163
0.637
0.512
0.588
0.521
0.078
0.587
0.02
0.697
0.207
0.651
0.594
0.065
0.181
0.494
0.02
0.729
0.556
0.801
0.127
0.872
0.796
0.725
0.737
0.807
0.361
0.465
0
0.125
0.981
0.751
0.824
0.234
0.69
0.512
0.393
0.294
0.001
0.206
0.692
0.531
0.328
0.98
0.509
0.52
0.6
0.118
0.469
0.973
0.873
0.951
0.278
0.668
0.309
0.562
0.766
0.179
0.68
0.313
0.047
0.848
0.904
0.665
0.245
0.754
0.154
0.115
0.515
0.6
0.493
0.351
0.608
0.149
0.577
0.043
0.356
0.01
0.558
0.112
0.411
0.241
0.002
0.68
0.301
0.665
0.165
0.933
0.601
0.149
0.594
0.371
0.193
0.586
0.395
0.756
0.887
0.946
0.404
0.393
0.685
0.614
0.077
0.04
0.116
0.88
0.049
0.8
0.356
0.423
0.31
0.222
0.805
0.665
0.315
0.456
0.725
0
0.882
0.948
0.712
0.238
0.951
0.806
0.189
0.437
0.268
0.485
0.144
0.56
0.607
0.594
0.947
0.229
