0.425
0.148
0.537
0.233
0.206
0.667
0.611
0.315
0.665
0.063
0.545
0.179
0.281
0.073
0.92
0.13
0.377
0.575
0.251
0.678
0.875
0
0.398
0.865
0.981
0.207
0.955
0.889
0.857
0.303
0.553
0.728
0.096
0.394
0.236
0.722
0.395
0.586
0.138
0.665
0.993
0.124
0.368
0.65
0.497
0.624
0.548
0.037
0.693
0.362
0.944
0.636
0.196
0.167
0.198
0.164
0.449
0.166
0.442
0.953
0.667
0.048
0.581
0.667
0.051
0.374
0.052
0.335
0.605
0.201
0.907
0.407
0.855
0.484
0.575
0.887
0.987
0.131
0.548
0.372
0.02
0.71
0.623
0.263
0.55
0.378
0.039
0.787
0.644
0.885
0.579
0.922
0.192
0.971
0.906
0.011
0.886
0.951
0.023
0.548
0.288
0.047
0.388
0.547
0.19
0.764
0.602
0.67
0.211
0.512
0.326
0.862
0.223
0.21
0.919
0.137
0.018
0.332
0.962
0.13
0.288
0.412
0.999
0.211
0.816
0.474
0.82
0.386
0.795
0.523
0.555
0.746
0.781
0.371
0.322
0.569
0.815
0.869
0.787
0.045
0.845
0.643
0.36
0.745
0.08
0.804
0.776
0.454
0.117
0.469
0.836
0.799
0.876
0.726
0.661
0.805
0.659
0.022
0
0.968
0.281
0.31
0.184
0.326
0.144
0.03
0.023
0.098
0.392
0.346
0.713
0.495
0.725
0.038
0.244
0.036
0.498
0.689
0.727
0.657
0.445
0.82
0.69
0.715
0.281
0.315
0.206
0.51
0.148
0.701
0.051
0.777
0.806
0.559
0.497
0.52
0.955
0.926
0.333
0.388
0.254
0.254
0.017
0.281
0.494
0.542
0.119
0.652
0.87
0.661
0.33
0.38
0.973
0.255
0.019
0.681
0.186
0.452
0.652
0.556
0.223
0.451
0.346
0.418
0.467
0.967
0.427
0.756
0.516
0.028
0.729
0.047
0.407
0.272
0.505
0.673
0.435
0.134
0.399
0.874
0.187
0.229
0.888
0.296
0.706
0.174
0.758
0.613
0.213
0.993
0.37
0.63
0.775
0.01
0.886
0.42
0.893
0.629
0.264
0.789
0.305
0.572
0.957
0.7
0.94
0.877
0.939
0.397
0.456
0.801
0.84
0.686
0.027
0.407
0.657
0.853
0.142
0.629
0.43
0.955
0.897
0.729
0.507
0.589
0.156
0.822
0.382
0.041
0.553
0.58
0.875
0.872
0.142
0.762
0.07
0.079
0.159
0.176
0.107
0.362
0.355
0.154
0.604
0.419
0
0.63
0.415
0.843
0.839
0.543
0.963
0.916
0.755
0.558
0.6
0.405
0.066
0.398
0.556
0.889
0.624
0.016
0.602
0.939
0.906
0.843
0.203
0.698
0.927
0.33
0.763
0.587
0.402
0.352
0.32
0.427
0
0.271
0.027
0.322
0.217
0.835
0.181
0.962
0.113
0.404
0.038
0.07
0.746
0.57
0.37
0.847
0.702
0.319
0.765
0.647
0.235
0.526
0.484
0.554
0.482
0.557
0.486
0.682
0.361
0.277
0.982
0.811
0.899
0.14
0.716
0.512
0.882
0.654
0.606
0.354
0.093
0.437
0.132
0.485
0.184
0.528
0.633
0.4
0.131
0.768
0.807
0.096
0.446
0.67
0.51
0.429
0.373
0.488
0.328
0.18
0.162
0.25
0.272
0.798
0.256
0.659
0.912
0.503
0.818
0.047
0.521
0.53
0.849
0.923
0.205
0.895
0.943
0.903
0.73
0.598
0.321
0.271
0.354
0.222
0.835
0.422
0.33
0.348
0.359
0.807
0.093
0.691
0.587
0.359
0.549
0.749
0.274
0.255
0.655
0.392
0.939
0.197
0.731
0.651
0.71
0.772
0.137
0.059
0.901
0.641
0.266
0.001
0.953
0.683
0.445
0.289
0.018
0.668
0.322
0.193
0.804
0.439
0.933
0.593
0.553
0.576
0.463
0.312
0.469
0.448
0.966
0.525
0.814
0.683
0.769
0.461
0.464
0.761
0.455
0.628
0.585
0.909
0.576
0.739
0.838
0.998
0.779
0.153
0.929
0.589
0.247
0.53
0.816
0.22
0.555
0.342
0.257
0.81
0.425
0.206
0.815
0.92
0.505
0.168
0.001
0.161
0.014
0.822
0.436
0.312
0.701
0.466
0.174
0.381
0.992
0.764
0.747
0.712
0.721
0.268
0.05
0.61
0.697
0.09
0.152
0.451
0.223
0.614
0.023
0.934
0.569
0.139
0.574
0.575
0.104
0.551
0.903
0.296
0.054
0.938
0.124
0.563
0.895
0.383
0.843
0.498
0.796
0.917
0.916
0.739
0.461
0.737
0.947
0.383
0.678
0.772
0.892
0.702
0.156
0.926
0.368
0.779
0.39
0.798
0.414
0.618
0.353
0.706
0.634
0.516
0.884
0.907
0.396
0.337
0.486
0.268
0.424
0.847
0.603
0.692
0.686
0.52
0.471
0.412
0.072
0.091
0.883
0.697
0.445
0.857
0.862
0.772
0.935
0.912
0.094
0.896
0.557
0.056
0.565
0.991
0.991
0.825
0.035
0.604
0.627
0.213
0.445
0.553
0.747
0.27
0.931
0.89
0.566
0.92
0.463
0.609
0.046
0.275
0.696
0.301
0.001
0.706
0.474
0.02
0.797
0.089
0.13
0.426
0.059
0.317
0.099
0.219
0.479
0.597
0.278
0.466
0.227
0.016
0.145
0.011
0.718
0.049
0.248
0.089
0.313
0.7
0.502
0.553
0.522
0.206
0.894
0.3
0.863
0.267
0.906
0.064
0.038
0.261
0.578
0.369
0.022
0.234
0.283
0.193
0.383
0.57
0.551
0.756
0.259
0.727
0.483
0.916
0.855
0.561
0.948
0.761
0.553
0.268
0.508
0.006
0.217
0.128
0.965
0.444
0.739
0.324
0.742
0.063
0.899
0.319
0.6
0.503
0.088
0.013
0.315
0.513
0.419
0.526
0.382
0.575
0.991
0.614
0.665
0.054
0.726
0.577
0.447
0.299
0.92
0.654
0.381
0.657
0.662
0.197
0.597
0.611
0.095
0.477
0.701
0.65
0.457
0.88
0.194
0.372
0.687
0.169
0.217
0.75
0.346
0.96
0.195
0.255
0.721
0.06
0.04
0.193
0.939
0.409
0.265
0.646
0.9
0.051
0.808
0.966
0.625
0.8
0.482
0.79
0.97
0.96
0.412
0.928
0.259
0.619
0.863
0.27
0.793
0.464
0.576
0.719
0.044
0.302
0.079
0.882
0.341
0.317
0.874
0.287
0.327
0.06
0.605
0.483
0.278
0.71
0.037
0.33
0.949
0.243
0.976
0.82
0.492
0.597
0.933
0.917
0.616
0.597
0.156
0.832
0.089
0.495
0.63
0.271
0.378
0.124
0.19
0.533
0.712
0.552
0.005
0.955
0.195
0.665
0.893
0.736
0.592
0.37
0.586
0.633
0.61
0.176
0.201
0.75
0.588
0.342
0.637
0.344
0.933
0.406
0.427
0.513
0.545
0.779
0.558
0.816
0.596
0.912
0
0.739
0.21
0.982
0.13
0.868
0.385
0.296
0.655
0.351
0.697
0.275
0.892
0.41
0.823
0.155
0.089
0.514
0.526
0.965
0.064
0.495
0.906
0.194
0.014
0.451
0.576
0.249
0.141
0.381
0.852
0.756
0.205
0.474
0.514
0.359
0.779
0.119
0.809
0.478
0.852
0.901
0.907
0.017
0.81
0.321
0.646
0.858
0.097
0.53
0.309
0.947
0.299
0.584
0.647
0.068
0.212
0.627
0.692
0.823
0.304
0.389
0.854
0.887
0.329
0.889
0.184
0.817
0.924
0.926
0.881
0.136
0.266
0.999
0.434
0.511
0.689
0.891
0.723
0.923
0.479
0.334
0.713
0.505
0.861
0.353
0.559
0.119
0.549
0.48
0.495
0.876
0
0.914
0.532
0.957
0.96
0.437
0.185
0.915
0.431
0.824
0.923
0.44
0.882
0.506
0.673
0.087
0.424
0.909
0.855
0.726
0.864
0.763
0.387
0.343
0.434
0.548
0.671
0.406
0.806
1.0
0.37
0.282
0.3
0.705
0.484
0.124
0.352
0.892
0.319
0.195
0.973
0.527
0.456
0.112
0.872
0.865
0.076
0.475
0.251
0.228
0.563
0.145
0.772
0.208
0.856
0.141
0.125
0.254
0.013
0.472
0.144
0.788
0.6
0.753
0.445
0.852
0.144
0.949
0.92
0.006
0.669
0.04
0.639
0.515
0.493
0.462
0.864
0.155
0.268
0.523
0.119
0.331
0.639
0.45
0.884
0.795
