0.9
0.898
0.552
0.962
0.572
0.816
0.46
0.543
0.848
0.212
0.836
0.165
0.173
0.206
0.161
0.518
0.182
0.025
0.126
0.234
0.764
0.417
0.335
0.988
0.258
0.482
0.018
0.191
0.503
0.178
0.361
0.378
0.051
0.437
0.957
0.202
0.319
0.87
0.581
0.822
0.791
0.56
0.58
0.888
0.894
0.667
0.162
0.044
0.558
0.096
0.489
0.173
0.771
0.289
0.172
0.022
0.417
0.485
0.641
0.863
0.26
0.611
0.608
0.575
0.124
0.203
0.337
0.485
0.76
0.664
0.404
0.809
0.022
0.006
0.069
0.75
0.216
0.336
0.162
0.282
0.629
0.681
0.509
0.899
0.579
0.778
0.024
0.837
0.766
0.687
0.15
0.193
0.278
0.104
0.708
0.366
0.157
0.635
0.724
0.009
0.128
0.514
0.705
0.789
0.349
0.527
0.913
0.606
0.386
0.136
0.077
0.596
0.989
0.68
0.67
0.752
0.966
0.826
0.189
0.484
0.02
0.644
0.434
0.66
0.099
0.836
0.092
0.201
0.918
0.831
0.785
0.213
0.109
0.91
0.038
0.722
0.828
0.52
0.584
0.458
0.481
0.439
0.027
0.002
0.889
0.137
0.562
0.948
0.735
0.823
0.35
0.091
0.671
0.803
0.027
0.548
0.265
0.665
0.292
0.247
0.276
0.463
0.273
0.497
0.611
0.816
0.1
0.711
0.973
0.624
0.155
0.225
0.545
0.342
0.215
0.872
0.561
0.427
0.948
0.46
0.386
0.387
0.256
0.767
0.396
0.543
0.387
0.619
0.656
0.35
0.319
0.978
0.782
0.049
0.033
0.18
0.138
0.211
0.356
0.685
0.076
0.267
0.689
0.778
0.544
0.199
0.191
0.025
0.941
0.635
0.914
0.017
0.665
0.417
0.146
0.526
0.556
0.304
0.058
0.195
0.779
0.209
0.105
0.42
0.598
0.959
0.611
0.717
0.462
0.514
0.594
0.882
0.271
0.807
0.764
0.299
0.593
0.115
0.54
0.399
0.321
0.043
0.375
0.467
0.208
0.669
0.613
0.408
0.44
0.053
0.713
0.316
0.198
0.582
0.258
0.762
0.248
0.913
0.439
0.082
0.123
0.862
0.645
0.139
0.046
0.235
0.988
0.025
0.602
0.208
0.143
0.06
0.787
0.395
0.622
0.292
0.739
0.12
0.428
0.407
0.74
0.39
0.863
0.848
0.041
0.33
0.53
0.707
0.492
0.615
0.95
0.39
0.392
0.342
0.291
0.639
0.782
0.201
0.788
0.518
0.437
0.702
0.33
0.539
0.342
0.194
0.203
0.635
0.983
0.225
0.61
0.843
0.446
0.725
0.665
0.649
0.147
0.083
0.292
0.896
0.621
0.51
0.61
0.24
0.52
0.089
0.421
0.929
0.383
0.177
0.664
0.215
0.805
0.559
0.076
0.347
0.955
0.232
0.468
0.707
0.144
0.689
0.65
0.54
0.391
0.195
0.844
0.486
0.977
0.726
0.696
0.216
0.157
0.788
0.283
0.976
0.794
0.4
0.598
0.069
0.981
0.989
0.038
0.878
0.083
0.825
0.845
0.551
0.139
0.387
0.125
0.774
0.514
0.771
0.081
0.106
0.642
0.19
0.185
0.97
0.146
0.499
0.059
0.928
0.687
0.936
0.932
0.168
0.916
0.484
0.346
0.904
0.863
0.831
0.734
0.601
0.538
0.535
0.114
0.378
0.472
0.234
0.437
0.742
0.024
0.206
0.91
0.093
0.176
0.794
0.12
0.438
0.587
0.9
0.46
0.003
0.732
0.114
0.747
0.222
0.339
0.458
0.204
0.089
0.213
0.475
0.775
0.006
0.879
0.678
0.771
0.036
0.861
0.707
0.004
0.364
0.965
0.615
0.297
0.364
0.335
0.657
0.436
0.995
0.254
0.709
0.877
0.993
0.239
0.66
0.843
0.119
0.718
0.003
0.737
0.199
0.078
0.837
0.891
0.591
0.819
0.656
0.941
0.15
0.419
0.61
0.045
0.657
0.573
0.269
0.646
0.395
0.495
0.065
0.771
0.812
0.164
0.688
0.739
0.96
0.722
0.854
0.389
0.906
0.956
0.833
0.202
0.963
0.106
0.345
0.31
0.177
0.398
0.754
0.756
0.409
0.305
0.315
0.12
0.203
0.214
0.275
0.823
0.099
0.382
0.741
0.584
0.28
0.063
0.815
0.712
0.858
0.766
0.868
0.955
0.204
0.263
0.78
0.346
0.085
0.267
0.627
0.416
0.811
0.264
0.138
0.376
0.604
0.466
0.652
0.18
0.947
0.331
0.658
0.028
0.785
0.162
0.968
0.646
0.551
0.654
0.518
0.536
0.04
0.91
0.956
0.376
0.088
0.192
0.393
0.627
0.243
0.972
0.847
0.387
0.723
0.106
0.803
0.263
0.676
0.104
0.311
0.758
0.96
0.1
0.685
0.385
0.262
0.532
0.931
0.3
0.594
0.978
0.998
0.061
0.11
0.865
0.565
0.577
0.054
0.734
0.555
0.484
0.258
0.668
0.332
0.48
0.568
0.991
0.205
0.431
0.765
0.256
0.727
0.195
0.285
0.687
0.195
0.158
0.662
0.049
0.857
0.636
0.337
0.164
0.82
0.464
0.985
0.459
0.294
0.719
0.252
0.869
0.023
0.802
0.806
0.162
0.661
0.419
0.233
0.563
0.139
0.739
0.878
0.88
0.049
0.168
0.739
0.89
0.382
0.565
0.091
0.65
0.346
0.514
0.643
0.376
0.282
0.2
0.889
0.378
0.324
0.954
0.69
0.898
0.402
0.509
0.522
0.984
0.907
0.726
0.298
0.428
0.914
0.711
0.849
0.543
0.753
0.486
0.284
0.548
0.434
0.221
0.09
0.977
0.059
0.757
0.539
0.045
0.764
0.648
0.509
0.448
0.577
0.743
0.387
0.052
0.335
0.281
0.368
0.38
0.998
0.274
0.519
0.263
0.845
0.2
0.002
0.669
0.089
0.349
0.705
0.592
0.942
0.796
0.994
0.233
0.196
0.344
0.207
0.153
0.029
0.054
0.307
0.691
0.728
0.617
0.343
0.165
0.743
0.451
0.812
0.341
0.808
0.421
0.912
0.681
0.643
0.54
0.614
0.955
0.473
0.265
0.825
0.096
0.692
0.521
0.109
0.648
0.244
0.311
0.458
0.831
0.363
0.648
0.9
0.367
0.909
0.614
0.248
0.919
0.678
0.01
0.195
0.679
0.575
0.235
0.434
0.609
0.752
0.725
0.383
0.292
0.59
0.314
0.772
0.878
0.388
0.245
0.793
0.156
0.716
0.854
0.552
0.392
0.402
0.689
0.811
0.361
0.354
0.85
0.684
0.874
0.52
0.985
0.761
0.331
0.866
0.316
0.191
0.592
0.676
0.081
0.727
0.863
0.509
0.933
0.596
0.964
0.702
0.462
0.511
0.468
0.398
0.956
0.072
0.271
0.792
0.627
0.329
0.918
0.773
0.217
0.507
0.762
0.747
0.921
0.968
0.417
0.805
0.319
0.555
0.103
0.204
0.276
0.644
0.676
0.338
0.973
0.357
0.319
0.66
0.399
0.422
0.883
0.642
0.875
0.852
0.576
0.574
0.954
0.448
0.525
0.634
0.336
0.774
0.018
0.827
0.117
0.023
0.212
0.223
0.009
0.415
0.678
0.723
0.955
0.42
0.981
0.523
0.665
0.389
0.236
0.248
0.102
0.962
0.085
0.311
0.036
0.121
0.283
0.16
0.906
0.064
0.558
0.843
0.206
0.538
0.394
0.614
0.893
0.918
0.905
0.24
0.404
0.405
0.075
0.256
0.79
0.293
0.776
0.641
0.925
0.625
0.775
0.926
0.662
0.733
0.598
0.973
0.305
0.25
0.807
0.765
0.083
0.767
0.272
0.942
0.707
0.882
0.315
0.938
0.454
0.216
0.016
0.986
0.656
0.391
0.972
0.694
0.504
0.624
0.026
0.089
0.98
0.885
0.295
0.744
0.529
0.19
0.679
0.502
0.26
0.38
0.486
0.887
0.425
0.979
0.393
0.381
0.473
0.094
0.136
0.47
0.178
0.972
0.905
0.493
0.149
0.741
0.964
0.192
0.865
0.065
0.361
0.41
0.738
0.899
0.668
0.141
0.369
0.32
0.235
0.692
0.244
0.286
0.678
0.362
0.324
0.192
0.905
0.02
0.928
0.267
0.292
0.145
0.732
0.091
0.19
0.96
0.645
0.102
0.476
0.647
0.76
0.2
0.944
0.956
0.69
0.713
0.125
0.407
0.19
0.284
0.713
0.508
0.507
0.904
0.761
0.45
0.271
0.571
0.265
0.388
0.153
0.777
0.376
0.956
0.472
0.475
