0.57
0.554
0.243
0.735
0.317
0.734
0.796
0.12
0.122
0.752
0.804
0.068
0.497
0.055
0.482
0.252
0.925
0.772
0.058
0.924
0.349
0.323
0.742
0.57
0.272
0.118
0.668
0.866
0.561
0.703
0.717
0.974
0.847
0.577
0.826
0.562
0.544
0.512
0.472
0.787
0.212
0.579
0.117
0.31
0.863
0.823
0.899
0.496
0.639
0.197
0.503
0.412
0.496
0.846
0.691
0.411
0.134
0.33
0.391
0.805
0.065
0.435
0.798
0.517
0.621
0.348
0.006
0.508
0.063
0.263
0.725
0.272
0.287
0.93
0.758
0.716
0.062
0.432
0.72
0.752
0.084
0.436
0.489
0.116
0.094
0.922
0.722
0.985
0.797
0.679
0.386
0.192
0.041
0.391
0.806
0.543
0.533
0.631
0.126
0.706
0.111
0.758
0.417
0.73
0.448
0.878
0.759
0.732
0.872
0.68
0.383
0.005
0.576
0.476
0.469
0.615
0.102
0.242
0.847
0.333
0.924
0.448
0.706
0.045
0.719
0.173
0.951
0.83
0.481
0.903
0.959
0.914
0.751
0.751
0.868
0.598
0.786
0.165
0.493
0.303
0.544
0.065
0.186
0.374
0.499
0.018
0.879
0.198
0.767
0.117
0.238
0.906
0.762
0.477
0.175
0.506
0.814
0.085
0.654
0.187
0.249
0.492
0.582
0.128
0.396
0.637
0.675
0.478
0.757
0.638
0.88
0.533
0.326
0.392
0.748
0.63
0.851
0.503
0.555
0.078
0.296
0.661
0.091
0
0.872
0.822
0.372
0.104
0.596
0.032
0.91
0.927
0.181
0.999
0.205
0.065
0.83
0.777
0.21
0.611
0.645
0.917
0.369
0.558
0.775
0.514
0.453
0.802
0.303
0.534
0.976
0.415
0.37
0.435
0.674
0.448
0.815
0.107
0.974
0.038
0.463
0.22
0.423
0.594
0.42
0.247
0.154
0.159
0.565
0.707
0.254
0.432
0.439
0.272
0.346
0.336
0.92
0.24
0.287
0.092
0.484
0.645
0.175
0.178
0.454
0.107
0.088
0.648
0.371
0.121
0.607
0.911
0.824
0.048
0.471
0.266
0.241
0.263
0.792
0.873
0.616
0.667
0.04
0.674
0.536
0.372
0.735
0.53
0.616
0.314
0.178
0.527
0.065
0.84
0.536
0.419
0.96
0.897
0.267
0.505
0.804
0.759
0.163
0.842
0.163
0.373
0.171
0.358
0.495
0.89
0.227
0.302
0.719
0.94
0.339
0.981
0.228
0.993
0.173
0.974
0.14
0.461
0.206
0.03
0.922
0.137
0.953
0.205
0.556
0.224
0.051
0.435
0.502
0.56
0.933
0.67
0.365
0.539
0.142
0.596
0.83
0.213
0.16
0.895
0.512
0.394
0.368
0.597
0.412
0.728
0.195
0.826
0.957
0.953
0.436
0.133
0.293
0.458
0.968
0.83
0.569
0.441
0.302
0.384
0.999
0.981
0.245
0.876
0.683
0.73
0.995
0.861
0.611
0.24
0.634
0.079
0.644
0.216
0.208
0.821
0.844
0.445
0.007
0.644
0.532
0.241
0.286
0.994
0.963
0.287
0.848
0.376
0.106
0.807
0.547
0.959
0.876
0.01
0.427
0.672
0.313
0.361
0.018
0.814
0.463
0.481
0.364
0.481
0.915
0.835
0.389
0.239
0.034
0.052
0.491
0.492
0.634
0.732
0.709
0.478
0.85
0.794
0.62
0.584
0.567
0.929
0.43
0.445
0.303
0.113
0.469
0.282
0.027
0.512
0.377
0.871
0.673
0.942
0.752
0.003
0.499
0.286
0.95
0.9
0.416
0.909
0.828
0.387
0.869
0.488
0.492
0.685
0.425
0.253
0.985
0.92
0.247
0.882
0.648
0.512
0.276
0.221
0.385
0.418
0.66
0.407
0.408
0.614
0.788
0.458
0.548
0.9
0.588
0.798
0.225
0.936
0.795
0.351
0.394
0.535
0.14
0.718
0.433
0.611
0.723
0.49
0.321
0.485
0.306
0.516
0.454
0.615
0.915
0.411
0.327
0.414
0.657
0.434
0.137
0.927
0.647
0.102
0.131
0.022
0.762
0.459
0.768
0.604
0.06
0.398
0.927
0.609
0.277
0.575
0.584
0.602
0.258
0.332
0.57
0.812
0.904
0.834
0.023
0.167
0.878
0.439
0.361
0.796
0.448
0.411
0.607
0.301
0.114
0.489
0.567
0.41
0.952
0.05
0.039
0.103
0.664
0.183
0.099
0.322
0.568
0.75
0.741
0.578
0.653
0.689
0.111
0.65
0.641
0.961
0.075
0.554
0.913
0.434
0.719
0.932
0.701
0.372
0.411
0.337
0.818
0.534
0.405
0.664
0.088
0.33
0.791
0.687
0.373
0.833
0.365
0.624
0.907
0.743
0.769
0.16
0.131
0.318
0.074
0.302
0.801
0.112
0.82
0.255
0.251
0.5
0.975
0.286
0.67
0.227
0.887
0.373
0.065
0.33
0.041
0.147
0.876
0.506
0.775
0.78
0.387
0.306
0.447
0.124
0.063
0.979
0.896
0.946
0.584
0.232
0.397
0.686
0.321
0.955
0.445
0.524
0.363
0.798
0.703
0.431
0.47
0.655
0.758
0.66
0.371
0.886
0.416
0.87
0.075
0.825
0.715
0.172
0.72
0.22
0.045
0.192
0.748
0.091
0.921
0.155
0.958
0.497
0.619
0.281
0.269
0.877
0.332
0.568
0.199
0.009
0.01
0.056
0.79
0.444
0.621
0.99
0.38
0.293
0.421
0.765
0.983
0.75
0.166
0.742
0.477
0.538
0.243
0.002
0.798
0.233
0.893
0.452
0.435
0.789
0.23
0.737
0.828
0.075
0.887
0.697
0.416
0.87
0.327
0.644
0.701
0.844
0.376
0.275
0.436
0.003
0.171
0.201
0.055
0.365
0.994
0.985
0.266
0.145
0.32
0.774
0.698
0.075
0.175
0.599
0.496
0.643
0.162
0.648
0.394
0.74
0.864
0.844
0.553
0.453
0.338
0.026
0.796
0.056
0.32
0.639
0.431
0.943
0.098
0.881
0.846
0.536
0.328
0.59
0.947
0.791
0.449
0.751
0.197
0.849
0.28
0.759
0.697
0.891
0.796
0.375
0.405
0.669
0.91
0.343
0.33
0.822
0.664
0.628
0.044
0.422
0.779
0.143
0.652
0.585
0.908
0.999
0.094
0.552
0.96
0.987
0.763
0.958
0.27
0.258
0.257
0.406
0.758
0.968
0.276
0.66
0.663
0.001
0.553
0.303
0.523
0.199
0.729
0.758
0.519
0.055
0.352
0.32
0.648
0.005
0.754
0.757
0.518
0.145
0.631
0.452
0.684
0.986
0.936
0.945
0.439
0.209
0.357
0.792
0.413
0.05
0.087
0.436
0.421
0.057
0.81
0.5
0.653
0.381
0.167
0.059
0.022
0.358
0.562
0.858
0.761
0.41
0.109
0.031
0.766
0.328
0.241
0.107
0.405
0.72
0.756
0.548
0.108
0.092
0.254
0.938
0.864
0.781
0.739
0.575
0.345
0.387
0.102
0.083
0.974
0.251
0.301
0.044
0.104
0.47
0.135
0.199
0.931
0.215
0.91
0.968
0.812
0.456
0.617
0.153
0.048
0.438
0.695
0.508
0.091
0.561
0.614
0.885
0.945
0.678
0.529
0.941
0.364
0.215
0.632
0.648
0.772
0.132
0.513
0.564
0.002
0.833
0.108
0.356
0.201
0.311
0.268
0.185
0.774
0.909
0.851
0.529
0.929
0.17
0.127
0.998
0.177
0.102
0.94
0.461
0.73
0.143
0.48
0.022
0.74
0.958
0.422
0.443
0.816
0.907
0.556
0.238
0.417
0.666
0.666
0.942
0.829
0.415
0.899
0.035
0.417
0.456
0.476
0
0.13
0.875
0.895
0.128
0.926
0.653
0.762
0.879
0.52
0.222
0.989
0.376
0.889
0.575
0.607
0.625
0.612
0.919
0.612
0.873
0.502
0.371
0.63
0.662
0.858
0.052
0.77
0.32
0.146
0.999
0.8
0.448
0.899
0.97
0.559
0.314
0.123
0.575
0.767
0.951
0.984
0.289
0.268
0.235
0.025
0.263
0.885
0.134
0.43
0.808
0.051
0.777
0.603
0.81
0.266
0.371
0.102
0.855
0.386
0.434
0.356
0.231
0.912
0.207
0.629
0.994
0.473
0.637
0.659
0.174
0.955
0.741
0.385
0.517
0.072
0.283
0.168
0.203
0.425
0.263
0.448
0.147
0.154
0.59
0.334
0.164
0.864
0.555
0.999
0.568
0.589
0.794
0.83
0.295
0.455
0.945
0.585
0.179
