0.448
0.783
0.178
0.218
0.309
0.379
0.827
0.641
0.975
0.214
0.333
0.073
0.721
0.661
0.256
0.431
0.57
0.168
0.725
0.624
0.376
0.1
0.987
0.834
0.504
0.184
0.894
0.2
0.503
0.69
0.068
0.814
0.342
0.915
0.823
0.389
0.974
0.769
0.088
0.184
0.997
0.647
0.921
0.923
0.872
0.967
0.991
0.873
0.826
0.026
0.199
0.247
0.56
0.679
0.795
0.276
0.079
0.631
0.313
0.353
0.707
0.065
0.569
0.732
0.449
0.007
0.747
0.468
0.88
0.044
0.617
0.045
0.244
0.431
0.08
0.736
0.8
0.236
0.321
0.187
0.332
0.907
0.239
0.869
0.802
0.445
0.957
0.971
0.383
0.746
0.202
0.414
0.06
0.147
0.512
0.708
0.913
0.001
0.414
0.253
0.292
0.959
0.566
0.422
0.909
0.631
0.016
0.092
0.292
0.324
0.195
0.067
0.766
0.951
0.971
0.499
0.166
0.601
0.652
0.029
0.353
0.201
0.668
0.25
0.727
0.193
0.196
0.811
0.041
0.239
0.006
0.372
0.546
0.44
0.53
0.919
0.218
0.617
0.554
0.284
0.556
0.563
0.35
0.72
0.45
0.672
0.63
0.538
0.652
0.426
0.115
0.86
0.347
0.475
0.434
0.554
0.38
0.388
0.928
0.123
0.632
0.07
0.948
0.247
0.075
0.167
0.321
0.295
0.424
0.859
0.09
0.4
0.161
0.456
0.463
0.986
0.376
0.864
0.977
0.845
0.33
0.223
0.792
0.433
0.905
0.059
0.896
0.292
0.354
0.735
0.663
0.775
0.502
0.283
0.619
0.615
0.958
0.173
0.47
0.525
0.357
0.545
0.679
0.983
0.65
0.887
0.172
0.006
0.77
0.861
0.126
0.92
0.757
0.44
0.771
0.735
0.042
0.897
0.543
0.452
0.193
0.511
0.557
0.283
0.245
0.323
0.411
0.58
0.263
0.189
0.594
0.677
0.063
0.516
0.554
0.49
0.924
0.977
0.105
0.357
0.387
0.361
0.666
0.04
0.902
0.842
0.734
0.979
0.052
0.717
0.812
0.266
0.12
0.942
0.912
0.446
0.704
0.77
0.75
0.778
0.834
0.486
0.945
0.539
0.963
0.827
0.043
0.433
0.855
0.801
0.262
0.639
0.212
0.095
0.534
0.846
0.044
0.303
0.141
0.058
0.892
0.061
0.442
0.441
0.843
0.005
0.67
0.016
0.599
0.326
0.938
0.062
0.372
0.228
0.419
0.224
0.069
0.668
0.195
0.354
0.069
0.814
0.259
0.439
0.897
0.561
0.479
0.52
0.314
0.47
0.326
0
0.416
0.133
0.753
0.134
0.036
0.594
0.233
0.349
0.824
0.292
0.719
0.043
0.818
0.475
0.33
0.777
0.106
0.018
0.698
0.424
0.773
0.658
0.51
0.067
0.6
0.484
0.186
0.389
0.614
0.688
0.895
0.586
0.821
0.015
0.843
0.908
0.528
0.874
0.296
0.585
0.848
0.944
0.553
0.238
0.218
0.607
0.352
0.674
0.461
0.921
0.517
0.681
0.37
0.074
0.483
0.16
0.238
0.371
0.754
0.973
0.025
0.627
0.47
0.153
0.281
0.123
0.419
0.648
0.31
0.817
0.718
0.534
0.882
0.023
0.725
0.881
0.668
0.525
0.21
0.735
0.067
0.618
0.018
0.904
0.959
0.71
0.397
0.991
0.647
0.213
0.853
0.249
0.394
0.972
0.907
0.274
0.167
0.408
0.169
0.44
0.496
0.662
0.209
0.189
0.523
0.652
0.899
0.082
0.894
0.494
0.024
0.624
0.959
0.429
0.341
0.35
0.23
0.231
0.835
0.458
0.989
0.212
0.659
0.328
0.385
0.123
0.052
0.926
0.375
0.947
0.889
0.279
0.612
0.234
0.467
0.167
0.749
0.152
0.721
0.573
0.713
0.039
0.2
0.905
0.918
0.443
0.966
0.986
0.819
0.189
0.723
0.051
0.266
0.182
0.949
0.132
0.554
0.095
0.274
0.969
0.556
0.813
0.104
0.412
0.06
0.122
0.698
0.009
0.378
0
0.411
0.123
0.45
0.247
0.094
0.52
0.459
0.911
0.405
0.634
0.853
0.246
0.529
0.653
0.458
0.779
0.701
0.117
0.763
0.483
0.826
0.212
0.334
0.213
0.451
0.587
0.199
0.683
0.679
0.407
0.622
0.26
0.311
0.38
0.582
0.059
0.012
0.21
0.749
0.372
0.251
0.232
0.031
0.439
0.857
0.954
0.41
0.598
0.13
0.672
0.892
0.292
0.638
0.919
0.994
0.503
0.431
0.797
0.749
0.237
0.834
0.928
0.877
0.374
0.971
0.291
0.494
0.878
0.62
0.579
0.966
0.71
0.65
0.537
0.746
0.16
0.539
0.108
0.826
0.866
0.559
0.135
0.395
0.593
0.091
0.562
0.275
0.252
0.767
0.971
0.107
0.564
0.974
0.863
0.238
0.889
0.875
0.573
0.197
0.713
0.397
0.476
0.767
0.605
0.003
0.943
0.263
0.497
0.481
0.749
0.121
0.88
0.08
0.019
0.764
0.824
0.882
0.586
0.693
0.765
0.288
0.812
0.843
0.038
0.203
0.317
0.022
0.828
0.112
0.218
0.271
0.681
0.701
0.108
0.718
0.127
0.674
0.436
0.293
0.082
0.5
0.693
0.363
0.803
0.515
0.169
0.99
0.722
0.335
0.812
0.478
0.842
0.263
0.337
0.255
0.788
0.148
0.329
0.805
0.29
0.781
0.639
0.597
0.905
0.298
0.473
0.722
0.885
0.426
0.212
0.174
0.139
0.699
0.393
0.471
0.942
0.74
0.34
0.25
0.86
0.112
0.271
0.351
0.986
0.202
0.953
0.788
0.547
0.925
0.789
0.122
0.357
0.708
0.342
0.112
0.895
0.463
0.167
0.588
0.039
0.29
0.013
0.032
0.611
0.909
0.167
0.579
0.755
1.0
0.869
0.798
0.201
0.571
0.923
0.87
0.859
0.685
0.994
0.925
0.646
0.209
0.896
0.75
0.567
0.505
0.277
0.61
0.604
0.521
0.841
0.943
0.761
0.356
0.784
0.045
0.374
0.712
0.822
0.268
0.303
0.125
0.357
0.328
0.955
0.89
0.451
0.351
0.702
0.691
0.407
0.047
0.903
0.053
0.61
0.978
0.409
0.75
0.484
0.626
0.814
0.038
0.663
0.825
0.003
0.882
0.084
0.085
0.537
0.837
0.146
0.893
0.971
0.488
0.949
0.532
0.162
0.765
0.318
0.487
0.597
0.104
0.813
0.474
0.528
0.406
0.801
0.437
0.271
0.146
0.701
0.553
0.941
0.526
0.709
0.04
0.388
0
0.936
0.806
0.184
0.412
0.609
0.757
0.281
0.466
0.561
0.116
0.992
0.319
0.226
0.261
0.339
0.632
0.538
0.486
0.751
0.662
0.265
0.198
0.765
0.811
0.364
0.739
0.778
0.07
0.477
0.833
0.743
0.506
0.014
0.944
0.704
0.586
0.076
0.095
0.242
0.889
0.118
0.84
0.707
0.435
0.424
0.793
0.779
0.787
0.467
0.143
0.044
0.823
0.14
0.947
0.722
0.977
0.333
0.71
0.068
0.014
0.272
0.27
0.908
0.697
0.155
0.605
0.089
0.958
0.207
0.977
0.488
0.67
0.221
0.757
0.844
0.96
0.599
0.197
0.45
0.375
0.094
0.975
0.468
0.711
0.997
0.893
0.594
0.639
0.844
0.775
0.521
0.051
0.238
0.869
0.783
0.72
0.611
0.281
0.869
0.861
0.08
0.851
0.393
0.461
0.144
0.211
0.37
0.908
0.294
0.826
0.465
0.768
0.093
0.392
0.655
0.913
0.216
0.694
0.755
0.681
0.268
0.611
0.182
0.984
0.268
0.144
0.849
0.289
0.852
0.988
0.283
0.463
0.103
0.718
0.227
0.913
0.155
0.056
0.457
0.402
0.708
0.593
0.103
0.443
0.894
0.005
0.684
0.799
0.629
0.562
0.96
0.503
0.658
0.98
0.25
0.899
0.466
0.742
0.082
0.907
0.966
0.549
0.088
0.269
0.033
0.692
0.05
0.583
0.305
0.409
0.26
0.022
0.291
0.881
0.888
0.441
0.922
0.9
0.223
0.985
0.301
0.844
0.877
0.074
0.597
0.364
0.168
0.391
0.606
0.164
0.891
0.637
0.919
0.432
0.834
0.188
0.185
0.091
0.701
0.864
0.192
0.776
0.338
0.117
0.376
0.562
0.938
0.148
0.791
0.009
0.392
0.369
0.775
0.937
0.205
0.546
0.385
0.333
0.087
0.343
0.58
