0.24
0.246
0.066
0.196
0.667
0.352
0.437
0
0.186
0.701
0.477
0.142
0.336
0.237
0.351
0.883
0.774
0.777
0.781
0.592
0.226
0.189
0.174
0.954
0.201
0.553
0.472
0.841
0.215
0.491
0.338
0.27
0.07
0.538
0.679
0.007
0.876
0.17
0.566
0.661
0.578
0.112
0.746
0.672
0.998
0.666
0.685
0.537
0.89
0.471
0.158
0.987
0.83
0.642
0.937
0.64
0.06
0.37
0.314
0.998
0.714
0.376
0.333
0.995
0.103
0.44
0.979
0.861
0.635
0.931
0.644
0.95
0.913
0.663
0.329
0.291
0.832
0.249
0.188
0.644
0.27
0.824
0.253
0.178
0.169
0.835
0.127
0.103
0.04
0.851
0.838
0.594
0.481
0.285
0.533
0.534
0.752
0.749
0.091
0.537
0.319
0.241
0.401
0.879
0.046
0.39
0.478
0.613
0.438
0.04
0.51
0.768
0.499
0.333
0.206
0.884
0.348
0.961
0.97
0.696
0.019
0.047
0.328
0.086
0.455
0.21
0.163
0.312
0.105
0.995
0.912
0.916
0.912
0.471
0.241
0.028
0.324
0.197
0.367
0.45
0.865
0.869
0.881
0.332
0.663
0.058
0.667
0.153
0.049
0.271
0.797
0.356
0.413
0.832
0.121
0.769
0.253
0.167
0.221
0.926
0.334
0.771
0.338
0.46
0.925
0.78
0.608
0.45
0.205
0.565
0.083
0.614
0.639
0.918
0.305
0.013
0.6
0.658
0.392
0.901
0.467
0.033
0.07
0.746
0.535
0.91
0.142
0.334
0.844
0.033
0.854
0.893
0.334
0.48
0.536
0.104
0.162
0.84
0.656
0.447
0.233
0.806
0.045
0.573
0.235
0.209
0.289
0.781
0.939
0.298
0.764
0.041
0.943
0.408
0.86
0.912
0.829
0.904
0
0.743
0.096
0
0.757
0.475
0.628
0.528
0.9
0.213
0.333
0.3
0.626
0.66
0.363
0.468
0.823
0.169
0.996
0.752
0.712
0.923
0.223
0.832
0.531
0.373
0.942
0.187
0.324
0.793
0.544
0.591
0.621
0.616
0.336
0.285
0.968
0.846
0.885
0.416
0.027
0.931
0.383
0.619
0.837
0.186
0.264
0.879
0.309
0.15
0.576
0.122
0.09
0.995
0.035
0.068
0.462
0.082
0.483
0.988
0.66
0.439
0.121
0.333
0.391
0.348
0.659
0.971
0.094
0.775
0.661
0.026
0.755
0.87
0.683
0.374
0.479
0.436
0.697
0.605
0.27
0.257
0.305
0.92
0.483
0.378
0.57
0.826
0.015
0.671
0.263
0.157
0.234
0.316
0.337
0.229
0.992
0.835
0.704
0.384
0.082
0.199
0.825
0.738
0.483
0.841
0.896
0.77
0.191
0.32
0.499
0.154
0.861
0.89
0.316
0.208
0.121
0.845
0.503
0.504
0.07
0.233
0.571
0.884
0.882
0.123
0.508
0.908
0.045
0.068
0.623
0.369
0.922
0.25
0.62
0.694
0.487
0.313
0.749
0.252
0.973
0.901
0.263
0.854
0.267
0.308
0.163
0.069
0.457
0.035
0.411
0.453
0.89
0.152
0.385
0.14
0.679
0.777
0.72
0.163
0.726
0.089
0.15
0.951
0.525
0.003
0.996
0.151
0.86
0.116
0.326
0.478
0.38
0.848
0.437
0.053
0.927
0.883
0.545
0.722
0.861
0.14
0.09
0.132
0.222
0.07
0.605
0.231
0.297
0.187
0.183
0.182
0.677
0.749
0.625
0.781
0.301
0.218
0.302
0.725
0.981
0.171
0.543
0.234
0.55
0.372
0.852
0.949
0.029
0.249
0.174
0.177
0.738
0.358
0.142
0.322
0.703
0.726
0.989
0.688
0.794
0.98
0.035
0.003
0.134
0.816
0.933
0.903
0.064
0.14
0.137
0.414
0.193
0.926
0.174
0.284
0.973
0.652
0.329
0.782
0.613
0.125
0.017
0.23
0.437
0.136
0.598
0.197
0.072
0.795
0.541
0.719
0.546
0.305
0.007
0.702
0.414
0.435
0.154
0.555
0.697
0.457
0.456
0.476
0.087
0.296
0.612
0.798
0.522
0.213
0.921
0.243
0.886
0.272
0.049
0.919
0.974
0.042
0.24
0.423
0.568
0.462
0.093
0.064
0.696
0.287
0.197
0.98
0.357
0.068
0.601
0.884
0.945
0.125
0.937
0.965
0.838
0.713
0.828
0.43
0.354
0.806
0.971
0.733
0.564
0.075
0.918
0.371
0.319
0.706
0.99
0.685
0.224
0.679
0
0.361
0.315
0.33
0.466
0.208
0.686
0.339
0.907
0.484
0.396
0.527
0.823
0.204
0.587
0.797
0.726
0.556
0.454
0.617
0.416
0.036
0.967
0.693
0.975
0.204
0.577
0.576
0.043
0.57
0.21
0.618
0.517
0.965
0.714
0.519
0.936
0.932
0.935
0.553
0.123
0.95
0.651
0.655
0.951
0.713
0.569
0.469
0.256
0.89
0.112
0.384
0.424
0.332
0.095
0.89
0.252
0.137
0.459
0.387
0.995
0.368
0.243
0.973
0.515
0.097
0.466
0.686
0.274
0.468
0.175
0.285
0.514
0.082
0.388
0.933
0.507
0.871
0.926
0.109
0.189
0.796
0.424
0.974
0.626
0.61
0.123
0.284
0.715
0.923
0.093
0.782
0.093
0.216
0.523
0.111
0.445
0.249
0.631
0.126
0.271
0.316
0.996
0.358
0.502
1.0
0.266
0.464
0.019
0.534
0.999
0.179
0.399
0.681
0.98
0.738
0.877
0.098
0.245
0.577
0.069
0.688
0.872
0.893
0.285
0.406
0.97
0.97
0.613
0.478
0.234
0.775
0.914
0.753
0.866
0.082
0.077
0.64
0.164
0.202
0.658
0.196
0.471
0.859
0.875
0.244
0.682
0.716
0.766
0.946
0.154
0.816
0.793
0.761
0.525
0.813
0.125
0.937
0.836
0.78
0.419
0.776
0.017
0.396
0.5
0.914
0.198
0.097
0.05
0.149
0.306
0.536
0.316
0.949
0.399
0.056
0.015
0.232
0.547
0.669
0.021
0.396
0.97
0.985
0.372
0.278
0.923
0.668
0.932
0.874
0.93
0.571
0.203
0.8
0.154
0.169
0.661
0.118
0.992
0.973
0.686
0.744
0.782
0.296
0.004
0.877
0.082
0.061
0.748
0.759
0.35
0.654
0.251
0.142
0.754
0.304
0.595
0.6
0
0.208
0.839
0.71
0.607
0.776
0.691
0.573
0.53
0.262
0
0.693
0.833
0.957
0.843
0.876
0.001
0.448
0.626
0.93
0.36
0.416
0.764
0.227
0.346
0.365
0.626
0.933
0.087
0.881
0.471
0.075
0.456
0.402
0.611
0.689
0.228
0.655
0.509
0
0.909
0.391
0.16
0.798
0.8
0.127
0.063
0.102
0.39
0.216
0.563
0.958
0.937
0.149
0.194
0.237
0.165
0.917
0.166
0.634
0.536
0.338
0.044
0.212
0.109
0.728
0.017
0.709
0.971
0.732
0.727
0.305
0.594
0.103
0.799
0.153
0.13
0.587
0.889
0.648
0.881
0.148
0.211
0.548
0.313
0.32
0.1
0.682
0.395
0.364
0.717
0.701
0.437
0.181
0.831
0.685
0.42
0.222
0.689
0.017
0.888
0.316
0.1
0.372
0.471
0.93
0.647
0.342
0.811
0.78
0.171
0.489
0.161
0.194
0.261
0.399
0.316
0.527
0.859
0.975
0.342
0.731
0.465
0.308
0.747
0.528
0.23
0.86
0.374
0.062
0.541
0.901
0.039
0.071
0.499
0.339
0.452
0.073
0.755
0.917
0.767
0.107
0.055
0.162
0.44
0.791
0.297
0.273
0.022
0.435
0.692
0.653
0.895
0.113
0.866
0.964
0.972
0.409
0.018
0.179
0.557
0.792
0.798
0.348
0.608
1.0
0.028
0.886
0.107
0.119
0.754
0.627
0.14
0.743
0.679
0.649
0.676
0.476
0.019
0.216
0.124
0.315
0.584
0.311
0.063
0.287
0.214
0.208
0.56
0.339
0.321
0.1
0.049
0.742
0.914
0.945
0.048
0.967
0.314
0.924
0.044
0.412
0.12
0.44
0.879
0.065
0.813
0.886
0.472
0.093
0.324
0
0.334
0.823
0.651
0.158
0.221
0.31
0.551
0.91
0.488
0.512
0.321
0.876
0.431
0.133
0.598
0.543
0.47
0.817
0.17
0.249
0.086
0.211
0.437
0.254
0.351
0.175
0.184
0.516
0.768
0.735
0.165
0.513
0.555
0.387
0.239
0.709
0.188
0.639
