0.5
0.025
0.98
0.785
0.261
0.414
0.744
0.779
0.339
0.88
0.399
0.8
0.213
0.355
0.561
0.634
0.255
0.174
0.699
0.382
0.46
0.162
0.084
0.845
0.542
0.115
0.939
0.74
0.072
0.568
0.602
0.83
0.065
0.644
0.493
0.521
0.324
0.689
0.948
0.484
0.278
0.042
0.001
0.751
0.423
0.283
0.135
0.841
0.22
0.623
0.42
0.286
0.855
0.042
0.681
0.262
0.907
0.342
0.281
0.204
0.64
0.805
0.935
0.221
0.28
0.943
0.837
0.633
0.734
0.015
0.543
0.999
0.552
0.84
0.089
0.737
0.057
0.411
0.937
0.533
0.846
0.046
0.673
0.645
0.858
0.536
0.038
0.339
0.096
0.407
0.066
0.167
0.188
0.102
0.308
0.444
0.575
0.619
0.15
0.044
0.587
0.013
0.916
0.747
0.113
0.676
0.334
0.894
0.847
0.778
0.009
0.639
0.487
0.895
0.478
0.798
0.121
0.545
0.389
0.874
0.837
0.237
0.01
0.393
0.434
0.02
0.447
0.133
0.418
0.267
0.718
0.716
0.061
0.679
0.55
0.469
0.877
0.245
0.311
0.001
0.938
0.133
0.796
0.562
0.428
0.623
0.763
0.815
0.889
0.002
0.337
0.501
0.559
0.373
0.706
0.671
0.049
0.197
0.347
0.917
0.097
0.227
0.742
0.67
0.366
0.358
0.215
0.938
0.268
0.888
0.842
0.38
0.415
0.548
0.234
0.649
0.962
0.355
0.988
0.891
0.831
0.156
0.751
0.565
0.884
0.456
0.225
0.329
0.493
0.971
0
0.625
0.156
0.592
0.455
0.903
0.92
0.334
0.738
0.8
0.229
0.452
0.158
0.712
0.742
0.771
0.637
0.544
0.371
0.204
0.111
0.939
0.903
0.927
0.503
0.234
0.129
0.578
0.371
0.651
0.303
0.354
0.709
0.615
0.212
0.665
0.793
0.364
0.32
0.821
0.218
0.392
0.656
0.726
0.326
0.395
0.827
0.263
0.789
0.939
0.482
0.707
0.24
0.642
0.102
0.989
0.614
0.614
0.951
0.198
0.249
0.747
0.259
0.902
0.477
0.957
0.782
0.253
0.94
0.725
0.198
0.389
0.276
0.04
0.697
0.128
0.381
0.247
0.487
0.24
0.392
0.635
0.486
0.28
0.517
0.385
0.846
0.014
0.736
0.649
0.729
0.626
0.647
0.959
0.761
0.849
0.759
0.933
0.869
0.428
0.424
0.373
0.48
0.474
0.549
0.562
0.933
0.003
0.892
0.291
0.736
0.319
0.085
0.225
0.238
0.435
0.269
0.088
0.987
0.192
0.573
0.605
0.255
0.27
0.055
0.259
0.488
0.787
0.796
0.111
0.021
0.893
0.187
0.051
0.576
0.728
0.314
0.945
0.902
0.037
0.743
0.88
0.453
0.892
0.597
0.455
0.504
0.985
0.307
0.27
0.068
0.151
0.535
0.356
0.961
0.446
0.212
0.55
0.493
0.801
0.202
0.736
0.283
0.392
0.773
0.996
0.815
0.669
0.337
0.306
0.877
0.914
0.326
0.191
0.532
0.967
0.075
0.257
0.238
0.916
0.723
0.797
0.825
0.923
0.537
0.782
0.595
0.288
0.964
0.102
0.753
0.925
0.732
0.603
0.583
0.191
0.257
0.48
0.196
0.955
0.311
0.633
0.869
0.956
0.912
0.04
0.443
0.338
0.852
0.37
0.928
0.817
0.056
0.779
0.245
0.6
0.907
0.964
0.419
0.689
0.377
0.432
0.026
0.07
0.774
0.894
0.911
0.933
0.69
0.018
0.307
0.839
0.367
0.141
0.597
0.686
0.173
0.79
0.984
0.129
0.652
0.192
0.598
0.666
0.473
0.965
0.415
0.176
0.778
0.072
0.498
0.396
0.865
0.437
0.893
0.248
0.553
0.386
0.626
0.14
0.724
0.778
0.994
0.959
0.63
0.865
0.225
0.018
0.564
0.943
0.011
0.169
0.679
0.011
0.976
0.9
0.186
0.975
0.92
0.225
0.413
0.638
0.624
0.484
0.465
0.1
0.777
0.877
0.819
0.899
0.273
0.384
0.51
0.338
0.698
0.49
0.091
0.331
0.688
0.653
0.422
0.884
0.484
0.302
0.345
0.415
0.466
0.978
0.105
0.727
0.466
0.106
0.074
0.974
0.412
0.162
0.222
0.011
0.14
0.076
0.978
0.217
0.318
0.164
0.175
0.574
0.074
0.286
0.03
0.273
0.446
0.069
0.451
0.024
0.956
0.678
0.02
0.78
0.785
0.824
0.923
0.456
0.321
0.901
0.041
0.591
0.856
0.894
0.528
0.411
0.29
0.19
0.738
0.791
0.866
0.996
0.793
0.778
0.681
0.275
0.032
0.678
0.596
0.878
0.179
0.011
0.363
0.897
0.733
0.776
0.603
0.886
0.201
0.761
0.792
0.468
0.039
0.843
0.314
0.522
0.246
0.679
0.845
0.558
0.23
0.443
0.62
0.996
0.083
0.698
0.756
0.05
0.515
0.25
0.9
0.12
0.074
0.271
0.028
0.335
0.064
0.44
0.807
0.41
0.108
0.811
0.621
0.807
0.694
0.953
0.99
0.106
0.288
0.561
0.368
0.649
0.426
0.882
0.507
0.499
0.835
0.855
0.804
0.508
0.457
0.969
0.917
0.152
0.506
0.144
0.084
0.036
0.331
0.258
0.203
0.01
0.415
0.519
0.828
0.466
0.988
0.789
0.258
0.715
0.525
0.567
0.284
0.437
0.146
0.576
0.492
0.102
0.167
0.398
0.259
0.761
0.117
0.491
0.697
0.612
0.883
0.38
0.587
0.582
0.019
0.718
0.388
0.933
0.531
0.763
0.855
0.55
0.229
0.652
0.603
0.684
0.962
0.424
0.991
0.471
0.335
0.288
0.645
0.166
0.353
0.147
0.016
0.245
0.802
0.177
0.511
0.475
0.961
0.934
0.169
0.416
0.411
0.068
0.976
0.677
0.504
0.32
0.473
0.125
0.235
0.422
0.497
0.199
0.167
0.096
0.31
0.718
0.753
0.013
0.863
0.027
0.612
0.483
0.46
0.104
0.615
0.776
0.292
0.654
0.709
0.897
0.287
0.85
0.86
0.411
0.267
0.137
0.458
0.25
0.64
0.6
0.715
0.807
0.381
0.089
0.049
0.212
0.186
0.732
0.464
0.588
0.661
0.927
0.159
0.638
0.245
0.019
0.009
0.989
0.075
0.887
0.279
0.666
0.61
0.11
0.386
0.816
0.57
0.885
0.373
0.984
0.798
0.087
0.104
0.465
0.964
0.149
0.8
0.503
0.838
0.72
0.935
0.785
0.091
0.638
0.055
0.081
0.681
0.429
0.531
0.251
0.236
0.395
0.396
0.599
0.221
0.987
0.982
0.823
0.846
0.11
0.478
0.692
0.354
0.773
0.096
0.216
0.135
0.332
0.403
0.76
0.016
0.279
0.186
0.68
0.225
0.468
0.537
0.089
0.299
0.605
0.815
0.036
0.474
0.815
0.761
0.359
0.444
0.542
0.2
0.116
0.699
0.628
0.021
0.062
0.322
0.08
0.351
0.33
0.975
0.166
0.354
0.051
0.591
0.532
0.617
0.158
0.361
0.758
0.754
0.102
0.593
0.588
0.086
1.0
0.465
0.7
0.808
0.3
0.437
0.865
0.709
0.306
0.042
0.088
0.658
0.538
0.75
0.954
0.235
0.831
0.821
0.714
0.955
0.077
0.298
0.655
0.38
0.545
0.645
0.423
0.732
0.256
0.751
0.971
0.428
0.419
0.811
0.555
0.07
0.26
0.188
0.087
0.112
0.168
0.669
0.83
0.721
0.018
0.648
0.524
0.756
0.449
0.961
0.823
0.25
0.344
0.327
0.567
0.388
0.796
0.075
0.015
0.247
0.547
0.207
0.231
0.385
0.178
0.747
0.43
0.221
0.313
0.607
0.776
0.286
0.666
0.953
0.035
0.214
0.77
0.321
0.601
0.154
0.895
0.678
0.169
0.576
0.323
0.024
0.994
0.596
0.008
0.941
0.768
0.581
0.199
0.036
0.428
0.941
0.726
0.808
0.346
0.863
0.872
0.324
0.174
0.832
0.626
0.922
0.413
0.016
0.359
0.081
0.023
0.408
0.372
0.075
0.719
0.786
0.294
0.982
0.791
0.176
0.462
0.435
0.318
0.923
0.104
0.644
0.968
0.598
0.323
0.539
0.669
0.13
0.451
0.554
0.06
0.18
0.163
0.467
0.445
0.384
0.044
0.532
0.663
0.129
0.608
0.927
0.849
0.754
0.816
0.67
0.709
0.773
0.363
0.517
0.861
0
0
0.97
0.196
0.793
0.683
