0.567
0.345
0
0.917
0.716
0.174
0.148
0.885
0.895
0.022
0.181
0.67
0.943
0.474
0.234
0.154
0.167
0.084
0.632
0.429
0.235
0.867
0.804
0.615
0.048
0.522
0.544
0.094
0.471
0.365
0.176
0.022
0.384
0.601
0.749
0.82
0.707
0.887
0.447
0.32
0.038
0.834
0.633
0.88
0.954
0.068
0.522
0.357
0.556
0.834
0.322
0.032
0.171
0.73
0.29
0.742
0.17
0.631
0.461
0.33
0.418
0.878
0.029
0.34
0.35
0.829
0.877
0.741
0.584
0.864
0.403
0.863
0.653
0.373
0.072
0.298
0.874
0.412
0.619
0.454
0.393
0.998
0.463
0.552
0.142
0.357
0.941
0.733
0.276
0.627
0.715
0.056
0.657
0.727
0.426
0.9
0.904
0.723
0.869
0.64
0.869
0.67
0.904
0.707
0.364
0.828
0.826
0.138
0.138
0.956
0.085
0.87
0.872
0.399
0.708
0.885
0.844
0.969
0.14
0.888
0.035
0.16
0.711
0.243
0.285
0.834
0.738
0.053
0.056
0.348
0.543
0.937
0.371
0.07
0.042
0.731
0.647
0.956
0.859
0.59
0.014
0.694
0.239
0.872
0.774
0.435
0.769
0.357
0.669
0.812
0.929
0.782
0.97
0.245
0.49
0.908
0.488
0.094
0.045
0.462
0.338
0.613
0.13
0.823
0.543
0.099
0.42
0.403
0.598
0.434
0.494
0.351
0.569
0.104
0.584
0.591
0.936
0.744
0.334
0.199
0.72
0.887
0.86
0.765
0.931
0.642
0.425
0.761
0.609
0.941
0.461
0.888
0.716
0.78
0.327
0.92
0.157
0.231
0.943
0.096
0.867
0.553
0.468
0.544
0.335
0.255
0.145
0.618
0.052
0.096
0.06
0.614
0
0.311
0.01
0.017
0.134
0.29
0.651
0.74
0.193
0.552
0.18
0.951
0.224
0.314
0.458
0.872
0.072
0.666
0.523
0.849
0.94
0.974
0.642
0.051
0.017
0.107
0.032
0.794
0.221
0.412
0.316
0.234
0.519
0.901
0.491
0.414
0.614
0.016
0.703
0.057
0.736
0.202
0.174
0.395
0.54
0.002
0.498
0.877
0.763
0.18
0.949
0.004
0.702
0.017
0.188
0.765
0.375
0.718
0.48
0.354
0.768
0.481
0.681
0.725
0.511
0.737
0.747
0.733
0.199
0.414
0.195
0.987
0.385
0.229
0.586
0.5
0.174
0.436
0.876
0.388
0.166
0.023
0.599
0.772
0.877
0.114
0.901
0.951
0.784
0.595
0.255
0.042
0.06
0.521
0.914
0.168
0.767
0.394
0.698
0.723
0.086
0.329
0.479
0.659
0.096
0.868
0.476
0.419
0.648
0.458
0.952
0.864
0.774
0.068
0.289
0.608
0.218
0.906
0.036
0.353
0.398
0.125
0.419
0.605
0.329
0.122
0.727
0.66
0.111
0.866
0.029
0.756
0.165
0.3
0.836
0.271
0.956
0.449
0.522
0.138
0.036
0.511
0.805
0.329
0.862
0.985
0.925
0.41
0.032
0.263
0.483
0.624
0.259
0.045
0.666
0.65
0.911
0.608
0.701
0.127
0.005
0.529
0.17
0.893
0.5
0.236
0.278
0.354
0.977
0.572
0.995
0.996
0.398
0.906
0.95
0.548
0.381
0.66
0.312
0.294
0.335
0.968
0.516
0.347
0.463
0.834
0.71
0.033
0.332
0.835
0.22
0.445
0.838
0.876
0.379
0.835
0.931
0.689
0.023
0.627
0.735
0.433
0.046
0.118
0.905
0.248
0.054
0.848
0.994
0.134
0.939
0.474
0.823
0.845
0.303
0.017
0.91
0.945
0.964
0.628
0.984
0.097
0.325
0.28
0.136
0.542
0.286
0.681
0.458
0.462
0.054
0.674
0.575
0.46
0.032
0.168
0.4
0.122
0.292
0.076
0.904
0.839
0.709
0.974
0.904
0.034
0.531
0.527
0.337
0.233
0.141
0.163
0.527
0.245
0.21
0.639
0.014
0.845
0.851
0.162
0.456
0.881
0.986
0.793
0.109
0.184
0.688
0.67
0.614
0.329
0.563
0.064
0.229
0.647
0.993
0.466
0.609
0.85
0.747
0.78
0.841
0.973
0.625
0.696
0.078
0.078
0.665
0.561
0.885
0.721
0.357
0.617
0.874
0.479
0.75
0.273
0.577
0.641
0.339
0.034
0.39
0.517
0.68
0.167
0.542
0.063
0.874
0.428
0.831
0.396
0.525
0.871
0.549
0.779
0.238
0.662
0
0.981
0.748
0.929
0.703
0.34
0.841
0.285
0.28
0.982
0.015
0.553
0.088
0.43
0.043
0.167
0.16
0.172
0.21
0.1
0.077
0.293
0.642
0.633
0.961
0.779
0.151
0.627
0.041
0.919
0.401
0.418
0.908
0.777
0.8
0.426
0.3
0.434
0.888
0.238
0.354
0.468
0.387
0.681
0.533
0.078
0.742
0.708
0.195
0.093
0.407
0.732
0.296
0.979
0.002
0.67
0.481
0.314
0.046
0.581
0.015
0.065
0.474
0.882
0.709
0.752
0.797
0.514
0.952
0.198
0.902
0.559
0.976
0.104
0.816
0.096
0.544
0.854
0.544
0.126
0.451
0.511
0.412
0.971
0.004
0.727
0.038
0.427
0.754
0.001
0.767
0.963
0.584
0.24
0.59
0.854
0.164
0.637
0.15
0.455
0.64
0.479
0.85
0.883
0.327
0.512
0.758
0.999
0.336
0.41
0.642
0.173
0.599
0.815
0.915
0.002
0.232
0.984
0.151
0.362
0.898
0.325
0.277
0.129
0.567
0.957
0.966
0.564
0.921
0.075
0.608
0.203
0.977
0.419
0.088
0.275
0.822
0.205
0.375
0.972
0.781
0.635
0.947
0.132
0.156
0.299
0.953
0.002
0.392
0.289
0.054
0.314
0.869
0.436
0.191
0.456
0.093
0.846
0.628
0.806
0.748
0.973
0.213
0.686
0.411
0.408
0.581
0.788
0.297
0.69
0.114
0.77
0.949
0.477
0.812
0.376
0.062
0.728
0.38
0
0.229
0.982
0.428
0.385
0.195
0.367
0.535
0.037
0.09
0.14
0.154
0.428
0.793
0.201
0.526
0.368
0.003
0.751
0.149
0.03
0.643
0.077
0.222
0.209
0.572
0.494
0.918
0.332
0.495
0.737
0.089
0.976
0.051
0.593
0.132
0.38
0.974
0.116
0.466
0.027
0.854
0.408
0.242
0.525
0.278
0.536
0.111
0.34
0.975
0.491
0.376
0.668
0.721
0.34
0.791
0.299
0.54
0.534
0.706
0.588
0.514
0.15
0.109
0.232
0.615
0.854
0.249
0.454
0.794
0.638
0.389
0.571
0
0.578
0.488
0.001
0.97
0.969
0.576
0.656
0.421
0.379
0.808
0.053
0.634
0.012
0.847
0.933
0.112
0.6
0.905
0.459
0.045
0.121
0.259
0.992
0.024
0.365
0.879
0.627
0.354
0.066
0.927
0.174
0.98
0.636
0.466
0.548
0.559
0.806
0.123
0.536
0.209
0.871
0.732
0.314
0.868
0.276
0.786
0.461
0.91
0.894
0.419
0.497
0.034
0.54
0.434
0.365
0.541
0.408
0.411
0.813
0.126
0.186
0.569
0.738
0.812
0.217
0.177
0.934
0.976
0.947
0.438
0.813
0.125
0.604
0.272
0.712
0.372
0.45
0.034
0.564
0.491
0.641
0.044
0.024
0.955
0.662
0.274
0.574
0.186
0.67
0.938
0.092
0.578
0.478
0.08
0.927
0.098
0.805
0.93
0.765
0.281
0.942
0.423
0.286
0.42
0.054
0.85
0.917
0.749
0.777
0.976
0.535
0.41
0.072
0.274
0.091
0.218
0.209
0.462
0.024
0.273
0.232
0.466
0.572
0.728
0.747
0.492
0.561
0.005
0.419
0.843
0.545
0.991
0.017
0.624
0.466
0.709
0.908
0.138
0.987
0.595
0.614
0.434
0.819
0.377
0.302
0.417
0.211
0.723
0.335
0.493
0.727
0.216
0.244
0.11
0.558
0.831
0.704
0.811
0.418
0.66
0.311
0.244
0.308
0.534
0.563
0.815
0.211
0.755
0.153
0.453
0.759
0.091
0.001
0.684
0.285
0.497
0.229
0.654
0.331
0.268
0.365
0.844
0.52
0.635
0.287
0.257
0.911
0.187
0.35
0.403
0.937
0.713
0.918
0.268
0.179
0.912
0.386
0.326
0.028
0.415
0.456
0.503
0.829
0.75
0.221
0.946
0.838
0.906
0.008
0.129
0.106
0.504
0.828
0.614
0.9
0.26
0.185
0.759
0.77
