0.646
0.927
0.998
0.162
0.478
0.87
0.683
0.597
0.895
0.114
0.348
0.09
0.428
0.808
0.636
0.858
0.259
0.451
0.312
0.959
0.322
0.405
0.521
0.918
0.909
0.963
0.03
0.473
0.666
0.012
0.612
0.438
0.268
0.03
0.24
0.138
0.427
0.872
0.11
0.447
0.503
0.587
0.61
0.904
0.817
0.69
0.885
0.145
0.341
0.944
0.917
0.957
0.704
0.489
0.28
0.077
0.797
0.902
0.044
0.198
0.781
0.422
0.644
0.477
0.545
0.172
0.119
0.663
0.901
0.298
0.112
0.649
0.879
0.105
0.193
0.326
0.187
0.947
0.715
0.722
0.043
0.657
0.297
0.795
0.624
0.893
0.743
0.257
0.338
0.203
0.917
0.217
0.837
0.41
0.001
0.283
0.198
0.783
0.382
0.412
0.609
0.894
0.975
0.146
0.004
0.216
0.187
0.753
0.989
0.934
0.503
0.529
0.966
0.668
0.433
0.513
0.341
0.471
0.187
0.393
0.124
0.181
0.371
0.439
0.573
0.909
0.651
0.397
0.56
0.399
0.849
0.07
0.804
0.182
0.455
0.863
0.253
0.959
0.857
0.73
0.01
0.551
0.703
0.86
0.973
0.866
0.988
0.705
0.856
0.316
0.957
0.31
0.723
0.522
0.455
0.158
0.779
0.149
0.765
0.13
0.324
0.823
0.485
0.626
0.743
0.7
0.361
0.687
0.467
0.91
0.646
0.157
0.114
0.34
0.464
0.279
0.295
0.83
0.412
0.023
0.588
0.357
0.504
0.389
0.363
0.349
0.491
0.112
0.833
0.964
0.141
0.29
0.023
0.536
0.519
0.777
0.062
0.813
0.358
0.821
0.185
0.101
0.985
0.866
0.247
0.959
0.023
0.621
0.399
0.6
0.145
0.823
0.693
0.901
0.76
0.753
0.19
0.99
0.827
0.74
0.124
0.735
0.317
0.534
0.188
0.722
0.32
0.417
0.257
0.734
0.708
0.043
0.842
0.836
0.384
0.277
0.778
0.237
0.566
0.889
0.0
0.909
0.468
0.697
0.681
0.939
0.613
0.445
0.379
0.712
0.459
0.607
0.833
0.899
0.27
0.562
0.308
0.802
0.884
0.302
0.403
0.591
0.605
0.276
0.982
0.927
0.241
0.366
0.557
0.09
0.979
0.399
0.195
0.641
0.285
0.115
0.075
0.145
0.392
0.13
0.721
0.602
0.944
0.127
0.176
0.313
0.783
0.174
0.988
0.697
0.625
0.865
0.39
0.225
0.197
0.954
0.084
0.746
0.395
0.053
0.954
0.305
0.981
0.532
0.538
0.864
0.997
0.917
0.139
0.556
0.616
1.0
0.821
0.809
0.521
0.942
0.525
0.051
0
0.52
0.807
0.492
0.244
0.239
0.717
0.709
0.335
0.128
0.813
0.396
0.441
0.587
0.577
0.751
0.826
0.498
0.77
0.136
0.787
0.471
0.734
0.606
0.022
0.964
0.936
0.387
0.301
0.378
0.949
0.523
0.124
0.139
0.452
0.015
0.613
0.199
0
0.319
0.749
0.539
0.377
0.678
0.697
0.549
0.485
0.602
0.76
0.045
0.525
0.953
0.799
0.312
0.668
0.607
0.776
0.421
0.799
0.449
0.604
0.552
0.142
0.46
0.57
0.706
0.352
0.783
0.51
0.001
0.622
0.72
0.027
0.067
0.445
0.782
0.801
0.509
0.543
0.965
0.688
0.145
0.347
0.244
0.765
0.742
0.001
0.497
0.074
0.354
0.653
0.398
0.443
0.433
0.089
0.028
0.509
0.123
0.901
0.593
0.49
0.067
0.605
0.674
0.525
0.55
0.028
0.174
0.527
0.229
0.53
0.994
0.13
0.966
0.501
0.333
0.924
0.971
0.351
0.068
0.504
0.607
0
0.356
0.137
0.801
0.563
0.308
0.541
0.571
0.24
0.231
0.056
0.161
0.943
0.402
0.559
0.6
0
0.175
0.416
0.189
0.617
0.89
0.135
0.805
0.625
0.055
0.778
0.439
0.882
0.515
0.584
0.543
0.033
0.093
0.169
0.884
0.566
0.042
0.778
0.627
0.201
0.526
0.157
0.849
0.873
0.73
0.774
0.495
0.359
0.511
0.066
0.923
0.622
0.572
0.823
0.355
0.917
0.08
0.122
0.633
0.107
0.126
0.202
0.716
0.276
0.051
0.447
0.48
0.448
0.961
0.947
0.855
0.573
0.538
0.666
0.896
0.323
0.196
0.137
0.355
0.718
0.065
0.965
0.984
0.915
0.729
0.827
0.354
0.44
0.785
0.037
0
0.236
0.3
0.262
0.16
0.331
0.485
0.986
0.7
0.688
0.585
0.379
0.831
0.798
0
0.857
0.228
0.018
0.334
0.922
0.341
0.747
0.227
0.215
0.821
0.756
0.724
0.103
0.637
0.509
0.864
0.089
0.437
0.922
0.375
0.823
0.314
0.401
0.752
0.282
0.613
0.545
0.391
0.934
0.774
0.387
0.345
0.459
0.327
0.476
0.288
0.657
0.564
0.837
0.427
0.157
0.812
0.179
0.793
0.021
0.76
0.334
0.024
0.77
0.613
0.799
0.866
0.558
0.366
0.282
0.307
0.166
0.807
0.243
0.544
0.949
0.234
0.423
0.447
0.075
0.33
0.311
0.649
0.572
0.213
0.832
0.939
0.142
0.483
0.116
0.626
0.924
0.165
0.326
0.095
0.32
0.3
0.137
0.73
0.295
0.934
0.755
0.191
0.26
0.768
0.111
0.51
0.103
0.211
0.702
0.368
0.988
0.688
0.996
0.95
0.901
0.881
0.886
0.528
0.965
0.497
0.829
0.854
0.583
0.467
0.407
0.024
0.472
0.661
0.225
0.033
0.666
0.505
0.356
0.484
0.35
0.372
0.437
0.837
0.526
0.106
0.381
0.207
0.193
0.289
0.256
0.802
0.791
0.136
0.413
0.541
0.588
0.683
0.919
0.919
0.515
0.176
0.554
0.286
0.101
0.121
0.61
0.277
0.886
0
0.334
0.447
0.014
0.228
0.71
0.187
0.007
0.554
0.872
0.807
0.125
0.151
0.301
0.305
0.001
0.205
0.412
0.076
0.41
0.73
0.24
0.821
0.367
0.466
0.051
0.531
0.428
0.922
0.078
0.546
0.996
0.628
0.407
0.724
0.104
0.179
0.349
0.336
0.507
0.536
0.419
0.075
0.562
0.294
0.302
0.773
0.063
0.444
0.775
0.292
0.631
0.082
0.39
0.613
0.218
0.164
0.879
0.594
0.92
0.793
0.686
0.177
0.93
0.967
0.249
0.807
0.303
0.332
0.401
0.281
0.807
0.536
0.531
0.532
0.256
0.276
0.962
0.974
0.1
0.339
0.09
0.645
0.986
0.552
0.212
0.012
0.466
0.689
0.256
0.359
0.958
0.069
0.359
0.421
0.016
0.749
0.806
0.182
0.874
0.748
0.52
0.231
0.107
0.847
0.686
0.264
0.573
0.924
0.928
0.511
0.572
0.574
0.182
0.246
0.148
0.702
0.045
0.017
0.949
0.698
0.289
0.505
0.292
0.128
0.282
0.662
0.94
0.106
0.574
0.901
0.35
0.031
0.983
0.792
0.095
0.664
0.754
0.888
0.195
0.88
0.497
0.103
0.03
0.184
0.341
0.323
0.429
0.323
0.385
0.417
0.952
0.416
0.006
0.05
0.732
0.437
0.248
0.078
0.889
0.136
0.595
0.565
0.672
0.777
0.037
0.396
0.949
0.974
0.25
0.223
0.591
0.775
0.544
0.64
0.547
0.217
0.804
0.841
0.249
0.969
0.359
0.45
0.255
0.713
0.152
0.454
0.162
0.977
0.425
0.841
0.824
0.924
0.661
0.672
0.061
0.292
0.316
0.315
0.217
0.633
0.783
0.023
0.128
0.827
0.886
0.996
0.447
0.963
0.979
0.333
0.293
0.139
0.887
0.489
0.628
0.168
0.569
0.535
0.207
0.445
0.098
0.393
0.656
0.857
0.825
0.691
0.769
0.401
0.722
0.372
0.219
0.971
0.692
0.127
0.144
0.359
0.311
0.122
0.045
0.159
0.771
0.326
0.977
0.989
0.136
0.267
0.261
0.802
0.221
0.156
0.647
0.15
0.469
0.612
0.582
0.604
0.384
0.885
0.461
0.547
0.927
0.399
0.952
0.84
0.653
0.635
0.131
0.805
0.738
0.064
0.55
0.679
0.938
0.784
0.566
0.593
0.125
0.685
0.477
0.611
0.39
0.508
0.331
0.668
0.715
0.521
0.523
0.452
0.857
0.404
0.127
0.853
0.595
0.968
0.302
0.843
0.224
0.107
0.449
0.85
0.646
0.928
0.694
0.038
