0.338
0.978
0.209
0.294
0.918
0.355
0.905
0.288
0.142
0.386
0.684
0.24
0.258
0.72
0.586
0.914
0.049
0.593
0.123
0.142
0.885
0.224
0.725
0.977
0.228
0.948
0.253
0.679
0.679
0.334
0.125
0.504
0.647
0.846
0.425
0
0.655
0.96
0.301
0.535
0.36
0.825
0.095
0.911
0.913
0.359
0.131
0.406
0.057
0.307
0.498
0.094
0.804
0.491
0.367
0.313
0.367
0.054
0.461
0.755
0.224
0.401
0.639
0.211
0.33
0.091
0.169
0.165
0.298
0.49
0.384
0.994
0.015
0.405
0.802
0.509
0.98
0.261
0.374
0.504
0.493
0.418
0.303
0.976
0.859
0.605
0.67
0.251
0.265
0.989
0.305
0.743
0.957
0.425
0.161
0.371
0.951
0.548
0.362
0.309
0.532
0.953
0.299
0.205
0.552
0.306
0.484
0.556
0.208
0.81
0.834
0.455
0.248
0.989
0.839
0.506
0.158
0.783
0.45
0.267
0.655
0.308
0.114
0.076
0.212
0.369
0.128
0.834
0.868
0.016
0.98
0.572
0.787
0.518
0.661
0.074
0.964
0.713
0.431
0.208
0.519
0.984
0.452
0.247
0.538
0.792
0.884
0.539
0.541
0.878
0.326
0.604
0.635
0.57
0.62
0.988
0.311
0.208
0.807
0.318
0.726
0.706
0.694
0.717
0.598
0.035
0.725
0.301
0.578
0.452
0.199
0.291
0.297
0.944
0.665
0.713
0.237
0.363
0.913
0.669
0.656
0.631
0.108
0.739
0.898
0.227
0.721
0.326
0.983
0.629
0.544
0.231
0.701
0.054
0.28
0.292
0.007
0.324
0.268
0.717
0.343
0.825
0.025
0.208
0.673
0.751
0.399
0.486
0.199
0.102
0.481
0.04
0.258
0.207
0.098
0.157
0.015
0.158
0.33
0.984
0.325
0.269
0.959
0.47
0.702
0.974
0.067
0.654
0.951
0.087
0.215
0.924
0.498
0.86
0.689
0.06
0.157
0.074
0.04
0.728
0.782
0.367
0.162
0.439
0.08
0.53
0.403
0.218
0.641
0.278
0.443
0.252
0.928
0.364
0.088
0.82
0.313
0.08
0.656
0.945
0.19
0.767
0.241
0.494
0.642
0.426
0.597
0.444
0.504
0.104
0.137
0.307
0.679
0.805
0.502
0.15
0.82
0.081
0.313
0.363
0.182
0.431
0.6
0.627
0.175
0.704
0.655
0.962
0.228
0.661
0.422
0.064
0.042
0.436
0.054
0.336
0.97
0
0.07
0.636
0.415
0.608
0.59
0.845
0.541
0.631
0.74
0.033
0.687
0.914
0.965
0.782
0.72
0.614
0.537
0.992
0.742
0.918
0.457
0.235
0.751
0.059
0.163
0.49
0.348
0.166
0.63
0.21
0.127
0.355
0.83
0.085
0.758
0.144
0.795
0.748
0.703
0.765
0.737
0.519
0.931
0.555
0.287
0.468
0.102
0.898
0.981
0.697
0.924
0.282
0.879
0.709
0.742
0.442
0.461
0.236
0.785
0.05
0.861
0.868
0.476
0.236
0.588
0.817
0.947
0.196
0.709
0.864
0.869
0.73
0.311
0.348
0.627
0.103
0.896
0.544
0.987
0.064
0.166
0.475
0.066
0.895
0.292
0.609
0.601
0.112
0.084
0.929
0.037
0.199
0.277
0.521
0.043
0.271
0.226
0.471
0.42
0.356
0.717
0.406
0.097
0.32
0.62
0.839
0.05
0.158
0.557
0.274
0.465
0.645
0.717
0.889
0.871
0.344
0.869
0.725
0.475
0.025
0.441
0.37
0.324
0.778
0.249
0.433
0.218
0.713
0.523
0.391
0.181
0.976
0.329
0.988
0.442
0.897
0.152
0.497
0.308
0.817
0.787
0.845
0.302
0.455
0.035
0.761
0.491
0.167
0.341
0.07
0.16
0.161
0.77
0.431
0.309
0.819
0.351
0.691
0.723
0.706
0.024
0.692
0.853
0.792
0.355
0.948
0.885
0.086
0.401
0.507
0.855
0.466
0.638
0.97
0.442
0.641
0.941
0.119
0.143
0.619
0.417
0.118
0.261
0.432
0.52
0.738
0.475
0.943
0.883
0.355
0.231
0.59
0.2
0.215
0.863
0.69
0.725
0.067
0.165
0.62
0.241
0.999
0.009
0.749
0.244
0.57
0.342
0.207
0.082
0.015
0.062
0.32
0.038
0.936
0.908
0.8
0.796
0.894
0.583
0.483
0.019
0.842
0.487
0.683
0.088
0.715
0.498
0.589
0.552
0.13
0.588
0.012
0.365
0.9
0.543
0.5
0.526
0.659
0.846
0.526
0.59
0.849
0.124
0.165
0.778
0.83
0.936
0.847
0.029
0.118
0.352
0.329
0.691
0.529
0.25
0.333
0.435
0.683
0.884
0.427
0.304
0.174
0.672
0.87
0.039
0.076
0.114
0.357
0.663
0.802
0.173
0.058
0.789
0.596
0.531
0.492
0.671
0.691
0.771
0.092
0.911
0.223
0.095
0.549
0.661
0.885
0.783
0.123
0.166
0.864
0.815
0.02
0.855
0.266
0.683
0.049
0.933
0.895
0.384
0.984
0.015
0.072
0.537
0.697
0.761
0.184
0.189
0.723
0.005
0.944
0.512
0.971
0.823
0.876
0.033
0.398
0.719
0.208
0.097
0.908
0.876
0.056
0.807
0.404
0.146
0.4
0.152
0.558
0.035
0.029
0.605
0.96
0.484
0.696
0.156
0.425
0.574
0.444
0.22
0.614
0.587
0.749
0.402
0.741
0.563
0.069
0.148
0.487
0.118
0.776
0.444
0.043
0.625
0.196
0.703
0.436
0.855
0.226
0.822
0.027
0.294
0.662
0.741
0.757
0.514
0.078
0.824
0.288
0.614
0.984
0.218
0.537
0.236
0.062
0.545
0.42
0.898
0.5
0.101
0.191
0.145
0.259
0.918
0.925
0.367
0.445
0.39
0.21
0.745
0.073
0.723
0.91
0.756
0.547
0.815
0.632
0.08
0.113
0.993
0.642
0.122
0.904
0.636
0.538
0.031
0.819
0.915
0.184
0.378
0.287
0.755
0.777
0.485
0.506
0.18
0.835
0.64
0.676
0.997
0.481
0.459
0.939
0.029
0.711
0.092
0.666
0.306
0.071
0.679
0.614
0.19
0.045
0.934
0.184
0.107
0.041
0.207
0.55
0.299
0.865
0.157
0.594
0.45
0.061
0.552
0.898
0.073
0.29
0.424
0.678
0.181
0.864
0.593
0.516
0.164
0.782
0.742
0.084
0.585
0.75
0.072
0.636
0.42
0.177
0.94
0.88
0.443
0.84
0.635
0.684
0.017
0.035
0.899
0.865
0.433
0.665
0.064
0.672
0.552
0.535
0.598
0.195
0.729
0.705
0.216
0.651
0.009
0.507
0.495
0.686
0.148
0.944
0.492
0.729
0.099
0.203
0.58
0.311
0.008
0.592
0.346
0.651
0.981
0.149
0.997
0.422
0.665
0.18
0.381
0.841
0.807
0.393
0.583
0.687
0.609
0.948
0.493
0.963
0.496
0.801
0.95
0.68
0.67
0.182
0.376
0.747
0.749
0.233
0.594
0.239
0.343
0.06
0.993
0.54
0.943
0.352
0.671
0.711
0.044
0.28
0.088
0.104
0.452
0.037
0.729
0.462
0.678
0.15
0.457
0.112
0.48
0.409
0.019
0.916
0.428
0.713
0.552
0.861
0.022
0.558
0.255
0.43
0.925
0.534
0.148
0.308
0.799
0.959
0.974
0.976
0.166
0.499
0.48
0.212
0.731
0.484
0.373
0.391
0.03
0.596
0.706
0.453
0.27
0.594
0.403
0.788
0.427
0.579
0.807
0.976
0.335
0.457
0.507
0.141
0.52
0.894
0.777
0.645
0.493
0.399
0.067
0.756
0.451
0.556
0.827
0.811
0.149
0.95
0.691
0.041
0.462
0.713
0.899
0.895
0.631
0.312
0.404
0.888
0.854
0.347
0.275
0.322
0.338
0.496
0.616
0.968
0.108
0.723
0.974
0.568
0.159
0.935
0.204
0.957
0.612
0.009
0.549
0.711
0.286
0.833
0.03
0.776
0.202
0.668
0.386
0.183
0.164
0.785
0.095
0.964
0.242
0.556
0.999
0.669
0.47
0.236
0.469
0.185
0.962
0.44
0.232
0.853
0.003
0.815
0.696
0.513
0.137
0.058
0.903
0.106
0.133
0.65
0.176
0.898
0.317
0.662
0.628
0.707
0.546
0.735
0.353
0.288
0.724
0.932
0.826
0.655
0.37
0.637
0.634
0.181
0.767
0.772
0.097
0.441
0.739
0.78
0.781
0.721
0.561
0.056
0.914
0.861
