0.824
0.151
0.039
0.076
0.735
0.386
0.764
0.673
0.15
0.225
0.698
0.364
0.596
0.077
0.723
0.639
0.455
0.31
0.66
0.867
0.341
0.147
0.236
0.858
0.356
0.093
0.056
0.228
0.089
0.253
0.8
0.137
0.11
0.241
0.812
0.967
0.214
0.419
0.546
0.195
0.219
0.621
0.376
0.137
0.296
0.542
0.809
0.248
0.174
0.969
0.613
0.476
0.06
0.88
0.737
0.846
0.411
0.002
0.863
0.838
0.121
0.926
0.884
0.299
0.335
0.944
0.592
0.104
0.35
0.27
0.394
0.466
0.144
0.025
0.184
0.085
0.371
0.416
0.18
0.48
0.225
0.334
0.36
0.898
0.941
0.737
0.707
0.474
0.105
0.429
0.036
0.771
0.03
0.374
0.559
0.714
0.449
0.873
0.761
0.714
0.816
0.503
0.642
0.855
0.719
0.17
0.367
0.245
0.802
0.297
0.661
0.784
0.036
0.299
0.465
0.804
0.783
0.83
0.923
0.678
0.77
0.455
0.008
0.414
0.26
0.079
0.948
0.675
0.619
0.474
0.849
0.711
0.341
0.589
0.619
0.478
0.872
0.999
0.544
0.248
0.837
0.993
0.279
0.361
0.353
0.733
0.392
0.918
0.633
0.323
0.174
0.672
0.752
0.358
0.639
0.519
0.957
0.488
0.08
0.927
0.923
0.115
0.847
0.986
0.397
0.416
0.826
0.655
0.983
0.937
0.929
0.676
0.036
0.889
0.023
0.808
0.704
0.391
0.643
0.163
0.325
0.783
0.612
0.908
0.526
0.183
0.144
0.556
0.016
0.337
0.87
0.833
0.807
0.4
0.838
0.885
0.242
0.913
0.293
0.945
0.938
0.317
0.456
0.671
0.534
0.617
0.63
0.618
0.374
0.007
0.06
0.218
0.077
0.745
0.03
0.974
0.64
0.058
0.182
0.319
0.234
0.849
0.209
0.992
0.626
0.22
0.978
0.166
0.679
0.879
0.105
0.452
0.1
0.991
0.554
0.772
0.69
0.709
0.777
0.553
0.862
0.324
0.745
0.336
0.856
0.486
0.077
0.921
0.116
0.29
0.08
0.474
0.478
0.737
0.054
0.189
0.812
0.541
0.15
0.414
0.295
0.857
0.697
0.312
0.003
0.737
0.994
0.853
0.432
0.463
0.39
0.002
0.542
0.969
0.236
0.144
0.895
0.33
0.978
0.093
0.556
0.566
0.322
0.318
0.812
0.681
0.655
0.158
0.483
0.281
0.412
0.166
0.831
0.126
0.246
0.981
0.758
0.847
0.803
0.927
0.797
0.405
0.363
0.71
0.009
0.941
0.895
0.756
0.292
0.484
0.625
0.429
0.407
0.624
0.794
0.108
0.052
0.269
0.227
0.804
0.32
0.35
0.71
0.0
0.061
0.639
0.465
0.554
0.067
0.866
0.524
0.55
0.749
0.567
0.375
0.852
0.925
0.759
0.304
0.964
0.099
0.956
0.979
0.39
0.444
0.523
0.601
0.26
0.245
0.249
0.117
0.635
0.206
0.211
0.746
0.565
0.652
0.11
0.507
0.933
0.816
0.786
0.691
0.67
0.812
0.407
0.86
0.673
0.991
0.094
0.418
0.964
0.036
0.265
0.654
0.577
0.552
0.114
0.64
0.383
0.969
0.74
0.149
0.129
0.056
0.932
0.252
0.258
0.852
0.586
0.015
0.071
0.508
0.616
0.936
0.192
0.904
0.687
0.559
0.581
0.47
0.743
0.953
0
0.851
0.504
0.449
0.835
0.964
0.182
0.593
0.693
0.195
0.582
0.76
0.367
0.908
0.44
0.421
0.135
0.808
0.282
0.294
0.4
0.021
0.997
0.142
0.39
0.584
0.671
0.459
0.382
0.365
0.888
0.734
0.324
0.562
0.631
0.217
0.37
0.592
0.688
0.236
0.724
0.705
0.352
0.656
0.667
0.095
0.878
0.951
0.803
0.428
0.535
0.547
0.364
0.732
0.324
0.299
0.966
0.505
0.613
0.245
0.256
0.772
0.401
0.718
0.557
0.914
0.953
0.68
0.441
0.451
0.684
0.843
0.316
0.529
0.474
0.542
0.455
0.572
0.744
0.322
0.207
0.155
0.17
0.313
0.834
0.133
0.303
0.79
0.114
0.56
0.153
0.115
0.847
0.561
0.173
0.176
0.888
0.677
0.731
0.926
0.459
0.119
0.152
0.618
0.375
0.12
0.279
0.332
0.591
0.735
0.34
0.131
0.877
0.282
0.398
0.303
0.473
0.272
0.135
0.868
0.75
0.849
0.374
0.283
0.149
0.798
0.053
0.104
0.108
0.596
0.843
0.233
0.641
0.242
0.256
0.375
0.006
0.455
0.847
0.943
0.119
0.139
0.681
0.467
0.087
0.93
0.863
0.469
0.937
0.548
0.018
0.157
0.14
0.307
0.506
0.669
0.763
0.109
0.587
0.922
0.811
0.759
0.764
0.379
0.084
0.597
0.431
0.617
0.134
0.184
0.707
0.059
0.034
0.055
0.162
0.878
0.34
0.499
0.814
0.086
0.324
0.01
0.266
0.596
0
0.153
0.932
0.724
0.793
0.576
0.349
0.572
0.102
0.143
0.336
0.946
0.313
0.126
0.569
0.824
0.805
0.556
0.791
0.342
0.817
0.57
0.167
0.338
0.651
0.266
0.65
0.546
0.259
0.327
0.676
0.626
0.393
0.399
0.151
0.336
0.233
0.155
0.043
0.776
0.884
0.413
0.946
0.801
0.617
0.287
0.411
0.837
0.444
0.649
0.107
0.939
0.055
0.025
0.256
0.564
0.943
0.778
0.693
0.871
0.708
0.675
0.507
0.86
0.789
0.842
0.727
0.347
0.279
0.56
0.513
0.1
0.662
0.753
0.484
0.533
0.579
0.61
0.849
0.201
0.082
0.62
0.009
0.795
0.645
0.144
0.876
0.256
0.695
0.33
0.782
0.367
0.231
0.872
0.975
0.386
0.274
0.762
0.111
0.761
0.99
0.42
0.862
0.114
0.036
0.945
0.031
0.965
0.65
0.86
0.153
0.563
0.553
0.186
0.129
0.766
0.602
0.258
0.685
0.37
0.343
0.424
0.874
0.806
0.835
0.968
0.256
0.519
0.516
0.3
0.656
0.359
0.416
0.699
0.314
0.063
0.247
0.929
0.978
0.972
0.812
0.089
0.749
0.755
0.689
0.394
0.179
0.629
0.301
0.764
0.532
0.473
0.729
0.292
0.387
0.929
0.926
0.522
0.509
0.98
0.641
0.287
0.959
0.331
0.883
0.002
0.522
0.41
0.758
0.615
0.623
0.845
0.695
0.478
0.248
0.906
0.658
0.413
0.649
0.879
0
0.444
0.263
0.943
0.938
0.454
0.754
0.035
0.134
0.886
0.647
0.121
0.955
0.788
0.73
0.64
0.975
0.612
0.523
0.457
0.947
0.147
0.716
0.535
0.387
0.136
0.312
0.217
0.553
0.474
0.161
0.161
0.164
0.603
0.317
0.228
0.989
0.857
0.912
0.623
0.298
0.326
0.152
0.436
0.138
0.539
0.621
0.471
0.129
0.521
0.009
0.183
0.276
0.912
0.981
0.396
0.057
0.058
0.939
0.226
0.681
0.519
0.543
0.786
0.524
0.707
0.842
0.24
0.677
0.311
0.407
0.453
0.646
0.012
0.164
0.359
0.436
0.302
0.757
0.887
0.197
0.4
0.461
0.701
0.131
0.357
0.415
0.189
0.383
0.82
0.302
0.366
0.068
0.362
0.035
0.889
0.679
0.451
0.04
0.34
0.605
0.155
0.77
0.602
0.226
0.545
0.832
0.48
0.157
0.049
0.111
0.876
0.572
0.591
0.372
0.759
0.967
0.459
0.589
0.735
0.483
0.489
0.539
0.786
0.121
0.073
0.965
0.002
0.239
0.914
0.438
0.666
0.319
0.103
0.137
0.451
0.511
0.773
0.129
0.117
0.171
0.983
0.6
0.476
0.488
0.231
0.755
0.562
0.102
0.895
0.703
0.716
0.651
0.084
0.864
0.541
0.07
0.367
0.012
0.411
0.976
0.13
0.328
0.667
0.444
0.87
0.051
0.184
0.939
0.116
0.397
0.442
0.7
0.39
0.022
0.816
0.102
0.42
0.421
0.963
0.395
0.966
0.807
0.487
0.956
0
0.461
0.843
0.423
0.464
0.49
0.181
0.831
0.438
0.574
0.665
0.39
0.922
0.884
0.839
0.585
0.062
0.187
0.789
0.052
0.908
0.346
0.787
0.143
0.527
0.139
0.455
0.984
0.872
0.196
0.622
0.765
0.639
0.643
0.186
0.614
0.563
0.882
0.983
0.084
0.625
0.777
0.126
0.364
0.13
0.656
0.651
0.999
