0.962
0.032
0.063
0.515
0.128
0.754
0.736
0.51
0.008
0.286
0.772
0.172
0.469
0.388
0.204
0.018
0.332
0.909
0.915
0.956
0.885
0.126
0.015
0.035
0.967
0.854
0.232
0.839
0.438
0.011
0.428
0.866
0.905
0.271
0.554
0.888
0.547
0.005
0.345
0.709
0.476
0.67
0.521
0.182
0.394
0.861
0.266
0.256
0.483
0.989
0.05
0.046
0.743
0.897
0.959
0.859
0.907
0.617
0.482
0.932
0.726
0.799
0.381
0.384
0.531
0.55
0.561
0.077
0.351
0.672
0.69
0.479
0.253
0.937
0.879
0.869
0.582
0.705
0.971
0.79
0.392
0.443
0.54
0.111
0.134
0.707
0.64
0.185
0.637
0.683
0.806
0.459
0.132
0.457
0.245
0.677
0.057
0.124
0.089
0.913
0.377
0.252
0.146
0.576
0.856
0.838
0.168
0.011
0.282
0.288
0.566
0.328
0.08
0.276
0.09
0.15
0.624
0.218
0.576
0.101
0.426
0.482
0.415
0.048
0.505
0.577
0.235
0.757
0.679
0.797
0.259
0.766
0.994
0.064
0.384
0.596
0.183
0.651
0.114
0.128
0.598
0.934
0.626
0.929
0.403
0.004
0.903
0.48
0.979
0.797
0.271
0.793
0.723
0.252
0.857
0.255
0.952
0.134
0.276
0.645
0.366
0.265
0.138
0.024
0.992
0.073
0.347
0.117
0.529
0.532
0.716
0.978
0.109
0.757
0.563
0.993
0.141
0.219
0.104
0.748
0.466
0.08
0.381
0.842
0.935
0.902
0.009
0.064
0.465
0.82
0.419
0.601
0.429
0.785
0.946
0.628
0.821
0.358
0.637
0.523
0.966
0.624
0.079
0.737
0.72
0.718
0.128
0.719
0.448
0.994
0.541
0.721
0.713
0.939
0.527
0.846
0.529
0.931
0.532
0.836
0.533
0.499
0.134
0.837
0.89
0.212
0.772
0.182
0.321
0.222
0.401
0.573
0.153
0.204
0.539
0.097
0.954
0.09
0.991
0.337
0.699
0.235
0.924
0.976
0.109
0.605
0.453
0.001
0.423
0.61
0.385
0.364
0.613
0.149
0.624
0.811
0.863
0.337
0.36
0.9
0.718
0.8
0.66
0.694
0.142
0.226
0.159
0.769
0.384
0.676
0.462
0.913
0.764
0.855
0.76
0.054
0.191
0.953
0.886
0.767
0.771
0.612
0.493
0.835
0.962
0.819
0.422
0.295
0.981
0.71
0.037
0.661
0.594
0.441
0.951
0.233
0.954
0.414
0.628
0.528
0.236
0.59
0.159
0.341
0.079
0.857
0.361
0.163
0.617
0.829
0.487
0.453
0.717
0.041
0.012
0.095
0.372
0.048
0.227
0.98
0.328
0.045
0.206
0.067
0.796
0.703
0.425
0.885
0.613
0.316
0.187
0.932
0.541
0.961
0.047
0.145
0.109
0.7
0.774
0.738
0.6
0.135
0.074
0.332
0.817
0.767
0.946
0.098
0.584
0.167
0.934
0.723
0.191
0.052
0.948
0.649
0.326
0.018
0.867
0.266
0.224
0.274
0.83
0.132
0.982
0.885
0.178
0.14
0.022
0.236
0.646
0.206
0.298
0.902
0.745
0.226
0.239
0.523
0.287
0.083
0.095
0.184
0.971
0.108
0.052
0.984
0.931
0.615
0.514
0.818
0.833
0.349
0.255
0.179
0.891
0.761
0.643
0.375
0.372
0.208
0.228
0.285
0.974
0.629
0.897
0.392
0.034
0.747
0.372
0.479
0.601
0.202
0.716
0.407
0.53
0.861
0.569
0.347
0.608
0.414
0.652
0.956
0.046
0.473
0.687
0.774
0.891
0.455
0.282
0.012
0.093
0.2
0.138
0.929
0.104
0.121
0.692
0.246
0.096
0.453
0.559
0.31
0.814
0.865
0.053
0.727
0.466
0.031
0.079
0.4
0.928
0.606
0.578
0.794
0.336
0.871
0.791
0.913
0.615
0.739
0.202
0.992
0.272
0.04
0.701
0.135
0.834
0.675
0.503
0.207
0.312
0.105
0.651
0.739
0.124
0.884
0.395
0.53
0.829
0.454
0.515
0.963
0.39
0.632
0.694
0.468
0.231
0.695
0.806
0.78
0.773
0.614
0.213
0.18
0.635
0.737
0.173
0.964
0.068
0.527
0.797
0.938
0.412
0.939
0.961
0.64
0.725
0.958
0.511
0.725
0.599
0.994
0.961
0.936
0.412
0.359
0.537
0.024
0.781
0.9
0.266
0.962
0.126
0.071
0.03
0.511
0.321
0.001
0.508
0.897
0.416
0.215
0.987
0.929
0.153
0.062
0.963
0.051
0.363
0.133
0.256
0.561
0.625
0.683
0.93
0.643
0.457
0.705
0.794
0.665
0.076
0.856
0.747
0.943
0.41
0.555
0.549
0.053
0.376
0.976
0.61
0.743
0.675
0.112
0.978
0.858
0.559
0.03
0.115
0.196
0.539
0.529
0.307
0.146
0.159
0.897
0.034
0.595
0.37
0.846
0.812
0.113
0.285
0.002
0.12
0.252
0.624
0.782
0.007
0.902
0.997
0.878
0.127
0.789
0.461
0.869
0.996
0.219
0.944
0.832
0.736
0.494
0.226
0.373
0.926
0.388
0.572
0.787
0.066
0.641
0.034
0.316
0.558
0.449
0.417
0.124
0.922
0.197
0.717
0.514
0.105
0.853
0.465
0.264
0.248
0.124
0.876
0.205
0.907
0.453
0.561
0.414
0.689
0.075
0.495
0.69
0.806
0.573
0.23
0.646
0.561
0.003
0.234
0.162
0.194
0.981
0.203
0.895
0.789
0.501
0.238
0.536
0.96
0.849
0.71
0.61
0.848
0.066
0.438
0.864
0.3
0.584
0.425
0.421
0.619
0.323
0.441
0.678
0.352
0.512
0.166
0.621
0.838
0.861
0.968
0.569
0.889
0.224
0.354
0.815
0.935
0.31
0.698
0.691
0.967
0.461
0.477
0.657
0.032
0.953
0.045
0.009
0.565
0.043
0.892
0.914
0.796
0.568
0.004
0.08
0.076
0.606
0.893
0.187
0.006
0.901
0.005
0.768
0.156
0.476
0.713
0.713
0.731
0.028
0.093
0.712
0.476
0.028
0.355
0.225
0.17
0.021
0.014
0.513
0.53
0.178
0.818
0.806
0.845
0.887
0.939
0.55
0.958
0.949
0.814
0.752
0.832
0.327
0.824
0.376
0.17
0.13
0.201
0.221
0.787
0.765
0.154
0.586
0.786
0.33
0.255
0.944
0.131
0.036
0.856
0.12
0.586
0.698
0.329
0.141
0.062
0.175
0.016
0.028
0.35
0.605
0.406
0.392
0.784
0.907
0.929
0.419
0.948
0.65
0.013
0.467
0.251
0.973
0.094
0.263
0.16
0.387
0.54
0.517
0.287
0.996
0.03
0.764
0.27
0.866
0.687
0.661
0.765
0.924
0.392
0.134
0.515
0.03
0.736
0.807
0.245
0.827
0.514
0.015
0.474
0.087
0.48
0.82
0.935
0.023
0.794
0.834
0.49
0.618
0.516
0.416
0.952
0.799
0.572
0.332
0.264
0.978
0.173
0.928
0.307
0.707
0.649
0.796
0.598
0.875
0.787
0.11
0.503
0.99
0.075
0.966
0.301
0.645
0.884
0.981
0.224
0.15
0.301
0.503
0.76
0.74
0.129
0.405
0.604
0.983
0.529
0.352
0.303
0.194
0.787
0.728
0.82
0.985
0.078
0.098
0.06
0.502
0.844
0.502
0.137
0.874
0.352
0.816
0.556
0.504
0.566
0.016
0.478
0.864
0.939
0.926
0.383
0.606
0.147
0.897
0.979
0.616
0.291
0.551
0.379
0.897
0.967
0.591
0.484
0.549
0.75
0.201
0.686
0.351
0.319
0.843
0.96
0.665
0.431
0.466
0.662
0.198
0.069
0.803
0.314
0.677
0.884
0.721
0.273
0.898
0.486
0.074
0.681
0.622
0.21
0.282
0.475
0.207
0.397
0.353
0.173
0.967
0.624
0.213
0.397
0.498
0.606
0.942
0.934
0.802
0.851
0.1
0.942
0.726
0.081
0.734
0.299
0.034
0.906
0.814
0.768
0.626
0.34
0.582
0.103
0.458
0.187
0.986
0.98
0.186
0.073
0.676
0.606
0.868
0.278
0.299
0.452
0.884
0.854
0.875
0.832
0.864
0.23
0.305
0.504
0.607
0.767
0.379
0.037
0.098
0.478
0.126
0.043
0.341
0.676
0.387
0.584
0.527
0.027
0.604
0.561
0.137
0.828
0.36
0.893
0.015
0.944
0.055
0.202
0.616
0.244
0.35
0.999
0.921
0.398
0.704
0.949
0.483
0.031
0.188
