0.737
0.578
0.271
0.679
0.147
0.985
0.079
0.581
0.568
0.428
0.586
0.062
0.83
0.651
0.915
0.894
0.833
0.749
0.432
0.002
0.5
0.05
0.227
0.428
0.683
0.397
0.889
0.884
0.212
0.033
0.295
0.885
0.893
0.225
0.483
0.654
0.057
0.196
0.487
0.607
0.928
0.379
0.595
0.275
0.458
0.922
0.477
0.781
0.02
0.421
0.366
0.757
0.088
0.256
0.115
0.246
0.172
0.607
0.614
0.207
0.795
0.056
0.204
0.771
0.097
0.607
0.636
0
0.331
0.349
0.284
0.096
0.498
0.838
0.626
0.163
0.042
0.379
0.488
0.204
0.081
0.494
0.449
0.701
0.113
0.93
0.27
0.676
0.341
0.134
0.779
0.443
0.812
0.858
0.605
0.309
0.245
0.68
0.576
0.351
0.455
0.956
0.936
0.583
0.693
0.03
0.556
0.782
0.522
0.934
0.716
0.152
0.446
0.827
0.456
0.806
0.648
0.802
0.564
0.462
0.559
0.096
0.21
0.865
0.707
0.227
0.525
0.481
0.842
0.661
0.024
0.859
0.423
0.927
0.826
0.078
0.595
0.57
0.16
0.707
0.447
0.727
0.723
0.466
0.427
0.342
0.913
0.156
0.874
0.083
0.769
0.003
0.563
0.632
0.046
0.422
0.938
0.543
0.717
0.834
0.875
0.342
0.293
0.429
0.256
0.422
0.658
0.325
0.558
0.904
0.721
0.04
0.055
0.794
0.934
0.852
0.371
0.806
0.468
0.145
0.684
0.891
0.752
0.464
0.123
0.705
0.173
0.843
0.231
0.805
0.692
0.475
0.061
0.363
0.781
0.19
0.433
0.255
0.918
0.689
0.547
0.145
0.135
0.525
0.359
0.111
0.908
0.318
0.478
0.383
0.499
0.351
0.558
0.354
0.188
0.466
0.552
0.052
0.594
0.307
0.566
0.288
0.071
0.799
0.55
0.085
0.266
0.59
0.514
0.153
0.308
0.54
0.335
0.843
0.209
0.41
0.572
0.302
0.117
0.93
0.82
0.303
0.638
0.081
0.8
0.164
0.117
0
0.042
0.659
0.113
0.093
0.716
0.955
0.922
0.809
0.661
0.392
0.919
0.228
0.657
0.928
0.434
0.91
0.567
0.248
0.961
0.978
0.243
0.066
0.314
0.412
0.977
0.128
0.088
0.85
0.316
0.104
0.809
0.757
0.365
0.68
0.456
0.938
0.449
0.24
0.908
0.244
0.908
0.393
0.841
0.715
0.238
0.135
0.361
0.559
0.689
0.058
0.887
0.93
0.594
0.595
0.173
0.402
0.757
0.657
0.126
0.087
0.35
0.176
0.279
0.76
0.749
0.209
0.818
0.714
0.072
0.991
0.882
0.279
0.158
0.697
0.316
0.782
0.241
0.407
0.688
0.374
0.652
0.985
0.845
0.764
0.999
0.999
0.25
0.768
0.726
0.355
0.86
0.205
0.985
0.971
0.756
0.558
0.702
0.741
0.295
0.613
0.146
0.492
0.91
0.675
0.056
0.069
0.937
0.693
0.979
0.784
0.562
0.58
0.666
0.398
0.776
0.251
0.805
0.236
0.404
0.735
0.314
0.558
0.571
0.121
0.18
0.286
0.287
0.709
0.768
0.506
0.411
0.363
0.304
0.378
0.458
0.29
0.314
0.213
0.117
0.152
0.817
0.268
0.492
0.038
0.031
0.773
0.676
0.58
0.711
0.815
0.682
0.529
0.668
0.136
0.1
0.188
0.315
0.556
0.012
0.303
0.878
0.613
0.175
0.794
0.003
0.509
0.117
0.285
0.672
0.402
0.888
0.698
0.955
0.755
0.964
0.391
0.567
0.742
0.473
0.795
0.082
0.63
0.079
0.092
0.75
0.02
0.735
0.365
0.098
0.757
0.6
0.704
0.642
0.406
0.241
0.421
0.824
0.056
0.723
0.005
0.924
0.283
0.559
0.909
0.921
0.843
0.843
0.145
0.444
0.14
0.078
0.596
0.494
0.889
0.034
0.445
0.008
0.958
0.842
0.075
0.421
0.288
0.368
0.708
0.761
0.857
0.554
0.618
0.714
0.726
0.046
0.15
0.273
0.503
0.902
0.388
0.297
0.963
0.404
0.95
0.209
0.181
0.103
0.472
0.337
0.566
0.132
0.898
0.975
0.127
0.175
0.975
0.865
0.91
0.495
0.627
0.062
0.181
0.155
0.316
0.645
0.649
0.111
0.036
0.426
0.843
0.323
0.685
0.6
0.437
0.631
0.625
0.311
0.64
0.659
0.382
0.558
0.802
0.365
0.874
0.63
0.594
0.51
0.34
0.226
0.757
0.877
0.756
0.249
0.183
0.451
0.445
0.461
0.731
0.913
0.946
0.832
0.468
0.828
0.543
0.629
0.91
0.491
0.314
0.331
0.956
0.947
0.962
0.105
0.511
0.473
0.73
0.203
0.714
0.031
0.289
0.411
0.7
0.09
0.168
0.012
0.152
0.171
0
0.722
0.245
0.144
0.665
0.843
0.821
0.555
0.079
0.548
0.476
0.941
0.831
0.477
0.74
0.505
0.506
0.378
0.609
0.24
0.005
0.926
0.167
0.464
0.619
0.972
0.118
0.84
0.489
0.133
0.414
0.769
0.648
0.285
0.378
0.523
0.115
0.806
0.401
0.294
0.179
0.13
0.789
0.077
0.056
0.466
0.482
0.425
0.571
0.627
0.036
0.914
0.506
0.283
0.052
0.546
0.764
0.777
0.4
0.855
0.649
0.098
0.883
0.442
0.712
0.648
0.609
0.324
0.694
0.482
0.539
0.612
0.515
0.846
0.956
0.182
0.967
0.473
0.273
0.417
0.834
0.617
0.145
0.948
0.702
0.597
0.292
0.714
0.112
0.157
0.504
0.969
0.596
0.631
0.207
0.891
0.722
0.903
0.168
0.167
0.867
0.463
0.074
0.549
0.035
0.158
0.302
0.916
0.977
0.988
0.258
0.807
0.622
0.031
0.55
0.086
0.178
0.485
0.125
0.698
0.315
0.227
0.995
0.388
0.445
0.924
0.104
0.569
0.011
0.549
0.286
0.498
0.193
0.313
0.248
0.692
0.686
0.438
0.537
0.149
0.39
0.458
0.035
0.961
0.498
0.833
0.354
0.315
0.771
0.773
0.147
0.934
0.537
0.288
0.496
0.244
0.404
0.815
0.607
0.62
0.577
0.208
0.109
0.432
0.912
0.799
0.134
0.935
0.743
0.586
0.696
0.258
0.649
0.663
0.956
0.17
0.136
0.754
0.712
0.534
0.968
0.982
0.238
0.895
0.473
0.609
0.385
0.89
0.06
0.324
0.913
0.847
0.878
0.417
0.032
0.473
0.241
0.055
0.107
0.605
0.099
0.085
0.024
0.249
0.984
0.918
0.822
0.844
0.343
0.333
0.01
0.6
0.003
0.974
0.117
0.84
0.008
0.375
0.291
0.923
0.243
0.3
0.667
0.187
0.627
0.346
0.321
0.614
0.199
0.598
0.024
0.758
0.23
0.064
0.961
0.901
0.218
0.377
0.324
0.503
0.93
0.645
0
0.329
0.778
0.927
0.906
0.36
0.619
0.13
0.679
0.004
0.131
0.752
0.759
0.445
0.669
0.968
0.606
0.723
0.285
0.458
0.201
0.106
0.291
0.931
0.459
0.372
0
0.924
0.412
0.656
0.818
0.899
0.732
0.29
0.399
0.205
0.623
0.288
0.119
0.612
0.026
0.227
0.903
0.073
0.887
0.797
0.499
0.658
0.176
0.509
0.698
0.547
0.939
0.567
0.945
0.456
0.455
0.367
0.212
0.93
0.519
0.694
0.704
0.717
0.319
0.058
0.223
0.007
0.887
0.489
0.13
0.962
0.494
0.665
0.087
0.552
0.452
0.287
0.358
0.804
0.907
0.167
0.002
0.684
0.467
0
0.032
0.286
0.2
0.024
0.488
0.302
0.973
0.353
0.789
0.28
0.13
0.737
0.825
0.037
0.78
0.597
0.923
0.282
0.444
0.038
0.115
0.993
0.254
0.821
0.023
0.299
0.887
0.291
0.871
0.052
0.242
0.791
0.278
0.471
0.115
0.384
0.738
0.169
0.29
0.923
0.415
0.237
0.415
0.72
0.635
0.645
0.709
0.018
0.448
0.577
0.183
0.61
0.429
0.041
0.779
0.992
0.852
0.385
0.116
0.856
0.809
0.059
0.566
0.464
0.613
0.114
0.591
0.519
0.505
0.561
0.985
0.124
0.319
0.424
0.14
0.069
0.473
0.228
0.685
0.55
0.904
0.5
0.993
0.609
0.196
0.682
0.834
0.064
0.246
0.093
0.63
0.473
0.612
0.098
0.627
0.336
0.025
0.085
0.906
0.254
0.979
