0.358
0.873
0.739
0.961
0.22
0.142
0.412
0.728
0.267
0.489
0.036
0.196
0.093
0.872
0.95
0.036
0.256
0.189
0.781
0.921
0.248
0.052
0.368
0.576
0.151
0.52
0.364
0.215
0.74
0.848
0.437
0.342
0.998
0.787
0.676
0.373
0.965
0.561
0.732
0.601
0.166
0.856
0.609
0.167
0.701
0.921
0.701
0.317
0.442
0.569
0.464
0.585
0.861
0.298
0.499
0.843
0.738
0.067
0.988
0.051
0.242
0.078
0.26
0.229
0.14
0.081
0.197
0.284
0.721
0.107
0.352
0.861
0.669
0.059
0.716
0.109
0.387
0.191
0.067
0.338
0.5
0.052
0.541
0.595
0.179
0.816
0.673
0.378
0.574
0.842
0.089
0.219
0.699
0.095
0.254
0.025
0.857
0.051
0.862
0.268
0.178
0.778
0.591
0.368
0.273
0.557
0.437
0.995
0.402
0.213
0.061
0.869
0.837
0.926
0.869
0.445
0.573
0.293
0.868
0.963
0.617
0.726
0.097
0.426
0.07
0.36
0.153
0.349
0.839
0.955
0.776
0.665
0.864
0.399
0.462
0.16
0.856
0.852
0.448
0.821
0.39
0.971
0.069
0.248
0.8
0.768
0.632
0.75
0.754
0.467
0.242
0.241
0.82
0.089
0.599
0.04
0.879
0.544
0.341
0.424
0.915
0.161
0.058
0.094
0.514
0.496
0.832
0.655
0.569
0.081
0.753
0.899
0.852
0.564
0.53
0.519
0.537
0.666
0.284
0.795
0.23
0.511
0.574
0.021
0.963
0.357
0.298
0.661
0.292
0.709
0.67
0.666
0.288
0.576
0.077
0.492
0.106
0.145
0.211
0.623
0.038
0.204
0.959
0.3
0.661
0.855
0.765
0.058
0.734
0.194
0.973
0.119
0.838
0.514
0.125
0.377
0.857
0.822
0.091
0.536
0.491
0.127
0.963
0.997
0.018
0.596
0.931
0.165
0.59
0.695
0.682
0.547
0.791
0.1
0.278
0.722
0.494
0.773
0.032
0.057
0.863
0.334
0.917
0.477
0.405
0.748
0.433
0.192
0.382
0.451
0.502
0.701
0.872
0.618
0.633
0.903
0.227
0.272
0.523
0.687
0.814
0.144
0.976
0.688
0.381
0.338
0.965
0.792
0.725
0.505
0.792
0.234
0.21
0.2
0.693
0.66
0.076
0.463
0.704
0.719
0.514
0.016
0.018
0.544
0.321
0.834
0.288
0.768
0.962
0.33
0.139
0.008
0.513
0.866
0.815
0.044
0.831
0.297
0.026
0.787
0.804
0.506
0.161
0.978
0.655
0.52
0.796
0.281
0.484
0.004
0.995
0.058
0.046
0.641
0.504
0.754
0.877
0.815
0.637
0.95
0.087
0.804
0.821
0.181
0.754
0.326
0.501
0.898
0.317
0.642
0.489
0.13
0.809
0.634
0.5
0.731
0.824
0.756
0.998
0.18
0.209
0.939
0.962
0.269
0.35
0.958
0.876
0.417
0.341
0.338
0.032
0.024
0.758
0.695
0.522
0.377
0.109
0.816
0.3
0.019
0.748
0.491
0.628
0.08
0.534
0.849
0.839
0.252
0.364
0.15
0.426
0.589
0.197
0.676
0.893
0.857
0.541
0.13
0.156
0.505
0.782
0.453
0.767
0.817
0.716
0.945
0.062
0.927
0.088
0.06
0.686
0.285
0.378
0.313
0.714
0.568
0.697
0.888
0.383
0.217
0.505
0.676
0.163
0.87
0.278
0.704
0.86
0.048
0.404
0.521
0.313
0.845
0.458
0.593
0.423
0.972
0.739
0.548
0.58
0.042
0.891
0.457
0.556
0.714
0.045
0.536
0.586
0.247
0.251
0.819
0.848
0.312
0.188
0.377
0.646
0.686
0.391
0.5
0.269
0.774
0.512
0.694
0.804
0.968
0.245
0.957
0.536
0.78
0.128
0.037
0.112
0.162
0.99
0.594
0.828
0.061
0.169
0.396
0.515
0.816
0.092
0.716
0.508
0.451
0.645
0.418
0.495
0.604
0.928
0.19
0.609
0.551
0.959
0.961
0.448
0.723
0.203
0.528
0.059
0.713
0.39
0.865
0.978
0.684
0.15
0.093
0.545
0.676
0.003
0.567
0.625
0.66
0.856
0.534
0.743
0.624
0.651
0.702
0.176
0.661
0.842
0.03
0.796
0.625
0.388
0.791
0.172
0.087
0.289
0.153
0.588
0.042
0.293
0.732
0.103
1.0
0.413
0.617
0.676
0.918
0.882
0.243
0.779
0.235
0.123
0.413
0.651
0.43
0.276
0.558
0.352
0.469
0.386
0.006
0.914
0.235
0.766
0.086
0.01
0.395
0.843
0.648
0.784
0.841
0.973
0.349
0.596
0.174
0.701
0.529
0.073
0.829
0.651
0.797
0.858
0.991
0.046
0.278
0.227
0.228
0.697
0.526
0.072
0.279
0.693
0.585
0.404
0.271
0.681
0.207
0.995
0.943
0.464
0.174
0.295
0.487
0.185
0.504
0.508
0.992
0.119
0.266
0.279
0.635
0.251
0.686
0.586
0.75
0.804
0.71
0.839
0.011
0.267
0.931
0.409
0.507
0.143
0.764
0.468
0.514
0.201
0.061
0.182
0.185
0.075
0.906
0.067
0.196
0.725
0.692
0.711
0.208
0.311
0.615
0.596
0.474
0.734
0.397
0.645
0.435
0.758
0.186
0.787
0.205
0.227
0.542
0.973
0.941
0.376
0.493
0.17
0.4
0.697
0.704
0.818
0.117
0.399
0.735
0.702
0.653
0.383
0.77
0.212
0.043
0.382
0.713
0.038
0.511
0.862
0.217
0.851
0.082
0.698
0.814
0.626
0.449
0.051
0.144
0
0.456
0.543
0.33
0.554
0.777
0.386
0.682
0.217
0.223
0.373
0.249
0.329
0.112
0.667
0.702
0.486
0.702
0.533
0.69
0.025
0.935
0.982
0.819
0.041
0.424
0.149
0.479
0.656
0.259
0.856
0.817
0.037
0.491
0.386
0.507
0.135
0.199
0.559
0.574
0.59
0.287
0.378
0.85
0.026
0.213
0.957
0.497
0.309
0.776
0.968
0.416
0.066
0.402
0.79
0.839
0.621
0.326
0.15
0.543
0.663
0.26
0.294
0.165
0.165
0.356
0.624
0.136
0.719
0.261
0.879
0.309
0.59
0.657
0.371
0.592
0.72
0.921
0.525
0.686
0.027
0.955
0.894
0.4
0.992
0.982
0.098
0.323
0.012
0.266
0.508
0.156
0.585
0.754
0.399
0.199
0.961
0.027
0.951
0.183
0.676
0.188
0.591
0.957
0.251
0.578
0.07
0.929
0.994
0.342
0.477
0.364
0.093
0.838
0.184
0.218
0.805
0.631
0.686
0.433
0.684
0.874
0.922
0.987
0.296
0.286
0.11
0.867
0.892
0.579
0.917
0.477
0.174
0.28
0.922
0.681
0.167
0.72
0.018
0.123
0.453
0.265
0.998
0.814
0.033
0.666
0.098
0.281
0.439
0.38
0.934
0.813
0.045
0.284
0.503
0.162
0.702
0.134
0.45
0.962
0.032
0.27
0.484
0.984
0.341
0.034
0.084
0.638
0.87
0.263
0.977
0.352
0.615
0.403
0.096
0.028
0.001
0.497
0.848
0.771
0.007
0.528
0.069
0.773
0.287
0.315
0.118
0.718
0.534
0.826
0.452
0.536
0.375
0.551
0.954
0.925
0.696
0.446
0.314
0.903
0.438
0.637
0.112
0.317
0.191
0.865
0.543
0.377
0.459
0.118
0.787
0.56
0.368
0.928
0.627
0.103
0.073
0.404
0.908
0.439
0.114
0.311
0.927
0.046
0.553
0.859
0.928
0.605
0.2
0.557
0.572
0.613
0.519
0.245
0.462
0.922
0.838
0.96
0.081
0.632
0.117
0.378
0.445
0.589
0.462
0.433
0.401
0.716
0.644
0.648
0.405
0.84
0.588
0.384
0.835
0.817
0.27
0.443
0.293
0.198
0.575
0.611
0.474
0.234
0.961
0.774
0.28
0.203
0.995
0.654
0.388
0.841
0.471
0.707
0.849
0.691
0.681
0.006
0.241
0.937
0.963
0.848
0.558
0.238
0.935
0.298
0.246
0.42
0.757
0.047
0.16
0.757
0.099
0.868
0.199
0.77
0.559
0.955
0.142
0.45
0.384
0.38
0.944
0.784
0.406
0.754
0.982
0.748
0.165
0.699
0.021
0.38
0.607
0.509
0.474
0.719
0.487
0.974
0.573
0.723
0.412
0.389
0.674
0.516
0.134
0.688
0.218
0.685
0.571
0.8
0.101
0.273
0.261
0.542
0.882
0.315
0.768
0.451
0.606
0.531
0.839
0.002
