0.226
0.883
0.296
0.636
0.165
0.652
0.703
0.931
0.786
0.65
0.603
0.895
0.492
0.827
0.223
0.941
0.36
0.52
0.309
0.48
0.341
0.797
0.634
0.07
0.643
0.406
0
0.001
0.469
0.537
0.233
0.224
0.765
0.416
0.839
0.065
0.903
0.976
0.288
0.147
0.21
0.174
0.051
0.178
0.408
0.567
0.75
0.422
0.352
0.248
0.371
0.165
0.27
0.534
0.258
0.75
0.084
0.034
0.626
0.693
0.167
0.693
0.187
0.207
0.157
0.181
0.208
0.783
0.531
0.161
0.025
0.585
0.423
0.854
0.842
0.944
0.93
0.254
0
0.073
0.184
0.646
0.857
0.47
0.145
0.552
0.648
0.345
0.526
0.526
0
0.995
0.119
0.728
0.255
0.614
0.209
0.819
0.459
0.557
0.119
0.46
0.04
0.866
0.735
0.088
0.054
0.064
0.967
0.283
0.871
0.161
0.05
0.704
0.25
0.744
0.446
0.543
0.407
0.024
0.264
0.425
0.209
0.986
0.991
0.81
0.74
0.009
0.746
0.435
0.093
0.659
0.315
0.001
0.706
0.946
0.629
0.645
0.605
0.343
0.171
0.285
0.767
0.802
0.468
0.192
0.318
0.288
0.036
0.964
0.37
0.209
0.983
0.906
0.698
0.756
0.564
0.384
0.249
0.697
0.009
0.184
0.625
0.905
0.34
0.98
0.017
0.908
0.249
0.816
0.578
0.514
0.713
0.051
0.462
0.056
0.453
0.051
0.657
0.202
0.287
0.052
0.818
0.988
0.961
0.881
0.83
0.578
0.792
0.38
0.878
0.147
0.494
0.029
0.862
0.451
0.346
0.448
0.572
0.677
0.901
0.001
0.563
0.023
0.286
0.107
0.483
0.019
0.251
0.899
0.445
0.975
0.475
0.462
0.128
0.599
0.566
0.447
0.509
0.693
0.826
0.612
0.987
0.253
0.788
0.922
0.044
0.615
0.8
0.11
0.243
0.087
0.593
0.608
0.465
0.847
0.387
0.024
0.374
0.703
0.589
0.482
0.492
0.296
0.81
0.172
0.189
0.62
0.766
0.247
0.694
0.372
0.929
0.133
0.495
0.072
0.905
0.964
0.394
0.349
0.167
0.158
0.741
0.157
0.169
0.968
0.194
0.257
0.301
0.893
0.031
0.22
0.068
0.459
0.879
0.49
0.138
0.241
0.494
0.702
0.96
0.386
0.574
0.2
0.217
0.969
0.399
0.386
0.819
0.162
0.041
0.065
0.525
0.555
0.565
0.162
0.727
0.317
0.221
0.193
0.486
0.628
0.176
0.85
0.213
0.955
0.107
0.326
0.587
0.369
0.496
0.352
0.308
0.174
0.66
0.533
0.786
0.233
0.408
0.646
0.284
0.614
0.415
0.519
0.798
0.366
0.742
0.858
0.471
0.544
0.729
0.42
0.596
0.662
0.517
0.764
0.896
0.885
0.903
0.34
0.795
0.412
0.335
0.335
0.914
0.388
0.44
0.066
0.198
0.246
0.674
0.206
0.753
0.231
0.981
0.898
0.087
0.025
0.555
0.204
0.296
0.327
0.756
0.706
0.364
0.124
0.452
0.884
0.141
0.561
0.733
0.106
0.508
0.311
0.928
0.812
0.776
0.513
0.357
0.201
0
0.371
0.627
0.936
0.99
0.309
0.397
0.894
0.226
0.805
0.329
0.413
0.58
0.935
0.774
0.525
0.615
0.275
0.56
0.162
0.494
0.181
0.652
0.834
0.239
0.532
0.049
0.964
0.753
0.863
0.053
0.35
0.066
0.945
0.561
0.322
0.852
0.542
0.756
0.036
0.959
0.03
0.373
0.756
0.046
0.723
0.169
0.07
0.273
0.93
0.523
0.12
0.428
0.25
0.635
0.96
0.3
0.998
0.912
0.635
0.165
0.338
0.949
0.336
0.656
0.954
0.361
0.55
0.214
0.92
0.899
0.978
0.368
0.595
0.005
0.76
0.971
0.547
0.879
0.831
0.671
0.265
0.202
0.305
0.232
0.381
0.369
0.447
0.862
0.661
0.613
0.329
0.821
0.187
0.096
0.714
0.63
0.716
0.208
0.723
0.832
0.904
0.556
0.235
0.695
0.73
0.227
0.437
0.868
0.456
0.627
0.786
0.099
0.489
0.024
0.791
0.238
0.794
0.74
0.134
0.316
0.445
0.615
0.344
0.696
0.262
0.224
0.852
0.454
0.238
0.104
0.388
0.392
0.3
0.88
0.95
0.516
0.077
0.225
0.608
0.997
0.331
0.258
0.819
0.977
0.972
0.015
0.772
0.976
0.329
0.902
0.532
0.619
0.064
0.513
0.825
0.572
0.289
0
0.377
0.429
0.834
0.318
0.037
0.051
0.049
0.455
0.64
0.485
0.077
0.68
0.331
0.243
0.675
0.616
0.258
0.721
0.365
0.314
0.905
0.81
0.007
0.096
0.944
0.213
0.428
0.526
0.482
0.043
0.066
0.535
0.425
0.623
0.974
0.173
0.627
0.102
0.06
0.832
0.901
0.527
0.339
0.695
0.532
0.785
0.67
0.548
0.776
0.208
0.254
0.5
0.322
0.554
0.071
0.678
0.176
0.643
0.448
0.236
0.537
0.574
0.743
0.942
0.966
0.307
0.975
0.037
0.268
0.117
0.656
0.42
0.583
0.908
0.153
0.316
0.828
0.945
0.565
0.435
0.318
0.265
0.66
0.368
0.208
0.471
0.264
0.348
0.651
0.817
0.794
0.713
0.572
0.08
0.927
0.015
0.509
0.477
0.591
0.154
0.711
0.698
0.545
0.778
0.247
0.53
0.486
0.657
0.95
0.66
0.98
0.506
0.295
0.387
0.637
0.053
0.447
0.182
0.627
0.765
0.78
0.052
0.112
0.544
0.177
0.438
0.304
0.841
0.826
0.495
0.466
0.912
0.317
0.915
0.084
0.341
0.991
0.831
0.804
0.629
0.788
0.791
0.611
0.353
0.958
0.975
0.292
0.539
0.368
0.566
0.433
0.515
0.701
0.064
0.717
0.578
0.484
0.244
0.3
0.758
0.194
0.351
0.454
0.463
0.607
0.41
0.083
0.128
0.252
0.496
0.016
0.069
0.542
0.773
0.551
0.366
0.779
0.919
0.017
0.911
0.792
0.624
0.412
0.138
0.414
0.304
0.018
0.856
0.527
0.03
0.576
0.38
0.236
0.471
0.871
0.372
0.785
0.106
0.782
0.021
0.19
0.686
0.544
0.682
0.431
0.624
0.49
0.645
0.052
0.852
0.131
0.54
0.325
0.666
0.129
0.816
0.088
0.012
0.135
0.747
0.885
0.824
0.49
0
0.342
0.763
0.562
0.586
0.33
0.162
0.834
0.255
0.559
0.275
0.165
0.214
0.872
0.833
0.691
0.68
0.81
0.013
0.465
0.724
0.392
0.046
0.021
0.857
0.288
0.751
0.12
0.716
0.885
0.32
0.719
0.723
0.975
0.374
0.68
0.513
0.175
0.872
0.816
0.102
0.094
0.844
0.253
0.645
0.666
0.947
0.091
0.124
0.727
0.272
0.522
0.211
0.774
0.903
0.005
0.341
0.446
0.317
0.255
0
0.926
0.183
0.054
0.584
0.536
0.307
0.408
0.292
0.984
0.9
0.087
0.621
0.01
0.735
0.505
0.097
0.155
0.98
0.723
0.755
0.899
0.729
0.865
0.038
0.082
0.201
0.546
0.6
0.972
0.408
0.211
0.998
0.434
0.665
0.854
0.504
0.306
0.15
0.364
0.642
0.947
0.724
0.871
0.663
0.109
0.252
0.8
0.676
0.091
0.06
0.664
0.939
0.543
0.468
0.744
0.113
0.547
0.617
0.289
0.613
0.319
0.376
0.509
0.62
0.843
0.928
0.48
0.015
0.548
0.652
0.147
0.704
0.145
0.376
0.92
0.35
0.229
0.829
0.652
0.868
0.926
0.169
0.97
0.984
0.783
0.465
0.084
0.338
0.129
0.887
0.633
0.474
0.274
0.614
0.056
0.573
0.973
0.79
0.321
0.781
0.531
0.237
0.193
0.871
0.149
0.18
0.47
0.008
0.473
0.277
0.073
0.266
0.852
0.854
0.265
0.569
0.744
0.451
0.18
0.698
0.479
0.762
0.061
0.118
0.635
0.17
0.747
0.61
0.404
0.092
0.49
0.177
0.983
0.375
0.343
0.986
0.335
0.756
0.417
0.866
0.148
0.899
0.244
0.13
0.165
0.409
0.309
0.72
0.523
0.495
0.759
0.778
0.895
0.99
0.123
0.309
0.129
0.987
0.593
0.783
0.671
0.446
0.005
0.899
0.468
0.352
0.566
0.822
0.263
0.688
0.92
0.374
0.395
0.366
0.739
0.593
0.172
