0.258
0.581
0.045
0.37
0.369
0.32
0.126
0.605
0.305
0.092
0.22
0.288
0.74
0.371
0.601
0.332
0.136
0.503
0.016
0.974
0.563
0.548
0.794
0.751
0.573
0.267
0.835
0.784
0.393
0.508
0.869
0.647
0
0.994
0.356
0.261
0.555
0.158
0.099
0.554
0.201
0.912
0.306
0.797
0.508
0.64
0.615
0.046
0.808
0.451
0.48
0.119
0.842
0.459
0.962
0.54
0.807
0.523
0.377
0.404
0.142
0.132
0.479
0.292
0.079
0.887
0.815
0.018
0.451
0.89
0.629
0
0.09
0.779
0.575
0.517
0.846
0.818
0.699
0.72
0.47
0.41
0.966
0.536
0.545
0.386
0.369
0.07
0.589
0.395
0.355
0.054
0.748
0.079
0.237
0.164
0.352
0.839
0.616
0.225
0.739
0.264
0.788
0.706
0.853
0.954
0.315
0.614
0.219
0.244
0.034
0.701
0.877
0.485
0.33
0.027
0.176
0.152
0.619
0.292
0.798
0.231
0.648
0.252
0.126
0.197
0.365
0.757
0.374
0.57
0.6
0.889
0.143
0.158
0.116
0.404
0.991
0.163
0.488
0.897
0.764
0.437
0.477
0.823
0.154
0.092
0.251
0.484
0.305
0.679
0.971
1.0
0.584
0.853
0.455
0.048
0.974
0.407
0.592
0.417
0.979
0.962
0.156
0.425
0.803
0.376
0.059
0.593
0.929
0.244
0.871
0.629
0.244
0.083
0.324
0.706
0.671
0.244
0.183
0.938
0.677
0.205
0.001
0.002
0.466
0.091
0.203
0.02
0
0.45
0.67
0.429
0.263
0.363
0.86
0.162
0.179
0.503
0.493
0.835
0.404
0.731
0.02
0.514
0.969
0.183
0.228
0.285
0.721
0.426
0.379
0.208
0.184
0.262
0.091
0.282
0.266
0.056
0.424
0.129
0.293
0.287
0.696
0.726
0.289
0.635
0.091
0.091
0.986
0.521
0.162
0.066
0.209
0.059
0.288
0.487
0.024
0.546
0.613
0.55
0.053
0.191
0.453
0.376
0.124
0.556
0.051
0.439
0.958
0.491
0.71
0.05
0.313
0.486
0.576
0.265
0.37
0.763
0.761
0.279
0.293
0.709
0.379
0.475
0.43
0.683
0.034
0.6
0.839
0.09
0.158
0.94
0.536
0.381
0.23
0.787
0.409
0.91
0.007
0.863
0.394
0.56
0.23
0.592
0.362
0.692
0.528
0.858
0.159
0.869
0.34
0.814
0.979
0.223
0.765
0.503
0.24
0.783
0.77
0.686
0.343
0.392
0.427
0.769
0.434
0.405
0.269
0.116
0.003
0.753
0.138
0.737
0.832
0.132
0.295
0.396
0.046
0.066
0.996
0.268
0.617
0.499
0.015
0.512
0.686
0.454
0.41
0.086
0.458
0.733
0.131
0.227
0.13
0.18
0.121
0.117
0.816
0.37
0.246
0.86
0.446
0.554
0.34
0.072
0.737
0.532
0.582
0.586
0
0.557
0.743
0.689
0.59
0.658
0.434
0.889
0.305
0.064
0.166
0.049
0.72
0.223
0.438
0.072
0.034
0.055
0.839
0.845
0.149
0.854
0.714
0.594
0.916
0.206
0.613
0.245
0.158
0.814
0.608
0.242
0.009
0.788
0.053
0.296
0.723
0.93
0.138
0.814
0.966
0.913
0.356
0.64
0.034
0.925
0.563
0.36
0.133
0.443
0.946
0.818
0.715
0.07
0.486
0.675
0.499
0.055
0.067
0.309
0.773
0.651
0.184
0.715
0.281
0.681
0.261
0.457
0.824
0.476
0.887
0.441
0.539
0.005
0.095
0.127
0.041
0.223
0.978
0.62
0.017
0.243
0.826
0.311
0.048
0.777
0.944
0
0.452
0.867
0.745
0.016
0.071
0.004
0.173
0.847
0.371
0.361
0.717
0.858
0.456
0.234
0.512
0.962
0.995
0.196
0.862
0.855
0.269
0.903
0.821
0.378
0.374
0.815
0.917
0.034
0.113
0.01
0.207
0.505
0.331
0.441
0.147
0.94
0.933
0.971
0.476
0.023
0.438
0.959
0.299
0.783
0.897
0.537
0.324
0.836
0.493
0.711
0.139
0.207
0.484
0.082
0.059
0.076
0.614
0.234
0.045
0.831
0.28
0.145
0.383
0.837
0.985
0.26
0.282
0.099
0.159
0.362
0.32
0.019
0.504
0.174
0.014
0.024
0.751
0.927
0.961
0.102
0.814
0.789
0.959
0.28
0.752
0.738
0.453
0.437
0.084
0.271
0.294
0.612
0.252
0.028
0.608
0.382
0.185
0.09
0.714
0.329
0.547
0.494
0.367
0.222
0.949
0.779
0.034
0.934
0.92
0.058
0.223
0.993
0.743
0.33
0.05
0.237
0.688
0
0.604
0.44
0.618
0.691
0.393
0.182
0.692
0.87
0.002
0.149
0.004
0.42
0.778
0.363
0.048
0.197
0.257
0.066
0.43
0.005
0.813
0.915
0.112
0.473
0.02
0.822
0.249
0.645
0.009
0.075
0.052
0.805
0.69
0.643
0.768
0.963
0.969
0.415
0.844
0.587
0.37
0
0.2
0.097
0.372
0.534
0.886
0.749
0.091
0.335
0.909
0.02
0.959
0.35
0.574
0.62
0.105
0.751
0.074
0.321
0.856
0.896
0.278
0.216
0.468
0.987
0.351
0.198
0.426
0.999
0.162
0.867
0.898
0.508
0.252
0.254
0.908
0.718
0.148
0.595
0.824
0.755
0.468
0.577
0.257
0.063
0.292
0.559
0.5
0.346
0.547
0.068
0.851
0.073
0.262
0.143
0.017
0.165
0.981
0.526
0.55
0.785
0.03
0.097
0.021
0.986
0.71
0.671
0.424
0.297
0.116
0.263
0.398
0.389
0.166
0.357
0.631
0.945
0.059
0.466
0.329
0.3
0.428
0.243
0.09
0.389
0.858
0.043
0.035
0.422
0.937
0.889
0.414
0.693
0.48
0.904
0.988
0.864
0.389
0.926
0.273
0.729
0.23
0.481
0.12
0.915
0.366
0.479
0.565
0.821
0.719
0.708
0.207
0.185
0.937
0.69
0.234
0.391
0.578
0.347
0.457
0.037
0.865
0.229
0.914
0.898
0.422
0.818
0.307
0.158
0.818
0.026
0.439
0.351
0.346
0.288
0.378
0.108
0.486
0.048
0.597
0.169
0.833
0.714
0.156
0.942
0.999
0.255
0.539
0.812
0.811
0.39
0.564
0.713
0.503
0.967
0.316
0.89
0.014
0.288
0.494
0.404
0.167
0.503
0.293
0.029
0.557
0.272
0.547
0.483
0.565
0.821
0.968
0.517
0.419
0.731
0.651
0.353
0.728
0.365
0.313
0.533
0.086
0.69
0.231
0.69
0.906
0.584
0.256
0.357
0.774
0.742
0.834
0.768
0.695
0.704
0.944
0.2
0.156
0.643
0.392
0.383
0.908
0.16
0.29
0.106
0.259
0.815
0.12
0.091
0.612
0.741
0.057
0.826
0.541
0.441
0.238
0.204
0.238
0.818
0.985
0.706
0.122
0.279
0.882
0.257
0.304
0.924
0.971
0.461
0.21
0.639
0.888
0.078
0.896
0.499
0.025
0.47
0.075
0.962
0.334
0.468
0.137
0.362
0.148
0.207
0.141
0.659
0.662
0.631
0.6
0.586
0.441
0.96
0.379
0.004
0.217
0.948
0.454
0.382
0.442
0.78
0.558
0.518
0.407
0.198
0.316
0.034
0.087
0.274
0.456
0.677
0.342
0.566
0.589
0.127
0.544
0.988
0.931
0.619
0.82
0.968
0.282
0.283
0.256
0.337
0.062
0.132
0.569
0.918
0.45
0.568
0.495
0.662
0.829
0.216
0.612
0.85
0.774
0.17
0.527
0.964
0.221
0.302
0.705
0.903
0.348
0.138
0.625
0.165
0.175
0.71
0.859
0.361
0.37
0.466
0.311
0.229
0.73
0.954
0.985
0.019
0.823
0.999
0.439
0.22
0.547
0.651
0.855
0.815
0.95
0.152
0.401
0.505
0.094
0.046
0.659
0.76
0.41
0.611
0.938
0.696
0.523
0.098
0.258
0.292
0.345
0.62
0.268
0.384
0.145
0.647
0.637
0.325
0.298
0.287
0.923
0.095
0.122
0
0.305
0.058
0.756
0.798
0.641
0.287
0.571
0.064
0.59
0.077
0.774
0.405
0.32
0.635
0.098
0.207
0.976
0.368
0.236
0.754
0.764
0.578
0.965
0.942
0.742
0.015
0.396
0.508
0.144
0.819
0.287
0.436
0.961
0.989
0.193
0.519
0.046
0
0.713
0.068
0.501
0.491
0.727
0.075
0.822
0.59
