0.173
0.729
0.934
0.851
0.695
0.005
0.946
0.892
0.981
0.945
0.549
0.015
0.656
0.911
0.198
0.94
0.366
0.945
0.365
0.963
0.328
0.447
0.588
0.952
0.406
0.041
0.651
0.846
0.844
0.67
0.149
0.669
0.927
0.352
0.276
0.119
0.365
0.084
0.164
0.03
0.573
0.514
0.352
0.706
0.793
0.562
0.209
0.991
0.464
0.987
0.522
0.631
0.719
0.224
0.097
0.883
0.181
0.864
0.069
0.95
0.526
0.95
0.329
0.697
0.632
0.909
0.165
0.27
0.999
0.543
0.472
0.287
0.088
0.391
0.327
0.016
0.035
0.537
0.568
0.974
0.204
0.225
0.578
0.278
0.285
0.208
0.465
0.562
0.086
0.941
0.514
0.139
0.72
0.995
0.222
0.624
0.308
0.433
0.87
0.571
0.776
0.005
0.533
0.194
0.37
0.717
0.566
0.977
0.551
0.312
0.065
0.414
0.744
0.69
0.077
0.214
0.779
0.864
0.83
0.363
0.407
0.789
0.266
0.314
0.803
0.938
0.321
0.39
0.019
0.463
0.064
0.335
0.711
0.526
0.634
0.793
0.772
0.601
0.863
0.467
0.415
0.34
0.159
0.103
0.827
0.238
0.476
0.607
0.615
0.459
0.366
0.131
0.859
0.359
0.274
0.581
0.231
0.476
0.65
0.475
0.301
0.967
0.968
0.118
0.678
0.233
0.452
0.135
0.757
0.953
0.833
0.045
0.848
0.726
0.222
0.882
0.122
0.311
0.339
0.066
0.2
0.746
0.574
0.251
0
0.216
0.922
0.377
0.558
0.33
0.595
0.543
0.611
0.471
0.137
0.673
0.821
0.32
0.089
0.958
0.774
0.243
0.053
0.922
0.123
0.503
0.39
0.535
0.958
0.933
0.758
0.99
0.84
0.043
0.653
0.062
0.362
0.89
0.393
0.243
0.167
0.508
0.633
0.477
0.098
0.047
0.327
0.74
0.585
0.459
0.663
0.143
0.862
0.629
0.711
0.674
0.78
0.709
0.909
0.536
0.356
0.383
0.918
0.503
0.82
0.123
0.888
0.382
0.748
0.937
0.33
0.536
0.35
0.329
0.258
0
0.607
0.887
0.396
0.696
0.736
0.266
0.256
0.073
0.224
0.535
0.716
0.363
0.733
0.825
0.528
0.575
0.596
0.144
0.41
0.347
0.128
0.663
0.862
0.846
0.293
0.908
0.439
0.558
0.82
0.071
0.337
0.586
0.188
0.229
0.35
0.855
0.558
0.824
0.441
0.445
0.352
0.587
0.812
0.116
0.31
0.36
0.066
0.247
0.155
0.702
0.758
0.127
0.927
0.117
0.724
0.678
0.927
0.447
0.802
0.075
0.305
0.82
0.76
0.818
0.779
0.167
0.636
0.544
0.069
0.979
0.548
0.81
0.201
0.095
0.987
0.989
0.372
0.511
0.303
0.264
0.385
0.137
0.799
0.731
0.091
0.785
0.82
0.037
0.032
0.874
0.773
0.777
0.483
0.305
0.291
0.257
0.507
0.386
0.041
0.336
0.03
0.191
0.996
0.063
0.766
0.43
0.881
0.482
0.262
0.657
0.189
0.486
0.858
0.341
0.336
0.145
0.024
0.809
0.978
0.841
0.787
0.484
0.856
0.12
0.004
0.76
0.932
0.477
0.326
0.692
0.09
0.912
0.296
0.043
0.258
0.405
0.706
0.191
0.143
0.764
0.519
0.671
0.937
0.924
0.171
0.545
0.191
0.604
0.987
0.463
0.573
0.149
0.435
0.704
0.543
0.879
0.022
0.338
0.929
0.549
0.56
0.112
0.945
0.381
0.088
0.918
0.243
0.861
0.712
0.938
0.734
0.19
0.745
0.672
0.05
0.884
0.785
0.623
0.912
0.291
0.957
0.128
0.843
0.276
0.05
0.552
0.175
0.209
0.221
0.933
0.177
0.655
0.065
0.689
0.043
0.531
0.082
0.877
0.472
0.364
0.767
0.486
0.633
0.014
0.761
0.301
0.508
0.428
0.089
0.388
0.671
0.027
0.851
0.328
0.984
0.301
0.36
0.321
0.56
0.821
0.347
0.836
0.743
0.776
0.941
0.095
0.019
0.371
0.903
0.938
0.904
0.812
0.223
0.327
0.375
0.232
0.905
0.626
0.01
0.242
0.736
0.273
0.484
0.875
0.332
0.053
0.03
0.758
0.203
0.999
0.78
0.634
0.116
0.885
0.794
0.376
0.242
0.432
0.554
0.478
0.278
0.709
0.811
0.925
0.558
0.01
0.562
0.939
0.155
0.101
0.409
0.621
0.205
0.108
0.897
0.692
0.563
0.895
0.452
0.678
0.738
0.341
0.955
0.919
0.164
0.465
0.873
0.407
0.87
0.887
0.847
0.326
0.082
0.76
0.566
0.686
0.191
0.987
0.975
0.977
0.858
0.166
0.584
0.308
0.038
0.624
0.32
0.925
0.067
0.067
0.532
0.273
0.862
0.596
0.762
0.99
0.468
0.278
0.312
0.249
0.013
0.49
0.192
0.56
0.654
0.862
0.74
0.373
0.202
0.809
0.892
0.847
0.752
0.018
0.865
0.191
0.081
0.35
0.14
0.532
0.283
0.812
0.741
0.157
0.35
0.27
0.464
0.844
0.001
0.943
0.068
0.101
0.098
0.62
0.006
0.587
0.062
0.05
0.443
0.874
0.694
0.321
0.361
0.582
0.985
0.403
0.026
0.272
0.3
0.284
0.362
0.614
0.596
0.476
0.505
0.128
0.612
0.842
0.724
0
0.274
0.724
0.368
0.236
0.596
0.023
0.059
0.471
0.083
0.397
0.06
0.376
0.645
0.476
0.056
0.218
0.867
0.77
0.292
0.098
0.167
0.247
0.41
0.107
0.705
0.067
0.149
0.861
0.869
0.169
0.268
0.022
0.907
0.367
0.469
0.288
0.803
0.434
0.676
0.404
0.861
0.154
0.932
0.764
0.367
0.953
0.537
0.263
0.901
0.647
0.422
0.961
0.744
0.521
0.267
0.987
0.324
0.071
0.657
0.571
0.177
0.455
0.635
0.993
0.172
0.738
0.277
0.714
0.336
0.806
0.717
0.884
0.272
0.446
0.443
0.358
0.863
0.881
0.026
0.6
0.146
0.805
0.345
0.237
0.415
0.4
0.801
0.333
0.78
0.574
0.834
0.398
0.611
0.116
0.113
0.12
0.129
0.683
0.482
0.566
0.17
0.333
0.276
0.832
0.491
0.609
0.485
1.0
0.058
0.707
0.641
0.407
0.394
0.55
0.692
0.569
0.819
0.519
0.58
0.981
0.393
0.316
0.218
0.148
0.495
0.481
0.501
0.941
0.019
0.696
0.231
0.717
0.554
0.845
0.771
0.128
0.103
0.852
0.359
0.332
0.243
0.357
0.322
0.992
0.588
0.996
0.69
0.232
0.892
0.298
0.376
0.987
0.295
0.439
0.435
0.092
0.534
0.866
0.049
0.487
0.767
0.038
0.446
0.004
0.508
0.918
0.49
0.323
0.284
0.13
0.519
0.212
0.188
0.132
0.949
0.632
0.423
0.668
0.179
0.381
0.385
0.769
0.786
0.232
0.723
0.967
0.243
0.705
0.931
0.713
0.723
0.106
0.432
0.712
0.439
0.54
0.366
0.324
0.25
0.765
0.923
0.861
0.687
0.625
0.305
0.221
0.596
0.578
0.655
0.6
0.642
0.462
0.173
0.429
0.65
0.558
0.233
0.326
0.07
0.575
0.272
0.774
0.093
0.98
0.105
0.801
0.131
0.754
0.731
0.795
0.343
0.154
0.021
0.295
0.101
0.864
0.848
0.285
0.145
0.602
0.165
0.467
0.12
0.007
0.33
0.629
0.306
0.41
0.872
0.501
0.791
0.874
0.975
0.445
0.646
0.145
0.372
0.531
0.889
0.382
0.917
0.597
0.52
0.005
0.831
0.356
0.188
0.658
0.607
0.027
0.58
0.657
0.553
0.388
0.916
0.331
0.323
0.522
0.403
0.774
0.597
0.034
0.646
0.036
0.768
0.093
0.406
0.472
0.082
0.995
0.157
0.21
0.833
0.609
0.928
0.169
0.973
0.309
0.279
0.821
0.044
0.4
0.642
0.745
0.457
0.927
0.486
0.352
0.548
0.082
0.676
0.971
0.994
0.323
0.112
0.989
0.983
0.546
0.396
0.716
0.828
0.061
0.324
0.695
0.473
0.998
0.982
0.466
0.776
0.947
0.095
0.24
0.755
0.359
0.758
0.513
0.191
0.968
0.664
0.988
0.539
0.605
0.327
0.636
0.794
0.379
0
0.505
0.931
0.023
0.918
0.47
0.611
0.223
0.392
0.283
0.418
0.713
0.787
0.18
0.279
0.553
0.757
0.154
