0.226
0.341
0.516
0.534
0.008
0.015
0.532
0.229
0.919
0.425
0.41
0.661
0.778
0.552
0.424
0.957
0.592
0.868
0.459
0.74
0.447
0.401
0.77
0.789
0.248
0.559
0.355
0.047
0.81
0.747
0.017
0.589
0.743
0.107
0.586
0.38
0.099
0.43
0.331
0.029
0.112
0.905
0.005
0.283
0.655
0.55
0.805
0.579
0.269
0.632
0.541
0.882
0.378
0.217
0.674
0.382
0.418
0.792
0.946
0.199
0.964
0.865
0.428
0.265
0.905
0.725
0.971
0.292
0.108
0.283
0.57
0.585
0.002
0.499
0.758
0.396
0.114
0.485
0.467
0.291
0.482
0.8
0.588
0.291
0.836
0.015
0.818
0.723
0.799
0.755
0.279
0.082
0.441
0.327
0.953
0.353
0.555
0.131
0.227
0.615
0.406
0.496
0.62
0.225
0.061
0.227
0.886
0.12
0.138
0.867
0.154
0.379
0.862
0.052
0.754
0.698
0.436
0.503
0.869
0.568
0.76
0.769
0.869
0.96
0.97
0.586
0.372
0.215
0.944
0.886
0.395
0.01
0.39
0.384
0.418
0.76
0.404
0.32
0.778
0.969
0.595
0.26
0.818
0.668
0.07
0.363
0.878
0.434
0.473
0.596
0.793
0.879
0.331
0.958
0.61
0.641
0.739
0.113
0.944
0.685
0.788
0.874
0.41
0.399
0.894
0.052
0.34
0.573
0.07
0.327
0.688
0.851
0.212
0.988
0.982
0.712
0.009
0.714
0.127
0.48
0.359
0.441
0.144
0.635
0.979
0.847
0.139
0.357
0.215
0.927
0.594
0.994
0.634
0.963
0.168
0.197
0.241
0.838
0.519
0.439
0.371
0.372
0.656
0.49
0.884
0.295
0.179
0.016
0.233
0.232
0.613
0.076
0.716
0.738
0.392
0.545
0.222
0.321
0.352
0.54
0.717
0.009
0.794
0.691
0.5
0.586
0.626
0.603
0.028
0.43
0.452
0.845
0.1
0.416
0.502
0.016
0.935
0.583
0.879
0.217
0.532
0.858
0.795
0.599
0.349
0.965
0.655
0.936
0.424
0.116
0.758
0.185
0.693
0.091
0.048
0.016
0.491
0.406
0.911
0.556
0.61
0.645
0.454
0.596
0.17
0.878
0.941
0.384
0.732
0.744
0.067
0.22
0.806
0.1
0.991
0.481
0.532
0.402
0.51
0.161
0.361
0.861
0.075
0.48
0.062
0.513
0.377
0.305
0.351
0.353
0.377
0.136
0.541
0.534
0.523
0.837
0.84
0.597
0.123
0.776
0.689
0.528
0.098
0.439
0.885
0.358
0.078
0.838
0.849
0.417
0.132
0.541
0.572
0.399
0.326
0.303
0.31
0.117
0.027
0.14
0.828
0.076
0.933
0.886
0.127
0.373
0.611
0.727
0.573
0.223
0.94
0.469
0.831
0.75
0.45
0.519
0.262
0.867
0.972
0.763
0.419
0.246
0.798
0.826
0.145
0.7
0.83
0.265
0.421
0.96
0.657
0.395
0.898
0.976
0.467
0.995
0.42
0.334
0.984
0.389
0.78
0.277
0.076
0.737
0.394
0.878
0.054
0.446
0.994
0.576
0.441
0.132
0.907
0.42
0.194
0.338
0.309
0.984
0.645
0.533
0.933
0.249
0.444
0.212
0.24
0.166
0.358
0.509
0.902
0.618
0.698
0.137
0.039
0.235
0.028
0.195
0.381
0.179
0.185
0.102
0.14
0.907
0.977
0.931
0.597
0.305
0.386
0.469
0.284
0.075
0.855
0.867
0.373
0.964
0.555
0.965
0.116
0.542
0.75
0.875
0.353
0.933
0.659
0.898
0.755
0.137
0.327
0.178
0.198
0.245
0.943
0.194
0.962
0.207
0.708
0.242
0.215
0.045
0.278
0.466
0.132
0.709
0.802
0.821
0.221
0.737
0.492
0.508
0.377
0.451
0.528
0.935
0.478
0.443
0.64
0.925
0.614
0.971
0.267
0.586
0.805
0.912
0.62
0.997
0.171
0.622
0.129
0.138
0.418
0.088
0.416
0.164
0.232
0.366
0.465
0.424
0.502
0.504
0.919
0.032
0.652
0.987
0.374
0.186
0.723
0.87
0
0.232
0.735
0.911
0.517
0.87
0.223
0.287
0.246
0.039
0.243
0.61
0.8
0.49
0.45
0.984
0.676
0.184
0.942
0.008
0.785
0.081
0.421
0.082
0.072
0.391
0.439
0.719
0.927
0.767
0.811
0.828
0.997
0.823
0.824
0.097
0.25
0.081
0.754
0.27
0.457
0.627
0.206
0.77
0.236
0.047
0.338
0.579
0.133
0.276
0.546
0.585
0.065
0.494
0.452
0.786
0.356
0.185
0.672
0.364
0.852
0.68
0.685
0.082
0.399
0.513
0.763
0.654
0.67
0.877
0.481
0.327
0.944
0.651
0.963
0.496
0.915
0.363
0.003
0.247
0.343
0.453
0.412
0.075
0.066
0.621
0.703
0.738
0.46
0.626
0.218
0.49
0.383
0.92
0.003
0.131
0.729
0.715
0.63
0.162
0.016
0.852
0.075
0
0.537
0.149
0.964
0.933
0.694
0.988
0.561
0.824
0.394
0.537
0.589
0.259
0.59
0.149
0.245
0.142
0.186
0.816
0.557
0.511
0.506
0.264
0.587
0.398
0.769
0.567
0.428
0.644
0.142
0.177
0.319
0.312
0.991
0.943
0.073
0.019
0.089
0.44
0.811
0.832
0.749
0.06
0.956
0.309
0.261
0.325
0.862
0.34
0.87
0.06
0.612
0.583
0.627
0.743
0.206
0.81
0.039
0.632
0.205
0.532
0.007
0.23
0.669
0.763
0.879
0.052
0.188
0.096
0.906
0.42
0.073
0.903
0.307
0.206
0.394
0.716
0.354
0.802
0.741
0.072
0.127
0.977
0.524
0.097
0.598
0.144
0.366
0.129
0.688
0.294
0.165
0.903
0.033
0.884
0.598
0.644
0.625
0.763
0.091
0.378
0.908
0.201
0.777
0.638
0.857
0.682
0.347
0.229
0.436
0.036
0.495
0.656
0.663
0.022
0.623
0.304
0.258
0.144
0.337
0.584
0.535
0.699
0.587
0.186
0.438
0.165
0.757
0.916
0.081
0.909
0.609
0.661
0.201
0.925
0.199
0.314
0.018
0.054
0.058
0.331
0.936
0.787
0.797
0.259
0.302
0.46
0.407
0.041
0.211
0.21
0.879
0.861
0.072
0.352
0.311
0.316
0.251
0.809
0.587
0.347
0.436
0.76
0.02
0.536
0.395
0.796
0.553
0.445
0.157
0.085
0.439
0.485
0.413
0.11
0.453
0.717
0.752
0.925
0.915
0.769
0.955
0.155
0.383
0.059
0.544
0.678
0.87
0.112
0.93
0.112
0.833
0.293
0.573
0.731
0.675
0.594
0.312
0.492
0.067
0.725
0.629
0.951
0.405
0.924
0.271
0.443
0.216
0.885
0.307
0.872
0.27
0.462
0.413
0.433
0.033
0.015
0.248
0.11
0.999
0.398
0.559
0.491
0.654
0.112
0.276
0.268
0.593
0.077
0.689
0.382
0.93
0.436
0.382
0.172
0.485
0.904
0.783
0.761
0.422
0.728
0.985
0.11
0.767
0.914
0.542
0.284
0.124
0.245
0.171
0.106
0.794
0.544
0.073
0.913
0.575
0.919
0.351
0.332
0.097
0.441
0.744
0.711
0.459
0.775
0.09
0.145
0.154
0.181
0.142
0.199
0.762
0.463
0.943
0.131
0.244
0.912
0.632
0.637
0.25
0.78
0.641
0.077
0.674
0.651
0.563
0.784
0.207
0.726
0.097
0.413
0.102
0.92
0.391
0.898
0.88
0.302
0.514
0.467
0.681
0.837
0.396
0.022
0.517
0.151
0.541
0.403
0.338
0.516
0.227
0.31
0.809
0.472
0.048
0.056
0.808
0.686
0.425
0.112
0.754
0.338
0.28
0.585
0.358
0.005
0.421
0.655
0.462
0.983
0.366
0.743
0.937
0.726
0.565
0.112
0.984
0.293
0.452
0.551
0.808
0.556
0.444
0.807
0.154
0.394
0.857
0.321
0.875
0.435
0.627
0.485
0.684
0.106
0.059
0.917
0.087
0.386
0.771
0.745
0.752
0.395
0.314
0.801
0.354
0.948
0.778
0.407
0.824
0.386
0.264
0.674
0.434
0.028
0.388
0.186
0.567
0.351
0.146
0.514
0.518
0.909
0.43
0.356
0.089
0.69
0.071
0.692
0.512
0.274
0.75
0.6
0.005
0.596
0.326
0.272
0.087
0.629
0.708
0.799
0.654
0.203
0.613
0.321
0.629
0.045
0.21
0.447
0.321
0.084
0.876
0.999
