0.536
0.016
0.408
0.463
0.799
0.435
0.431
0.462
0.192
0.086
0.03
0.672
0.673
0.919
0.848
0.224
0.177
0.097
0.683
0.962
0.502
0.047
0.2
0.889
0.216
0.465
0.613
0.013
0.598
0.472
0.687
0.09
0.449
0.048
0.257
0.271
0.846
0.741
0.993
0.023
0.799
0.459
0.061
0.593
0.792
0.065
0.827
0.775
0.755
0.486
0.368
0.684
0.478
0.015
0.298
0.835
0.145
0.166
0.678
0.594
0.563
0.722
0.176
0.622
0.067
0.728
0.921
0.735
0.628
0.316
0.093
0.948
0.406
0.019
0.693
0.252
0.299
0.498
0.618
0.592
0.305
0.61
0.961
0.076
0.688
0.099
0.596
0.087
0.164
0.031
0.819
0.804
0.413
0.524
0.919
0.854
0.435
0.411
0.098
0.823
0.716
0.441
0.99
0.775
0.067
0.131
0.955
0.506
0.957
0.352
0.354
0.324
0.022
0.869
0.859
0.979
0.479
0.226
0.611
0.296
0.034
0.064
0.246
0.367
0.125
0.43
0.613
0.473
0.892
0.637
0.887
0.973
0.356
0.107
0.7
0.429
0.511
0.051
0.136
0.683
0.947
0.995
0.322
0.511
0.538
0.501
0.296
0.101
0.864
0.318
0.852
0.443
0.999
0.24
0.545
0.891
0.384
0.214
0.333
0.055
0.334
0.988
0.417
0.885
0.881
0.352
0.569
0.833
0.897
0.55
0.026
0.117
0.115
0.096
0.628
0.101
0.708
0.977
0.738
0.027
0.185
0.79
0.893
0.167
0.667
0.996
0.071
0.827
0.585
0.844
0.487
0.906
0.969
0.711
0.13
0.734
0.048
0.16
0.485
0.47
0.217
0.103
0.456
0.486
0.634
0.655
0.696
0.587
0.318
0.684
0.348
0.366
0.38
0.856
0.869
0.438
0.765
0.794
0.659
0.301
0.836
0.452
0.036
0.064
0.35
0.269
0.151
0.578
0.867
0.228
0.173
0.437
0.74
0.838
0.325
0.418
0.081
0.959
0.966
0.978
0.766
0.206
0.852
0.497
0.755
0.188
0.348
0.769
0.422
0.998
0.047
0.746
0.661
0.884
0.276
0.344
0.874
0.007
0.638
0.672
0.017
0.079
0.317
0.524
0.34
0.407
0.013
0.518
0.274
0.932
0.276
0.812
0.279
0.686
0.181
0.482
0.301
0.58
0.001
0.141
0.401
0.021
0.446
0.354
0.783
0.502
0.129
0.615
0.817
0.532
0.647
0.409
0.582
0.901
0.513
0.81
0.174
0.536
0.052
0.528
0.201
0.217
0.299
0.487
0.666
0.793
0.792
0.612
0.165
0.453
0.529
0.456
0.794
0.718
0.943
0.741
0.704
0.312
0.958
0.59
0.719
0.176
0.512
0.356
0.85
0.766
0.425
0.971
0.565
0.95
0.431
0.715
0.392
0.926
0.185
0.097
0.848
0.303
0.034
0.913
0.957
0.403
0.356
0.789
0.327
0.823
0.036
0.995
0.407
0.484
0.9
0.994
0.306
0.528
0.74
0.077
0.202
0.923
0.3
0.628
0.778
0.476
0.402
0.912
0.667
0.884
0.809
0.594
0.632
0.208
0.488
0.532
0.998
0.231
0.226
0.04
0.829
0.008
0.787
0.492
0.427
0.023
0.449
0.955
0.53
0.279
0.449
0.116
0.549
0.027
0.975
0.544
0.475
0.625
0.186
0.864
0.573
0.38
0.063
0.444
0.77
0.752
0.292
0.788
0.916
0.235
0.453
0.455
0.604
0.646
0.484
0.066
0.573
0.964
0.005
0.366
0.355
0.234
0.414
0.759
0.389
0.21
0.821
0.414
0.535
0.388
0.554
0.023
0.7
0.028
0.937
0.439
0.802
0.76
0.43
0.284
0.056
0.872
0.845
0.803
0.847
0.679
0.307
0.282
0.02
0.813
0.495
0.221
0.632
0.62
0.872
0.629
0.529
0.561
0.196
0.704
0.622
0.852
0.538
0.689
0.798
0.072
0.996
0.161
0.746
0.911
0.151
0.447
0.555
0.483
0.965
0.394
0.499
0.582
0.883
0.096
0.28
0.496
0.202
0.841
0.934
0.813
0.054
0.662
0.787
0.537
0.178
0.354
0.536
0.955
0.918
0.33
0.319
0.05
0.155
0.386
0.089
0.832
0.667
0.449
0.098
0.514
0.029
0.506
0.029
0.617
0.086
0.104
0.728
0.286
0.713
0.754
0.535
0.768
0.808
0.99
0.104
0.078
0.763
0.661
0.094
0.941
0.991
0.682
0.17
0.974
0.895
0.877
0.944
0.608
0.261
0.995
0.014
0.554
0.83
0.453
0.617
0.378
0.179
0.506
0.419
0.639
0.243
0.87
0.688
0.382
0.791
0.656
0.216
0.372
0.656
0.669
0.202
0.46
0.683
0.359
0.223
0.773
0.434
0.831
0.959
0.909
0.236
0.762
0.92
0.383
0.656
0.383
0.264
0.323
0.506
0.943
0.659
0.352
0.138
0.621
0.404
0.168
0.887
0.552
0.376
0.311
0.407
0.303
0.982
0.971
0.743
0.175
0.295
0.381
0.222
0.805
0.897
0.601
0.169
0.161
0.152
0.753
0.515
0.626
0.112
0.034
0.972
0.403
0.216
0.605
0.212
0.728
0.92
0.816
0.485
0.794
0.502
0.165
0.567
0.669
0.12
0.115
0.193
0.877
0.442
0.451
0.418
0.777
0.796
0.041
0.149
0.033
0.232
0.488
0.014
0.55
0.416
0.428
0.381
0.591
0.416
0.099
0.815
0.24
0.235
0.347
0.075
0.457
0.855
0.745
0.517
0.683
0.15
0.914
0.077
0.652
0.428
0.494
0.724
0.939
0.882
0.275
0.922
0.345
0.543
0.348
0.978
0.102
0.478
0.028
0.145
0.955
0.387
0.774
0.234
0.185
0.73
0.186
0.093
0.393
0.242
0.276
0.335
0.792
0.536
0.226
0.264
0.064
0.942
0.569
0.483
0.868
0.166
0.659
0.973
0.142
0.725
0.524
0.923
0.871
0.527
0.204
0.172
0.214
0.559
0.17
0.075
0.353
0.7
0.008
0.815
0.773
0.688
0.832
0.033
0.604
0.873
0.787
0.235
0.307
0.998
0.915
0.756
0.249
0.548
0.04
0.248
0.214
0.341
0.426
0.625
0.296
0.838
0.345
0.458
0.529
0.221
0.15
0.387
0.015
0.512
0.659
0.031
0.339
0.013
0.352
0.545
0.214
0.14
0.137
0.104
0.12
0.263
0.804
0.42
0.915
0.168
0.624
0.818
0.375
0.219
0.108
0.047
0.387
0.032
0.206
0.459
0.153
0.039
0.571
0.905
0.933
0.104
0.381
0.892
0.509
0.505
0.732
0.938
0.689
0.736
0.597
0.76
0.692
0.434
0.621
0.664
0.274
0.768
0.092
0.738
0.588
0.371
0.931
0.922
0.303
0.441
0.669
0.009
0.16
0.553
0.391
0.258
0.908
0.601
0.082
0.585
0.511
0.771
0.758
0.642
0.717
0.595
0.291
0.707
0.428
0.604
0.517
0.19
0.03
0.83
0.252
0.122
0.492
0.161
0.098
0.811
0.971
0.254
0.987
0.623
0.489
0.856
0.767
0.632
0.561
0.052
0.343
0.7
0.03
0.193
0.017
0.684
0.638
0.831
0.009
0.206
0.749
0.139
0.438
0.79
0.491
0.064
0.191
0.123
0.092
0.141
0.971
0.861
0.455
0.548
0.783
0.429
0.161
0.679
0.683
0.095
0.405
0.175
0.805
0.54
0.509
0.193
0.524
0.635
0.224
0.17
0.55
0.158
0.491
0.171
0.526
0.165
0.827
0.983
0.768
0.134
0.943
0.189
0.385
0.097
0.569
0.429
0.49
0.918
0.9
0.082
0.307
0.193
0.144
0.415
0.948
0.247
0.935
0.933
0.115
0.625
0.469
0.305
0.618
0.842
0.035
0.263
0.286
0.549
0.449
0.198
0.19
0.518
0.969
0.216
0.395
0.809
0.76
0.425
0.301
0.792
0.229
0.143
0.09
0.589
0.863
0.837
0.51
0.496
0.833
0.385
0.639
0.339
0.873
0.261
0.045
0.739
0.004
0.526
0.859
0.187
0.571
0.623
0.337
0.842
0.75
0.108
0.669
0.639
0.948
0.339
0.684
0.324
0.37
0.115
0.545
0.038
0.64
0.153
0.738
1.0
0.918
0.225
0.307
0.746
0.755
0.722
0.291
0.807
0.905
0.743
0.14
0.328
0.903
0.568
0.722
0.171
0.009
0.643
0.166
0.836
0.74
0.101
0.521
0.223
0.624
0.256
0.991
0.49
0.351
0.978
0.634
0.154
0.626
0.528
0.076
0.512
0.815
