0.885
0.077
0.881
0.265
0.802
0.162
0.68
0.71
0.77
0.365
0.904
0.149
0.988
0.967
0.518
0.104
0.011
0.016
0.179
0.393
0.17
0.321
0.841
0.957
0.405
0.722
0.203
0.572
0.518
0.467
0.603
0.146
0.791
0.611
0.105
0.103
0.801
0.284
0.007
0.466
0.271
0.464
0.824
0.509
0.263
0.372
0.59
0.289
0.434
0.469
0.079
0.91
0.167
0.023
0.999
0.639
0.573
0.892
0.672
0.528
0.764
0.411
0.031
0.741
0.722
0.673
0.154
0.493
0.675
0.889
0.361
0.33
0.402
0.712
0.088
0.314
0.69
0.941
0.379
0.973
0.068
0.19
0.812
0.921
0.951
0.51
0.458
0.133
0.59
0.016
0.366
0.137
0.274
0.179
0.959
0.781
0.546
0.751
0.238
0.957
0.079
0.611
0.877
0.642
0.629
0.829
0.357
0.28
0.429
0.205
0.058
0.451
0.486
0.362
0.131
0.625
0.052
0.819
0.821
0.457
0.845
0.847
0.693
0.235
0.586
0.66
0.749
0.106
0.773
0.363
0.625
0.605
0.44
0.091
0.467
0.871
0.333
0
0.026
0.498
0.943
0.349
0.437
0.386
0.189
0.926
0.411
0.065
0.39
0.007
0.777
0.9
0.869
0.086
0.609
0.834
0.434
0.268
0.286
0.476
0.381
0.068
0.29
0.575
0.156
0.779
0.142
0.493
0.728
0.181
0.388
0.964
0.204
0.862
0.715
0.155
0.673
0.369
0.208
0.81
0.847
0.134
0.843
0.397
0.389
0.727
0.649
0.406
0.958
0.031
0.851
0.979
0.969
0.905
0.249
0.528
0.354
0.001
0.024
0.218
0.734
0.819
0.872
0.51
0.267
0.237
0.043
0.88
0.268
0.093
0.869
0.486
0.183
0.892
0.14
0.091
0.083
0.522
0.611
0.141
0.588
0.885
0.078
0.349
0.422
0.061
0.828
0.756
0.996
0.816
0.467
0.335
0.599
0.869
0.299
0.486
0.801
0.104
0.269
0.803
0.112
0.27
0.854
0.277
0.086
0.951
0.573
0.258
0.958
0.516
0.956
0.095
0.247
0.473
0.989
0.055
0.112
0.351
0.902
0.813
0.468
0.077
0.641
0.513
0.775
0.696
0.829
0.816
0.197
0.403
0.754
0.572
0.758
0.512
0.205
0.863
0.929
0.605
0.114
0.184
0.465
0.847
0.09
0.319
0.287
0.737
0.56
0.706
0.641
0.025
0.348
0.979
0.253
0.848
0.806
0.614
0.118
0.809
0.949
0.188
0.906
0.193
0.337
0.482
0.415
0.737
0.827
0.098
0.754
0.921
0.105
0.522
0.984
0.694
0.246
0.06
0.071
0.443
0.398
0.572
0.292
0.578
0.387
0.851
0.066
0.281
0.989
0.607
0.344
0.261
0.372
0.864
0.381
0.517
0.87
0.615
0.143
0.431
0.763
0.144
0.306
0.036
0.825
0.821
0.544
0.848
0.056
0.433
0.199
0.96
0.807
0.478
0.788
0.131
0.279
0.396
0.983
0.536
0.669
0.642
0.34
0.728
0.148
0.41
0.02
0.74
0.385
0.226
0.284
0.94
0.122
0.992
0.34
0.781
0.209
0.667
0.459
0.675
0.546
0.21
0.518
0.641
0.142
0.167
0.955
0.677
0.003
0.124
0.459
0.312
0.048
0.92
0.383
0.775
0.882
0.89
0.945
0.844
0.447
0.842
0.579
0.701
0.817
0.409
0.633
0.925
0.81
0.884
0.69
0.415
0.603
0.068
0.242
0.064
0.82
0.859
0.367
0.264
0.291
0.243
0.26
0.134
0.176
0.704
0.36
0.82
0.714
0.288
0.365
0.52
0.521
0.211
0.633
0.682
0.836
0.421
0.884
0.564
0.575
0.014
0.766
0.863
0.503
0.566
0.132
0.205
0.213
0.991
0.745
0.527
0.668
0.507
0.963
0.623
0.769
0.28
0.623
0.128
0.884
0.595
0.623
0.407
0.735
0.31
0.923
0.412
0.955
0.617
0.88
0.52
0.021
0.281
0.71
0.29
0.471
0.677
0.186
0.967
0.384
0.565
0.547
0.678
0.162
0.353
0.309
0.456
0.769
0.213
0.457
0.529
0.432
0.395
0.632
0.042
0.426
0.258
0.355
0.173
0.105
0.205
0.076
0.375
0.682
0.506
0.416
0.437
0.76
0.576
0.707
0.969
0.465
0.981
0.926
0.134
0.023
0.829
0.439
0.714
0.974
0.078
0.838
0.979
0.568
0.476
0.778
0.874
0.12
0.877
0.176
0.086
0.551
0.006
0.312
0.312
0.086
0.153
0.432
0.463
0.339
0.463
0.818
0.363
0.213
0.56
0.863
0.612
0.715
0.826
0.578
0.392
0.682
0.55
0.768
0.079
0.024
0.282
0.939
0.304
0.312
0.95
0.74
0.135
0.029
0.983
0.511
0.548
0.074
0.262
0.533
0.667
0.418
0.422
0.888
0.924
0.835
0.705
0.799
0.206
0.121
0.205
0.956
0.173
0.958
0.655
0.482
0.21
0.667
0.725
0.522
0.08
0.441
0.275
0.818
0.557
0.719
0.936
0.917
0.864
0.465
0.938
0.977
0.067
0.89
0.884
0.191
0.632
0.422
0.985
0.421
0.303
0.111
0.936
0.905
0.064
0.603
0.223
0.493
0.851
0.702
0.306
0.287
0.266
0.513
0.185
0.619
0.259
0.444
0.976
0.421
0.64
0.576
0.663
0.425
0.179
0.15
0.557
0.898
0.618
0.099
0.662
0.143
0.27
0.576
0.505
0.524
0.46
0.773
0.71
0.678
0.146
0.706
0.311
0.458
0.702
0.291
0.509
0.701
0.653
0.234
0.689
0.029
0.238
0.494
0.658
0.074
0.891
0.654
0.185
0.855
0.772
0.915
0.021
0.203
0.211
0.606
0.301
0.961
0.321
0.26
0.706
0.294
0.849
0.363
0.473
0.622
0.88
0.561
0.64
0.644
0.833
0.102
0.32
0.849
0.857
0.353
0.944
0.038
0.08
0.331
0.44
0.016
0.876
0.754
0.756
0.265
0.333
0.271
0.486
0.241
0.775
0.81
0.123
0.613
0.012
0.371
0.619
0.3
0.079
0.448
0.41
0.786
0.19
0.915
0.161
0.854
0.31
0.942
0.315
0.502
0.649
0.935
0.716
0.339
0.262
0.058
0.769
0.862
0.324
0.838
0.499
0.451
0.946
0.338
0.796
0.009
0.021
0.283
0.314
0.463
0.424
0.647
0.113
0.969
0.189
0.85
0.818
0.798
0.508
0.656
0.621
0.655
0.761
0.445
0.15
0.143
0.404
0.696
0.717
0.038
0.595
0.355
0.631
0.753
0.693
0.513
0.635
0.714
0.802
0.959
0.275
0.649
0.345
0.063
0.221
0.828
0.508
0.953
0.517
0.952
0.519
0.404
0.094
0.095
0.841
0.862
0.482
0.461
0.662
0.276
0.932
0.383
0.787
0.065
0.159
0.623
0.558
0.527
0.452
0.535
0.217
0.016
0.269
0.343
0.07
0.375
0.957
0.008
0.428
0.35
0.14
0.802
0.429
0.425
0.586
0.476
0.674
0.471
0.62
0.449
0.279
0.157
0.615
0.314
0.101
0.208
0.615
0.433
0.454
0.2
0.356
0.351
0.627
0.637
0.893
0.342
0.014
0.14
0.682
0.914
0.427
0.548
0.353
0.996
0.555
0.616
0.421
0.51
0.716
0.9
0.842
0.566
0.323
0.984
0.182
0.623
0.701
0.591
0.181
0.463
0.926
0.465
0.117
0.289
0.064
0.333
0.688
0.227
0.461
0.612
0.137
0.441
0.578
0.099
0.148
0.504
0.812
0.26
0.646
0.152
0.145
0.203
0.914
0.841
0.194
0.856
0.55
0.587
0.596
0.708
0.809
0.263
0.903
0.544
0.538
0.746
0.121
0.513
0.519
0.307
0.358
0.589
0.231
0.264
0.244
0.691
0.887
0.49
0.357
0.079
0.016
0.961
0.232
0.8
0.458
0.634
0.992
0.21
0.116
0.519
0.506
0.66
0.374
0.651
0.049
0.854
0.953
0.229
0.759
0.558
0.206
0.19
0.171
0.3
0.283
0.09
0.501
0.071
0.199
0.144
0.806
0.766
0.428
0.535
0.469
0.189
0.617
0.004
0.663
0.133
0.793
0.723
0.046
0.067
0.143
0.543
0.915
0.9
0.094
0.453
0.429
0.744
0.818
0.912
0.001
0.549
0.623
0.829
0.683
0.504
0.762
0.25
0.798
0.515
0.538
0.362
0.665
0.614
0.144
0.394
0.997
0.03
0.472
0.625
0.139
0.065
0.205
0.844
0.487
0.592
0.119
