0.81
0.025
0.895
0.488
0.743
0.097
0
0.09
0.477
0.686
0.127
0.215
0.662
0.698
0.275
0.04
0.801
0.91
0.022
0.507
0.983
0.238
0.623
0.155
0.554
0.706
0.367
0.99
0.835
0.997
0.975
0.412
0.225
0.814
0.23
0.046
0.351
0.049
0.347
0.089
0.163
0.464
0.821
0.731
0.985
0.335
0.998
0.433
0.278
0.497
0.677
0.456
0.129
0.845
0.247
0
0.475
0.168
0.782
0.481
0.206
0.527
0.22
0.775
0.743
0.169
0.418
0.979
0.857
0.766
0.793
0.903
0.952
0.714
0.954
0.741
0.268
0.11
0.111
0.872
0.24
0.982
0.241
0.054
0.394
0.435
0.986
0.196
0.958
0.879
0.862
0.197
0.593
0.002
0.234
0.671
0.969
0.879
0.724
0.948
0.703
0.321
0.34
0.763
0.862
0.295
0.752
0.259
0.001
0.814
0.412
0.318
0.381
0.511
0.861
0.646
0.756
0.298
0.109
0.415
0.656
0.002
0.907
0.225
0.419
0.837
0.26
0.473
0.452
0.467
0.046
0.13
0.707
0.506
0.946
0.644
0.273
0.05
0.203
0.745
0.592
0.0
0.381
0.451
0.475
0.255
0.188
0.19
0.929
0.455
0.666
0.14
0.84
0.817
0.137
0.891
0.464
0.4
0.826
0.49
0.704
0.01
0.562
0.1
0.262
0.441
0.039
0.821
0.095
0.876
0.465
0.709
0.853
0.789
0.861
0.116
0.738
0.031
0.708
0.677
0.801
0.445
0.91
0.868
0.335
0.066
0.243
0.83
0.478
0.742
0.118
0.604
0.052
0.159
0.751
0.693
0.401
0.867
0.958
0.567
0.461
0.642
0.369
0.001
0.4
0.895
0.782
0.223
0.663
0.061
0.291
0.056
0.701
0.492
0.356
0.069
0.459
0.115
0.249
0.321
0.564
0.876
0.158
0.331
0.382
0.202
0.154
0.855
0.476
0.538
0.138
0.256
0.955
0.311
0.033
0.703
0.845
0.7
0.719
0.075
0.308
0.446
0.339
0.357
0.369
0.96
0.675
0.944
0.418
0.53
0.518
0.808
0.715
0.15
0.138
0.773
0.845
0.108
0.862
0.864
0.203
0.064
0.606
0.477
0.999
0.874
0.987
0.061
0.934
0.205
0.397
0.653
0.345
0.478
0.824
0.502
0.481
0.75
0.392
0.941
0.546
0.277
0.11
0.626
0.746
0.731
0.078
0.502
0.429
0.39
0.213
0.228
0.284
0.685
0.614
0.39
0.8
0.781
0.431
0.714
0.071
0.485
0.904
0.575
0.59
0.191
0.644
0.356
0.76
0.874
0
0.495
0.673
0.251
0.563
0.378
0.424
0.323
0.776
0.319
0.442
0.474
0.676
0.901
0.668
0.759
0.354
0.504
0.513
0.501
0.582
0.434
0.777
0.05
0.193
0.477
0.817
0.512
0.999
0.54
0.55
0.711
0.598
0.836
0.165
0.202
0.167
0.3
0.566
0.73
0.238
0.072
0.004
0.193
0.161
0.982
0.442
0.892
0.153
0.448
0.952
0.858
0.272
0.915
0.399
0.52
0.051
0
0.071
0.117
0.789
0.302
0.745
0.139
0.272
0.832
0.578
0.038
0.219
0.26
0.636
0.855
0.659
0.456
0.349
0.271
0.834
0.59
0.757
0.206
0.542
0.326
0.976
0.164
0.505
0.047
0.484
0.952
0.926
0.39
0.46
0.49
0.075
0.199
0.97
0.035
0.177
0.049
0.607
0.297
0.109
0.883
0.739
0.112
0.245
0.972
0.326
0.984
0.126
0.611
0.088
0.739
0.14
0.825
0.789
0.943
0.904
0.262
0.693
0.567
0.847
0.874
0.833
0.764
0.627
0.505
0.254
0.898
0.469
0.724
0.792
0.946
0.145
0.535
0.801
0.097
0.648
0.979
0.33
0.813
0.135
0.066
0.518
0.74
0.336
0.296
0.613
0.704
0.855
0.136
0.57
0.711
0.526
0.458
0.805
0.531
0.032
0.234
0.467
0.721
0.379
0.14
0.35
0.175
0.707
0.336
0.109
0.132
0.144
0.069
0.22
0.703
0.307
0.627
0.349
0.768
0.264
0.458
0.291
0.19
0.054
0.599
0.728
0.137
0.331
0.53
0.772
0.385
0.002
0.546
0.44
0.629
0.951
0.308
0.056
0.376
0.164
0.314
0.573
0.355
0.374
0.123
0.18
0.323
0.169
0.539
0.687
0.758
0.388
0.64
0.397
0.43
0.743
0.686
0.034
0.286
0.712
0.666
0.027
0.186
0.249
0.818
0.511
0.249
0.481
0.725
0.663
0.683
0.861
0.079
0.595
0.535
0.785
0.9
0.028
0.394
0.972
0.359
0.694
0.475
0.513
0.244
0.894
0.635
0.332
0.464
0.369
0.236
0.55
0.823
0.991
0.921
0.191
0.293
0.094
0.867
0.187
0.982
0.905
0.527
0.881
0
0.45
0.094
0.374
0.854
0
0
0.729
0.601
0.614
0.197
0.493
0.741
0.696
0.56
0.013
0.147
0.951
0.385
0.443
0.241
0.909
0.54
0.766
0.855
0.918
0.114
0.854
0.735
0.434
0.547
0.829
0.289
0.883
0.088
0.493
0.293
0.109
0.34
0.66
0.92
0.022
0.497
0.459
0.546
0.75
0.229
0.05
0.434
0.823
0.099
0.181
0.53
0.884
0.7
0.379
0.743
0.203
0.954
0.575
0.072
0.137
0.385
0.178
0.713
0.501
0.629
0.315
0.337
0.763
0.666
0.377
0.991
0.771
0.433
0.938
0.824
0.01
0.912
0.352
0.733
0.491
0.383
0.279
0.345
0
0.732
0.605
0.779
0.033
0.422
0.325
0.565
0.9
0.317
0.788
0.666
0.026
0.573
0.519
0.949
0.049
0.55
0.069
0.89
0.478
0.464
0.769
0.654
0.38
0.048
0.431
0.062
0.643
0.666
0.533
0.285
0.465
0.777
0.294
0.541
0.492
0.527
0.24
0.422
0
0.56
0.774
0.107
0.034
0.866
0.851
0.595
0.895
0.403
0.311
0.177
0.895
0.604
0.714
0.719
0.391
0.483
0.773
0.695
0.558
0.938
0.832
0.297
0.407
0.692
0.378
0.116
0.163
0.282
0.493
0.769
0.648
0.941
0.366
0.131
0.265
0.227
0.898
0.034
0.304
0.557
0.731
0.869
0.379
0.779
0.013
0.6
0.456
0.902
0.509
0.632
0.961
0.167
0.288
0.889
0.608
0.354
0.562
0.436
0.955
0.762
0.699
0.119
0.274
0.817
0.534
0.714
0.862
0.414
0.542
0.627
0.15
0.472
0.18
0.128
0.588
0.471
0.917
0.631
0.888
0.363
0.959
0.677
0.359
0.681
0.184
0.901
0.675
0.542
0.177
0.489
0.517
0.294
0.698
0.588
0.868
0.318
0.548
0.193
0.035
0.849
0.342
0.967
0.467
0.716
0.921
0.416
0.636
0.496
0.882
0.128
0.17
0.11
0.979
0.826
0.958
0.039
0.72
0.822
0.756
0.518
0.5
0.156
0.434
0.364
0.323
0.083
0.846
0.243
0.508
0.691
0.961
0.254
0.386
0.1
0.402
0.04
0.652
0.841
0.488
0.444
0.14
0.141
0.583
0.364
0.99
0.799
0.813
0.465
0.996
0.488
0.452
0.409
0.074
0.52
0.372
0.949
0.854
0.456
0.243
0.822
0.871
0.347
0.219
0.323
0.86
0.777
0.083
0.718
0.685
0.144
0.164
0.238
0.317
0.284
0.514
0.057
0.888
0.714
0.41
0.333
0.128
0.593
0.09
0.23
0.776
0.416
0.831
0.684
0.459
0.101
0.498
0.438
0.221
0.685
0.838
0.066
0.865
0.398
0.334
0.38
0.872
0.721
0.509
0.125
0.862
0.151
0.179
0.431
0.547
0.193
0.219
0.394
0.175
0.402
0.935
0.381
0.15
0.638
0.286
0.895
0.35
0.71
0.695
0.885
0.796
0.886
0.413
0.639
0.431
0.113
0.48
0.799
0.861
0.554
0.188
0.538
0.324
0.061
0.299
0.494
0.863
0.877
0.19
0.747
0.299
0.184
0.59
0.359
0.909
0.856
0.9
0.97
0.603
0.957
0.867
0.112
0.358
0.674
0.895
0.329
0.62
0.793
0.586
0.108
0.768
0.833
0.804
0.529
0.028
0.32
0.377
0.513
0.204
0.361
0.463
0.23
0.169
0.67
0.573
0.296
0.473
0.445
0.368
0.571
0.702
0.303
0.372
0.289
0.857
0.468
0.258
0.65
0.926
0.287
0.212
0.286
0.217
0.143
0.642
0.335
0.619
0.345
