0.278
0.127
0.088
0.486
0.133
0.776
0.3
0.238
0.286
0.095
0.447
0.113
0.444
0.589
0.85
0.911
0.53
0.219
0.028
0.573
0.663
0.599
0.719
0.43
0.384
0.67
0.434
0.006
0.427
0.684
0.647
0.685
0.881
0.343
0.852
0.12
0.482
0.251
0.874
0.559
0.146
0.069
0.163
0.596
0.435
0.551
0.854
0.187
0.361
0.116
0.914
0.559
0.749
0.708
0.621
0.311
0.654
0.137
0.999
0.705
0.623
0.232
0.396
0.92
0.104
0.214
0.989
0.976
0
0.17
0.014
0.9
0.929
0.895
0.73
0.458
0.984
0.89
0.665
0.924
0.814
0.791
0.94
0.354
0.478
0.045
0.425
0.809
0.312
0.039
0.795
0.95
0.362
0.879
0.993
0.85
0.854
0.907
0.718
0.19
0.701
0.932
0.692
0.738
0.926
0.499
0.098
0.373
0.072
0.099
0.455
0.511
0.816
0.242
0.958
0.433
0.45
0.821
0.448
0.434
0.297
0.431
0.267
0.933
0.603
0.832
0.322
0.028
0.945
0.788
0.612
0.254
0.367
0.901
0.085
0.425
0.062
0.072
0.884
0.347
0.15
0.436
0.545
0.942
0.632
0.32
0.454
0.762
0.478
0.152
0.479
0.977
0.68
0.393
0.069
0.121
0.561
0.515
0.635
0.955
0.752
0.611
0.387
0.593
0.894
0.762
0.508
0.163
0.02
0.314
0.092
0.924
0.899
0.557
0.797
0.059
0.763
0.55
0.227
0.028
0.919
0.631
0.241
0.5
0.943
0.187
0.474
0.582
0.758
0.469
0.796
0.738
0.015
0.915
0.028
0.176
0.748
0.193
0.846
0.52
0.337
0.15
0.491
0.651
0.355
0.188
0.243
0.656
0.758
0.916
0.896
0.424
0.431
0.843
0.043
0.694
0.621
0.173
0.405
0.481
0.96
0.336
0.556
0.377
0.469
0.115
0.972
0.201
0.865
0.869
0.971
0.924
0.321
0.959
0.166
0.785
0.6
0.429
0.419
0.997
0.992
0.646
0.838
0.917
0.505
0.12
0.68
0.849
0.379
0.385
0.912
0.652
0.48
0.588
0.269
0.509
0.027
0.254
0.987
0.328
0.906
0.868
0.779
0.456
0.593
0.262
0.207
0.412
0.41
0.531
0.5
0.137
0.2
0.434
0.164
0.257
0.242
0.473
0.626
0.814
0
0.789
0.106
0.404
0.856
0.688
0.225
0.25
0.144
0.088
0.931
0.724
0.563
0.792
0.071
0.602
0.123
0.553
0.163
0.464
0.516
0.482
0.959
0.092
0.227
0.556
0.39
0.354
0.915
0.02
0.359
0.925
0.887
0.668
0.421
0.592
0.847
0.063
0.462
0.307
0.045
0.701
0.689
0.237
0.669
0.876
0.851
0.153
0.772
0.967
0.67
0.806
0.764
0.396
0.689
0.962
0.473
0.531
0.814
0.142
0.021
0.525
0.902
0.206
0.046
0.996
0.731
0.161
0.049
0.7
0.812
0.843
0.856
0.532
0.908
0.2
0.114
0.952
0.103
0.172
0.141
0.332
0.008
0.84
0.599
0.376
0.475
0.307
0.648
0.184
0.761
0.154
0.751
0.241
0.639
0.794
0.364
0.904
0.489
0.46
0.801
0.337
0.657
0.78
0.978
0.668
0.927
0.123
0.869
0.516
0.246
0.488
0.269
0.456
0.076
0.641
0.213
0.134
0.155
0.352
0.522
0.65
0.451
0.185
0.164
0.287
0.976
0.429
0.61
0.034
0.812
0.011
0.368
0.904
0.947
0.722
0.218
0.119
0.647
0.971
0.239
0.588
0.601
0.431
0.981
0.817
0.866
0.901
0.934
0.435
0.047
0.421
0.545
0.856
0.359
0.548
0.637
0.584
0.431
0.81
0.376
0.702
0.26
0.903
0.725
0.686
0.608
0.926
0.431
0.073
0.18
0.108
0.512
0.833
0.107
0.437
0.541
0.103
0.922
0.738
0.442
0.862
0.414
0.989
0
0.805
0.703
0.519
0.029
0.089
0.969
0.754
0.455
0.291
0.359
0.3
0.477
0.254
0.912
0.597
0.327
0.509
0.797
0.596
0.389
0.087
0.708
0.258
0.442
0.433
0.354
0.633
0.736
0.354
0.586
0.078
0.993
0.825
0.025
0.333
0.317
0.442
0.653
0.77
0.972
0.155
0.566
0.943
0.165
0.794
0.545
0.614
0.496
0.575
0.094
0.091
0.724
0.168
0.791
0.671
0.971
0.99
0.422
0.832
0.53
0.579
0.428
0.437
0.334
0.427
0.287
0.924
0.824
0.052
0.69
0.63
0.465
0.144
0.31
0.071
0.781
0.64
0.766
0.777
0.845
0
0.891
0.886
0.178
0.362
0.416
0.87
0
0.425
0.488
0.762
0
0.268
0.609
0.92
0.588
0.937
0.758
0.541
0.918
0.976
0.256
0.793
0.878
0.375
0.59
0.392
0.713
0.309
0.249
0.954
0.853
0.77
0.769
0.626
0.968
0.164
0.534
0.433
0.152
0.137
0.248
0.382
0.818
0.416
0.01
0.593
0.674
0.563
0.822
0.211
0
0.636
0.928
0.47
0.911
0.889
0.594
0.819
0.454
0.651
0.443
0.482
0.833
0.83
0.845
0.239
0.599
0.955
0.496
0.668
0.977
0.179
0.267
0.198
0.52
0.25
0.527
0.745
0.718
0.532
0.468
0.241
0.409
0.046
0.939
0.778
0.825
0.386
0.424
0.306
0.325
0.484
0.928
0.565
0.5
0.148
0.956
0.581
0.56
0.916
0.683
0.743
0.263
0.943
0.758
0.195
0.441
0.641
0.351
0.391
0.091
0.877
0.25
0.284
0.169
0.077
0.332
0.678
0.423
0.385
0.68
0.055
0.309
0.197
0.671
0.49
0.296
0.712
0.364
0.016
0.088
0.259
0.212
0.62
0.056
0.443
0.337
0.558
0.255
0.79
0.486
0.502
0.551
0.276
0.725
0.176
0.732
0.157
0.366
0.906
0.926
0.025
0.833
0.782
0.203
0.07
0.975
0.94
0.57
0.252
0.639
0.905
0.163
0.547
0.54
0.626
0.559
0.676
0.991
0.845
0.151
0.197
0.779
0.336
0.732
0.262
0.586
0.278
0.456
0.048
0.218
0.79
0.53
0.09
0.786
0.613
0.832
0.71
0.917
0.288
0.564
0.72
0.492
0.362
0.762
0.149
0.22
0.872
0.96
0.356
0.439
0.287
0.866
0.249
0.148
0.188
0.941
0.418
0.04
0.955
0.544
0.992
0.188
0.138
0.467
0.622
0.671
0.677
0.577
0.11
0.327
0.16
0.95
0.386
0.829
0.471
0.178
0.686
0.275
0.859
0.049
0.841
0.169
0.521
0.607
0.731
0.634
0.876
0.333
0.155
0.684
0.451
0.527
0.016
0.331
0.388
0.273
0.775
0.748
0.037
0.063
0.978
0.467
0.008
0.475
0.849
0.154
0.702
0.269
0.786
0.76
0.97
0.932
0.365
0.795
0.959
0.581
0.858
0.907
0.526
0.714
0.894
0.692
0.2
0.845
0.121
0.784
0.757
0.059
0.631
0.007
0.892
0.393
0.569
0.758
0.892
0.138
0.653
0.639
0.678
0.517
0.033
0
0.496
0.806
0.638
0.79
0.605
0.962
0.315
0.629
0.639
0.917
0.756
0.403
0.455
0.147
0.358
0.626
0.06
0.701
0.787
0.784
0.64
0.683
0.474
0.85
0.297
0.998
0.307
0.515
0.77
0.687
0.02
0.073
0.372
0.616
0.719
0.262
0.347
0.375
0.374
0.682
0.148
0.832
0.448
0.585
0.813
0.648
0.985
0.472
0.654
0.993
0.313
0.126
0.849
0.67
0.25
0.312
0.619
0.368
0.576
0.496
0.683
0.74
0.287
0.223
0.941
0.566
0.282
0.472
0.383
0.126
0.183
0.313
0.184
0.254
0.254
0.857
0.461
0.634
0.014
0.309
0.38
0.167
0.718
0.669
0.909
0.826
0.027
0.171
0.703
0.28
0.638
0.716
0.916
0.413
0.318
0.183
0.275
0.363
0.934
0.765
0.321
0.972
0.962
0.295
0.129
0.247
0.543
0.889
0.069
0.211
0.246
0.427
0.678
0.137
0.375
0.683
0.032
0.177
0.514
0.837
0.676
0.486
0.979
0.664
0.388
0.138
0.603
0.645
0.47
0.702
0.294
0.136
0.23
0.121
0.93
0.942
0.462
0.601
0.824
0.858
0.354
0.648
0.986
0.049
0.903
0.823
0.699
0.23
0.845
0.522
0.532
0.005
0.438
0.984
0.766
0.797
0.926
0.28
0.369
0.335
0.005
