0.514
0.707
0.28
0.05
0.939
0.262
0.253
0.775
0.16
0.265
0.834
0.575
0.726
0.124
0.971
0.51
0.076
0.834
0.292
0.401
0.229
0.437
0.572
0.967
0.619
0.02
0.451
0.878
0.233
0.851
0.371
0.331
0.816
0.829
0.976
0.167
0.042
0.833
0.264
0.705
0.164
0.413
0.14
0.647
0.139
0.096
0.703
0.398
0.759
0.59
0.296
0.388
0.749
0.734
0.59
0.507
0.626
0.014
0.963
0.433
0.838
0.828
0.572
0.602
0.332
0.866
0.009
0.442
0.592
0.205
0.651
0.63
0.757
0.566
0.424
0.953
0.152
0.525
0.91
0.155
0.837
0.135
0.533
0.891
0.443
0.969
0.31
0.663
0.128
0.31
0.946
0.942
0.927
0.592
0.672
0.035
0.865
0.443
0.019
0.019
0.998
0.885
0.358
0.722
0.54
0.266
0.639
0.674
0.949
0.707
0.296
0.749
0.399
0.843
0.745
0.34
0.077
0.94
0.032
0.586
0.949
0.763
0.219
0.142
0.902
0.558
0.861
0.009
0.729
0.377
0.1
0.608
0.003
0.986
0.965
0.838
0.81
0.984
0.24
0.307
0.528
0.296
0.162
0.666
0.815
0.521
0.794
0.328
0.17
0.366
0.207
0.136
0.29
0.066
0.43
0.878
0.508
0.102
0.159
0.36
0.422
0.376
0.677
0.991
0.354
0.74
0.022
0.421
0.636
0.769
0.122
0.285
0.799
0.872
0.086
0.677
0.138
0.368
0.659
0.385
0.924
0.545
0.483
0.945
0.001
0.375
0.411
0.388
0.911
0.957
0.952
0.627
0.219
0.437
0.914
0.198
0.215
0.865
0.536
0.669
0.451
0.86
0.721
0.905
0.435
0.122
0.406
0.564
0.466
0.282
0.67
0.797
0.306
0.594
0.621
0.428
0.119
0.308
0.46
0.668
0.636
0.693
0.066
0.852
0.467
0.771
0.106
0.716
0.329
0.949
0.859
0.478
0.919
0.484
0.37
0.676
0.588
0.594
0.86
0.206
0.23
0.453
0.801
0.598
0.705
0.307
0.108
0.449
0.594
0.372
0.485
0.926
0.931
0.021
0.786
0.422
0.244
0.254
0.836
0.909
0.927
0.083
0.81
0.525
0.372
0.113
0.446
0.27
0.689
0.256
0.159
0.788
0.625
0.173
0.364
0.929
0.994
0.581
0.682
0.47
0.339
0.555
0.212
0.624
0.314
0.146
0.857
0.777
0.918
0.037
0.955
0.394
0.615
0.501
0.088
0.306
0.609
0.126
0.36
0.212
0.51
0.284
0.001
0.586
0.994
0.971
0.841
0.196
0.913
0.776
0.324
0.316
0.189
0.921
0.798
0.713
0.231
0.063
0.907
0.544
0.657
0.525
0.542
0.936
0.598
0.211
0.106
0.068
0.343
0.763
0.349
0.688
0.12
0.911
0.542
0.366
0.872
0.963
0.176
0.204
0.358
0.119
0.601
0.247
0.826
0.931
0.779
0.184
0.898
0.128
0.782
0.281
0.798
0.056
0.91
0.448
0.768
0.274
0.244
0.352
0.144
0.13
0.968
0.606
0.896
0.415
0.666
0.534
0.967
0.338
0.225
0.771
0.723
0.225
0.489
0.693
0.624
0.408
0.986
0.059
0.516
0.254
0.135
0.268
0.466
0.625
0.131
0.317
0.344
0.251
0.514
0.996
0.624
0.188
0.886
0.087
0.845
0.235
0.974
0.877
0.717
0.775
0.896
0.22
0.959
0.516
0.245
0.66
0.845
0.658
0.447
0.58
0.241
0.255
0.258
0.368
0.303
0.195
0.796
0.73
0.518
0.415
0.366
0.469
0.777
0.103
0.502
0.952
0.408
0.66
0.247
0.053
0.219
0.389
0.383
0.216
0.113
0.489
0.405
0.424
0.068
0.22
0.678
0.033
0.678
0.149
0.174
0.084
0.6
0.539
0.687
0.779
0.006
0.144
0.935
0.386
0.961
0.591
0.862
0.489
0.142
0.769
0.958
0.752
0.337
0.275
0.485
0.246
0.88
0.545
0.725
0.553
0.235
0.519
0.525
0.304
0.39
0.438
0.278
0.456
0.139
0.584
0.954
0.461
0.298
0.681
0.923
0.114
0.991
0.904
0.642
0.813
0.164
0.819
0.182
0.039
0.001
0.095
0.184
0.396
0.81
0.957
0.103
0.251
0.78
0.515
0.135
0.008
0.301
0.707
0.699
0.492
0.735
0.584
0.754
0.033
0.921
0.409
0.65
0.734
0.41
0.329
0.548
0.995
0.626
0.812
0.323
0.567
0.932
0.231
0.707
0.577
0.184
0.12
0.065
0.931
0.666
0.576
0.526
0.673
0.41
0.415
0.827
0.244
0.885
0.39
0.562
0.898
0.889
0.332
0.702
0.23
0.174
0.676
0.608
0.369
0.628
0.422
0.057
0.88
0.535
0.984
0.16
0.035
0.913
0.206
0.036
0.445
0.336
0.5
0.408
0.261
0.473
0.088
0.639
0.935
0.653
0.974
0.76
0.184
0.593
0.618
0.04
0.848
0.544
0.765
0.916
0.47
0.82
0.884
0.315
0.229
0.92
0.012
0.893
0.558
0.665
0.156
0.137
0.06
0.264
0.845
0.815
0.396
0.517
0.635
0.344
0.232
0.463
0.329
0.537
0.595
0
0.977
0.786
0.972
0.12
0.156
0.197
0.325
0.38
0.371
0.959
0.732
0.201
0.734
0.632
0.213
0.906
0.976
0.394
0.078
0.957
0.259
0.196
0.663
0.484
0.71
0.31
0.06
0.126
0.732
0.948
0.407
0.993
0.032
0.869
0.594
0.313
0.27
0.54
0.746
0.491
0.794
0.246
0.214
0.055
0.436
0.404
0.531
0.279
0.068
0.784
0.085
0.102
0.707
0.146
0.344
0.578
0.849
0.156
0.866
0.017
0.107
0.535
0.036
0.796
0.949
0.877
0.591
0.786
0.991
0.399
0.692
0.127
0.471
0.485
0.16
0.515
0.832
0.174
0.519
0.843
0.671
0.553
0.376
0.001
0.987
0.473
0.03
0.574
0.339
0.624
0.365
0.706
0.096
0.563
0.601
0.929
0.875
0.462
0.83
0.096
0.722
0.621
0.86
0.4
0.095
0.842
0.262
0.669
0.445
0.972
0.002
0.376
0.961
0.771
0.363
0.261
0.19
0.057
0.233
0.803
0.044
0.111
0.87
0.259
0.003
0.283
0.689
0.191
0.001
0.079
0.198
0.464
0.336
0.693
0.679
0.17
0.689
0.399
0.255
0.878
0.043
0.332
0.817
0.227
0.888
0.039
0.23
0.03
0.446
0.859
0.675
0.563
0.363
0.33
0.172
0.825
0.52
0.618
0.572
0.406
0.274
0
0.526
0.328
0.398
0.866
0.539
0.508
0.084
0.364
0.187
0.261
0.419
0.094
0.374
0.547
0.971
0.057
0.668
0.779
0.686
0.359
0.744
0.233
0.976
0.58
0.991
0.538
0.137
0.615
0.304
0.95
0.669
0.516
0.154
0.45
0.732
0.448
0.573
0.563
0.789
0.864
0.872
0.413
0.594
0.425
0.328
0.663
0.783
0.456
0.212
0.819
0.578
0.608
0.935
0.641
0.992
0.095
0.109
0.103
0.202
0.776
0.203
0.618
0.315
0.386
0.372
0.096
0.71
0.614
0.968
0.885
0.526
0.8
0.589
0.352
0.598
0.106
0.868
0.295
0.723
0.64
0.91
0.705
0.643
0.627
0.468
0.73
0.541
0.27
0.641
0.888
0.816
0.703
0.603
0.183
0.827
0.501
0.099
0.703
0.491
0.962
0.574
0.939
0.287
0.959
0.343
0.023
0.293
0.158
0.919
0.483
0.721
0.693
0.946
0.277
0.295
0.669
0.954
0.323
0.716
0.251
0.73
0.156
0.723
0.477
0.537
0.963
0.488
0.121
0.099
0.212
0.487
0.439
0.416
0.156
0.007
0.129
0.402
0.916
0.106
0.421
0.067
0.368
0.795
0.102
0.937
0.867
0.587
0.341
0.189
0.671
0.503
0.64
0.294
0.744
0.529
0.146
0.163
0.538
0.076
0.5
0.062
0.977
0.715
0.654
0.726
0.644
0.883
0.847
0.805
0.058
0.522
0.094
0.396
0.876
0.838
0.55
0.531
0.172
0.496
0.585
0.921
0.391
0.671
0.071
0.686
0.549
0.633
0.652
0.57
0.762
0.587
0.55
0.08
0.005
0.205
0.818
0.279
0.857
0.368
0.418
0.584
0.566
0.981
0.309
0.931
0.056
0.245
0.499
0.771
0.689
0.619
0.512
0.775
0.236
0.174
0.927
0.354
0.596
0.546
0.994
0.869
0.259
0.171
0.596
0.658
