0.55
0.317
0.179
0.033
0.471
0.914
0.478
0.57
0.265
0.399
0.62
0.152
0.474
0.127
0.132
0.655
0.798
0.698
0.117
0.889
0.761
0.574
0.193
0.148
0.187
0.017
0.28
0.433
0.15
0.131
0.831
0.27
0.027
0.47
0.126
0.452
0.855
0.652
0.343
0.335
0.016
0.03
0.757
0.334
0.412
0.835
0.009
0.838
0.102
0.996
0.436
0.075
0.714
0.068
0.701
0.091
0.697
0.455
0.343
0.021
0.918
0.496
0.612
0.744
0.946
0.237
0.179
0.745
0.16
0.308
0.434
0.549
0.072
0.586
0.431
0.283
0.402
0.092
0.393
0.597
0.197
0.409
0.038
0.571
0.3
0.027
0.26
0.983
0.431
0.545
0.488
0.961
0.534
0.183
0.353
0.065
0.869
0.807
0.98
0.459
0.45
0.207
0.036
0.33
0.692
0.6
0.69
0.024
0.856
0.412
0.917
0.985
0.638
0.075
0.923
0.01
0.057
0.888
0.66
0.436
0.204
0.28
0.534
0.753
0.092
0.298
0.47
0.472
0.731
0.529
0.943
0.341
0.541
0.094
0.797
0.994
0.803
0.401
0.888
0.251
0.686
0.926
0.709
0.849
0.4
0.39
0.599
0.052
0.372
0.548
0.131
0.809
0.96
0.318
0.712
0.181
0.697
0.644
0.043
0.528
0.105
0.023
0.595
0.987
0.702
0.466
0.041
0.537
0.325
0.045
0.751
0.704
0.318
0.456
0.347
0.329
0.913
0.281
0.083
0.41
0.947
0.472
0.969
0.582
0.363
0.185
0.885
0.509
0.224
0.324
0.27
0.575
0.911
0.024
0.196
0.946
0.563
0.832
0.42
0.823
0.325
0.047
0.447
0.972
0.652
0.468
0.815
0.846
0.651
0.79
0.673
0.491
0.625
0.971
0.498
0.559
0.301
0.51
0.472
0.915
0.362
0.563
0.893
0.15
0.995
0.188
0.85
0.74
0.419
0.896
0.961
0.103
0.898
0.357
0.979
0.795
0.285
0.667
0.859
0.433
0.301
0.712
0.602
0.041
0.857
0.901
0.67
0.238
0.96
0.665
0.098
0.715
0.403
0.037
0.61
0.86
0.982
0.963
0.642
0.369
0.482
0.013
0.101
0.348
0.39
0.238
0.829
0.446
0.903
0.944
0.184
0.019
0.121
0.953
0.643
0.612
0.021
0.713
0.126
0.94
0.13
0.61
0.103
0.814
0.541
0.526
0.592
0.521
0.083
0.252
0.233
0.149
0.25
0.875
0.468
0.104
0.04
0.219
0.023
0.255
0.47
0.95
0.983
0.695
0.92
0.357
0.924
0.248
0.393
0.366
0.272
0.954
0.09
0.747
0.058
0.272
0.551
0.667
0.845
0.125
0.973
0.903
0.799
0.357
0.447
0.48
0.742
0.278
0.935
0.661
0.694
0.782
0.88
0.422
0.301
0.307
0.073
0.176
0.999
0.768
0.894
0.827
0.911
0.755
0.474
0.559
0.142
0.963
0.697
0.403
0.493
0.552
0.344
0.619
0.067
0.167
0.8
0.009
0.239
0.621
0.863
0.551
0.113
0.364
0.022
0.492
0.227
0.526
0.459
0.015
0.073
0.048
0.286
0.745
0.126
0.9
0.922
0.364
0.567
0.537
0.973
0.025
0.225
0.82
0.99
0.129
0.587
0.775
0.421
0.078
0.14
0.036
0.881
0.391
0.103
0.471
0.923
0.269
0.716
0.273
0.24
0.107
0.4
0.615
0.946
0.154
0.85
0.665
0.492
0.702
0.785
0
0.514
0.686
0.009
0.403
0.842
0.268
0.125
0.601
0.299
0.977
0.051
0.645
0.09
0.245
0.915
0.669
0.111
0.719
0.85
0.447
0.226
0.413
0.676
0.864
0.307
0.898
0.038
0.063
0.513
0.181
0.626
0.065
0.305
0.809
0.364
0.273
0.684
0.918
0.057
0.655
0.125
0.545
0.624
0.111
0.51
0.141
0.075
0.934
0.983
0.177
0.782
0.919
0.485
0.313
0.647
0.373
0.915
0.261
0.069
0.78
0.886
0.117
0.81
0.224
0.715
0.268
0.699
0.392
0.776
0.139
0.048
0.515
0.559
0.777
0.753
0.799
0.954
0.968
0.566
0.771
0.884
0.392
0.579
0.544
0.835
0.286
0.847
0.817
0.57
0.888
0.689
0.196
0.114
0.759
0.987
0.21
0.646
0.372
0.143
0.101
0.858
0.38
0.469
0.114
0.738
0.271
0.599
0.652
0.42
0.118
0.819
0.165
0.677
0.221
0.22
0.833
0.477
0.021
0.651
0.384
0.426
0.748
0.814
0.847
0.492
0.381
0.455
0.824
0.47
0.806
0.329
0.501
0.573
0.703
0.761
0.347
0.888
0.532
0.609
0.779
0.738
0.632
0.606
0.004
0.779
0.914
0.663
0.958
0.341
0.221
0.325
0.539
0.895
0.176
0.654
0.707
0.714
0.931
0.006
0.057
0.909
0.882
0.64
0.263
0.004
0.209
0.662
0.785
0.108
0.981
0.854
0.464
0.144
0.42
0.565
0.197
0.002
0.803
0.479
0.014
0.526
0.841
0.942
0.101
0.401
0.932
0.248
0.575
0.291
0.137
0.174
0.728
0.878
0.839
0.124
0.027
0.352
0.141
0.345
0.648
0.915
0.857
0.337
0.732
0.156
0.33
0.92
0.142
0.079
0.675
0.85
0.447
0.327
0.373
0.385
0.648
0.381
0.56
0.863
0.194
0.671
0.034
0.567
0.356
0.569
0.704
0.597
0.12
0.099
0.383
0.178
0.942
0.879
0.574
0.382
0.268
0.62
0.009
0.65
0.818
0.279
0.476
0.2
0.318
0.273
0.786
0.083
0.036
0.43
0.582
0.935
0.182
0.674
0.852
0.481
0.103
0.211
0.255
0.601
0.93
0.42
0.083
0.203
0.293
0.136
0.608
0.253
0.189
0.704
0.88
0.521
0.106
0.686
0.275
0.9
0.954
0.582
0.889
0.539
0.162
0.947
0.116
0.862
0.133
0.126
0.3
0.22
0.884
0.131
0.098
0.169
0.623
0.093
0.023
0.407
0.554
0.95
0.909
0.656
0.936
0.425
0.185
0.078
0.058
0.829
0.53
0.326
0.84
0.999
0.005
0.84
0.502
0.088
0.964
0.213
0.173
0.278
0.335
0.304
0.342
0.986
0.164
0.855
0.354
0.691
0.475
0.885
0.093
0.464
0.947
0.881
0.943
0.989
0.744
0.875
0.019
0.822
0.05
0.613
0.876
0.998
0.786
0.904
0.441
0.63
0.738
0.202
0.689
0.584
0.011
0.272
0.865
0.059
0.684
0.002
0.37
0.787
0.476
0.422
0.279
0.394
0.489
0.933
0.621
0.55
0.675
0.154
0.259
0.114
0.776
0.335
0.224
0.124
0.641
0.648
0.696
0.773
0.188
0.945
0.654
0.284
0.477
0.926
0.08
0.014
0.187
0.665
0.377
0.836
0.732
0.989
0.613
0.363
0.986
0.738
0.755
0.034
0.566
0.63
0.031
0.183
0.399
0.122
0.123
0.767
0.431
0.683
0.792
0.174
0.754
0.779
0.528
0.326
0.12
0.04
0.29
0.752
0.677
0.994
0.126
0.512
0.391
0.587
0.349
0.214
0.466
0.324
0.021
0.652
0.761
0.194
0.821
0.074
0.371
0.46
0.738
0.847
0.327
0.092
0.632
0.822
0.806
0.169
0.695
0.131
0.239
0.055
0.477
0.798
0.22
0.062
0.45
0.4
0.667
0.113
0.402
0.581
0.192
0.375
0.278
0.132
0.804
0.531
0.487
0.753
0.828
0.247
0.836
0.841
0.827
0.552
0.147
0.507
0.037
0.305
0.58
0.113
0.146
0.655
0.19
0.88
0.571
0.181
0.714
0.025
0.768
0.67
0.316
0.178
0.036
0.882
0.49
0.883
0.277
0.679
0.512
0.224
0.469
0.551
0.034
0.726
0.916
0.108
0.354
0.885
0.211
0.969
0.627
0.011
0.987
0.625
0.723
0.975
0.637
0.001
0.495
0.271
0.044
0.64
0.792
0.913
0.127
0.399
0.59
0.507
0.962
0.212
0.888
0.807
0.476
0.87
0.175
0.944
0.47
0.774
0.061
0.158
0.166
0.684
0.88
0.545
0.177
0.229
0.001
0.15
0.966
0.994
0.248
0.777
0.399
0.624
0.652
0.171
0.973
0.879
0.99
0.99
0.11
0.411
0.921
0.688
0.049
0.091
0.133
0.794
0.857
0.833
0.064
0.641
0.498
0.368
0.613
0.742
0.67
0.6
0.759
0.422
0.382
0.079
0.828
0.476
0.775
0.209
0.294
0.279
0.993
0.381
0.076
