0.606
0.116
0.563
0.721
0.294
0.831
0.748
0.264
0.404
0.334
0.48
0.339
0.278
0.835
0.525
0.799
0.511
0.884
0.31
0.266
0.319
0.654
0.172
0.025
0.001
0.403
0.789
0.59
0.474
0.983
0.072
0.256
0.355
0.873
0.615
0.577
0.305
0.143
0.98
0.128
0.696
0.487
0.517
0.853
0.201
0.774
0.013
0.775
0.101
0.028
0.26
0.998
0.427
0.419
0.917
0.904
0.235
0.047
0.564
0.793
0.617
0.37
0.118
0.454
0.056
0.972
0.929
0.446
0.592
0.931
0.338
0.189
0.989
0.956
0.925
0.425
0.631
0.985
0.202
0.983
0.813
0.575
0.792
0.152
0.101
0.854
0.261
0.737
0.621
0.305
0.573
0.223
0.636
0.213
0.39
0.098
0.765
0.095
0.462
0
0.164
0.233
0.528
0.106
0.117
0.869
0.066
0.809
0.038
0.587
0.723
0.646
0.559
0.036
0.108
0.189
0.929
0.774
0.238
0.59
0.904
0.979
0.04
0.58
0.518
0.719
0.548
0.899
0.68
0.645
0.577
0.8
0.082
0.634
0.608
0.645
0.703
0.657
0.42
0.77
0.03
0.422
0.148
0.601
0.598
0.107
0.371
0.246
0.486
0.535
0.861
0.631
0.483
0.977
0.127
0.12
0.888
0.873
0.275
0.586
0.199
0.576
0.316
0.706
0.363
0.155
0.483
0.44
0.62
0.556
0.572
0.003
0.813
0.231
0.02
0.83
0.923
0.206
0.921
0.377
0.36
0.45
0.493
0.094
0.229
0.295
0.516
0.803
0.893
0.158
0.297
0.202
0.648
0.27
0.124
0.278
0.516
0.556
0.972
0.447
0.386
0.299
0.735
0.311
0.789
0.911
0.665
0.537
0.129
0.341
0.934
0.062
0.227
0.627
0.994
0.619
0.862
0.333
0.255
0.643
0
0.739
0.718
0.872
0.016
0.691
0.646
0.867
0.705
0.195
0.913
0.76
0.603
0.164
0.829
0.417
0.078
0.989
0.605
0.489
0.948
0.637
0.759
0.417
0.281
0
0.094
0.773
0.033
0.156
0.67
0.334
0.152
0.929
0.144
0.681
0.625
0.411
0.788
0.433
0.621
0.27
0.141
0.286
0.511
0.846
0.717
0.669
0.296
0.929
0.106
0.051
0.343
0.83
0.133
0.888
0.662
0.88
0.69
0.199
0.612
0.717
0.509
0.484
0.042
0.193
0.007
0.4
0.354
0.243
0.856
0.663
0.419
0.081
0.072
0.959
0.582
0.569
0.35
0.214
0.773
0.01
0.394
0.976
0.699
0
0.421
0.567
0.74
0.779
0.983
0.085
0.139
0.957
0.323
0.692
0.843
0.071
0.26
0.937
0.254
0.935
0.851
0.96
0.171
0.576
0.556
0.607
0.137
0.003
0.666
0.093
0.918
0.623
0.186
0.408
0.82
0.97
0.284
0.142
0.783
0.718
0.245
0.655
0.856
0.326
0.898
0.185
0.561
0.026
0.245
0.867
0.837
0.499
0.508
0.331
0.244
0.934
0.654
0.542
0.435
0.361
0.058
0.862
0.342
0.646
0.88
0.811
0.658
0.459
0.699
0.337
0.876
0.826
0.16
0.548
0.894
0.782
0.401
0.925
0.511
0.738
0.627
0.764
0.963
0.913
0.361
0.786
0.449
0.712
0.461
0.722
0.217
0.119
0.981
0.838
0.311
0
0.36
0.351
0.124
0.765
0.074
0.859
0.134
0.085
0.107
0.806
0.294
0.699
0.355
0.735
0.146
0.135
0.208
0.68
0.595
0.221
0.662
0.325
0.702
0.792
0.343
0.177
0.704
0.362
0.184
0.687
0.166
0.93
0.561
0.032
0.868
0.113
0.229
0.169
0.294
0.732
0.722
0.066
0.468
0.651
0.651
0.579
0.111
0.173
0.664
0.395
0.002
0.658
0.788
0.315
0.893
0.794
0.496
0.729
0.41
0.855
0.686
0.902
0.788
0.928
0.768
0.927
0.736
0.205
0.936
0.901
0.216
0.157
0.767
0.152
0.958
0.969
0.464
0.995
0.791
0.604
0.338
0.868
0.137
0.728
0.265
0.002
0.745
0.727
0.391
0.962
0.018
0.228
0.453
0.109
0.62
0.33
0.152
0.966
0.598
0.485
0.545
0.733
0.691
0.128
0.71
0.643
0.288
0.337
0.884
0.147
0.625
0.013
0.872
0.429
0.658
0.76
0.969
0.416
0.335
0.127
0.965
0.373
0.674
0.574
0.815
0.125
0.175
0.522
0.248
0.377
0.618
0.172
0.007
0.876
0.583
0.217
0.069
0.224
0.733
0.47
0.13
0.323
0.671
0.511
0.862
0.449
0.674
0.947
0.215
0.317
0.474
0.051
0.152
0.812
0.836
0.634
0.471
0.494
0.788
0.226
0.993
0.389
0.161
0.045
0.812
0.093
0.644
0.91
0.87
0.238
0.278
0.608
0.901
0.186
0.228
0.159
0.768
0.119
0.319
0.17
0.085
0.844
0.457
0.146
0.235
0.044
0.05
0.594
0.422
0.137
0.289
0.92
0.536
0.881
0.795
0.938
0.397
0.623
0.586
0.734
0.824
0.617
0.524
0.974
0.384
0.981
0.4
0.407
0.994
0.545
0.833
0.581
0.977
0.342
0.943
0.067
0.836
0.778
0.486
0.566
0.355
0.148
0.405
0.413
0.829
0.044
0.919
0.446
0.818
0.46
0.885
0.391
0.633
0.755
0.085
0
0.905
0.568
0.088
0.661
0.216
0.634
0.259
0.086
0.492
0.461
0.432
0.404
0.138
0.444
0.932
0.208
0.084
0.512
0.559
0.46
0.662
0.825
0.865
0.562
0.411
0.215
0.403
0.248
0.622
0.855
0.175
0.612
0.784
0.568
0.019
0.137
0.294
0.469
0.522
0.014
0.687
0.409
0.338
0.634
0.089
0.258
0.427
0.824
0.098
0.486
0.743
0.32
0.632
0.053
0.521
0.877
0.163
0.615
0.279
0.213
0.706
0.069
0.08
0.965
0.721
0.773
0.957
0.025
0.557
0.333
0.77
0.873
0.511
0.805
0.699
0.874
0.211
0.322
0.651
0.675
0.365
0.908
0.481
0.178
0.729
0.545
0.724
0.573
0.812
0.721
0.155
0.631
0.448
0.465
0.704
0.741
0.864
0.467
0.041
0.244
0.951
0.342
0.336
0.14
0.065
0.422
0.562
0.082
0.812
0.65
0.117
0.706
0.288
0.289
0.812
0.839
0.621
0.454
0.933
0.192
0.307
0.014
0
0.891
0.638
0.41
0.491
0.419
0.137
0.904
0.821
0.683
0.84
0.344
0.616
0.65
0.733
0.112
0.895
0.909
0.98
0.674
0.5
0.584
0.872
0.923
0.919
0.258
0.051
0.092
0.803
0.843
0.503
0.808
0.868
0.277
0.814
0.872
0.749
0.253
0.82
0.64
0.258
0.234
0.189
0.409
0.677
0.035
0.674
0.008
0.551
0.26
0.355
0.378
0.597
0.688
0.474
0.232
0.073
0.313
0.064
0.632
0.857
0.796
0.761
0.047
0.868
0.536
0.582
0.112
0.224
0.716
0.676
0.637
0.476
0.623
0.775
0.318
0.493
0.867
0.567
0.094
0.551
0.157
0.822
0.448
0.832
0.623
0.461
0.971
0.278
0.961
0.345
0.05
0.948
0.038
0.713
0.576
0.527
0.494
0.232
0.494
0.106
0.05
0.463
0.207
0.3
0.363
0.52
0.016
0.377
0.99
0.165
0.046
0.201
0.854
0.377
0.242
0.886
0.37
0.301
0.676
0.521
0.115
0.51
0.865
0.017
0.79
0.14
0.924
0.023
0.234
0.256
0.933
0.514
0.494
0.539
0.71
0.035
0.175
0.04
0.705
0.724
0.282
0.93
0.989
0.236
0
0.076
0.644
0.721
0.047
0.969
0.45
0.136
0.174
0.204
0.839
0.54
0.855
0.349
0.961
0.026
0.08
0.168
0.236
0.12
0.709
0.235
0.029
0.054
0.689
0.463
0.702
0.971
0.659
0.652
0.079
0.075
0.357
0.601
0.609
0.655
0.021
0.174
0.963
0.304
0.821
0.816
0.436
0.256
0.666
0.231
0.516
0.564
0.671
0.024
0.364
0.884
0.087
0.085
0.75
0.652
0.158
0.764
0.274
0.409
0.455
0.246
0.932
0.519
0.573
0.018
0.437
0.696
0.491
0.613
0.094
0.998
0.466
0.157
0.026
0.511
0.181
0.324
0.156
0.089
0.184
0.497
0.489
0.955
0.799
0.127
0.677
0.244
0.686
0.066
0.134
0.205
0.348
0.804
0.16
0.256
0.993
0.951
0.3
