0.226
0.457
0.504
0.983
0.668
0.638
0.578
0.532
0.267
0.676
0.767
0.244
0.617
0.713
0.843
0.882
0.303
0.321
0.803
0.82
0.508
0.384
0.131
0.031
0.593
0.708
0.321
0.772
0.696
0.827
0.332
0.606
0.687
0.211
0.039
0.297
0.256
0.302
0.377
0.751
0.067
0.255
0.197
0.59
0.475
0.519
0.916
0.913
0.162
0.63
0.564
0.785
0.386
0.218
0.791
0.166
0.11
0.456
0.387
0.118
0.082
0.335
0.548
0.612
0.312
0.362
0.929
0.811
0.011
0.139
0.661
0.863
0.253
0.982
0.49
0.423
0.155
0.386
0.751
0.289
0.582
0.103
0.459
0.672
0.518
0.521
0.365
0.072
0.396
0.577
0.686
0.791
0.544
0.844
0.809
0.838
0.187
0.145
0.58
0.752
0.203
0.232
0.832
0.391
0.171
0.327
0.588
0.461
0.283
0.032
0.96
0.477
0.737
0.066
0.432
0.626
0.067
0.464
0.782
0.528
0.781
0.513
0.011
0.458
0.91
0.241
0.807
0.486
0.032
0.204
0.626
0.561
0.297
0.181
0.412
0.414
0.311
0.576
0.746
0.433
0.501
0.88
0.022
0.512
0.452
0.545
0.387
0.678
0.627
0.053
0.138
0.273
0.524
0.114
0.801
0.271
0.266
0.775
0.342
0.153
0.31
0.485
0.152
0.199
0.025
0.841
0.113
0.887
0.904
0.373
0.92
0.796
0.338
0.988
0.551
0.756
0.765
0.105
0.23
0.712
0.078
0.096
0.553
0.644
0.76
0.59
0.836
0.156
0.407
0.51
0.079
0.435
0.216
0.697
0.581
0.249
0.888
0.629
0.425
0.074
0.294
0.949
0.766
0.539
0
0.738
0.987
0.941
0.079
0.23
0.066
0.088
0.511
0.706
0.69
0.239
0.517
0.193
0.005
0.27
0.502
0.076
0.095
0.006
0.375
0.509
0.486
0.25
0.252
0.488
0.75
0.74
0.702
0.821
0.183
0.659
0.729
0.523
0.989
0.001
0.527
0.409
0.341
0.3
0.491
0.661
0.746
0.05
0.221
0.08
0.672
0.363
0.167
0.509
0.083
0.222
0.12
0.123
0.548
0.2
0.443
0.791
0.688
0.597
0.342
0.69
0.927
0.284
0.707
0.038
0.46
0.606
0.562
0.652
0.472
0.588
0.717
0.945
0.388
0.875
0.622
0.456
0.209
0.171
0.963
0.648
0.227
0.929
0.481
0.935
0.401
0.851
0.558
0.907
0.203
0.938
0.207
0.889
0.133
0.813
0.836
0.278
0.266
0.452
0.68
0.973
0.816
0.857
0.692
0.688
0.008
0.94
0.185
0.851
0.864
0.095
0.509
0.531
0.326
0.27
0.585
0.44
0.973
0.807
0.746
0.571
0
0.447
0.687
0.836
0.106
0.381
0.71
0.126
0.452
0.787
0.943
0.276
0.473
0.165
0.853
0.259
0.215
0.669
0.525
0.761
0.242
0.602
0.877
0.52
0.627
0.683
0.652
0.693
0.874
0.501
0.685
0.881
0.442
0.467
0.509
0.329
0.19
0.075
0.712
0.285
0.996
0.235
0.41
0.673
0.462
0.51
0.215
0.579
0.778
0.174
0.954
0.005
0
0.652
0.936
0.492
0.367
0.488
0.922
0.654
0.279
0.752
0.247
0.043
0.067
0.903
0.576
0.373
0.558
0.328
0.959
0.829
0.528
0.633
0.826
0.622
0.219
0.003
0.516
0.091
0.837
0.713
0.466
0.166
0.6
0.616
0.923
0.45
0.012
0.085
0.484
0.846
0.045
0.2
0.867
0.081
0.106
0.555
0.022
0.441
0.188
0.113
0.421
0.367
0.696
0.345
0.336
0.894
0.635
0.035
0.717
0.346
0.108
0.202
0.391
0.526
0.423
0.05
0.056
0.89
0.268
0.77
0.551
0.545
0.99
0.144
0.2
0.533
0.126
0.798
0.222
0.593
0.12
0.717
0.452
0.107
0.873
0.294
0.425
0.592
0.315
0.896
0.922
0.337
0.856
0.86
0.438
0.85
0.946
0.347
0.443
0.674
0.677
0.342
0.467
0.11
0.168
0.919
0.772
0.372
0.185
0.751
0.954
0.596
0.993
0.409
0.488
0.22
0.206
0.771
0.684
0.004
0.433
0.878
0.942
0.754
0.945
0.847
0.849
0.997
0.215
0.324
0.068
0.103
0.094
0.962
0.085
0.009
0.627
0.024
0.791
0.638
0.88
0.611
0.173
0.05
0.482
0.961
0.587
0.532
0.534
0.513
0.176
0.615
0.95
0.602
0.34
0.936
0.213
0.633
0.324
0.412
0.53
0.295
0.327
0.947
0.807
0.169
0.309
0.857
0.086
0.149
0.79
0.558
0.611
0.285
0.323
0.248
0.452
0.246
0.711
0.733
0.367
0.388
0.529
0.989
0.991
0.552
0.871
0.581
0.011
0.283
0.761
0.103
0.867
0.245
0.985
0.554
0.798
0.173
0.786
0.068
0.26
0.75
0.873
0.608
0.075
0.074
0.636
0.819
0.341
0.593
0.736
0.768
0.17
0.315
0.797
0.374
0.587
0.642
0.198
0.917
0.723
0.221
0.77
0.756
0.947
0.664
0.606
0.853
0.192
0.81
0.419
0.818
0.946
0.03
0.528
0.085
0.04
0.918
0.671
0.145
0.416
0.225
0.049
0.313
0.033
0.775
0.379
0.82
0.848
0.925
0.448
0.801
0.609
0.248
0.997
0.16
0.023
0.251
0.947
0.719
0.948
0.122
0.144
0.674
0.66
0.801
0.409
0.53
0.649
0.385
0.517
0.022
0.573
0.043
0.468
0.985
0.823
0.903
0.841
0.28
0.389
0.621
0.01
0.394
0.421
0.473
0.597
0.255
0.519
0.18
0.096
0.933
0.46
0.567
0.698
0.778
0.672
0.418
0.428
0.578
0.524
0.306
0.212
0.603
0.327
0.108
0.997
0.284
0.816
0.589
0
0.448
0.471
0.666
0.971
0.003
0.588
0.278
0.504
0.432
0.307
0.875
0.324
0.795
0.161
0.172
0.296
0.487
0.174
0.446
0.706
0.773
0.185
0.437
0.241
0.586
0.055
0.17
0.771
0.012
0.855
0.789
0.131
0.718
0.189
0.509
0.611
0.931
0.473
0.18
0.828
0.873
0.006
0.278
0.629
0.303
0.392
0.161
0
0.634
0.259
0.912
0.776
0.901
0.326
0.786
0.001
0.71
0.562
0.066
0.086
0.854
0.697
0.098
0.505
0.306
0.473
0.305
0.398
0.943
0.588
0.784
0.001
0.121
0.054
0.025
0.662
0.808
0.273
0.972
0.097
0.238
0.315
0.637
0.829
0.038
0.333
0.608
0.125
0.482
0.552
0.568
0.96
0.812
0.655
0.162
0.243
0.131
0.304
0.727
0.86
0.724
0.223
0.114
0.725
0.891
0.609
0.225
0.891
0.362
0.547
0.699
0.758
0.543
0.483
0.618
0.765
0.889
0.662
0.216
0.212
0.539
0.37
0.158
0.868
0.744
0.972
0.181
0.945
0.268
0.348
0.25
0.422
0.231
0.46
0.372
0.585
0.105
0.718
0.585
0.748
0.817
0.006
0.908
0.94
0.047
0.217
0.755
0.284
0.971
0.003
0.36
0.726
0.445
0.658
0.773
0.075
0.273
0.779
0.204
0.924
0.889
0.917
0.559
0.193
0.452
0.432
0.792
0.555
0.969
0.867
0.26
0.286
0.346
0.714
0.29
0.672
0.227
0.667
0.095
0.143
0.251
0.1
0.116
0.623
0.77
0.556
0.285
0.792
0.673
0.677
0.556
0.606
0.954
0
0.637
0.018
0.66
0.97
0.3
0.642
0.042
0.074
0.836
0.728
0.366
0.458
0.919
0.644
0.17
0.619
0.02
0.907
0.514
0.458
0.899
0.039
0.2
0.603
0.393
0.308
0.489
0.101
0.935
0.155
0.867
0.255
0.281
0.633
0.717
0.086
0.269
0.238
0.298
0.476
0.771
0.574
0.246
0.019
0.355
0.224
0.625
0.242
0.639
0.265
0.585
0.308
0.995
0.068
0.241
0.048
0.744
0.639
0.237
0.868
0.942
0.644
0.354
0.582
0.193
0.165
0.694
0.586
0.389
0.22
0.345
0.534
0.446
0.127
0.816
0.784
0.135
0.966
0.415
0.455
0.8
0.471
0.569
0.16
0.592
0.852
0.035
0.811
0.025
0.032
0.324
0.632
0.93
0.354
0.796
0.129
0.929
0.777
0.5
0.446
0.706
0.29
0.742
0.85
0.804
0.696
0.691
0.66
0.716
0.131
0.567
0.438
0.139
0.428
0.99
0.684
0.68
