0.046
0.727
0.102
0.316
0.353
0.773
0.421
0.947
0.167
0.027
0.445
0.87
0.52
0.281
0.082
0.718
0.382
0.551
0.5
0.504
0.196
0.883
0.621
0.258
0.81
0.004
0.555
0.901
0.587
0
0.164
0.038
0.601
0.959
0.854
0.829
0.488
0.431
0.99
0.182
0.947
0.051
0.56
0
0.496
0.511
0.338
0.08
0.422
0.575
0.178
0.674
0.001
0.038
0.995
0.271
0.047
0.17
0.46
0.069
0.771
0.178
0.646
0
0.723
0.383
0.459
0.102
0.129
0.196
0.858
0.075
0.749
0.488
0.449
0.69
0.947
0.111
0.907
0.919
0.502
0.506
0.417
0.916
0.312
0.428
0.504
0.843
0.024
0.798
0.442
0.537
0.329
0.319
0.945
0.263
0.761
0.075
0.275
0.808
0.124
0.955
0.237
0.279
0.397
0.319
0.714
0.126
0.082
0.054
0.568
0.759
0.794
0.423
0.268
0.84
0.271
0.818
0.543
0.308
0.015
0.189
0.563
0.972
0.279
0.445
0.546
0.542
0.748
0.922
0.68
0.282
0
0.267
0.422
0.851
0.975
0.326
0.939
0.934
0.095
0.694
0.528
0.032
0.302
0.389
0.158
0.399
0.973
0.618
0.681
0.944
0.208
0.948
0.208
0.729
0.858
0.618
0.083
0.954
0.356
0.176
0.566
0.126
0.279
0.28
0.636
0.231
0.381
0.724
0.37
0.015
0.253
0.034
0.321
0.712
0.163
0.577
0.278
0.838
0.253
0.754
0.61
0.508
0.298
0.493
0.585
0.917
0.305
0.695
0.31
0.272
0.196
0.861
0.2
0.048
0.58
0.834
0.533
0.115
0.819
0.187
0.111
0.729
0.873
0.364
0.953
0.719
0.74
0.22
0.768
0.735
0.829
0.648
0.175
0.268
0.256
0.776
0.01
0.888
0.951
0.722
0.221
0.292
0.67
0.75
0.852
0.469
0.055
0.588
0.218
0.028
0.365
0.176
0.323
0.125
0.088
0.289
0.09
0.849
0.081
0.927
0.546
0.14
0.606
0.149
0.908
0.158
0.524
0.779
0.718
0.514
0.091
0.024
0.464
0.263
0.559
0.829
0.18
0.189
0.34
0.204
0.724
0.07
0.62
0.807
0.935
0.438
0.703
0.331
0.233
0.608
0.701
0.885
0.476
0.263
0.997
0.455
0.312
0.138
0.014
0.472
0.811
0.491
0.337
0.698
0.712
0.454
0.35
0.809
0.901
0.375
0.333
0.206
0.632
0.997
0.46
0.8
0.435
0.144
0.529
0.237
0.53
0.031
0.047
0.869
0.863
0.6
0.011
0.582
0.806
0.403
0.811
0.79
0.161
0.434
0.264
0.128
0.996
0.423
0.025
0.699
0.619
0.814
0
0.897
0.799
0.903
0.198
0.041
0.108
0.533
0.546
0.833
0.102
0.9
0.657
0.92
0.855
0.086
0.693
0.89
0.204
0.15
0.554
0.371
0.21
0.825
0.724
0.722
0.299
0.965
0.386
0.361
0.924
0.623
0.73
0.889
0.5
0.857
0.708
0.885
0.183
0.333
0.341
0.892
0.234
0.89
0.652
0.005
0.162
0.136
0.18
0.855
0.042
0.74
0.789
0.265
0.257
0.874
0.413
0.846
0.933
0.223
0.003
0.486
0.442
0.948
0.001
0.711
0.148
0.865
0.182
0.096
0.822
0.673
0.414
0.664
0.308
0.412
0.496
0.261
0.856
0.651
0.52
0.355
0.887
0.345
0.773
0.387
0.644
0.248
0.905
0.023
0.398
0.465
0.066
0.723
0.917
0.457
0.47
0.29
0.583
0.316
0.208
0.417
0.273
0.02
0.88
0.623
0.443
0.909
0.544
0.16
0.399
0.185
0.299
0.678
0.566
0.895
0.006
0.664
0.521
0.932
0.669
0.451
0.358
0.674
0.871
0.087
0.881
0.886
0.699
0.143
0.886
0.304
0.947
0.598
0.475
0.096
0.808
0.779
0.046
0.861
0.714
0.197
0.8
0.556
0.165
0.345
0.026
0.927
0.084
0.094
0.029
0.06
0.022
0.398
0.987
0.295
0.449
0.733
0.724
0.574
0.68
0.597
0.339
0.862
0.455
0.511
0.996
0.833
0.177
0.782
0.281
0.417
0.813
0.914
0.199
0.078
0.258
0.276
0.341
0.968
0.919
0.742
0.808
0.051
0.879
0.541
0.043
0.012
0.71
0.27
0.266
0.149
0.943
0.751
0.508
0.914
0.058
0.566
0.499
0.434
0.124
0.777
0.175
0.668
0.274
0.041
0.359
0.535
0.842
0.114
0.442
0.777
0.035
0.155
0.783
0.087
0.531
0.77
0.049
0.131
0.598
0.662
0.683
0.566
0.117
0.386
0.873
0.179
0.876
0.455
0.595
0.232
0.9
0.831
0.36
0.515
0.678
0.355
0.512
0.816
0.051
0.672
0.004
0.759
0.672
0.666
0.364
0.971
0.852
0.531
0.324
0.343
0.643
0.214
0.519
0.448
0.107
0.915
0.178
0.114
0.524
0.732
0.049
0.888
0.478
0.177
0.838
0.657
0.983
0.84
0.092
0.125
0.569
0.747
0.885
0.395
0.339
0.529
0.983
0.478
0.06
0.162
0.951
0.789
0.32
0.49
0.626
0.535
0.957
0.494
0.37
0.496
0.156
0.585
0.687
0.292
0.367
0.537
0.016
0.198
0.043
0.656
0.871
0.826
0.999
0.987
0.292
0.695
0.467
0.908
0.821
0.217
0.936
0.912
0.815
0.68
0.507
0.458
0.679
0.447
0.237
0.533
0.469
0.707
0.741
0.815
0.295
0.421
0.079
0.254
0.738
0.394
0.613
0.101
0.035
0.815
0.121
0.208
0.608
0.628
0.909
0.51
0.261
0.86
0.046
0.148
0.973
0.645
0.847
0.966
0.998
0.686
0.441
0.553
0.6
0.016
0.291
0.265
0.637
0.836
0.175
0.951
0.994
0.943
0.021
0.526
0.788
0.62
0.677
0.115
0.729
0.686
0.236
0.82
0.941
0.676
0.341
0.21
0.605
0.127
0.758
0.298
0.874
0.983
0.789
0.187
0.168
0.122
0.527
0.868
0.382
0.32
0.688
0.0
0.745
0.838
0.911
0.055
0.489
0.646
0.336
0.955
0.632
0.13
0.678
0.66
0.614
0.92
0.945
0.61
0.663
0.034
0.485
0.711
0.917
0.716
0.119
0.894
0.875
0.696
0.065
0.507
0.748
0.753
0.549
0.406
0.546
0.695
0.634
0.474
0.24
0.865
0.999
0.277
0.853
0.124
0.448
0.804
0.995
0.287
0.251
0.96
0.323
0.304
0.255
0.372
0.84
0.347
0.174
0.725
0.05
0.707
0.897
0.204
0.546
0.181
0.891
0.11
0.113
0.406
0.167
0.236
0.328
0.912
0.012
0.805
0.858
0.215
0.38
0.458
0.928
0.619
0.85
0.124
0.11
0.942
0.838
0.01
0.157
0.254
0.612
0.134
0.875
0.454
0.241
0.58
0.877
0.409
0.112
0.368
0.73
0.716
0.715
0.476
0.251
0.43
0.763
0.872
0.622
0.206
0.844
0.17
0.088
0.705
0.31
0.374
0.329
0.91
0.001
0.288
0.605
0.329
0.276
0.855
0.523
0.487
0.517
0.863
0.791
0.024
0.714
0.41
0.473
0.631
0.791
0.802
0.162
0.581
0.78
0.713
0.602
0.851
0.592
0.651
0.438
0.285
0.631
0.905
0.942
0.472
0.049
0.334
0.755
0.172
0.576
0.931
0.23
0.227
0.463
0.541
0.693
0.275
0.708
0.023
0.36
0.701
0.851
0.109
0.583
0.986
0.92
0.852
0.169
0.839
0.537
0.558
0.252
0.822
0.611
0.477
0.199
0.827
0.303
0.597
0.013
0.08
0.801
0.29
0.703
0.607
0.366
0.554
0.962
0.501
0.884
0.556
0.985
0.749
0.643
0.292
0.57
0.719
0.722
0.908
0.775
0.584
0.232
0.403
0.004
0.812
0.777
0.435
0.653
0.942
0.6
0.058
0.62
0.507
0.606
0.973
0.209
0.472
0.987
0.835
0.058
0.248
0.672
0.818
0.289
0.155
0.198
0.804
0.508
0.294
0.178
0.916
0.989
0.569
0.28
0.895
0.784
0.98
0.969
0.496
0.223
0.733
0
0.574
0.513
0.012
0.98
0.235
0.523
0.8
0.239
0.075
0.84
0.4
0.702
0.544
0.025
0.568
0.498
0.944
0.404
0.254
0.794
0.764
0.395
0.632
0.243
0.84
0.997
0.12
0.824
0.553
0.205
0.609
0.942
0.24
0.406
0.568
0.354
0.164
0.175
0.13
