0.141
0.378
0.247
0.474
0.589
0.438
0.607
0.048
0.357
0.809
0.32
0.888
0.628
0.452
0.853
0.159
0.897
0.941
0.572
0.626
0.652
0.532
0.105
0.797
0.5
0.576
0.335
0.136
0.37
0.664
0.274
0.607
0.789
0.546
0.042
0.369
0.57
0.071
0.354
0.968
0.218
0.89
0.049
0.949
0.251
0.346
0.65
0.027
0.028
0.214
0.26
0.745
0.041
0.489
0.499
0.39
0.363
0.058
0.666
0.438
0.161
0.801
0.507
0.556
0.234
0.84
0.23
0.747
0.125
0.222
0.599
0.028
0.566
0.494
0.785
0.333
0.841
0.792
0.459
0.057
0.781
0.639
0.461
0.979
0.348
0.21
0.672
0.923
0.913
0.31
0.182
0.91
0.323
0.557
0.169
0.628
0.379
0.512
0.594
0.693
0.115
0.976
0.631
0.532
0.321
0.718
0.15
0.12
0.547
0.037
0.752
0.377
0.344
0.373
0.702
0.176
0.508
0.535
0.39
0.757
0.668
0.987
0.474
0.851
0.838
0.545
0.683
0.582
0.221
0.035
0.344
0.067
0.386
0.873
0.656
0.243
0.991
0
0.715
0.214
0.532
0.944
0.694
0.821
0.85
0.256
0.454
0.071
0.161
0.973
0.064
0.942
0.438
0.681
0.26
0.891
0.57
0.518
0.381
0.109
0.035
0.119
0.347
0.972
0.277
0.982
0.724
0.404
0.806
0.633
0.968
0.67
0.605
0.488
0.052
0.661
0.363
0.512
0.148
0.194
0.237
0.53
0.845
0.606
0.923
0.749
0.879
0.211
0.266
0.28
0.518
0.105
0.315
0.477
0.653
0.179
0.395
0.842
0.992
0.57
0.789
0.437
0.785
0.216
0.424
0.489
0.239
0.833
0.812
0.724
0.02
0.733
0.221
0.047
0.676
0.531
0.614
0.577
0.208
0.138
0.74
0.864
0.312
0.418
0.231
0.011
0.642
0.419
0.285
0.277
0.161
0.734
0.024
0.219
0.018
0.54
0.689
0.461
0.218
0.537
0.151
0.816
0.209
0.799
0.398
0.887
0.491
0.175
0.979
0.046
0.153
0.323
0.243
0.283
0.012
0.663
0.77
0.595
0.892
0.668
0.413
0.43
0.447
0.042
0.14
0.738
0.85
0.27
0.983
0.714
0.471
0.156
0.445
0.26
0.231
0.13
0.728
0.599
0.953
0.099
0.405
0.539
0.467
0.399
0.951
0.4
0.238
0.789
0.547
0.894
0.224
0.044
0.201
0.061
0.793
0.312
0.405
0.405
0.388
0.337
0.568
0.682
0.058
0.422
0.802
0.12
0.723
0.112
0.525
0.826
0.509
0.628
0.202
0.33
0.964
0.0
0.806
0.748
0.473
0.208
0.678
0.712
0.958
0.878
0.124
0.025
0.982
0.814
0.007
0.555
0.366
0.86
0.9
0.788
0.543
0.085
0.267
0.273
0.614
0.817
0.391
0.276
0.497
0.932
0.686
0.818
0.352
0.576
0.232
0.252
0.669
0.47
0.964
0.005
0.745
0.265
0.227
0.953
0.893
0.265
0.229
0.867
0.661
0.266
0.906
0.675
0.69
0.503
0.284
0.212
0.412
0.209
0.77
0.53
0.769
0.028
0.982
0.485
0.227
0.867
0.031
0.426
0.663
0.223
0.665
0.088
0.011
0.951
0.106
0.59
0.14
0.193
0.312
0.752
0.932
0.317
0.406
0.088
0.849
0.286
0.195
0.484
0.261
0.554
0.211
0.486
0.878
0.287
0.214
0.142
0.336
0.776
0.943
0.457
0.365
0.853
0.927
0.276
0.124
0.059
0.687
0.011
0.519
0.488
0.889
0.594
0.92
0.733
0.683
0.362
0.903
0.258
0.461
0.63
0.776
0.841
0.35
0.135
0.777
0.621
0.962
0.255
0.968
0.197
0.593
0.399
0.859
0.685
0.485
0.942
0.158
0.02
0.109
0.697
0.451
0.976
0.995
0.69
0.961
0.719
0.425
0.04
0.58
0.623
0.618
0.656
0.133
0.656
0.773
0.636
0.95
0.632
0.943
0.627
0.561
0.701
0.003
0.193
0.018
0.464
0.34
0.199
0.051
0.399
0.247
0.582
0.58
0.961
0.746
0.11
0.471
0.721
0.03
0.225
0.392
0.287
0.251
0.477
0.12
0.814
0.97
0.617
0.299
0.975
0.687
0.99
0.457
0.202
0.836
0.134
0.487
0.303
0.01
0.369
0.238
0.343
0.445
0.304
0.717
0.035
0.813
0.482
0.52
0.84
0.444
0.369
0.204
0.143
0.17
0.717
0.697
0.207
0.337
0.994
0.611
0.321
0.89
0.288
0.981
0.242
0.595
0.595
0.375
0.415
0.72
0.407
0.916
0.149
0.802
0.271
0.108
0.853
0.379
0.659
0.387
0.265
0.991
0.811
0.748
0.845
0.044
0.883
0.393
0.109
0.167
0.852
0.295
0.846
0.622
0.089
0.631
0.775
0.882
0.641
0.628
0.78
0.946
0.305
0.737
0.575
0.893
0.511
0.636
0.932
0.031
0.103
0.363
0.821
0.858
0.02
0.436
0.981
0.758
0.851
0.899
0.403
0.486
0.382
0.373
0.939
0.425
0.089
0.858
0.901
0.269
0.392
0.633
0.788
0.884
0.943
0.163
0.73
0.429
0.22
0.217
0.476
0.672
0.54
0.646
0.6
0.107
0.926
0.116
0.694
0.711
0.069
0.789
0.124
0.121
0.265
0.536
0.201
0.916
0.515
0.299
0.929
0.496
0.201
0.172
0.15
0.081
0.642
0.193
0.267
0.382
0.843
0.844
0.772
0.503
0.502
0.8
0.538
0.188
0.699
0.483
0.221
0.816
0.277
0.395
0.596
0.408
0.087
0.97
0.89
0.807
0.783
0.432
0.939
0.027
0.715
0.538
0.127
0.188
0.196
0.073
0.276
0.594
0.073
0.607
0.079
0.368
0.656
0.17
0.961
0.172
0.193
0.221
0.019
0.755
0.982
0.338
0.958
0.163
0.171
0.088
0.946
0.602
0.053
0.548
0.44
0.725
0.201
0.817
0.647
0.038
0.381
0.959
0.906
0.747
0.337
0.769
0.087
0.062
0.28
0.07
0.85
0.793
0.312
0.158
0.029
0.048
0.327
0.83
0.38
0.922
0.461
0.877
0.02
0.429
0.069
0.381
0.356
0.59
0.338
0.236
0.33
0.004
0.035
0.765
0.404
0.367
0.553
0.64
0.151
0.288
0.04
0.824
0.742
0.663
0.187
1.0
0.708
0.241
0.436
0.089
0.832
0.437
0.045
0.811
0.529
0.817
0.322
0.169
0.267
0.874
0.006
0.801
0.701
0.33
0.581
0.829
0.625
0.184
0.134
0.57
0.784
0.846
0.919
0.58
0.437
0.636
0.564
0.722
0.62
0.284
0.95
0.089
0.732
0.788
0.222
0.139
0.807
0.718
0.465
0.51
0.414
0.004
0.154
0.616
0.671
0.377
0.216
0.44
0.407
0.308
0.197
0.129
0.001
0.393
0.367
0.845
0.181
0.525
0.844
0.934
0.839
0.719
0.457
0.75
0.688
0.224
0.547
0.545
0.207
0.795
0.317
0.14
0.203
0.244
0.646
0.075
0.037
0.175
0.099
0.926
0.446
0.323
0.246
0.338
0.33
0.54
0.389
0.947
0.913
0.339
0.703
0.741
0.966
0.138
0.02
0.0
0.086
0.72
0.465
0.378
0.788
0.05
0.135
0.664
0.347
0.335
0.085
0.567
0.652
0.718
0.584
0.819
0.828
0.633
0.055
0.208
0.218
0.893
0.628
0.545
0.343
0.219
0.462
0.18
0.647
0.476
0.302
0.926
0.259
0.32
0.903
0.708
0.949
0.761
0.917
0.302
0.458
0.217
0.671
0.861
0.45
0.036
0.623
0.037
0.046
0.724
0.474
0.125
0.059
0.533
0.038
0.953
0.715
0.449
0.088
0.544
0.091
0.783
0.477
0.23
0.096
0.958
0.71
0.971
0.441
0.736
0.873
0.998
0.639
0.424
0.867
0.531
0.553
0.604
0.643
0.242
0.048
0.839
0.738
0.353
0.069
0.568
0.634
0.626
0.552
0
0.961
0.798
0.596
0.911
0.145
0.1
0.729
0.938
0.496
0.546
0.726
0.935
0.853
0.149
0.513
0.22
0.034
0.125
0.923
0.981
0.08
0.35
0.757
0.458
0.737
0.854
0.457
0.675
0.629
0.114
0.968
0.247
0.43
0.151
0.246
0.288
0.953
0.355
0.115
0.69
0.456
0.276
0.01
0.793
0.414
0.855
0.487
0.771
0.24
0.937
0.435
0.37
0.938
0.589
0.735
0.074
0.595
0.483
0.918
