0.028
0.041
0.428
0.92
0.438
0.763
0.086
0.711
0.552
0.977
0.318
0.523
0.244
0.906
0.936
0.906
0.614
0.877
0.29
0.302
0.685
0.34
0.551
0.059
0.473
0.049
0.426
0.178
0.461
0.556
0.544
0.16
0.212
0.927
0.331
0.652
0.57
0.972
0.424
0.989
0.053
0.184
0.229
0.863
0.011
0.816
0.046
0.699
0.386
0.135
0.554
0.739
0.306
0.518
0.838
0.512
0.647
0.631
0.029
0.526
0.303
0.705
0.608
0.389
0.043
0.853
0.111
0.271
0.065
0.403
0.19
0.829
0.807
0.934
0.569
0.532
0.061
0.974
0.856
0.059
0.7
0.981
0.706
0.37
0.964
0.329
0.887
0.921
0.144
0.077
0.97
0.064
0.012
0.153
0
0.157
0.323
0.16
0.496
0.099
0.797
0.048
0.918
0.334
0.133
0.999
0.18
0.372
0.732
0.518
0.156
0.286
0.481
0.395
0.679
0.726
0.203
0.197
0.001
0.056
0.845
0.439
0.705
0.533
0.103
0.934
0.465
0.882
0.973
0.561
0.01
0.217
0.898
0.584
0.334
0.719
0.171
0.722
0.87
0.042
0.19
0.535
0.319
0.787
0.342
0.503
0.431
0.056
0.435
0.237
0.901
0
0.285
0.626
0.424
0.175
0.567
0.945
0.078
0.113
0.753
0.497
0.061
0.582
0
0.715
0.953
0.142
0.558
0.018
0.523
0.29
0.639
0.536
0.925
0.35
0.198
0.592
0.914
0.262
0.175
0.645
0.763
0.413
0.18
0.91
0.03
0.601
0.068
0.49
0.02
0.444
0.607
0.961
0.033
0.463
0.642
0.962
0.592
0.221
0.035
0.702
0.783
0.145
0.799
0.953
0.595
0.402
0.825
0.861
0.872
0.655
0.777
0.315
0.595
0.433
0.244
0.204
0.982
0.529
0.793
0.678
0.712
0.399
0.892
0.321
0.534
0.129
0.433
0.939
0.132
0.135
0.917
0.384
0.308
0.494
0.41
0.443
0.423
0.953
0.457
0.859
0.252
0.895
0.699
0.36
0.006
0.258
0.498
0.134
0.892
0.108
0.36
0.6
0.324
0.532
0.181
0.216
0.505
0.049
0.773
0.607
0.18
0.708
0.201
0.796
0.047
0.766
0.009
0.957
0.594
0.542
0.679
0.958
0.845
0.915
0.312
0.812
0.502
0.343
0.933
0.577
0.813
0.38
0.451
0.029
0.32
0.1
0.113
0.615
0.753
0.027
0.574
0.044
0.378
0.527
0.261
0.332
0.415
0.043
0.249
0.418
0.665
0.822
0.24
0.131
0.517
0.595
0.972
0.398
0.343
0.608
0.26
0.608
0.138
0.211
0.455
0.956
0.114
0.652
0.682
0.199
0.273
0.391
0.669
0.602
0.046
0.969
0.679
0.926
0.168
0.562
0.01
0.179
0.276
0.3
0.018
0.103
0.81
0.647
0.122
0.298
0.452
0.42
0.663
0.559
0.339
0.636
0.23
0.729
0.418
0.188
0.909
0.504
0.849
0.449
0.447
0.935
0.724
0.358
0.578
0.255
0.235
0.688
0.896
0.221
0.682
0.639
0.267
0.343
0.723
0.201
0.787
0.876
0.594
0.702
0.224
0.093
0.97
0.936
0.785
0.92
0.962
0.243
0.462
0.077
0.869
0.25
0.481
0.961
0.517
0.617
0.865
0.508
0.25
0.022
0.083
0.695
0.29
0.242
0.786
0.056
0.745
0.385
0.755
0.111
0.775
0.014
0.012
0.546
0.135
0.053
0.131
0.585
0.139
0.621
0.644
0.637
0.485
0.129
0.695
0.947
0.501
0.773
0.093
0.804
0.302
0.514
0.148
0.198
0.277
0.355
0.965
0.18
0.664
0.967
0.885
0.213
0.602
0.339
0.14
0.979
0.238
0.78
0.036
0.178
0.836
0.036
0.186
0.483
0.278
0.036
0.94
0.221
0.87
0.983
0.434
0.853
0.519
0.838
0.448
0.086
0.961
0.332
0.49
0.152
0.808
0.238
0.611
0.125
0.274
0.368
0.048
0.347
0.577
0.712
0.527
0.836
0.719
0.296
0.228
0.31
0.686
0.405
0.495
0.701
0.208
0.033
0.853
0.007
0.779
0.872
0.108
0.723
0.661
0.253
0.134
0.864
0.024
0.776
0.183
0.671
0.309
0.292
0.027
0.664
0.803
0.536
0.856
0.2
0.094
0.388
0.19
0.295
0.811
0.381
0.742
0.54
0.071
0.511
0.061
0.678
0.059
0.571
0.671
0.287
0.52
0.007
0.761
0.144
0.071
0.513
0.296
0.842
0.803
0.73
0.138
0.501
0.609
0.614
0.609
0.341
0.984
0.819
0.573
0.958
0.652
0.788
0.381
0.302
0.282
0.566
0.419
0.714
0.025
0.44
0.403
0.776
0.516
0.14
0.055
0.923
0.009
0.336
0.867
0.048
0.996
0.476
0.878
0.312
0.998
0.359
0.861
0.547
0.407
0.581
0.42
0.991
0.118
0.345
0.876
0.919
0.504
0.897
0.648
0.931
0.19
0.777
0.99
0.541
0.53
0.251
0.507
0.304
0.373
0.794
0.33
0.82
0.644
0.41
0.657
0.03
0.357
0.475
0.961
0.39
0.402
0.446
0.614
0.727
0.639
0.852
0.691
0.222
0.581
0.685
0.48
0.429
0.676
0.444
0.95
0.907
0.697
0.832
0.768
0.636
0.458
0.024
0.93
0.273
0.275
0.097
0.128
0.975
0.524
0.888
0.235
0.476
0.051
0.284
0.49
0.804
0.135
0.061
0.496
0.283
0.64
0.969
0.051
0.832
0.683
0.637
0.71
0.356
0.057
0.689
0.212
0.756
0.062
0.286
0.102
0.744
0.873
0.107
0.337
0.029
0.084
0.696
0.476
0.953
0.715
0.015
0.996
0.355
0.079
0.23
0.855
0.264
0.128
0.387
0.114
0.087
0.319
0.537
0.456
0.869
0.958
0.321
0.19
0.231
0.881
0.887
0.807
0.112
0.865
0.662
0.369
0.784
0.116
0.644
0.186
0.482
0.823
0.339
0.196
0.907
0.203
0.919
0.199
0.249
0.967
0.896
0.391
0.381
0.812
0.811
0.147
0.765
0.588
0.678
0.706
0.524
0.619
0.174
0.669
0.517
0.942
0.524
0.453
0.955
0.391
0.467
0.493
0.499
0.484
0.502
0.609
0.928
0.584
0.237
0.542
0
0.117
0.304
0.076
0.697
0.125
0.955
0.898
0.697
0.368
0.772
0.043
0.913
0.19
0.406
0.591
0.253
0.488
0.143
0.115
0.841
0.589
0.037
0.323
0.722
0.118
0.574
0.569
0.757
0.252
0.343
0.246
0.189
0.995
0.682
0.414
0.537
0.93
0.898
0.85
0.788
0.462
0.912
0.277
0.69
0.206
0.236
0.247
0.02
0.92
0.17
0.858
0.114
0.914
0.862
0.964
0.425
0.62
0.19
0.412
0.054
0.708
0.939
0.652
0.358
0.851
0.379
0.861
0.297
0.983
0.07
0.593
0.647
0.736
0.082
0.721
0.975
0.515
0.49
0.863
0.001
0.401
0.651
0.162
0.619
0.088
0.26
0.011
0.731
0.198
0.439
0.839
0.105
0.994
0.778
0.905
0.963
0.039
0.367
0.301
0.974
0.448
0.982
0.37
0.761
0.286
0.606
0.954
0.934
0.823
0.219
0.828
0.823
0.462
0.316
0.116
0.698
0.973
0.013
0.536
0.605
0.379
0.47
0.272
0.657
0.724
0.786
0.685
0.497
0.856
0.993
0.314
0.258
0.856
0.339
0.869
0.616
0.428
0.256
0.513
0.253
0.493
0.639
0.248
0.486
0.012
0.311
0.973
0.186
0.421
0.446
0.537
0.672
0.788
0.83
0.396
0.559
0.226
0.785
0.059
0.94
0.423
0.089
0.623
0.232
0.316
0.898
0.088
0.016
0.427
0.733
0.818
0.328
0.104
0.577
0.35
0.418
0.286
0.423
0.003
0.302
0.736
0.131
0.78
0.873
0.969
0.624
0.583
0.338
0.991
0.548
0.05
0.387
0.865
0.905
0.388
0.057
0.215
0.905
0.918
0.752
0.323
0.561
0.858
0.72
0.985
0.687
0.373
0.278
0.678
0.546
0.815
0.83
0.357
0.26
0.536
0.525
0.446
0.807
0.138
0.927
0.16
0.935
0.498
0.528
0.868
0.766
0.663
0.123
0.627
0.394
0.684
0.876
0.556
0.586
0.67
0.094
0.772
0.605
0.47
0.537
0.289
0.13
0.718
0.705
0.691
0.398
0
0.85
0.177
0.513
0.26
0.727
0.602
0.344
0.522
0.484
0.085
0.18
