0.336
0.384
0.238
0.442
0.699
0.219
0.809
0.124
0.552
0.737
0.208
0.383
0.718
0.795
0.696
0.887
0.622
0.319
0.909
0.728
0.079
0.45
0.642
0.121
0.66
0.265
0.485
0.953
0.709
0.771
0.588
0.248
0.602
0.529
0.464
0.945
0.872
0.47
0.359
0.41
0.817
0.436
0.213
0.645
0.253
0.814
0.466
0.949
0.007
0.792
0.178
0.352
0.408
0.349
0.955
0.089
0.954
0.837
0.812
0
0.004
0.543
0.785
0.62
0.475
0.787
0.71
0.804
0.095
0.332
0.966
0.913
0.23
0.186
0.101
0.942
0.807
0.927
0.225
0.652
0.726
0.333
0.733
0.235
0.162
0.37
0.322
0.137
0.539
0.411
0.407
0.243
0.612
0.504
0.169
0.252
0.32
0.438
0.582
0.697
0.037
0.253
0.868
0.801
0.092
0.721
0.428
0.851
0.59
0.482
0.585
0.284
0.171
0.0
0.498
0.811
0.938
0.232
0.309
0.912
0.008
0.838
0.39
0.168
0.126
0.928
0.183
0.735
0.278
0.348
0.516
0.817
0.284
0.283
0.623
0.676
0.969
0.461
0.724
0.011
0.5
0.097
0.099
0.221
0.937
0.345
0.123
0.72
0.492
0.586
0.76
0.1
0.565
0.942
0.21
0.657
0.702
0.068
0.627
0.181
0.058
0.939
0.263
0.265
0.628
0.849
0.219
0.21
0.783
0.462
0.938
0.263
0.618
0.19
0.266
0.91
0.995
0.81
0.504
0.933
0.094
0.107
0.717
0.536
0.724
0.08
0.897
0.631
0.659
0.256
0.81
0.251
0.532
0.555
0.964
0.233
0.716
0.633
0.761
0.055
0.832
0.965
0.707
0.062
0.4
0.688
0.208
0.825
0.163
0.727
0.465
0.695
0.829
0.341
0.259
0.777
0.534
0.817
0.59
0.205
0.899
0.98
0.968
0.746
0.333
0.65
0.949
0.039
0.588
0.158
0.812
0.828
0.462
0.877
0.881
0.846
0.704
0.046
0.761
0.025
0.188
0.136
0.403
0.12
0.185
0.868
0.868
0.689
0.545
0.01
0.35
0.497
0.855
0.411
0.884
0.502
0.66
0.37
0.701
0.969
0.897
0.203
0.8
0.013
0.407
0.998
0.306
0.541
0.909
0.482
0.432
0.984
0.873
0.577
0.812
0.776
0.75
0.594
0.785
0.483
0.421
0.764
0.983
0.311
0.815
0.326
0.912
0.548
0.57
0.127
0.474
0.217
0.209
0.205
0.827
0.152
0.757
0.306
0.269
0.379
0.891
0.621
0.811
0.01
0.127
0.62
0.234
0.211
0.031
0.777
0.385
0.949
0.179
0.495
0.726
0.994
0.872
0.628
0.825
0.668
0.741
0.622
0.012
0.468
0.975
0.95
0.837
0.835
0.663
0.363
0.743
0.695
0.993
0.069
0.313
0.301
0.081
0.948
0.062
0.958
0.841
0.998
0.574
0.06
0.459
0.321
0.859
0.862
0.674
0.557
0.763
0.959
0.96
0.18
0.117
0.506
0.292
0.689
0.858
0.061
0.207
0.583
0.054
0.594
0.81
0.662
0.95
0.935
0.927
0.42
0.331
0.508
0.879
0.973
0.482
0.924
0.136
0.557
0.504
0.868
0.5
0.811
0.27
0.115
0.676
0.173
0.109
0.802
0.864
0.323
0.001
0.448
0.928
0.955
0.572
0.721
0.349
0.564
0.174
0.99
0.105
0.885
0.534
0.933
0.69
0.044
0.382
0.985
0.299
0.306
0.173
0.141
0.862
0.477
0.525
0.048
0.441
0.936
0.232
0
0.388
0.255
0.208
0.341
0.111
0.046
0.88
0.494
0.104
0.459
0.73
0.556
0.186
0.658
0.9
0.584
0.979
0.604
0.419
0.482
0.786
0.838
0.663
0.109
0.208
0.934
0.576
0.049
0.3
0.139
0.359
0.25
0.841
0.538
0.046
0.098
0.157
0.728
0.21
0.2
0.484
0.849
0.666
0.633
0.381
0.062
0.22
0.32
0.466
0.818
0.98
0.275
0.664
0.288
0.937
0.529
0.468
0.188
0.767
0.94
0.154
0.339
0.496
0.271
0.998
0.326
0.863
0.594
0.635
0.839
0.68
0.601
0.175
0.891
0.065
0.474
0.697
0.39
0.106
0.576
0.796
0.8
0.035
0.173
0.758
0.312
0.141
0.962
0.57
0.816
0.83
0.582
0.08
0.024
0.53
0.119
0.26
0.139
0.015
0.609
0.828
0.24
0.655
0.813
0.362
0.231
0.132
0.264
0.508
0.111
0.927
0.284
0.216
0.502
0.336
0.326
0.859
0.379
0.257
0.265
0.785
0.102
0.181
0.369
0.393
0.997
0.21
0.66
0.883
0.202
0.083
0.852
0.558
0.452
0.143
0.013
0.458
0.178
0.643
0.832
0.148
0.805
0.38
0.405
0.374
0.441
0.343
0.707
0.86
0.96
0.976
0.444
0.184
0.861
0.285
0.659
0.879
0.525
0.157
0.169
0.71
0.783
0.414
0.395
0.809
0.889
0.708
0.755
0.133
0.641
0.531
0.832
0.87
0.81
0.363
0.754
0.471
0.824
0.697
0.597
0.713
0.315
0.801
0.736
0.052
0.988
0.994
0.002
0.489
0.024
0.62
0.267
0.783
0.934
0.675
0.543
0.51
0.263
0.915
0.93
0.261
0.32
0.695
0.571
0.652
0.181
0.331
0.995
0.755
0.247
0.326
0.438
0.14
0.494
0.885
0.349
0.441
0.258
0.264
0.98
0.899
0.74
0.293
0.687
0.452
0.116
0.372
0.298
0.112
0.56
0.777
0.179
0.983
0.848
0.642
0.393
0.34
0.384
0.247
0.086
0.742
0.179
0.478
0.004
0.462
0.592
0.468
0.655
0.705
0.496
0.218
0.152
0.751
0.106
0.979
0.261
0.835
0.279
0.084
0.045
0.508
0.594
0.692
0.989
0.874
0.336
0.124
0.346
0.278
0.813
0.609
0.533
0.303
0.523
0.385
0.445
0.374
0.755
0.505
0.851
0.374
0.568
0.961
0.917
0.629
0.619
0.132
0.62
0.37
0.272
0.572
0.461
0.623
0.336
0.179
0.463
0.563
0.25
0.757
0.527
0.434
0.278
0.666
0.308
0.74
0.176
0.67
0.924
0.092
0.034
0.142
0.495
0.122
0.23
0.278
0.12
0.1
0.955
0.085
0.513
0.729
0.813
0.664
0.116
0.511
0.09
0.935
0.722
0.818
0.776
0.335
0.289
0.924
0.67
0.464
0.262
0.311
0.839
0.703
0.708
0.983
0.96
0.997
0.009
0.765
0.163
0.919
0.267
0.145
0.114
0.798
0.502
0.078
0.767
0.107
0.492
0.405
0.2
0.288
0.501
0.671
0.028
0.135
0.579
0.173
0.114
0.396
0.308
0.964
0.585
0.082
0.921
0.742
0.304
0.942
0.235
0.449
0.677
0.597
0.396
0.885
0.925
0.585
0.4
0.8
0.366
0.988
0.904
0.006
0.841
0.584
0.688
0.555
0.135
0
0.294
0.836
0.455
0.188
0.694
0.413
0.674
0.95
0.594
0.051
0.941
0.398
0.069
0.793
0.516
0.471
0.866
0.298
0.106
0.639
0.97
0.5
0.767
0.15
0.522
0.987
0.663
0.036
0.348
0.216
0.125
0.025
0.945
0.866
0.772
0.407
0.754
0.439
0.28
0.948
0.925
0.655
0.988
0.108
0.732
0.048
0.739
0.144
0.823
0.106
0.596
0.995
0.016
0.457
0.07
0.787
0.207
0.282
0.29
0.693
0.692
0.205
0.327
0.009
0.456
0.581
0.918
0.111
0.918
0.837
0.102
0.399
0
0.518
0.42
0.5
0.068
0.748
0.005
0.437
0.825
0.012
0
0.61
0.962
0.129
0.726
0.778
0.895
0.543
0.291
0.434
0.026
0.572
0.165
0.087
0.522
0.384
0.06
0.814
0.261
0.739
0.796
0.822
0.597
0.164
0.584
0.655
0.33
0.984
0.343
0.972
0.276
0.469
0.848
0.931
0.213
0.103
0.435
0.785
0.574
0.851
0.245
0.166
0.214
0.727
0.763
0.376
0.137
0.985
0.153
0.158
0.775
0.53
0.361
0.01
0.133
0.241
0.334
0.964
0.177
0.06
0.358
0.029
0.386
0.457
0.23
0.676
0.015
0.944
0.849
0.428
0.283
0.642
0.883
0.373
0.323
0.511
0.334
0.194
0.886
0.4
0.324
0.574
0.371
0.645
0.088
0.942
0.298
0.394
0.336
0.296
0.019
0.075
0.894
0.331
0.2
0.71
0.91
0.952
0.146
0.098
0.037
0.988
0.345
