0.531
0.875
0.39
0.917
0.544
0.326
0.641
0.252
0.735
0.943
0.971
0.451
0.457
0.066
0.406
0.85
0.896
0.981
0.304
0.08
0.618
0.54
0.504
0.954
0.484
0.726
0.892
0.664
0.935
0.671
0.312
0.318
0.541
0.77
0.695
0.771
0.447
0.783
0.641
0.371
0.406
0.443
0.707
0.206
0.687
0.474
0.587
0.238
0.342
0.691
0.094
0.854
0.016
0.998
0.481
0.96
0.623
0.365
0.875
0.705
0.225
0.683
0.465
0.17
0.534
0.787
0.906
0.905
0.368
0.939
0.766
0.496
0.091
0.158
0.027
0.394
0.72
0.481
0.111
0.361
0.924
0.244
0.023
0.145
0.896
0.323
0.679
0.279
0.884
0.345
0.45
0.24
0.53
0.997
0.542
0.182
0.34
0.068
0.358
0.411
0.856
0.013
0.834
0.65
0.421
0.931
0.048
0.113
0.872
0.752
0.984
0.317
0.18
0.586
0.264
0.18
0.064
0.377
0.446
0.611
0.723
0.497
0.142
0.447
0.263
0.013
0.459
0.348
0.606
0.184
0.434
0.406
0.372
0.265
0.821
0.009
0.475
0.666
0.443
0.974
0.12
0.342
0.655
0.641
0.352
0.874
0.744
0.201
0.89
0.465
0.732
0.067
0.417
0.554
0.543
0.184
0.521
0.667
0.693
0.049
0.263
0.267
0.144
0.075
0.866
0.484
0.014
0.708
0.775
0.03
0.658
0.473
0.24
0.369
0.98
0.347
0.055
0.781
0.51
0.248
0.02
0.902
0.158
0.195
0.791
0.544
0.904
0.809
0.745
0.518
0.493
0.452
0.598
0.391
0.808
0.827
0.417
0.517
0.583
0.548
0.801
0.942
0.849
0.169
0.089
0.492
0.937
0.59
0.755
0.998
0.494
0.183
0.856
0.0
0.247
0.229
0.216
0.684
0.069
0.301
0.99
0.562
0.793
0.919
0.159
0.796
0.764
0.977
0.447
0.645
0.658
0.303
0.726
0.654
0.567
0.938
0.43
0.346
0.641
0.976
0.772
0.56
0.77
0.604
0.002
0.809
0.395
0.869
0.85
0.443
0.797
0.72
0.253
0.275
0.801
0.204
0.344
0.406
0.189
0.804
0.857
0.368
0.01
0.32
0.646
0.739
0.207
0.058
0.649
0.087
0.332
0.005
0.605
0.25
0.093
0.308
0.171
0.225
0.625
0.71
0.363
0.164
0.174
0.827
0.21
0.091
0.101
0.05
0.459
0.349
0.902
0.723
0.432
0.537
0.928
0.825
0.607
0.1
0.725
0.337
0.574
0.412
0.455
0.139
0.486
0.201
0.892
0.343
0.846
0.655
0.467
0.002
0.761
0.179
0.441
0.511
0.342
0.927
0.583
0.729
0.818
0.467
0.771
0.129
0.312
0.3
0.872
0.22
0.482
0.029
0.107
0.844
0.235
0.076
0.436
0.794
0.029
0.649
0.486
0.796
0.683
0.123
0.806
0.121
0.122
0.528
0.6
0.665
0.206
0.901
0.027
0.266
0.209
0.258
0.623
0.493
0.39
0.922
0.586
0.31
0.336
0.284
0.456
0.265
0.27
0.56
0.157
0.703
0.836
0.681
0.965
0.668
0.001
0.503
0.974
0.856
0.348
0.965
0.405
0.435
0.478
0.888
0.409
0.488
0.627
0.772
0.818
0.476
0.359
0.192
0.154
0.026
0.703
0.962
0.829
0.584
0.361
0.891
0.994
0.765
0.475
0.19
0.601
0.361
0.318
0.813
0.554
0.74
0.96
0.472
0.489
0.495
0.126
0.677
0.022
0.198
0.966
0.676
0.235
0.497
0.427
0.44
0.104
0.002
0.368
0.804
0.937
0.116
0.398
0.093
0.292
0.428
0.574
0.886
0.098
0.445
0.805
0.943
0.447
0.205
0.958
0.813
0.658
0.973
0.25
0.905
0.885
0.025
0.311
0.759
0.2
0.705
0.532
0.339
0.449
0.178
0.958
0.976
0.162
0.293
0.345
0.634
0.892
0.741
0.949
0.083
0.364
0.296
0.269
0.658
0.203
0.104
0.313
0.855
0.897
0.963
0.901
0.85
0.654
0.752
0.875
0.991
0.213
0.043
0.004
0.079
0.776
0.853
0.636
0.02
0.103
0.181
0.042
0.039
0.024
0.03
0.748
0.019
0.809
0.559
0.845
0.375
0.63
0.87
0.093
0.473
0.865
0.971
0.274
0.668
0.166
0.635
0.564
0.617
0.446
0.363
0.608
0.149
0.895
0.997
0.582
0.543
0.496
0.615
0.767
0.504
0.513
0.986
0.43
0.573
0.443
0.937
0.452
0.77
0.904
0.027
0.972
0.428
0.331
0.86
0.938
0.093
0.764
0.468
0.602
0.651
0.812
0.163
0.415
0.45
0.836
0.707
0.802
0.292
0.4
0.765
0.014
0.527
0.924
0.124
0.101
0.163
0.819
0.777
0.372
0.629
0.906
0.212
0.997
0.39
0.706
0.858
0.283
0.063
0.582
0.102
0.149
0.557
0.51
0.208
0.984
0.397
0.778
0.976
0.624
0.655
0.155
0.288
0.384
0.564
0.051
0.605
0.813
0.356
0.834
0.253
0.318
0.321
0.804
0.099
0.036
0.408
0.396
0.157
0.424
0.88
0.497
0.191
0.789
0.033
0.969
0.593
0.448
0.83
0.869
0.527
0.229
0.672
0.811
0.667
0.003
0.592
0.009
0.209
0.535
0.163
0.861
0.319
0.509
0.764
0.047
0.494
0.051
0.472
0.242
0.307
0.107
0.058
0.399
0.498
0.336
0.111
0.914
0.608
0.184
0.013
0.418
0.611
0.707
0.757
0.911
0.207
0.329
0.106
0.381
0.227
0.739
0.538
0.508
0.286
0.65
0.004
0.942
0.826
0.819
0.469
0.955
0.87
0.484
0.847
0.031
0.488
0.735
0.212
0.183
0.061
0.877
0.087
0.438
0.852
0.222
0.15
0.304
0.594
0.308
0.628
0.066
0.653
0.241
0.146
0.649
0.142
0.622
0.202
0.257
0.544
0.135
0.58
0.653
0.885
0.259
0.913
0.004
0.66
0.965
0.044
0.232
0.478
0.711
0.062
0.456
0.56
0.514
0.475
0.184
0.843
0.457
0.14
0.536
0.515
0.016
0.022
0.938
0.573
0.366
0.27
0.556
0.123
0.492
0.473
0.882
0.879
0.71
0.778
0.435
0.758
0.294
0.712
0.499
0.266
0.96
0.112
0.637
0.432
0.304
0.374
0.346
0.497
0.905
0.357
0.972
0.48
0.813
0.634
0.17
0.561
0.558
0.358
0.449
0.755
0.872
0.502
0.293
0.773
0.625
0.863
0.887
0.448
0.89
0.662
0.713
0.886
0.104
0.725
0.84
0.98
0.427
0.158
0.125
0.623
0.219
0.627
0.482
0.554
0.829
0.392
0.297
0.866
0.078
0.109
0.518
0.925
0.108
0.542
0.217
0.307
0.778
0.801
0.567
0.55
0.889
0.321
0.731
0.432
0.852
0.651
0.072
0.083
0.498
0.572
0.882
0.109
0.403
0.779
0.309
0.282
0.621
0.132
0.203
0.408
0.071
0.568
0.516
0.46
0.047
0.525
0.024
0.67
0.921
0.01
0.376
0.668
0.428
0.454
0.248
0.661
0.998
0.227
0.08
0.221
0.981
0.664
0.628
0.327
0.654
0.845
0.458
0.684
0.44
0.624
0.985
0.803
0.567
0.476
0.687
0.486
0.892
0.734
0.447
0.689
0.109
0.164
0.011
0.307
0.552
0.099
0.018
0.843
0.753
0.742
0.04
0.677
0.743
0.015
0.904
0.123
0.311
0.45
0.916
0.733
0.409
0.84
0.835
0.124
0.915
0.523
0.394
0.636
0.931
0.587
0.115
0.141
0.504
0.104
0.994
0.509
0.827
0.836
0.475
0.925
0.394
0.854
0.875
0.261
0.675
0.635
0.627
0.083
0.819
0.946
0.899
0.761
0.778
0.441
0.612
0.12
0.348
0.25
0.031
0.334
0.58
0.324
0.531
0.713
0.557
0.068
0.988
0.721
0.846
0.587
0.003
0.126
0.696
0.004
0.023
0.694
0.749
0.798
0.96
0.69
0.257
0.716
0.09
0.968
0.924
0.688
0.413
0.296
0.257
0.273
0.625
0.866
0.115
0.244
0.443
0.099
0.606
0.933
0.727
0.515
0.232
0.827
0.031
0.012
0.865
0.581
0.953
0.494
0.327
0.156
0.278
0.069
0.53
0.142
0.69
0.406
0.764
0.311
0.198
0.131
0.024
0.44
0.19
0.741
0.75
0.037
0.713
0.859
0.484
0.675
0.597
0.905
0.681
0.933
0.787
0.871
0.029
0.908
0.804
0.4
