0.942
0.672
0.809
0.502
0.344
0.352
0.951
0.324
0.707
0.023
0.53
0.472
0.756
0.992
0.863
0.348
0.972
0.318
0.615
0.912
0.469
0.37
0.325
0.569
0.712
0.776
0.51
0.452
0.829
0.989
0.824
0.621
0.811
0.929
0.547
0.348
0.363
0.088
0.11
0.508
0.017
0.15
0.958
0.056
0.413
0.946
0.87
0.122
0.561
0.987
0.084
0.673
0.396
0.345
0.115
0.559
0.053
0.995
0.274
0.703
0.375
0.385
0.015
0.738
0.546
0.11
0.528
0.017
0.787
0.751
0.206
0.043
0.429
0.815
0.788
0.798
0.025
0.207
0.183
0.704
0.279
0.61
0.768
0.094
0.738
0.182
0.935
0.242
0.858
0.719
0.785
0.304
0.109
0.201
0.817
0.685
0.861
0.064
0.976
0.509
0.497
0.679
0.334
0.416
0.764
0.754
0.417
0.365
0.673
0.878
0.63
0.46
0.053
0.746
0.539
0.886
0.06
0.17
0.946
0.131
0.56
0.546
0.649
0.438
0.642
0.069
0.607
0.73
0.451
0.875
0.296
0.313
0.291
0.818
0.316
0.637
0.134
0.0
0.191
0.975
0.409
0.034
0.692
0.07
0.693
0.533
0.932
0.17
0.477
0.263
0.447
0.491
0.476
0.115
0.317
0.872
0.662
0.154
0.894
0.427
0.665
0.684
0.928
0.102
0.968
0.837
0.995
0.056
0.314
0.744
0.772
0.154
0.021
0.627
0.655
0.6
0.195
0.211
0.742
0.346
0.523
0.91
0.578
0.312
0.926
0.487
0.038
0.671
0.629
0.79
0.897
0.664
0.391
0.427
0.124
0.511
0.148
0.703
0.152
0.702
0.739
0.85
0.838
0.683
0.762
0.587
0.105
0.653
0.624
0.196
0.959
0.452
0.263
0.398
0.712
0.697
0.428
0.572
0.859
0.2
0.497
0.779
0.732
0.606
0.167
0.472
0.14
0.196
0.161
0.703
0.885
0.023
0.49
0.759
0.109
0.137
0.443
0.764
0.085
0.797
0.699
0.71
0.413
0.67
0.579
0.241
0.69
0.982
0.331
0.278
0.481
0.747
0.736
0.824
0.273
0.385
0.147
0.975
0.586
0.773
0.121
0.613
0.334
0.511
0.841
0.864
0.478
0.765
0.913
0.8
0.765
0.407
0.821
0.806
0.708
0.907
0.547
0.335
0.952
0.096
0.137
0.595
0.342
0.384
0.945
0.545
0.641
0.142
0.553
0.51
0.2
0.726
0.19
0.819
0.323
0.685
0.888
0.178
0.743
0.283
0.045
0.088
0.645
0.139
0.322
0.224
0.052
0.566
0.834
0.121
0.167
0.179
0.268
0.365
0.552
0.226
0.805
0.409
0.42
0.711
0.336
0.24
0.342
0.736
0.635
0.091
0.009
0.891
0.864
0.06
0.244
0.787
0.377
0.86
0.631
0.123
0.222
0.266
0.638
0.076
0.637
0.494
0.56
0.666
0.303
0.232
0.773
0.178
0.554
0.438
0.589
0.388
0.628
0.132
0.926
0.058
0.326
0.915
0.578
0.846
0.067
0.212
0.798
0.072
0.304
0.738
0.176
0.377
0.007
0.634
0.518
0.535
0.761
0.679
0.821
0.46
0.021
0.706
0.844
0.502
0.187
0.975
0.59
0.091
0.997
0.208
0.008
0.43
0.413
0.596
0.975
0.967
0.049
0.725
0.336
0.548
0.967
0.765
0.404
0.314
0.89
0.703
0.333
0.698
0.69
0.037
0.649
0.533
0.77
0.74
0.643
0.351
0.179
0.637
0.286
0.651
0.708
0.902
0.022
0.913
0.157
0.21
0.072
0.692
0.906
0.228
0.397
0.344
0.071
0.363
0.601
0.213
0.451
0.217
0.053
0.944
0.524
0.407
0.349
0.199
0.716
0.117
0.808
0.452
0.152
0.53
0.899
0.681
0.735
0.141
0.913
0.605
0.215
0.035
0.657
0.896
0.53
0.099
0.651
0.304
0.728
0.332
0.327
0.872
0.14
0.871
0.98
0.599
0.919
0.252
0.417
0.669
0.146
0.877
0.79
0.165
0.522
0.73
0.802
0.277
0.603
0.186
0.205
0.755
0.949
0.248
0.616
0.823
0.844
0.902
0.474
0.978
0.088
0.688
0.951
0.59
0.488
0.212
0.134
0.795
0.459
0.418
0.16
0.176
0.465
0.113
0.457
0.822
0.692
0.077
0.632
0.846
0.192
0.408
0.131
0.194
0.903
0.827
0.614
0.762
0.955
0.581
0.357
0.65
0.675
0.878
0.675
0.874
0.391
0.196
0.627
0.79
0.249
0.639
0.393
0.208
0.572
0.18
0.065
0.633
0.029
0.461
0.16
0.466
0.179
0.252
0.314
0.857
0.041
0.308
0.99
0.664
0.937
0.108
0.135
0.207
0.902
0.813
0.978
0.735
0.99
0.266
0.343
0.902
0.962
0.469
0.669
0.777
0.533
0.452
0.555
0.836
0.494
0.267
0.423
0.293
0.251
0.857
0.498
0.045
0.279
0.404
0.633
0.789
0.348
0.788
0.011
0.869
0.211
0.95
0.216
0.45
0.967
0.557
0.218
0.537
0.359
0.112
0.912
0.632
0.671
0.014
0.588
0.735
0.384
0.583
0.473
0.66
0.264
0.13
0.498
0.286
0.434
0.429
0.876
0.927
0.321
0.657
0.976
0.56
0.717
0.357
0.092
0.707
0.871
0.82
0.776
0.994
0.305
0.937
0.778
0.844
0.872
0.128
0.772
0.097
0.229
0.734
0.907
0.011
0.601
0.163
0.885
0.283
0.424
0.636
0.691
0.904
0.653
0.304
0.791
0.9
0.801
0.443
0.859
0.576
0.754
0.067
0.94
0.665
0.965
0.543
0.708
0.227
0.023
0.153
0.869
0.85
0.531
0.547
0.414
0.998
0.129
0.502
0.808
0.003
0.988
0.737
0.497
0.536
0.564
0.051
0.25
0.296
0.571
0.764
0.095
0.5
0.933
0.69
0.643
0.448
0.922
0.5
0.537
0.253
0.897
0.289
0.399
0.541
0.244
0.23
0.156
0.464
0.148
0.78
0.262
0.461
0.969
0.515
0.224
0.9
0.631
0.346
0.649
0.718
0.084
0.286
0.478
0.795
0.455
0.046
0.314
0.979
0.246
0.191
0.599
0.536
0.525
0.13
0.489
0.229
0.313
0.285
0.779
0.303
0.925
0.606
0.682
0.219
0.517
0.276
0.612
0.692
0.186
0.684
0.935
0.318
0.834
0.366
0.992
0.491
0.009
0.079
0.611
0.728
0.243
0.125
0.464
0.26
0.915
0.999
0.037
0.837
0.703
0.186
0.791
0.132
0.155
0.545
0.051
0.656
0.827
0.967
0.491
0.043
0.937
0.71
0.982
0.42
0.099
0.672
0.446
0.636
0.744
0.398
0.564
0.543
0.326
0.734
0.975
0.12
0.666
0.684
0.064
0.079
0.634
0.039
0.501
0.28
0.85
0.393
0.015
0.552
0.443
0.442
0.436
0.027
0.315
0.106
0.917
0.161
0.692
0.849
0.911
0.007
0.029
0.241
0.211
0.796
0.146
0.198
0.208
0.304
0.803
0.797
0.197
0.142
0.658
0.669
0.145
0.159
0.008
0.982
0.044
0.194
0.033
0.449
0.048
0.024
0.382
0.7
0.856
0.54
0.782
0.86
0.934
0.438
0.553
0.561
0.292
0.022
0.865
0.531
0.23
0.052
0.58
0.879
0.981
0.996
0.069
0.182
0.692
0.619
0.878
0.862
0.921
0.016
0.807
0.906
0.856
0.283
0.156
0.348
0.996
0.566
0.359
0.254
0.981
0.908
0.808
0.813
0.416
0.99
0.584
0.862
0.38
0.355
0.885
0.516
0.148
0.987
0.95
0.746
0.015
0.078
0.727
0.086
0.307
0.935
0.926
0.949
0.727
0.505
0.567
0.848
0.531
0.286
0.479
0.962
1.0
0.959
0.634
0.572
0.769
0.563
0.808
0.861
0.285
0.493
0.233
0.486
0.383
0.744
0.562
0.637
0.647
0.774
0.23
0.185
0.918
0.983
0.259
0.253
0.69
0.056
0.077
0.573
0.452
0.024
0.228
0.696
0.566
0.587
0.975
0.207
0.554
0.478
0.516
0.392
0.413
0.637
0.802
0.62
0.922
0.126
0.474
0.575
0.952
0.482
0.385
0.659
0.092
0.043
0.975
0.112
0.675
0.495
0.534
0.272
0.196
1.0
0.537
0.487
0.385
0.401
0.786
0.49
0.687
0.171
0.804
0.952
0.703
0.522
0.181
0.988
0.824
0.373
0.364
0.108
0.408
0.371
0.221
0.157
0.496
0.207
0.219
0.919
0.063
0.072
