0.666
0.493
0.813
0.986
0.103
0.975
0.074
0.916
0.916
0.525
0.515
0.082
0.586
0.999
0.544
0.335
0.232
0.638
0.536
0.155
0.648
0.718
0.58
0.85
0.353
0.217
0.208
0.115
0.49
0.741
0.588
0.481
0.982
0.615
0.141
0.424
0.06
0.504
0.592
0.135
0.47
0.94
0.049
0.634
0.515
0.824
0.273
0.608
0.869
0.796
0.218
0.304
0.488
0.215
0.782
0.713
0.674
0.301
0.266
0.776
0.39
0.775
0.374
0.64
0.152
0.484
0.34
0.76
0.292
0.527
0.378
0.296
0.364
0.228
0.113
0.002
0.949
0.756
0.803
0.077
0.076
0.821
0.62
0.133
0.804
0.114
0.689
0.836
0.567
0.277
0.918
0.305
0.536
0.077
0.557
0.317
0.091
0.125
0.435
0.222
0.5
0.895
0.216
0.024
0.206
0.289
0.209
0.73
0.964
0.769
0.254
0.689
0.359
0.599
0.446
0.363
0.798
0.682
0.0
0.613
0.586
0.797
0.917
0.727
0.411
0.702
0.759
0.467
0.263
0.323
0.742
0.343
0.864
0.275
0.873
0.217
0.361
0.656
0.55
0.335
0.711
0.238
0.792
0.293
0.259
0.084
0.831
0.819
0.789
0.709
0.906
0.758
0.38
0.775
0.612
0.376
0.617
0.02
0.633
0.406
0.722
0.796
0.847
0.069
0.722
0.912
0.257
0.536
0.682
0.231
0.428
0.522
0.176
0.4
0.183
0.269
0.86
0.976
0.933
0.81
0.773
0.536
0.128
0.345
0.174
0.042
0.059
0.777
0.307
0.009
0.746
0.087
0.703
0.043
0.11
0.166
0.41
0.889
0.324
0.518
0.57
0.323
0.289
0.269
0.599
0.772
0.987
0.531
0.97
0.069
0.683
0.191
0.434
0.242
0.151
0.512
0.139
0.187
0.628
0.008
0.051
0.069
0.568
0.555
0.56
0.615
0.583
0.375
0.731
0.383
0.648
0.805
0.707
0.653
0.184
0.537
0.247
0.209
0.762
0.03
0.287
0.332
0.247
0.239
0.511
0.392
0.719
0.505
0.627
0.547
0.558
0.165
0.538
0.162
0.582
0.244
0.349
0.76
0.028
0.336
0.902
0.67
0.933
0.345
0.446
0.627
0.349
0.161
0.137
0.957
0.563
0.379
0.956
0.422
0.545
0.703
0.776
0.014
0.812
0.483
0.479
0.032
0.991
0.946
0.55
0.715
0.644
0.57
0.818
0.952
0.991
0.275
0.956
0.843
0.166
0.257
0.785
0.948
0.337
0.678
0.478
0.925
0.585
0.018
0.492
0.897
0.852
0.007
0.166
0.299
0.386
0.17
0.12
0.432
0.14
0.279
0.822
0.648
0.104
0.413
0.316
0.139
0.813
0.035
0.91
0.076
0.426
0.364
0.865
0.108
0.904
0.399
0.453
0.764
0.943
0.4
0.104
0.991
0.613
0.02
0.033
0.05
0.558
0.119
0.192
0.368
0.066
0.063
0.964
0.799
0.966
0.634
0.381
0.155
0.561
0.53
0.624
0.17
0.829
0.421
0.199
0.881
0.56
0.573
0.723
0.456
0.173
0.731
0.52
0.544
0.952
0.142
0.41
0.014
0.819
0.642
0.995
0.368
0.383
0.6
0.187
0.423
0.967
0.014
0.177
0.172
0.304
0.952
0.193
0.665
0.086
0.213
0.028
0.836
0.948
0.903
0.829
0.364
0.609
0.012
0.796
0.029
0.897
0.137
0.151
0.593
0.302
0.896
0.46
0.818
0.216
0.3
0.034
0.143
0.479
0.936
0.657
0.885
0.847
0.018
0.034
0.46
0.888
0.916
0.17
0.484
0.307
0.814
0.028
0.946
0.068
0.649
0.561
0.391
0.535
0.646
0.9
0.916
0.176
0.584
0.91
0.424
0.289
0.993
0.861
0.872
0.854
0.42
0.889
0.924
0.167
0.952
0.057
0.926
0.978
0.847
0.899
0.766
0.003
0.135
0.99
0.219
0.079
0.623
0.426
0.623
0.742
0.938
0.668
0.009
0.586
0.473
0.867
0.863
0.606
0.034
0.814
0.276
0.199
0.79
0.617
0.497
0.305
0.961
0.32
0.076
0.45
0.156
0.674
0.921
0.03
0.805
0.812
0.293
0.08
0.572
0.592
0.365
0.542
0.909
0.033
0.62
0.936
0.388
0.396
0.219
0.11
0.191
0.995
0.899
0.487
0.499
0.764
0.031
0.387
0.391
0.994
0.999
0.483
0.061
0.814
0.247
0.405
0.872
0.94
0.864
0.26
0.283
0.93
0.997
0.353
0.387
0.491
0.66
0.128
0.47
0.924
0.663
0.33
0.299
0.113
0.599
0.869
0.69
0.577
0.045
0.078
0.14
0.954
0.924
0.629
0.033
0.368
0.475
0.446
0.797
0.055
0.25
0.566
0.817
0.326
0.177
0.246
0.045
0.347
0.95
0.174
0.944
0.279
0.727
0.717
0.775
0.645
0.331
0.277
0.702
0.961
0.205
0.489
0.936
0.933
0.027
0.236
0.732
0.099
0.527
0.546
0.298
0.235
0.588
0.94
0.255
0.449
0.118
0.73
0.604
0.167
0.158
0.707
0.191
0.328
0.712
0.766
0.883
0.162
0.587
0.093
0.531
0.972
0.481
0.078
0.735
0.996
0.905
0.007
0.209
0.991
0.016
0.579
0.167
0.669
0.904
0.135
0.762
0.82
0.876
0.982
0.93
0.084
0.16
0.258
0.849
0.195
0.753
0.605
0.482
0.499
0.283
0.194
0.946
0.161
0.181
0.111
0.874
0.086
0.469
0.032
0.026
0.349
0.242
0.133
0.218
0.335
0.672
0.322
0.924
0.853
0.973
0.056
0.805
0.296
0.907
0.153
0.562
0.359
0.289
0.742
0.687
0.102
0.604
0.683
0.974
0.365
0.5
0.678
0.3
0.112
0.522
0.067
0.845
0.778
0.106
0.741
0.652
0.682
0.822
0.756
0.414
0.242
0.032
0.526
0.179
0.949
0.508
0.05
0.836
0.18
0.41
0.253
0.397
0.564
0.548
0.989
0.951
0.324
0.063
0.25
0.033
0.754
0.141
0.054
0.97
0.246
0.411
0.54
0.93
0.053
0.073
0.551
0.504
0.263
0.783
0.556
0.262
0.328
0.03
0.405
0.242
0.533
0.911
0.533
0.234
0.653
0.494
0.501
0.125
0.643
0.293
0.032
0.227
0.572
0.744
0.704
0.002
0.395
0.536
0.345
0.946
0.016
0.748
0.317
0.499
0.718
0.914
0.626
0.878
0.434
0.431
0.623
0.184
0.388
0.054
0.178
0.938
0.182
0.19
0.887
0.004
0.625
0.778
0.185
0.337
0.041
0.16
0.542
0.244
0.303
0.16
0.472
0.408
0.078
0.512
0.279
0.309
0.043
0.369
0.124
0.482
0.655
0.837
0.53
0.4
0.946
0.2
0.922
0.644
0.483
0.537
0.101
0.001
0.042
0.419
0.048
0.149
0.672
0.382
0.05
0.686
0.104
0.735
0.991
0.218
0.209
0.168
0.989
0.396
0.744
0.753
0.025
0.278
0.125
0.594
0.189
0.489
0.025
0.446
0.525
0.088
0.553
0.972
0.602
0.37
0.524
0.651
0.937
0.132
0.376
0.412
0.634
0.413
0.148
0.862
0.104
0.7
0.716
0.919
0.079
0.841
0.767
0.007
0.983
0.621
0.506
0.144
0.746
0.827
0.978
0.89
0.096
0.16
0.078
0.509
0.02
0.856
0.326
0.191
0.558
0.322
0.063
0.549
0.127
0.126
0.043
0.979
0.605
0.302
0.968
0.406
0.763
0.071
0.08
0.4
0.635
0.681
0.005
0.638
0.564
0.044
0.81
0.497
0.172
0.151
0.733
0.468
0.201
0.051
0.128
0.448
0.438
0.395
0.781
0.83
0.678
0.81
0.942
0.474
0.383
0.979
0.658
0.884
0.016
0.253
0.099
0.424
0.677
0.37
0.127
0.381
0.32
0.247
0.954
0.561
0.109
0.171
0.991
0.815
0.728
0.094
0.836
0.629
0.322
0.266
0.081
0.752
0.43
0.088
0.892
0.728
0.224
0.957
0.834
0.649
0.013
0.29
0.725
0.932
0.803
0.41
0.966
0.529
0.918
0.87
0.45
0.313
0.009
0.502
0.724
0.498
0.982
0.078
0.849
0.559
0.386
0.619
0.205
0.795
0.352
0.136
0.882
0.113
0.156
0.994
0.325
0.376
0.7
0.938
0.841
0.931
0.573
0.83
0.081
0.74
0.124
0.703
0.291
0.733
0.88
0.981
0.703
0.862
0.603
0.126
0.645
0.107
0.144
0.106
0.849
0.842
0.629
0.855
