0.316
0.104
0.378
0.532
0.886
0.692
0.557
0.496
0.577
0.871
0.864
0.038
0.899
0.06
0.721
0.621
0.167
0.713
0.997
0.481
0.165
0.861
0.02
0.726
0.403
0.783
0.449
0.265
0.894
0.366
0.767
0.74
0.534
0.738
0.074
0.727
0.4
0.098
0.747
0.622
0.751
0.127
0.072
0.384
0.143
0.483
0.472
0.764
0.01
0.419
0.484
0.649
0.031
0.122
0.637
0.946
0.763
0.218
0.726
0.602
0.815
0.93
0.86
0.034
0.582
0.665
0.159
0.41
0.047
0.2
0.033
0.757
0.729
0.979
0.664
0.982
0.525
0.975
0.203
0.861
0.357
0.59
0.773
0.155
0.524
0.753
0.588
0.525
0.519
0.335
0.99
0.771
0.219
0.778
0.949
0.09
0.457
0
0.747
0.673
0.501
0.057
0.322
0.706
0.673
0.437
0.965
0.134
0.494
0.778
0.738
0.725
0.245
0.392
0.788
0.395
0.645
0.154
0.27
0.096
0.68
0.362
0.64
0.367
0.381
0.575
0.573
0.713
0.339
0.443
0.971
0.377
0.387
0.503
0.424
0.081
0.48
0.475
0.332
0.906
0.117
0.639
0.654
0.364
0.415
0.927
0.009
0.908
0.207
0.036
0.7
0.329
0.931
0.993
0.07
0.818
0.305
0.384
0.993
0.924
0.231
0.996
0
0.167
0.922
0.493
0.905
0.342
0.48
0.475
0.219
0.326
0.949
0.944
0.481
0.946
0.731
0.611
0.439
0.096
0.416
0.736
0.564
0.219
0.794
0.638
0.191
0.522
0.901
0.791
0.804
0.772
0.749
0.704
0.031
0.028
0.662
0.379
0.082
0.753
0.03
0.572
0.22
0.304
0.076
0.226
0.58
0.43
0.662
0.934
0.492
0.218
0.421
0.941
0.115
0.33
0.623
0.203
0.908
0.407
0.263
0.427
0.769
0.095
0.745
0.841
0.11
0.084
0.402
0.428
0.985
0.294
0.648
0.247
0.572
0.154
0.462
0.617
0.969
0
0.082
0.544
0.696
0.346
0.222
0.163
0.845
0.875
0.483
0.028
0.004
0.479
0.321
0.173
0.31
0.794
0.946
0.598
0.96
0.558
0.386
0.111
0.387
0.851
0.761
0.557
0.818
0.653
0.389
0.767
0.212
0.921
0.012
0.826
0.747
0.75
0.351
0.545
0.404
0.54
0.211
0.196
0.267
0.411
0.759
0.443
0.962
0.702
0.745
0.781
0.459
0.524
0.306
0.441
0.117
0.408
0.53
0.139
0.101
0.522
0.579
0.654
0.794
0.015
0.241
0.577
0.062
0.501
0.116
0.373
0.41
0.633
0.365
0.899
0.125
0.213
0.445
0.873
0.072
0.758
0.468
0.833
0.809
0.296
0.174
0.918
0.524
0.048
0.076
0.069
0.768
0.018
0.432
0.78
0.859
0.157
0.464
0.225
0.946
0.302
0.754
0.572
0.553
0.576
0.376
0.091
0.759
0.671
0.135
0.536
0.869
0.108
0
0.764
0.478
0.607
0.602
0.034
0.779
0.05
0.765
0.739
0.545
0.345
0.117
0.772
0.986
0.82
0.636
0.33
0.912
0.835
0.025
0.621
0.773
0.801
0.019
0.223
0.848
0.653
0.933
0.294
0.018
0.025
0.872
0.294
0.134
0.73
0.85
0.231
0.839
0.409
0.795
0.419
0.406
0.647
0.135
0.371
0.651
0.112
0.488
0.308
0.874
0.282
0.096
0.485
0.937
0.279
0.427
0.405
0.566
0.885
0.012
0.655
0.779
0
0.263
0.579
0.534
0.496
0.939
0.98
0.144
0.919
0.554
0.798
0.245
0.171
0.319
0.626
0.258
0.957
0.49
0.812
0.98
0.823
0.769
0.546
0.968
0.941
0.829
0.636
0.343
0.964
0.173
0.584
0.289
0.388
0.394
0.01
0.693
0.787
0.416
0.941
0.662
0.962
0.19
0.91
0.736
0.648
0.021
0.107
0.959
0.326
0.984
0.68
0.204
0.012
0.798
0.28
0.418
0.676
0.782
0.202
0.528
0.172
0.426
0.374
0.092
0.137
0.505
0.147
0.142
0.726
0.818
0.526
0.308
0.568
0.6
0.511
0.047
0.245
0.847
0.528
0.562
0.666
0.748
0.199
0.343
0.508
0.045
0.325
0.539
0.738
0.829
0.826
0.083
0.63
0.216
0.178
0.309
0.812
0.158
0.432
0.149
0.845
0.812
0.445
0.482
0.095
0.516
0.712
0.393
0.492
0.203
0.285
0.065
0.212
0.424
0.926
0.001
0.052
0.781
0.702
0.784
0.612
0.76
0.888
0.783
0.128
0.676
0.725
0.831
0.719
0.305
0.557
0.16
0.576
0.463
0.318
0.295
0.166
0.149
0.875
0.337
0.708
0.036
0.467
0.759
0.321
0.87
0.398
0.261
0.939
0.732
0.136
0.006
0.863
0.847
0.701
0.325
0.531
0.958
0.564
0.321
0.13
0.238
0.43
0.88
0.163
0.881
0.779
0.6
0.926
0.986
0.597
0.421
0.285
0.032
0.661
0.371
0.427
0.148
0.289
0.904
0.518
0.265
0.565
0.468
0.728
0.508
0.408
0.884
0.725
0.708
0.904
0.292
0.973
0.412
0.117
0.29
0.677
0.572
0.293
0.799
0.299
0.267
0.538
0.015
0.927
0.22
0.628
0.588
0.514
0.847
0.514
0.842
0.553
0.842
0.243
0.518
0.619
0.146
0.11
0.036
0.676
0.007
0.462
0.332
0.231
0.635
0.285
0.714
0.205
0.877
0.513
0.604
0.851
0.777
0.222
0.301
0.554
0.904
0.193
0.903
0.459
0.453
0.784
0.121
0.325
0.599
0.614
0.476
0.219
0.727
0.193
0.235
0.349
0.559
0.935
0.15
0.618
0.616
0.883
0.589
0.098
0.126
0.464
0.899
0.692
0.407
0.245
0.41
0.129
0.309
0.852
0.912
0.391
0.568
0.768
0.174
0.649
0.793
0.316
0.623
0.58
0.926
0.77
0.495
0.771
0.245
0.938
0.673
0.882
0.494
0.607
0.145
0.12
0.969
0.025
0.933
0.584
0.449
0.487
0.19
0.716
0.953
0.849
0.724
0.797
0.107
0.646
0.971
0.304
0.895
0.175
0.296
0.852
0.517
0.297
0.24
0.549
0.962
0.113
0.439
0.54
0.586
0.979
0.662
0.849
0.403
0.21
0.481
0.281
0.716
0.533
0.424
0.452
0.604
0.247
0.548
0.712
0.113
0.503
0.446
0.481
0.192
0.636
0.618
0.238
0.228
0.617
0.849
0.434
0.055
0.819
0.975
0.491
0.065
0.141
0.778
0.322
0.48
0.568
0.027
0.516
0.728
0.548
0.636
0.33
0.15
0.202
0.225
0.584
0.641
0.942
0.185
0.344
0.204
0.492
0.557
0.794
0.281
0.923
0.685
0.861
0.334
0.11
0.918
0.469
0.854
0.485
0.691
0.362
0.95
0.184
0.37
0.393
0.168
0.972
0.156
0.4
0.584
0.843
0.065
0.983
0.664
0.572
0.225
0.721
0.017
0.318
0.192
0.109
0.303
0.95
0.045
0.581
0.35
0.753
0.824
0.94
0.159
0.935
0.774
0.132
0.929
0.013
0.525
0.783
0.091
0.468
0.284
0.115
0.111
0.236
0.959
0.973
0.65
0.024
0.558
0.261
0.256
0.446
0.782
0.96
0.239
0.248
0.753
0.179
0.438
0.036
0.233
0.53
0.346
0.465
0.742
0.405
0.647
0.716
0.833
0.485
0.446
0.335
0.078
0.201
0.053
0.533
0.926
0.836
0.327
0.735
0.047
0.35
0.483
0.616
0.927
0.202
0.996
0.293
0.44
0.197
0.647
0.804
0.261
0.604
0.038
0.41
0.807
0.491
0.114
0.07
0.214
0.767
0.755
0.401
0.593
0.102
0.923
0.455
0.004
0.299
0.358
0.857
0.381
0.789
0.652
0.478
0.839
0.093
0.478
0.397
0.497
0.525
0.022
0.838
0.695
0.018
0.356
0.894
0.915
0.958
0.854
0.278
0
0.924
0.476
0.083
0.529
0.869
0.896
0.197
0.13
0.73
0.883
0.403
0.562
0.755
0.031
0.021
0.645
0.878
0.462
0.799
0.019
0.174
0.651
0.57
0.436
0.893
0.358
0.368
0.73
0.641
0.65
0.387
0.841
0.279
0.41
0.408
0.942
0.747
0.724
0.435
0.278
0.096
0.85
0.961
0.855
0.942
0.529
0.567
0.2
0.603
0.878
0.019
0.517
0.59
0.0
0.69
0.19
0.849
0.398
0.23
0.083
0.063
0.057
0.723
0.571
0.321
