0.763
0.978
0.205
0.513
0.802
0.746
0.163
0.076
0.528
0.093
0.059
0.968
0.095
0.877
0.186
0.377
0.187
0.354
0.981
0.341
0.08
0.302
0.57
0.398
0.04
0.45
0.709
0.816
0.963
0.389
0.548
0.425
0.314
0.224
0.092
0.041
0.45
0.877
0.08
0.11
0.694
0.26
0.409
0.562
0.134
0.383
0.785
0.353
0.432
0.595
0.824
0.902
0.088
0.713
0.556
0.902
0.314
0.905
0.898
0.699
0.703
0.731
0.66
0.313
0.588
0.905
0.999
0.994
0.013
0.909
0.018
0.172
0.915
0.383
0.373
0.678
0.789
0.575
0.001
0.19
0.759
0.594
0.007
0.624
0.114
0.581
0.989
0.46
0.169
0.539
0.16
0.936
0.523
0.045
0.315
0.374
0.957
0.565
0.682
0.483
0.21
0.559
0.804
0.286
0.016
0.598
0.945
0.309
0.453
0
0.883
0.005
0.297
0.78
0.575
0.682
0.875
0.447
0.337
0.254
0.196
0.667
0.243
0.544
0.2
0.937
0.927
0.925
0.843
0.599
0.717
0.28
0.072
0.068
0.876
0.171
0.382
0.837
0.568
0.381
0.6
0.852
0.902
0.428
0.227
0.145
0.458
0.249
0.449
0.058
0.43
0.335
0.082
0.939
0.462
0.76
0.959
0.924
0.784
0.66
0.885
0.699
0.713
0.388
0.786
0.991
0.922
0.19
0.199
0.713
0.603
0.134
0.083
0.659
0.489
0.77
0.209
0.437
0.452
0.316
0.938
0.868
0
0.931
0.819
0.999
0.483
0.801
0.577
0.578
0.957
0.893
0.111
0.91
0.499
0.545
0.173
0.721
0.871
0.53
0.52
0.234
0.138
0.141
0.479
0.889
0.65
0.281
0.866
0.226
0.986
0.603
0.539
0.231
0.91
0.898
0.066
0.297
0.093
0.19
0.075
0.521
0.355
0.429
0.077
0.984
0.047
0.127
0.151
0.934
0.499
0.822
0.86
0.487
0.564
0.398
0.368
0.131
0.04
0.262
0.917
0.94
0.281
0.879
0.103
0.157
0.043
0.402
0.25
0.618
0.942
0.49
0.487
0.671
0.199
0.054
0.515
0.131
0.983
0.529
0.902
0.307
0.329
0.793
0.322
0.565
0.232
0.784
0.481
0.857
0.509
0.225
0.887
0.16
0.149
0.587
0.674
0.913
0.21
0.036
0.736
0.322
0.394
0.597
0.646
0.801
0.998
0.032
0.866
0.185
0.189
0.455
0.048
0.869
0.43
0.372
0.186
0.903
0.145
0.415
0.741
0.309
0.867
0.55
0.545
0.523
0.725
0.781
0.854
0.646
0.691
0.943
0.844
0.794
0.685
0.669
0.272
0.92
0.286
0.17
0.041
0.201
0.02
0.841
0.383
0.517
0.93
0.849
0.366
0.026
0.848
0.134
0.032
0.285
0.643
0.046
0.008
0.536
0.327
0.748
0.196
0.269
0.917
0.846
0.245
0.785
0.154
0.772
0.659
0.445
0.13
0.088
0.754
0.12
0.549
0.941
0.595
0.083
0.172
0.791
0.796
0.465
0.066
0.475
0.018
0.651
0.375
0.866
0.626
0.647
0.932
0.784
0.682
0.303
0.147
0.809
0.6
0.747
0.548
0.166
0.898
0.077
0.216
0.897
0.577
0.692
0.52
0.163
0.573
0.071
0.772
0.36
0.071
0.623
0.923
0.775
0.35
0.649
0.115
0.602
0.575
0.164
0.326
0.383
0.879
0.303
0.44
0.483
0.19
0.876
0.291
0.611
0.085
0.82
0.232
0.167
0.871
0.702
0.291
0.756
0.874
0.549
0.184
0.973
0.379
0.206
0.745
0.878
0.392
0.038
0.936
0.166
0.205
0.248
0.072
0.59
0.474
0.753
0.205
0.832
0.388
0.025
0.949
0.143
0.231
0.327
0.545
0.723
0.997
0.062
0.486
0.564
0.928
0.944
0.201
0.858
0.311
0.336
0.47
0.094
0.444
0.789
0.193
0.659
0.852
0.649
0.331
0.71
0.356
0.763
0.327
0.035
0.768
0.437
0.368
0.01
0.64
0.601
0.394
0.643
0.994
0.574
0.216
0.673
0.763
0.235
0.93
0.595
0.469
0.306
0.529
0.952
0.921
0.022
0.416
0.532
0.591
0.127
0.502
0.89
0.061
0.991
0.694
0.32
0.374
0.204
0.17
0.604
0.609
0.236
0.303
0.385
0.144
0.076
0.796
0.565
0.829
0.721
0.239
0.869
0.034
0.104
0.212
0.09
0.488
0.946
0.743
0.164
0.622
0.273
0.06
0.314
0.243
0.572
0.595
0.811
0.588
0.486
0.478
0.889
0.875
0.451
0.878
0.148
0.438
0.552
0.378
0.318
0.883
0.352
0.693
0.184
0.891
0.61
0.018
0.002
0.358
0.575
0.254
0.266
0.122
0.848
0.987
0.843
0.46
0.266
0.714
0.481
0.954
0.605
0.339
0.476
0.03
0.388
0.38
0.511
0.342
0.071
0.768
0.892
0.461
0.109
0.431
0.942
0.415
0.433
0.144
0.412
0.215
0.057
0.67
0.352
0.32
0.423
0.115
0.832
0.687
0.99
0.481
0.895
0.201
0.411
0.846
0.972
0.571
0.198
0.989
0.219
0.987
0.113
0.461
0.72
0.243
0.424
0.543
0.053
0.05
0.806
0.034
0.391
0.347
0.206
0.916
0.604
0.469
0.625
0.906
0.981
0.393
0.766
0.238
0.742
0.581
0.737
0.956
0.681
0.807
0.833
0.463
0.839
0.997
0.917
0.758
0.135
0.169
0.827
0.735
0.234
0.24
0.702
0.641
0.241
0.285
0.942
0.527
0.145
0.193
0.914
0.378
0.379
0.208
0.158
0.474
0.706
0.863
0.694
0.393
0.415
0.502
0.303
0.34
0.723
0.88
0.506
0.825
0.851
0.778
0.361
0.158
0.006
0.726
0.7
0.452
0.417
0.424
0.724
0.594
0.471
0.969
0.106
0.016
0.295
0.179
0.569
0.4
0.493
0.559
0.23
0.238
0.353
0.933
0.19
0.128
0.87
0.938
0.153
0.913
0.085
0.09
0.491
0.01
0.416
0.533
0.335
0.546
0.74
0.326
0.187
0.64
0.231
0.712
0.795
0.612
0.459
0.207
0.487
0.304
0.65
0.799
0.139
0.538
0.344
0.502
0.227
0.515
0.615
0.669
0.877
0.247
0.356
0.241
0.423
0.964
0.891
0.087
0.663
0.841
0.463
0.948
0.132
0.579
0.94
0.519
0.071
0.059
0.452
0.917
0.48
0.085
0.245
0.309
0.576
0.246
0.222
0.42
0.961
0.208
0.677
0.719
0.325
0.899
0
0.964
0.815
0.997
0.752
0.951
0.274
0.663
0.499
0.244
0.821
0.712
0.771
0.985
0.007
0.71
0.748
0.568
0.63
0.823
0.228
0.917
0.585
0.279
0.574
0.332
0.666
0.674
0.219
0.783
0.065
0.521
0.691
0.519
0.321
0.122
0.258
0.336
0.965
0.849
0.156
0.657
0.528
0.108
0.061
0.596
0.779
0.613
0.749
0.325
0.946
0.648
0.026
0.374
0.499
0.991
0.384
0.528
0.987
0.52
0.59
0.41
0.169
0.697
0.125
0.395
0.503
0.369
0.395
0.759
0.351
0.891
0.336
0.448
0.306
0.027
0.28
0.715
0.639
0.983
0.126
0.482
0.432
0.149
0.252
0.465
0.341
0.929
0.893
0.956
0.065
0.724
0.19
0.755
0.747
0.446
0.758
0.334
0.646
0.955
0.762
0.59
0.609
0.651
0.023
0.522
0.88
0.39
0.009
0.138
0.223
0.151
0.348
0.922
0.058
0.133
0.122
0.491
0.04
0.465
0.893
0.055
0.689
0.51
0.707
0.906
0.883
0.659
0.024
0.303
0.779
0.325
0.22
0.406
0.754
0.781
0.944
0.36
0.649
0.444
0.202
0.025
0.33
0.809
0.546
0.235
0.944
0.576
0.3
0.001
0.939
0.982
0.428
0.684
0.456
0.674
0.441
0.655
0.892
0.465
0.657
0.96
0.124
0.891
0.54
0.753
0.753
0.39
0.561
0.254
0.077
0.523
0.046
0.811
0.124
0.112
0.217
0.472
0.219
0.236
0.216
0.549
0.765
0.068
0.617
0.336
0.654
0.265
0.936
0.657
0.852
0.288
0.623
0.361
0.742
0.336
0.473
0.524
0.077
0.599
0.135
0.301
0.089
0.121
0.261
0.637
0.018
0.668
0.576
0.447
0.362
0.923
0.494
0.437
0.121
0.473
0.708
0.153
0.503
0.725
0.3
0.385
0.63
0.655
0.971
0.078
0.613
0.544
0.299
