0.201
0.999
0.835
0.919
0.294
0.708
0.963
0.486
0.585
0.465
0.201
0.962
0.801
0.313
0.307
0.854
0.815
0.186
0.69
0.45
0.303
0.54
0.411
0.467
0.172
0.021
0.388
0.8
0.863
0.176
0.062
0.894
0.738
0.551
0.182
0.646
0.178
0.323
0.159
0.706
0.131
0.986
0.681
0.752
0.011
0.19
0.86
0.77
0.721
0.351
0.325
0.043
0.927
0.683
0.884
0.203
0.239
0.503
0.973
0.408
0.368
0.748
0.577
0.619
0.326
0.306
0.909
0.747
0.865
0.863
0.122
0.795
0.228
0.398
0.55
0.928
0.098
0.604
0.283
0.063
0.164
0.522
0.546
0.908
0.125
0.892
0.688
0.646
0.32
0.7
0.392
0.697
0.834
0.519
0.219
0.216
0.227
0.385
0.615
0.045
0.56
0.032
0.34
0.389
0.532
0.404
0.492
0.867
0.241
0.739
0.6
0.399
0.633
0.033
0.992
0.707
0.663
0.906
0.008
0.143
0.522
0.474
0.244
0.014
0.66
0.518
0.162
0.841
0.346
0.487
0.255
0.804
0.696
0.6
0.992
0.397
0.58
0.199
0.517
0.209
0.823
0.219
0.55
0.39
0.32
0.689
0.075
0.947
0.18
0.725
0.147
0.964
0.894
0.064
0.207
0.349
0.066
0.014
0.408
0.537
0.595
0.237
0.888
0.883
0.473
0.215
0.354
0.443
0.595
0.232
0.2
0.821
0.937
0.379
0.055
0.377
0.748
0.946
0.906
0.093
0.353
0.648
0.119
0.835
0.046
0.956
0.868
0.368
0.101
0.833
0.321
0.739
0.762
0.711
0.686
0.307
0.846
0.524
0.902
0.618
0.71
0.807
0.461
0.903
0.305
0.744
0.775
0.843
0.556
0.556
0.26
0.985
0.594
0.708
0.964
0.946
0.379
0.149
0.901
0.484
0.657
0.728
0.001
0.982
0.423
0.589
0.556
0.099
0.546
0.666
0.885
0.778
0.916
0.18
0.011
0.958
0.501
0.841
0.888
0.646
0.429
0.104
0.625
0.408
0.529
0.1
0.63
0.161
0.853
0.984
0.473
0.145
0.766
0.016
0.911
0.493
0.348
0.515
0.131
0.313
0.116
0.589
0.683
0.033
0.373
0.233
0.519
0.005
0.981
0.6
0.012
0.837
0.825
0.303
0.265
0.011
0.406
0.887
0.832
0.449
0.788
0.375
0.304
0.293
0.34
0.894
0.202
0.228
0.568
0.493
0.375
0.681
0.977
0.264
0.784
0.49
0.574
0.308
0.788
0.62
0.288
0.845
0.894
0.583
0.773
0.492
0.64
0.518
0.741
0.236
0.848
0.068
0.184
0.718
0.668
0.994
0.619
0.273
0.882
0.098
0.063
0.226
0.733
0.351
0.719
0.725
0.623
0.293
0.287
0.295
0.375
0.055
0.461
0.565
0.215
0.698
0.607
0.059
0.8
0.759
0.361
0.947
0.784
0.266
0.928
0.298
0.508
0.346
0.37
0.267
0.525
0.053
0.567
0.166
0.415
0.207
0.009
0.072
0.807
0.986
0.769
0.143
0.064
0.978
0.669
0.819
0.145
0.474
0.134
0.459
0.476
0.08
0.439
0.001
0.53
0.371
0.213
0.614
0.06
0.563
0.52
0.704
0.831
0.514
0.67
0.955
0.659
0.938
0.561
0.766
0.627
0.956
0.972
0.414
0.54
0.529
0.337
0.45
0.759
0.488
0.855
0.74
0.741
0.917
0.386
0.677
0.69
0.742
0.423
0.111
0.799
0.534
0.395
0.543
0.215
0.582
0.616
0.444
0.162
0.794
0.708
0.659
0.999
0.098
0.079
0.727
0.842
0.959
0.449
0.774
0.873
0.428
0.048
0.243
0.552
0.816
0.833
0.841
0.0
0.568
0.647
0.247
0.557
0.122
0.497
0.528
0.148
0.412
0.843
0.335
0.699
0.485
0.53
0.487
0.132
0.43
0.142
0.018
0.862
0.965
0.048
0.208
0.616
0.586
0.564
0.595
0.837
0.751
0.755
0.326
0.748
0.804
0.317
0.371
0.931
0.06
0.093
0.201
0.663
0.302
0.079
0.971
0.687
0.271
0.682
0.904
0.948
0.25
0.345
0.617
0.857
0.041
0.714
0.885
0.338
0.629
0.105
0.257
0.127
0.318
0.461
0.401
0.02
0.055
0
0.313
0.726
0.592
0.173
0.593
0.46
0.723
0.045
0.405
0.48
0.059
0.166
0.154
0.761
0.172
0.918
0
0.26
0.753
0.483
0.13
0.838
0.859
0.604
0.135
0.486
0.102
0.928
0.593
0.229
0.448
0.626
0.283
0.789
0.933
0.347
0.635
0.213
0.005
0.819
0.114
0.883
0.823
0.294
0.314
0.797
0.175
0.054
0.052
0.561
0.351
0.753
0.316
0.1
0.293
0.195
0.726
0.802
0.305
0.885
0.742
0.45
0.916
0.093
0.877
0.522
0.568
0.203
0.277
0.221
0.439
0.74
0.605
0.661
0.436
0.342
0.18
0.592
0.902
0.297
0.599
0.697
0.556
0.134
0.796
0.177
0.161
0.067
0.375
0.108
0.012
0.538
0.883
0.091
0.946
0.043
0.529
0.807
0
0.349
0.194
0.756
0.323
0.08
0.74
0.925
0.464
0.975
0.679
0.99
0.659
0.753
0.004
0.055
0.547
0.618
0.805
0.399
0.906
0.763
0.633
0.111
0.461
0.374
0.985
0.861
0.169
0.711
0.96
0.053
0.351
0.703
0.661
0.412
0.785
0.181
0.81
0.568
0.445
0.887
0.336
0.059
0.001
0.757
0.367
0.674
0.579
0.439
0.262
0.68
0.83
0.006
0.113
0.14
0.374
0.927
0.2
0.638
0.329
0.774
0.146
0.717
0.856
0.856
0.858
0.292
0.735
0.874
0.449
0.782
0.982
0.19
0.856
0.365
0.276
0.358
0.562
0.011
0.225
0.884
0.29
0.938
0.813
0.176
0.106
0.213
0.2
0.118
0.192
0.099
0.378
0.403
0.693
0.068
0.314
0.148
0.409
0.023
0.297
0.163
0.353
0.725
0.156
0.754
0.855
0.375
0.042
0.555
0.539
0.891
0.906
0.064
0.32
0.241
0.495
0.838
0.498
0.039
0.004
0.542
0.745
0.791
0.722
0.256
0.573
0.401
0.258
0.459
0.184
0.332
0.094
0.136
0.383
0.968
0.571
0.366
0.732
0.123
0.576
0.358
0.889
0.892
0.815
0.54
0.355
0.495
0.84
0.678
0.825
0.69
0.224
0.919
0.065
0.009
0.988
0.631
0.734
0.565
0.705
0.751
0.623
0.514
0.098
0.261
0.703
0.826
0.289
0.416
0.345
0.595
0.44
0.846
0.731
0.241
0.073
0.905
0.941
0.135
0.981
0.672
0.798
0.604
0.818
0.191
0.546
0.063
0.343
0.509
0.73
0.277
0.72
0.26
0.214
0.593
0.943
0.231
0.078
0.588
0.606
0.655
0.683
0.353
0.174
0.955
0.168
0.079
0.759
0.39
0.688
0.236
0.821
0.313
0.112
0.601
0.626
0.141
0.778
0.338
0.047
0.197
0.578
0.209
0.184
0.562
0.257
0.058
0.991
0.677
0.429
0.177
0.059
0.861
0.381
0.872
0.736
0.723
0.12
0.861
0.832
0.783
0.973
0.607
0.412
0.097
0.682
0.253
0.287
0.606
0.351
0.893
0.716
0.245
0.211
0.685
0.145
0.209
0.111
0.557
0.82
0.0
0.536
0.33
0.623
0.21
0.425
0.569
0.271
0.194
0.613
0.141
0.844
0.299
0.039
0.285
0.435
0.086
0.347
0.707
0.914
0.758
0.177
0.168
0.073
0.603
0.118
0.097
0.26
0.295
0.952
0.658
0.71
0.034
0.342
0.684
0.896
0.021
0.377
0.781
0.45
0.072
0.596
0.509
0.712
0.83
0.662
0.705
0.948
0.548
0.064
0.526
0.847
0.184
0.403
0.121
0.496
0.471
0.87
0.931
0.012
0.04
0.165
0.935
0.281
0.851
0.723
0.935
0.27
0.308
0.303
0.84
0.005
0.893
0.854
0.702
0.529
0.694
0.625
0.193
0.887
0.262
0.993
0.365
0.364
0.298
0.232
0.512
0.001
0.482
0.96
0.646
0.357
0.694
0.775
0.743
0.124
0.441
0.579
0.077
0.016
0.343
0.881
0.98
0.372
0.313
0.32
0.782
0.563
0.422
0.805
0.964
0.813
0.511
0.539
0.016
0.13
0.095
0.636
0.411
0.782
0.095
0.057
0.437
0.884
0.233
0.011
0.4
0.364
0.244
0.841
0.133
0.653
0.934
0.529
0.575
0.893
