0.293
0.053
0.361
0.263
0.633
0.267
0.615
0.973
0.617
0.895
0.238
0.275
0.559
0.656
0.845
0.724
0.47
0.865
0.09
0.087
0.9
0.198
0.854
0.666
0.684
0.732
0.255
0.322
0.699
0.188
0.059
0.462
0.166
0.006
0.125
0.79
0.18
0.626
0.901
0.844
0.946
0.581
0.076
0.25
0.279
0.178
0.181
0.148
0.583
0.523
0.739
0.651
0.991
0.579
0.555
0.692
0.259
0.954
0.532
0.987
0.032
0.534
0.296
0.274
0.448
0.576
0.754
0.938
0.619
0.243
0.366
0.096
0.32
0.323
0.732
0.787
0.052
0.934
0.084
0.332
0.666
0.654
0.087
0.845
0.626
0.218
0.902
0.46
0.649
0.366
0.543
0.08
0.561
0.403
0.429
0.478
0.282
0.961
0.956
0.149
0.019
0.573
0.754
0.531
0.98
0.033
0.387
0.403
0.684
0.34
0.887
0.45
0.023
0.467
0.077
0.689
0.977
0.74
0.535
0.24
0.071
0.616
0.041
0.049
0.708
0.959
0.749
0.905
0.01
0.471
0.99
0.594
1.0
0.724
0.579
0.521
0.367
0.325
0.745
0.096
0.27
0.221
0.449
0.01
0.115
0.123
0.273
0.326
0.86
0.249
0.75
0.86
0.336
0.442
0.194
0.923
0.882
0.948
0.277
0.772
0.477
0
0.393
0.468
0.461
0.867
0.994
0.183
0.301
0.209
0.356
0.346
0.246
0.299
0.927
0.698
0.175
0.443
0.05
0.037
0.623
0.255
0.45
0.521
0.085
0.539
0.999
0.342
0.622
0.21
0.69
0.29
0.424
0.982
0.723
0.28
0.46
0.647
0.178
0.125
0.658
0.193
0.161
0.174
0.67
0.875
0.065
0.412
0.978
0.202
0.839
0.828
0.564
0.245
0.441
0.64
0.104
0.893
0.969
0.749
0.831
0.889
0.472
0.752
0.192
0.326
0.658
0.197
0.244
0.207
0.764
0.625
0.97
0.812
0.338
0.608
0.194
0.201
0.075
0.596
0.852
0.826
0.468
0.556
0.984
0.711
0.25
0.471
0.478
0.154
0.232
0.808
0.294
0.899
0.238
0.184
0.306
0.158
0.534
0.546
0.297
0.018
0.813
0.069
0.707
0.025
0.198
0.957
0.54
0.609
0.414
0.133
0.81
0.765
0.53
0.415
0.657
0.084
0.817
0.922
0.611
0.179
0.787
0.483
0.961
0.111
0.342
0.525
0.988
0.738
0.424
0.893
0.249
0.099
0.772
0.916
0.509
0.59
0.14
0.029
0.117
0.924
0.667
0.253
0.129
0.941
0.449
0.766
0.119
0.855
0.637
0.791
0.563
0.988
0.939
0.441
0.044
0.234
0.338
0.922
0.023
0.104
0.793
0.493
0.02
0.43
0.798
0.408
0.159
0.46
0.823
0.192
0.998
0.627
0.1
0.416
0.314
0.563
0.676
0.689
0.68
0.677
0.335
0.41
0.938
0.204
0.834
0.212
0.849
0.873
0.376
0.87
0.628
0.476
0.814
0.022
0.582
0.525
0.259
0.608
0.151
0.398
0.901
0.248
0.504
0.298
0.195
0.877
0.018
0.339
0.973
0.325
0.432
0.939
0.028
0.447
0.575
0.93
0.448
0.992
0.494
0.591
0.811
0.659
0.913
0.255
0.222
0.326
0.68
0.633
0.352
0.741
0.487
0.96
0.924
0.313
0.081
0.415
0.601
0.469
0.201
0.947
0.883
0.368
0.263
0.141
0.785
0.001
0.667
0.348
0.147
0.087
0.469
0.54
0.895
0.838
0.624
0.407
0.981
0.928
0.175
0.457
0.895
0.958
0.873
0.524
0.673
0.997
0.262
0.2
0.202
0.819
0.698
0.399
0.524
0.234
0.406
0.578
0.947
0.488
0.014
0.841
0.573
0.815
0.505
0.306
0.226
0.958
0.065
0.264
0.426
0.209
0.416
0.075
0.134
0.85
0.02
0.639
0.905
0.702
0.436
0.751
0.278
0.856
0.214
0.285
0.472
0.614
0.902
0.968
0.271
0.616
0.952
0.609
0.684
0.767
0.78
0.038
0.168
0.697
0.27
0.183
0.125
0.572
0.131
0.169
0.926
0.04
0.816
0.419
0.413
0.898
0.53
0.395
0.988
0.068
0.509
0.193
0.539
0.942
0.011
0.853
0.227
0.534
0.542
0.783
0.584
0.863
0.907
0.883
0.958
0.65
0.035
0.167
0.123
0.087
0.243
0.018
0.584
0.12
0.028
0.511
0.511
0.334
0.547
0.352
0.66
0.846
0.488
0.908
0.911
0.961
0.64
0.731
0.102
0.481
0.552
0.292
0.722
0.954
0.357
0.2
0.924
0.938
0.009
0.866
0.872
0.648
0.79
0.288
0.88
0.407
0.892
0.391
0.141
0.389
0.103
0.105
0.03
0.764
0.926
0.629
0.565
0.19
0.414
0.554
0.789
0.733
0.642
0.643
0.748
0.286
0.623
0.52
0.561
0.692
0.94
0.434
0.106
0.423
0.733
0.116
0.581
0.974
0.759
0.174
0.568
0.095
0.111
0.957
0.897
0.025
0.051
0.295
0.638
0.207
0.708
0.902
0.991
0.656
0.171
0.797
0.156
0.904
0.945
0.726
0.806
0.001
0.202
0.309
0.713
0.316
0.893
0.617
0.236
0.942
0.846
0.215
0.997
0.887
0.676
0.41
0.427
0.664
0.124
0.063
0.907
0.714
0.699
0.035
0.257
0.238
0.899
0.944
0.85
0.797
0.284
0.984
0.084
0.396
0.84
0.066
0.564
0.548
0.593
0.644
0.203
0.953
0.679
0.563
0.867
0.563
0.889
0.323
0.648
0.977
0.969
0.389
0.093
0.258
0.382
0.098
0.558
0.578
0.735
0.078
0.657
0.53
0.21
0.277
0.794
0.108
0.117
0.589
0.364
0.448
0.507
0.849
0.782
0.592
0.013
0.173
0.067
0.893
0.703
0.909
0.165
0.576
0.369
0.447
0.088
0.803
0.945
0.804
0.87
0.961
0.329
0.356
0.928
0.239
0.726
0.15
0.793
0.694
0.404
0.827
0.459
0.313
0.534
0.618
0.124
0.622
0.473
0.944
0.78
0.239
0.681
0.34
0.004
0.861
0.029
0.561
0.712
0.789
0.349
0.673
0.31
0.155
0.85
0.983
0.846
0.166
0.762
0.877
0.554
0.272
0.915
0.689
0.919
0.913
0.786
0.233
0.638
0.079
0.491
0.602
0.418
0.943
0.908
0.517
0.102
0.096
0.29
0.271
0.149
0.141
0.697
0.582
0.492
0.102
0.712
0.35
0.45
0.166
0.196
0.565
0.556
0.263
0.887
0.393
0.748
0.141
0.103
0.211
0.846
0.836
0.727
0.096
0.568
0.188
0.49
0.85
0.951
0.806
0.733
0
0.307
0.029
0.528
0.148
0.244
0.844
0.281
0.345
0.554
0.566
0.757
0.504
0.559
0.79
0.39
0.634
0.942
0.345
0.308
0.702
0.755
0.504
0.63
0.396
0.694
0.293
0.374
0.757
0.704
0.585
0.363
0.964
0.622
0.387
0.447
0.867
0.348
0.56
0.154
0.215
0.636
0.648
0.01
0.469
0.322
0.246
0.503
0.562
0.852
0.782
0.274
0.284
0.311
0.529
0.424
0.165
0.778
0.095
0.362
0.545
0.064
0.662
0.765
0.91
0.912
0.596
0.481
0.412
0.133
0.73
0.066
0.269
0.894
0.645
0.868
0.173
0.682
0.254
0.589
0.478
0.084
0.694
0.472
0.624
0.001
0.402
0.246
0.684
0.951
0.937
0.729
0.511
0.847
0.097
0.635
0.205
0.378
0.873
0.906
0.623
0.894
0.134
0.847
0.753
0.311
0.871
0.143
0.512
0.182
0.383
0.81
0.35
0.119
0.339
0.682
0.218
0.967
0.132
0.177
0.783
0.634
0.001
0.13
0.597
0.208
0.644
0.884
0.094
0.885
0.137
0.223
0.513
0.489
0.769
0.516
0.682
0.261
0.557
0.03
0.001
0.726
0.408
0.846
0.387
0.037
0.325
0.813
0.464
0.8
0.252
0.448
0.698
0.285
0.196
0.61
0.724
0.441
0.364
0.681
0.68
0.309
0.575
0.053
0.008
0.857
0.276
0.462
0.692
0.923
0.214
0.719
0.485
0.479
0.521
0.049
0.028
0.569
0.291
0.866
0.105
0.976
0.706
0.696
0.262
0.318
0.417
0.104
0.629
0.015
0.31
0.549
0.727
0.77
0.539
0.128
0.469
0.365
0.172
0.259
0.672
0.227
0.439
0.483
0.568
0.448
0.713
0.482
0.791
0.902
0.347
0.246
0.95
0.454
0.356
