0.859
0.994
0.039
0.112
0.908
0.014
0.112
0.141
0.442
0.281
0.776
0.661
0.267
0.496
0.34
0.187
0.021
0.258
0.619
0.329
0.971
0.913
0.584
0.103
0.104
0.637
0.196
0.85
0.546
0.352
0.024
0.416
0.442
0.408
0.471
0.982
0.824
0.895
0.228
0.557
0.602
0.937
0.001
0.391
0.275
0.826
0.709
0.286
0.276
0.921
0.107
1.0
0.783
0.255
0.467
0.997
0.754
0.415
0.805
0.65
0.613
0.315
0.198
0.275
0.577
0.449
0.38
0.119
0.826
0.386
0.064
0.071
0.389
0.38
0.013
0.216
0.149
0.567
0.62
0.395
0.865
0.454
0.152
0.88
0.71
0.304
0.987
0.698
0.361
0.283
0.216
0.75
0.755
0.973
0.049
0.421
0.935
0.6
0.255
0.452
0.491
0.451
0.96
0.437
0.626
0.56
0.054
0.376
0.443
0.247
0.862
0.926
0.917
0.798
0.533
0.542
0.756
0.75
0.956
0.935
0.845
0.359
0.1
0.907
0.352
0.392
0.008
0.128
0.259
0.405
0.536
0.716
0.306
0.072
0.378
0.177
0.793
0.195
0.37
0.614
0.265
0.68
0.799
0.221
0.784
0.507
0.466
0.42
0.114
0.092
0.595
0.883
0.979
0.992
0.467
0.986
0.196
0.241
0.667
0.1
0.617
0.231
0.727
0.512
0.71
0.941
0.284
0.908
0.899
0.137
0.63
0.886
0.998
0.202
0.033
0.081
0.66
0.112
0.982
0.893
0.728
0.284
0.582
0.977
0.379
0.068
0.885
0.685
0.404
0.019
0.7
0.881
0.751
0.672
0.452
0.942
0.666
0.17
0.101
0.594
0.612
0.129
0.473
0.251
0.055
0.222
0.936
0.807
0.237
0.686
0.234
0.473
0.487
0.176
0.44
0.028
0.989
0.902
0.497
0.505
0.666
0.58
0.494
0.2
0.537
0.51
0.718
0.191
0.564
0.43
0.668
0.285
0.089
0.907
0.56
0.016
0.971
0.856
0.199
0.593
0.826
0.044
0.096
0.558
0.931
0.289
0.356
0.796
0.367
0.632
0.072
0.723
0.426
0.922
0.563
0.143
0.583
0.768
0.54
0.546
0.247
0.172
0.508
0.947
0.897
0.324
0.956
0.031
0.389
0.959
0.312
0.141
0.838
0.636
0.933
0.973
0.473
0.69
0.739
0.167
0.932
0.253
0.535
0.529
0.864
0.633
0.052
0.283
0.642
0.64
0.363
0.239
0.201
0.34
0.823
0.288
0.373
0.353
0.271
0.436
0.085
0.52
0.018
0.266
0.789
0.581
0.109
0.3
0.991
0.571
0.074
0.904
0.163
0.697
0.786
0.652
0.347
0.443
0.765
0.658
0.335
0.173
0.147
0.761
0.257
0.917
0.94
0.271
0.906
0.484
0.973
0.589
0.356
0.74
0.31
0.348
0.473
0.448
0.982
0.861
0.433
0.038
0.256
0.744
0.865
0.418
0.057
0.045
0.736
0.747
0.335
0.307
0.667
0.691
0.23
0.286
0.765
0.762
0.346
0.201
0.92
0.797
0.901
0.851
0.893
0.057
0.373
0.906
0.674
0.982
0.812
0.747
0.989
0.364
0.7
0.609
0.028
0.641
0.565
0.363
0.348
0.165
0.207
0.889
0.822
0.937
0.138
0.845
0.748
0.176
0.82
0.755
0.136
0.369
0.206
0.603
0.157
0.828
0.956
0.082
0.261
0.418
0.98
0.894
0.326
0.784
0.798
0.539
0.674
0.489
0.144
0.842
0.929
0.921
0.891
0.837
0.664
0.383
0.557
0.651
0.246
0.159
0.46
0.532
0.656
0.307
0.227
0.576
0.583
0.969
0.083
0.925
0.806
0.071
0.737
0.538
0.845
0.41
0.097
0.479
0.713
0.375
0.733
0.761
0.409
0.289
0.778
0.864
0.999
0.599
0.678
0.142
0.387
0.259
0.124
0.94
0.365
0.176
0.738
0.983
0.856
0.263
0.434
0.374
0.05
0.588
0.928
0.387
0.766
0.869
0.676
0.945
0.287
0.465
0.72
0.407
0.844
0.826
0.044
0.836
0.3
0.873
0.246
0.604
0.054
0.372
0.836
0.501
0.785
0.473
0.879
0.876
0.677
0.756
0.061
0.136
0.766
0.011
0.64
0.527
0.587
0.159
0.328
0.992
0.435
0.724
0.215
0.412
0.861
0.453
0.586
0.061
0.484
0.333
0.112
0.804
0.223
0.925
0.555
0.762
0.907
0.088
0.588
0.532
0.547
0.298
0.358
0.84
0.223
0.384
0.175
0.467
0.142
0.121
0.577
0.118
0.378
0.195
0.036
0.492
0.572
0.602
0.722
0.069
0.221
0.516
0.704
0.536
0.86
0.432
0.262
0.677
0.454
0.668
0.076
0.673
0.697
0.06
0.325
0.493
0.978
0.982
0.332
0.587
0.355
0.95
0.914
0.028
0.559
0.06
0.075
0.577
0.486
0.565
0.113
0.417
0.796
0.203
0.864
0.636
0.376
0.062
0.369
0.383
0.309
0.21
0.216
0.826
0.554
0.694
0.939
0.205
0.414
0.192
0.248
0.673
0.623
0.403
0.002
0.448
0.953
0.865
0.845
0.39
0.467
0.403
0.471
0.237
0.631
0.481
0.437
0.071
0.635
0.859
0.508
0.254
0.402
0.949
0.041
0.435
0.964
0.945
0.876
0.476
0.837
0.715
0.455
0.671
0.319
0.747
0.27
0.444
0.357
0.462
0.833
0.06
0.138
0.101
0.056
0.549
0.399
0.285
0.004
0.489
0.332
0.169
0.234
0.208
0.608
0.069
0.195
0.472
0.378
0.958
0.791
0.412
0.568
0.521
0.214
0.996
0.698
0.22
0.024
0.721
0.503
0.73
0.554
0.047
0.731
0.76
0.939
0.401
0.722
0.001
0.454
0.92
0.81
0.064
0.281
0.006
0.036
0.381
0.752
0.262
0.564
0.598
0.499
0.175
0.556
0.49
0.696
0.953
0.22
0.299
0.171
0.326
0.353
0.03
0.294
0.023
0.53
0.011
0.688
0.601
0.247
0.722
0.421
0.014
0.062
0.067
0.28
0.87
0.379
0.026
0.041
0.756
0.16
0.098
0.78
0.341
0.171
0.959
0.629
0.698
0.515
0.801
0.697
0.05
0.645
0.316
0.163
0.124
0.838
0.135
0.699
0.109
0.816
0.909
0.884
0.473
0.752
0.574
0.856
0.809
0.367
0.291
0.668
0.019
0.467
0.802
0.353
0.262
0.873
0.966
0.225
0.587
0.25
0.398
0.182
0.69
0.798
0.236
0.304
0.061
0.867
0.804
0.917
0.882
0.51
0.252
0.1
0.731
0.211
0.047
0.248
0.811
0.543
0.258
0.542
0.768
0.996
0.394
0.835
0.194
0.302
0.254
0.69
0.343
0.943
0.384
0.913
0.373
0.748
0.716
0.106
0.608
0.438
0.624
0.238
0.365
0.727
0.31
0.73
0.156
0.417
0.227
0.354
0.661
0.112
0.82
0.398
0.463
0.733
0.773
0.353
0.188
0.925
0.518
0.905
0.655
0.509
0.588
0.523
0.293
0.99
0.701
0.908
0.3
0.617
0.581
0.284
0.867
0.925
0.201
0.709
0.724
0.336
0.572
0.175
0.949
0.708
0.423
0.848
0.955
0.53
0.759
0.481
0.912
0.62
0.004
0.115
0.359
0.93
0.083
0.35
0.827
0.542
0.873
0.674
0.235
0.249
0.632
0.417
0.313
0.539
0.611
0.674
0.684
0.302
0.468
0.068
0.451
0.289
0.559
0.222
0.502
0.216
0.447
0.081
0.376
0.224
0.021
0.438
0.439
0.754
0.48
0.758
0.728
0.736
0.107
0.03
0.756
0.652
0.136
0.837
0.895
0.037
0.602
0.851
0.104
0.426
0.622
0.41
0.212
0.075
0.364
0.202
0.693
0.612
0.759
0.165
0.464
0.425
0.411
0.571
0.361
0.358
0.484
0.728
0.518
0.278
0.333
0.592
0.243
0.166
0.11
0.846
0.047
0.257
0.675
0.949
0.616
0.033
0.233
0.032
0.639
0.049
0.845
0.86
0.046
0.825
0.718
0.471
0.246
0.162
0.27
0.598
0.945
0.522
0.517
0.001
0.41
0.546
0.961
0.981
0.509
0.494
0.511
0.045
0.35
0.613
0.266
0.554
0.584
0.882
0.499
0.816
0.395
0.486
0.561
0.031
0.295
0.706
0.267
0.573
0.969
0.412
0.868
0.583
0.402
0.714
0.44
0.562
0.154
0.448
0.331
0.628
0.715
0.76
0.523
0.063
0.43
0.487
0.331
0.739
0.868
0.975
0.945
0.191
0.963
