0.371
0.426
0.499
0.518
0.335
0.436
0.619
0.348
0.488
0.948
0.277
0.228
0.603
0.365
0.238
0.43
0.393
0.139
0.815
0.425
0.773
0.445
0.833
0.611
0.88
0.033
0.774
0.531
0.56
0.948
0.036
0.108
0.651
0.584
0.802
0.624
0.218
0.233
0.02
0.717
0.144
0.904
0.811
0.238
0.479
0.755
0.924
0.767
0.003
0.442
0.363
0.658
0.858
0.984
0.724
0.233
0.134
0.804
0.669
0.797
0.568
0.622
0.078
0.035
0.593
0.933
0.72
0.979
0.695
0.953
0.434
0.293
0.212
0.359
0.354
0.869
0.767
0.25
0.082
0.091
0.022
0.904
0.773
0.444
0.726
0.25
0.272
0.635
0.854
0.768
0.724
0.479
0.889
0.851
0.945
0.366
0.476
0.531
0.845
0.449
0.664
0.13
0.705
0.915
0.866
0.133
0.235
0.498
0.782
0.838
0.031
0.798
0.328
0.164
0.359
0.697
0.737
0.237
0.872
0.73
0.242
0.333
0.394
0.829
0.841
0.104
0.517
0.335
0.395
0.274
0.662
0.619
0.16
0.706
0.403
0.441
0.686
0.028
0.681
0.693
0.075
0.337
0.747
0.63
0.899
0.702
0.933
0.402
0.867
0.458
0.203
0.405
0.051
0.348
0.633
0.786
0.382
0.59
0.846
0.498
0.184
0.493
0.051
0.312
0.263
0.693
0.927
0.763
0.254
0.793
0.341
0.55
0.414
0.303
0.5
0.585
0.061
0.724
0.494
0.11
0.279
0.297
0.559
0.993
0.175
0.841
0.86
0.323
0.652
0.692
0.044
0.492
0.182
0.536
0.508
0.063
0.014
0.403
0.338
0.344
0.594
0.396
0.748
0.032
0.459
0.117
0.288
0.378
0.673
0.598
0.836
0.929
0.736
0.193
0.735
0.922
0.966
0.798
0.933
0.83
0.01
0.977
0.439
0.937
0.709
0.762
0.876
0.308
0.89
0.868
0.872
0.299
0.435
0.054
0.733
0.218
0.05
0.654
0.191
0.242
0.3
0.431
0.938
0.444
0.48
0.334
0.397
0.373
0.082
0.306
0.296
0.767
0.622
0.905
0.857
0.233
0.987
0.674
0.285
0.437
0.949
0.847
0.37
0.54
0.258
0.317
0.193
0
0.982
0.755
0.455
0.154
0.71
0.258
0.032
0.418
0.622
0.237
0.93
0.459
0.532
0.998
0.182
0.092
0.432
0.021
0
0.158
0.506
0.8
0.987
0.914
0.31
0.88
0.844
0.51
0.434
0.757
0.006
0.768
0.068
0
0.732
0.787
0.059
0.767
0.855
0.057
0.495
0.468
0.597
0.665
0.929
0.638
0.257
0.886
0.675
0.518
0.193
0.575
0.142
0.556
0.692
0.408
0.91
0.12
0.292
0.965
0.543
0.568
0.544
0.715
0.454
0.319
0.055
0.734
0.945
0.16
0.712
0.344
0.044
0.77
0.788
0.414
0.677
0.247
0.859
0.539
0.5
0.655
0.969
0.433
0.574
0.427
0.862
0.083
0.372
0.471
0.908
0.825
0.829
0.847
0.189
0.716
0.76
0.448
0.742
0.57
0.36
0.625
0.666
0.982
0.673
0.152
0.261
0.519
0.213
0.02
0.588
0.238
0.372
0.771
0.133
0.879
0.577
0.19
0.145
0.321
0.622
0.675
0.506
0.758
0.513
0.687
0.827
0.508
0.328
0.787
0.271
0.453
0.85
0.87
0.616
0.759
0.733
0.104
0.183
0.675
0.5
0.965
0.983
0.015
0.549
0.666
0.665
0.848
0.589
0.804
0.313
0.104
0.306
0.72
0.526
0.006
0.6
0.11
0.921
0.578
0.916
0.054
0.082
0.908
0.301
0.559
0.766
0.489
0.399
0.891
0.551
0.593
0.707
0.404
0.466
0.254
0.687
0.988
0.285
0.705
0.235
0.806
0.653
0.871
0.275
0.36
0.128
0.52
0.749
0.309
0.097
0.507
0.969
0.461
0.846
0.168
0.302
0.513
0.239
0.916
0.991
0.704
0.38
0.801
0.35
0
0.853
0.521
0.367
0.858
0
0.268
0.906
0.367
0.673
0.156
0.55
0.945
0.103
0.887
0.99
0.413
0.924
0.015
0.607
0.065
0.219
0.791
0.384
0.531
0.153
0.333
0.128
0.298
0.027
0.553
0.851
0.069
0.868
0.356
0.734
0.455
0.45
0.451
0.7
0.544
0
0.097
0.912
0.267
0.963
0.706
0.72
0.524
0.488
0.348
0.227
0.774
0.585
0.612
0.033
0.191
0.424
0.49
0.102
0.347
0.749
0.939
0.63
0.949
0.074
0.837
0.159
0.776
0.842
0.276
0.813
0.016
0.328
0.502
0.254
0.046
0.828
0.768
0.796
0.006
0.615
0.056
0.244
0.717
0.779
0.534
0.272
0.999
0.719
0.05
0.806
0.477
0.97
0.665
0.009
0.33
0.83
0.637
0.337
0.526
0.394
0.11
0.932
0.176
0.394
0.804
0.188
0.229
0.908
0.437
0.639
0.043
0.546
0.468
0.87
0.605
0.058
0.559
0.11
0.637
0.051
0.343
0.388
0.539
0.33
0.969
0.068
0.914
0.393
0.619
0.264
0.972
0.405
0.053
0.58
0.532
0.276
0.679
0.298
0.491
0.56
0.459
0.145
0.535
0.032
0.085
0.729
0.182
0.255
0.218
0.981
0.687
0.734
0.395
0.1
0.817
0.494
0.15
0.549
0.39
0.482
0.811
0.135
0.636
0.877
0.798
0.2
0.019
0.819
0.712
0.728
0.496
0.179
0.318
0.133
0.567
0.197
0.711
0.018
0.237
0.612
0.789
0.604
0.298
0.732
0.656
0.696
0.876
0.899
0.021
0.697
0.355
0.025
0.51
0.41
0.061
0.315
0.177
0.613
0.642
0.828
0.421
0.604
0.394
0.355
0.161
0.057
0.496
0.696
0.675
0.527
0.514
0.157
0.746
0.85
0.302
0.952
0.707
0.278
0.249
0.969
0.07
0.544
0.299
0.432
0.239
0.153
0.562
0.409
0.855
0.737
0.103
0.346
0.82
0.762
0.226
0.749
0.027
0.334
0.784
0.06
0.982
0.549
0.522
0.976
0.206
0.732
0.284
0.608
0.966
0.762
0.888
0.502
0.779
0.973
0.663
0.598
0.911
0.9
0.731
0.604
0.744
0.62
0.732
0.688
0.555
0.774
0.019
0.678
0.52
0.886
0.731
0.612
0.572
0.418
0.164
0.746
0.781
0.361
0.973
0.765
0.417
0.101
0.936
0.655
0.451
0.924
0.682
0.688
0.288
0.511
0.523
0.359
0.241
0.514
0.688
0.489
0.528
0.497
0.549
0.486
0.742
0.805
0.954
0.128
0.268
0.269
0.994
0.639
0.825
0.824
0.802
0.8
0.61
0.076
0.712
0.075
0.517
0.054
0.365
0.135
0.868
0.576
0.879
0.859
0.86
0.566
0.988
0.233
0.282
0
0.381
0.477
0.972
0.116
0.629
0.369
0.999
0.912
0.582
0.724
0.652
0.572
0.909
0.46
0.097
0.123
0.39
0.667
0.497
0.324
0.914
0.739
0.973
0.499
0.396
0.028
0.311
0.478
0.595
0.543
0.711
0.161
0.78
0.811
0.06
0.494
0.301
0.481
0.344
0.473
0.528
0.972
0.108
0.684
0.821
0.684
0.14
0.835
0.047
0.944
0.256
0.972
0.827
0.938
0.623
0.521
0.003
0.822
0.862
0.251
0.79
0.681
0.414
0.61
0.692
0.755
0.512
0.494
0.218
0.579
0.424
0.968
0.386
0.904
0.763
0.038
0.786
0.459
0.29
0.68
0.285
0.646
0.571
0.68
0.096
0.746
0.11
0.686
0.717
0.099
0.263
0.027
0.28
0.908
0.613
0.891
0.956
0.04
0.14
0.776
0.517
0.404
0.298
0.153
0.395
0.355
0.86
0.078
0.615
0.897
0.748
0.928
0.604
0.188
0.461
0.505
0.817
0.049
0.016
0.051
0.432
0.899
0.602
0.124
0.033
0.525
0.006
0.972
0.022
0.721
0.313
0.845
0.335
0.224
0.742
0.915
0.585
0.326
0.363
0.109
0.315
0.894
0.863
0.611
0.543
0.896
0.43
0.302
0.122
0.557
0.972
0.503
0.607
0.239
0.622
0.324
0.01
0.496
0.892
0.407
0.436
0.893
0.531
0.138
0.802
0.368
0.858
0.265
0.87
0.993
0.646
0.66
0.582
0.491
0.403
0.798
0.771
0.406
0.048
0.583
0.017
0.778
0.59
0.89
0.517
0.935
0.984
0.299
0.85
0.488
0.335
0.462
0.157
0.084
0.394
