0.383
0.127
0.159
0.491
0.744
0.637
0.401
0.067
0.579
0.816
0.011
0.4
0.35
0.345
0.127
0.357
0.417
0.225
0.9
0.827
0.966
0.819
0.656
0.224
0.483
0.372
0.34
0.196
0.351
0.411
0.634
0.718
0.096
0.816
0.833
0.871
0.812
0.076
0.708
0.068
0.588
0.499
0.837
0.406
0.075
0.075
0.574
0.803
0.125
0.433
0.942
0.947
0.703
0.752
0.678
0.959
0.699
0.46
0.783
0.064
0.473
0.572
0.213
0.618
0.921
0.71
0.993
0.971
0.95
0.562
0.656
0.418
0.388
0.084
0.861
0.248
0.158
0.355
0.353
0.059
0.483
0.966
0.976
0.128
0.031
0.741
0.462
0.467
0.441
0.821
0.736
0.841
0.702
0.859
0.209
0.194
0.581
0.299
0.324
0.641
0.17
0.206
0.552
0.26
0.441
0.291
0.681
0.025
0.274
0.467
0.587
0.213
0.776
0.306
0.447
0.08
0.012
0.163
0.079
0.779
0.53
0.149
0.624
0.253
0.045
0.679
0.641
0.074
0.69
0.352
0.693
0.878
0.64
0.033
0.568
0.026
0.434
0.633
0.295
0.275
0.278
0.564
0.214
0.48
0.672
0.607
0.205
0.532
0.279
0.862
0.808
0.069
0.455
0.305
0.885
0.721
0.108
0.3
0.926
0.418
0.204
0.167
0.03
0.241
0.882
0.016
0.406
0.229
0.421
0.174
0.713
0.796
0.658
0.953
0.951
0.125
0.224
0.639
0.098
0.891
0.395
0.062
0.33
0.751
0.974
0.11
0.786
0.844
0.883
0.873
0.286
0.216
0.309
0.858
0.139
0.116
0.039
0.589
0.551
0.026
0.839
0.287
0.332
0.148
0.721
0.799
0.273
0.042
0.484
0.91
0.267
0.046
0.167
0.74
0.301
0.718
0.899
0.383
0.615
0.685
0.106
0.2
0.319
0.922
0.451
0.278
0.951
0.533
0.818
0.069
0.14
0.431
0.345
0.543
0.65
0.288
0.466
0.394
0.427
0.034
0.925
0.051
0.362
0.191
0.268
0.627
0.978
0.109
0.464
0.753
0.754
0.436
0.743
0.431
0.698
0.522
0.422
0.971
0.809
0.596
0.393
0.849
0.719
0.166
0.303
0.653
0.777
0.267
0.599
0.669
0.526
0.984
0.025
0.324
0.711
0.353
0.133
0.768
0.966
0.584
0.386
0.6
0.633
0.8
0.004
0.921
0.383
0.35
0.848
0.044
0.847
0.671
0.731
0.531
0.421
0.227
0.903
0.952
0.887
0.617
0.099
0.555
0.936
0.955
0.656
0.111
0.161
0.151
0.042
0.176
0.055
0.372
0.002
0.456
0.532
0.366
0.198
0.919
0.046
0.453
0.473
0.968
0.165
0.857
0.344
0.764
0.144
0.341
0.955
0.771
0.735
0.816
0.448
0.177
0.751
0.506
0.068
0.808
0.105
0.99
0.963
0.152
0.888
0.08
0.997
0.592
0.83
0.421
0.463
0.59
0.69
0.591
0.807
0.104
0.082
0.846
0.677
0.055
0.477
0.122
0.646
0.678
0.628
0.019
0.966
0.034
0.376
0.408
0.595
0.193
0.441
0.029
0.979
0.121
0.908
0.581
0.812
0.933
0.954
0.822
0.291
0.28
0.285
0.28
0.937
0.554
0.627
0.324
0.074
0.826
0.718
0.804
0.582
0.889
0.223
0.183
0.631
0.276
0.111
0.311
0.711
0.568
0.958
0.745
0.219
0.784
0.612
0.213
0.29
0.252
0.323
0.265
0.728
0.802
0.335
0.341
0.427
0.652
0.644
0.717
0.669
0.493
0.483
0.624
0.826
0.376
0.731
0.203
0.157
0.278
0.803
0.917
0.035
0.635
0.946
0.699
0.095
0.808
0.241
0.73
0.944
0.865
0.602
0.096
0.313
0.271
0.613
0.505
0.956
0.302
0.051
0.37
0.376
0.917
0.318
0.27
0.708
0.424
0.879
0.803
0.617
0.146
0.379
0.742
0.968
0.552
0.954
0.082
0.515
0.895
0.232
0.635
0.836
0.537
0.681
0.408
0.316
0.025
0.029
0.726
0.968
0.082
0.555
0.938
0.934
0.886
0.264
0.009
0.668
0.378
0.03
0.817
0.547
0.62
0.048
0.987
0.516
0.591
0.333
0.807
0.874
0.245
0.781
0.236
0.973
0.272
0.979
0.094
0.122
0.053
0.006
0.338
0.502
0.589
0.551
0.581
0.343
0.77
0.469
0.044
0.291
0.425
0.218
0.525
0.903
0.674
0.898
0.172
0.445
0.836
0.964
0.186
0.491
0.705
0.671
0.724
0.84
0.627
0.794
0.991
0.795
0.439
0.327
0.119
0.701
0.279
0.3
0.675
0.89
0.94
0.108
0.168
0.737
0.79
0.773
0.896
0.235
0.026
0.837
0.251
0.891
0.202
0.63
0.139
0.946
0.733
0.105
0.199
0.889
0.263
0.821
0.615
0.543
0.191
0.83
0.743
0.331
0.504
0.009
0.128
0.845
0.067
0.156
0.388
0.938
0.138
0.055
0.682
0.082
0.73
0.461
0.73
0.2
0.451
0.146
0.548
0.73
0.063
0.704
0.813
0.348
0.642
0.139
0.658
0.913
0.005
0.412
0.44
0.218
0.821
0.394
0.931
0.63
0.145
0.995
0.324
0.189
0.46
0.797
0.564
0.847
0.732
0.036
0.616
0.837
0.728
0.808
0.194
0.835
0.335
0.489
0.148
0.907
0.442
0.571
0.385
0.545
0.758
0.429
0.217
0.671
0.111
0.822
0.793
0.559
0.694
0.723
0.481
0.583
0.87
0.101
0.643
0.035
0.736
0.645
0.63
0.338
0.516
0.773
0.804
0.032
0.556
0.607
0.865
0.468
0.565
0.55
0.453
0.557
0.791
0.295
0.528
0.6
0.336
0.67
0.095
0.539
0.158
0.518
0.714
0.491
0.4
0.405
0.471
0.297
0.728
0.377
0.236
0.207
0.674
0.613
0.289
0.531
0.028
0.946
0.773
0.908
0.557
0.271
0.375
0.183
0.165
0.471
0.626
0.651
0.363
0.07
0.144
0.966
0.566
0.635
0.214
0.579
0.774
0.005
0.946
0.109
0.097
0.992
0.612
0.816
0.908
0.05
0.67
0.115
0.942
0.953
0.883
0.344
0.63
0.256
0.995
0.963
0.176
0.769
0.745
0.882
0.824
0.726
0.76
0.862
0.702
0.007
0.103
0.269
0.411
0.531
0.491
0.029
0.846
0.684
0.835
0.182
0.334
0.634
0.142
0.545
0.54
0.981
0.513
0.075
0.807
0.016
0.046
0.571
0.038
0.661
0.904
0.241
0.686
0.287
0.974
0.187
0.619
0.764
0.752
0.908
0.572
0.923
0.097
0.351
0.108
0.79
0.846
0.824
0.451
0.352
0.365
0.499
0.173
0.317
0.782
0.269
0.518
0.72
0.723
0.595
0.354
0.805
0.366
0.383
0.043
0.391
0.943
0.468
0.723
0.554
0.278
0.777
0.764
0.774
0.19
0.589
0.444
0.658
0.307
0.251
0.729
0.03
0.047
0.44
0.713
0.975
0.066
0.157
0.162
0.524
0.725
0.402
0.825
0.214
0.304
0.654
0.526
0.847
0.046
0.87
0.614
0.429
0.246
0.995
0.57
0.414
0.661
0.963
0.845
0.643
0.302
0.359
0.483
0.113
0.641
0.031
0.692
0.431
0.201
0.095
0.187
0.185
0.464
0.687
0.217
0.254
0.82
0.378
0.513
0.797
0.484
0.834
0.173
0.31
0.904
0.167
0.333
0.097
0.034
0.766
0.439
0.079
0.601
0.271
0.546
0.905
0.802
0.306
0.868
0.803
0.562
0.999
0.694
0.512
0.644
0.541
0.094
0.654
0.62
0.093
0.937
0.962
0.663
0.523
0.352
0.211
0.802
0.888
0.165
0.003
0.16
0.404
0.226
0.13
0.796
0.383
0.298
0.804
0.029
0.143
0.681
0.475
0.402
0.484
0.615
0.894
0.067
0.726
0.524
0.103
0.273
0.58
0.234
0.926
0.398
0.42
0.408
0.446
0.935
0.774
0.92
0.195
0.504
0.074
0.083
0.311
0.943
0.545
0.842
0.726
0.625
0.605
0.889
0.043
0.042
0.452
0.069
0.43
0.966
0.195
0.239
0.238
0.856
0.117
0.903
0.148
0.426
0.347
0.662
0.031
0.829
0.98
0.372
0.883
0.534
0.088
0.367
0.848
0.007
0.36
0.455
0.542
0.932
0.538
0.457
0.31
0.743
0.32
0.654
0.189
0.457
0.155
0.08
0.724
0.134
0.09
0.352
0.888
0.224
0.149
0.977
0.7
0.54
