0.178
0.422
0.189
0.887
0.634
0.132
0.574
0.282
0.04
0.981
0.853
0.496
0.48
0.587
0.464
0.211
0.063
0.529
0.46
0.811
0.374
0.239
0.217
0.161
0.371
0.126
0.632
0.071
0.047
0.897
0.694
0.866
0.781
0.76
0.733
0.646
0.131
0.221
0.021
0.747
0.605
0.461
0.498
0.16
0.395
0.72
0.359
0.455
0.882
0.472
0.333
0.031
0.054
0.308
0.095
0.474
0.3
0.962
0.621
0.346
0.276
0.273
0.208
0.398
0.327
0.848
0.396
0.946
0.592
0.272
0.933
0.419
0.834
0.827
0.922
0.118
0.368
0.832
0.623
0.839
0.197
0.563
0.811
0.813
0.516
0.382
0.84
0.195
0.723
0.322
0.349
0.468
0.691
0.586
0.273
0.3
0.723
0.233
0.082
0.637
0.216
0.493
0.838
0.057
0.72
0.762
0.19
0.145
0.02
0.781
0.595
0.707
0.167
0.614
0.921
0.652
0.753
0.966
0.802
0.719
0.805
0.466
0.725
0.646
0.286
0.4
0.226
0.617
0.59
0.892
0.051
0.129
0.702
0.683
0.446
0.238
0.727
0.441
0.442
0.589
0.358
0.656
0.404
0.186
0.438
0.134
0.83
0.281
0.33
0.223
0.001
0.657
0.067
0.117
0.194
0.427
0.276
0.589
0.042
0.944
0.212
0.875
0.208
0.591
0.249
0.633
0.151
0.133
0.776
0.722
0.206
0.515
0.655
0.799
0.701
0.847
0.607
0.327
0.617
0.566
0.433
0.255
0.518
0.147
0.057
0.837
0.312
0.606
0.704
0.229
0.542
0.771
0.957
0.956
0.611
0.686
0.878
0.564
0.164
0.269
0.718
0.336
0.905
0.397
0.771
0.758
0.356
0.421
0.1
0.432
0.724
0.517
0.675
0.575
0.515
0.408
0.887
0.075
0.268
0.472
0.789
0.54
0.892
0.256
0.316
0.76
0.02
0.918
0.237
0.059
0.773
0.006
0.631
0.689
0.135
0.274
0.74
0.961
0.984
0.413
0.571
0.719
0.95
0.988
0.257
0.376
0.004
0.295
0.527
0.359
0.703
0.989
0.964
0.91
0.097
0.931
0.923
0.153
0.627
0.888
0.35
0.339
0.816
0.586
0.805
0.643
0.264
0.884
0.259
0.059
0.948
0.454
0.206
0.776
0.658
0.574
0.55
0.322
0.355
0.005
0.054
0.632
0.502
0.624
0.282
0.437
0.288
0.483
0.513
0.335
0.332
0.981
0.638
0.489
0.79
0.045
0.192
0.565
0.727
0.479
0.523
0.076
0.894
0.667
0.657
0.585
0.62
0.807
0.298
0.6
0.582
0.368
0.747
0.232
0.566
0.298
0.007
0.649
0.605
0.753
0.185
0.442
0.178
0.957
0.72
0.427
0.142
0.056
0.925
0.08
0.585
0.856
0.849
0.527
0.952
0.275
0.7
0.79
0.077
0.355
0.646
0.119
0.574
0.612
0.494
0.378
0.011
0.388
0.027
0.603
0.2
0.309
0.089
0.186
0.869
0.611
0.751
0.735
0.694
0.667
0.63
0.131
0.308
0.225
0.569
0.149
0.104
0.398
0.317
0.249
0.659
0.338
0.758
0.471
0.207
0.486
0.238
0.938
0.246
0.621
0.772
0.217
0.532
0.258
0.502
0.506
0.591
0.608
0.153
0.728
0.337
0.059
0.28
0.312
0.05
0.494
0.952
0.075
0.127
0.185
0.253
0.595
0.207
0.138
0.564
0.029
0.06
0.8
0.416
0.494
0.169
0.755
0.624
0.845
0.115
0.228
0.315
0.323
0.96
0.498
0.071
0.203
0.434
0.07
0.562
0.531
0.134
0.807
0.255
0.197
0.772
0.651
0.293
0.627
0.649
0.408
0.452
0.449
0.448
0.28
0.428
0.179
0.357
0.273
0.596
0.821
0.707
0.297
0.415
0.512
0.647
0.07
0.751
0.66
0.07
0.334
0.717
0.019
0.228
0.618
0.014
0.893
0.88
0.793
0.42
0.926
0.328
0.594
0.235
0.786
0.006
0.102
0.446
0.752
0.459
0.806
0.778
0.881
0.93
0.684
0.22
0.233
0.497
0.875
0.484
0.48
0.27
0.242
0.881
0.491
0.275
0.156
0.659
0.985
0.04
0.309
0.597
0.323
0.642
0.909
0.294
0.422
0.184
0.183
0.501
0.979
0.158
0.827
0.928
0.491
0.908
0.909
0.4
0.622
0.545
0.414
0.898
0.751
0.774
0.134
0.418
0.364
0.76
0.708
0.943
0.655
0.409
0.241
0.043
0.704
0.86
0.273
0.684
0.393
0.626
0.655
0.354
0.763
0.412
0.985
0.547
0.342
0.972
0.719
0.142
0.963
0.857
0.024
0.193
0.789
0.602
0.181
0.779
0.936
0.496
0.589
0.806
0.381
0.518
0.059
0.509
0.657
0.364
0.319
0.041
0.896
0.826
0.89
0.327
0.562
0.002
0.797
0.65
0.67
0.025
0.146
0.001
0.854
0.848
0.833
0.097
0.929
0.516
0.521
0.566
0.203
0.761
0.565
0.592
0.442
0.51
0.493
0.209
0.933
0.983
0.021
0.71
0.628
0.303
0.411
0.363
0.237
0.155
0.8
0.994
0.292
0.738
0.853
0.986
0.899
0.327
0.238
0.473
0.551
0.218
0.917
0.275
0.972
0.895
0.296
0.252
0.044
0.135
0.084
0.916
0.562
0.601
0.002
0.028
0.099
0.116
0.343
0.754
0.971
0.255
0.312
0.445
0.642
0.028
0.412
0.851
0.564
0.377
0.229
0.214
0.874
0.019
0.69
0.477
0.103
0.436
0.885
0.532
0.439
0.025
0.937
0.333
0.844
0.731
0.397
0.471
0.253
0.641
0.03
0.455
0.579
0.81
0.456
0.747
0.212
0.352
0.378
0.77
0.002
0.902
0.974
0.885
0.85
0.212
0.704
0.221
0.668
0.467
0.665
0.873
0.402
0.34
0.473
0.509
0.415
0.521
0.747
0.227
0.422
0.937
0.075
0.594
0.162
0.747
0.216
0.728
0.452
0.371
0.246
0.552
0.097
0.318
0.749
0.193
0.699
0.046
0.051
0.121
0.281
0.372
0.394
0.314
0.85
0.799
0.859
0.107
0.375
0.789
0.413
0.147
0.736
0.17
0.347
0.427
0.02
0.984
0.609
0.377
0.644
0.02
0.515
0.643
0.825
0.985
0.715
0.296
0.654
0.045
0.368
0.285
0.229
0.5
0.934
0.595
0.777
0.918
0.655
0.514
0.2
0.609
0.281
0.685
0.766
0.178
0.655
0.815
0.038
0.268
0.762
0.181
0.064
0.739
0.281
0.184
0.572
0.368
0.492
0.149
0.118
0.113
0.263
0.242
0.243
0.238
0.037
0.885
0.258
0.126
0.722
0.783
0.764
0.6
0.894
0.261
0.779
0.622
0.164
0.012
0.206
0.719
0.533
0.41
0.242
0.17
0.538
0.055
0.413
0.755
0.189
0.727
0.524
0.266
0.6
0.287
0.778
0.414
0.965
0.963
0.714
0.771
0.563
0.755
0.662
0.289
0.75
0.102
0.832
0.8
0.261
0.011
0.496
0.477
0.949
0.078
0.472
0.052
0.203
0.353
0.52
0.141
0.273
0.497
0.619
0.743
0.818
0.407
0.408
0.761
0.783
0.383
0.315
0.801
0.805
0.513
0.451
0.783
0.392
0.065
0.967
0.939
0.051
0.375
0.895
0.725
0.376
0.017
0.986
0.161
0.477
0.09
0.159
0.751
0.808
0.402
0.362
0.01
0.7
0.24
0.362
0.697
0.929
0.381
0.348
0.564
0.809
0.777
0.51
0.266
0.605
0.338
0.248
0.319
0.717
0.946
0.31
0.766
0.519
0.916
0.665
0.687
0.052
0.457
0.271
0.13
0.14
0.41
0.823
0.672
0.133
0.303
0.603
0.007
0.96
0.527
0.295
0.037
0.549
0.634
0.594
0.812
0.348
0.599
0.958
0.887
0.234
0.057
0.474
0.762
0.752
0.515
0.613
0.808
0.559
0.493
0.908
0.822
0.616
0.122
0.709
0.811
0.758
0.81
0.709
0.047
0.524
0.686
0.048
0.915
0.078
0.388
0.692
0.981
0.668
0.985
0.84
0.845
0.303
0.755
0.502
0.723
0.415
0.856
0.652
0.507
0.745
0.657
0.034
0.977
0.582
0.855
0.786
0.715
0.776
0.085
0.902
0.053
0.927
0.165
0.465
0.432
0.371
0.856
0.301
0.994
0.659
0.812
0.116
0.811
0.944
0.367
0.246
0.807
0.173
0.045
0.748
0.557
0.933
0.554
0.835
0.638
0.792
0.839
0.204
0.007
0.684
