0.588
0.409
0.846
0.102
0.158
0.597
0.095
0.288
0.251
0.991
0.492
0.817
0.185
0.121
0.077
0.519
0.762
0.792
0.938
0.089
0.472
0.995
0.726
0.683
0.918
0.685
0.866
0.232
0.699
0.418
0.725
0.798
0.651
0.917
0.051
0.065
0.691
0.046
0.53
0.411
0.442
0.682
0.019
0.536
0.236
0.294
0.824
0.743
0.67
0.228
0.67
0.33
0.257
0.273
0.207
0.027
0.175
0.916
0.599
0.352
0.882
0.687
0.075
0.46
0.044
0.265
0.915
0.168
0.293
0.653
0.85
0.91
0.642
0.472
0.255
0.195
0.032
0.736
0.413
0.678
0.506
0.051
0.278
0.803
0.308
0.86
0.187
0.224
0.377
0.006
0.411
0.552
0.973
0.624
0.88
0.377
0.528
0.154
0.016
0.468
0.92
0.575
0.532
0.394
0.851
0.508
0.778
0.565
0.176
0.939
0.095
0.179
0.138
0.797
0.746
0.677
0.53
0.952
0.322
0.376
0.058
0.608
0.373
0.621
0.793
0.756
0.869
0.044
0.604
0.372
0.859
0.383
0.852
0.635
0.088
0.025
0.871
0.654
0.961
0.402
0.82
0.243
0.352
0.821
0.593
0.996
0.224
0.489
0.858
0.847
0.105
0.939
0.37
0.704
0.881
0
0.17
0.565
0.316
0.851
0.633
0.053
0.482
0.962
0.307
0.277
0.607
0.996
0.658
0.378
0.334
0.629
0.385
0.611
0.033
0.781
0.906
0.437
0.047
0.983
0.436
0.804
0.201
0.758
0.04
0.412
0.876
0.883
0.25
0.187
0.741
0.94
0.359
0.325
0.857
0.24
0.633
0.105
0.549
0.802
0.673
0.746
0.62
0.186
0.976
0.893
0.096
0.678
0.259
0.444
0.672
0.054
0.512
0.844
0.865
0.675
0.321
0.242
0.023
0.466
0.227
0.183
0.873
0.464
0.811
0.83
0.244
0.928
0.552
0.071
0.286
0.021
0.573
0.511
0.696
0.097
0.334
0.875
0.42
0.389
0.901
0.287
0.941
0.573
0.309
0.385
0.895
0.368
0.305
0.326
0.452
0.98
0.303
0.116
0.055
0.594
0.581
0.255
0.979
0.282
0.837
0.726
0.349
0.051
0.408
0.447
0.741
0.741
0.594
0.18
0.425
0.888
0.327
0.141
0.574
0.848
0.024
0.301
0.641
0.641
0.608
0.777
0.734
0.897
0.739
0.757
0.709
0.792
0.875
0.236
0.938
0.919
0.257
0.719
0.206
0.408
0.683
0.52
0.736
0.795
0.596
0.358
0.32
0.473
0.152
0.264
0.297
0.052
0.906
0.167
0.778
0.095
0.28
0.348
0.469
0.038
0.361
0.829
0.348
0.963
0.092
0.145
0.993
0.062
0.132
0.941
0.145
0.848
0.086
0.475
0.127
0.228
0.394
0.826
0.621
0.526
0.19
0.175
0.904
0.366
0.675
0.385
0.987
0.619
0.146
0.651
0.633
0.236
0.61
0.067
0.16
0.092
0.685
0.068
0.458
0.101
0.286
0.925
0.454
0.668
0.263
0.158
0.602
0.64
0.218
0.039
0.127
0.725
0.832
0.713
0.712
0.508
0.858
0.243
0.826
0.415
0.68
0.982
0.501
0.458
0.319
0.944
0.061
0.632
0.462
0.418
0.024
0.444
0.922
0.971
0.952
0.063
0.722
0.924
0.52
0.274
0.48
0.963
0.573
0.892
0.713
0.266
0.89
0.005
0.51
0.419
0.298
0.677
0.026
0.75
0.055
0.604
0.134
0.501
0.682
0.302
0.234
0.056
0.676
0.357
0.403
0.602
0.922
0.5
0.012
0.417
0.999
0.135
0.113
0.019
0.02
0.305
0.397
0.341
0.349
0.392
0.068
0.864
0.1
0.897
0.446
0.778
0.379
0.454
0.595
0.105
0.069
0.262
0.01
0.79
0.403
0.127
0.352
0.348
0.03
0.586
0.2
0.955
0.792
0.683
0.175
0.613
0.477
0.167
0.936
0.39
0.742
0.246
0.573
0.897
0.574
0.489
0.947
0.201
0.63
0.484
0.137
0.915
0.794
0.37
0.535
0.174
0.558
0.315
0.607
0.311
0.093
0.451
0.011
0.662
0.131
0.417
0.58
0.978
0.406
0.919
0.254
0.855
0.723
0.701
0.678
0.947
0.442
0.862
0.533
0.542
0.327
0.314
0.995
0.267
0.398
0.866
0.187
0.979
0.152
0.973
0.451
0.872
0.064
0.204
0.385
0.652
0.733
0.191
0.597
0.495
0.41
0.588
0.678
0.013
0.168
0.537
0.24
0.822
0.055
0.384
0.707
0.932
0
0.553
0.487
0.51
0.557
0.055
0.858
0.171
0.599
0.633
0.076
0.053
0.936
0.939
0.237
0.447
0.31
0.74
0.294
0.869
0.036
0.968
0.231
0
0.003
0.698
0.806
0.39
0.943
0.707
0.549
0.525
0.569
0.227
0.135
0.48
0.452
0.022
0.545
0.511
0.476
0.388
0.474
0.37
0.031
0.005
0.379
0.251
0.857
0.7
0.783
0.185
0.692
0.12
0.923
0.878
0.46
0.134
0.777
0.603
0.851
0.51
0.944
0.277
0.268
0.166
0.523
0.135
0.885
0.975
0.774
0.429
0.809
0.176
0.007
0.681
0.416
0.83
0.853
0.12
0.844
0.075
0.277
0.834
0.188
0.991
0.97
0.618
0.897
0.442
0.65
0.931
0.288
0.098
0.359
0.934
0.068
0.2
0.059
0.801
0.219
0.889
0.08
0.155
0.685
0.62
0.637
0.001
0.777
0.422
0.583
0.808
0.21
0.08
0.676
0.651
0.496
0.749
0.434
0.963
0.87
0.29
0.878
0.893
0.675
0.906
0.484
0.877
0.828
0.108
0.158
0.102
0.813
0.629
0.929
0.007
0.466
0.242
0.659
0.894
0.093
0.724
0.251
0.692
0.967
0.176
0.585
0.917
0.791
0.238
0.929
0.077
0.966
0.592
0.559
0.364
0.824
0.184
0.114
0.371
0.105
0.296
0.701
0.986
0.254
0.45
0.702
0.414
0.876
0.588
0.593
0.876
0.725
0.248
0.108
0.69
0.352
0.489
0.229
0.948
0.134
0.38
0.535
0.534
0.51
0.516
0.523
0.154
0.769
0.477
0.64
0.743
0.617
0.321
0.187
0.165
0.994
0.208
0.478
0.279
0.933
0.21
0.509
0.281
0.946
0.798
0.375
0.234
0.019
0.819
0.17
0.18
0.11
0.555
0.959
0.169
0.709
0.899
0.011
0.145
0.645
0.321
0.564
0.056
0.348
0.903
0.702
0.091
0.11
0.986
0.142
0.366
0.631
0.446
0.635
0.123
0.177
0.918
0.97
0.125
0.823
0.131
0.092
0.641
0.576
0.246
0.363
0.25
0.1
0.293
0.989
0.409
0.588
0.373
0.546
0.231
0.956
0.598
0.37
0.689
0.921
0.104
0.528
0.391
0.299
0.402
0.835
0.121
0.48
0.119
0.789
0.902
0.162
0.305
0.984
0.12
0.174
0.953
0.513
0.072
0.005
0.392
0.659
0.615
0.143
0.191
0.643
0.443
0.101
0.561
0.233
0.311
0.563
0.976
0.686
0.601
0.805
0.515
0.043
0.235
0.022
0.413
0.681
0.629
0.19
0.028
0.047
0.322
0.512
0.189
0.062
0.752
0.07
0.664
0.385
0.478
0.068
0.303
0.382
0.996
0.102
0.457
0.177
0.605
0.973
0.982
0.049
0.048
0.354
0.022
0.594
0.166
0.88
0.24
0.128
0.82
0.364
0.227
0.452
0.795
0.706
0.368
0.935
0.099
0.77
0.941
0.649
0.99
0.064
0.002
0.593
0.271
0.144
0.175
0.008
0.198
0.747
0.489
0.531
0.17
0.744
0.376
0.793
0.088
0.986
0.252
0.284
0.544
0.321
0.319
0.689
0.495
0.806
0.919
0.579
0.156
0.126
0.263
0.836
0.43
0.361
0.196
0.686
0.381
0.962
0.543
0.513
0.286
0.705
0.967
0.288
0.255
0
0.066
0.193
0.163
0.453
0.624
0.765
0.663
0.874
0.86
0.199
0.821
0.711
0.152
0.225
0.227
0.387
0.894
0.408
0.699
0.279
0.555
0.561
0.826
0.658
0.729
0.935
0.994
0.109
0.516
0.239
0.628
0.711
0.926
0.165
0.329
0.003
0.135
0.916
0.869
0.182
0.87
0.834
0.02
0.608
0.716
0.635
0.93
0.794
0.682
0.726
0.184
0.465
0.764
0.363
0.636
0.521
0.732
0.163
0.144
0.841
0.712
0.314
0.924
0.388
0.807
0.187
0.168
0.496
0.897
