0.732
0.192
0.302
0.014
0.176
0.646
0.654
0.445
0.174
0.583
0.031
0.268
0.995
0.244
0.905
0.474
0.61
0.515
0.509
0.805
0.459
0.526
0.766
0.925
0.871
0.563
0.452
0.471
0.506
0.063
0.563
0.851
0.883
0.416
0.439
0.103
0.161
0.228
0.248
0.707
0.606
0.309
0.845
0.29
0.588
0.161
0.127
0.797
0.506
0.482
0.228
0.466
0.855
0.42
0.136
0.108
0.291
0.629
0.42
0.0
0.276
0.069
0.525
0.004
0.045
0.593
0.196
0.631
0.534
0.895
0.637
0.378
0.496
0.406
0.935
0.688
0.371
0.6
0.981
0.549
0.785
0.495
0.893
0.955
0.602
0.252
0.347
0.754
0.749
0.606
0.839
0.012
0.859
0.63
0.805
0.218
0.786
0.948
0.082
0.891
0.346
0.395
0.929
0.473
0.613
0.773
0.795
0.094
0.459
0.225
0.568
0.165
0.829
0.888
0.302
0.478
0.042
0.428
0.988
0.958
0.474
0.957
0.556
0.578
0.666
0.125
0.173
0.528
0.895
0.385
0.848
0.472
0.386
0.111
0.534
0.74
0.231
0.007
0.34
0.703
0.742
0.656
0.679
0.215
0.473
0.561
0.931
0.619
0.841
0.596
0.177
0.299
0.447
0.338
0.302
0.539
0.985
0.808
0.686
0.309
0.328
0.118
0.516
0.586
0.31
0.23
0.369
0.523
0.282
0.489
0.398
0.147
0.414
0.09
0.785
0.42
0.172
0.619
0.703
0.14
0.742
0.962
0.932
0.859
0.555
0.021
0.22
0.27
0.746
0.931
0.876
0.129
0.725
0.836
0.601
0.612
0.332
0.761
0.383
0.498
0.892
0.671
0.76
0.137
0.976
0.073
0.999
0.666
0.902
0.076
0.716
0.459
0.543
0.782
0.602
0.936
0.444
0.599
0.085
0.247
0.066
0.989
0.716
0.473
0.24
0.721
0.108
0.735
0.414
0.31
0.677
0.091
0.266
0.749
0.405
0.316
0.778
0.783
0.949
0.157
0.032
0.113
0.454
0.722
0.873
0.571
0.612
0.339
0.072
0.347
0.755
0.328
0.96
0.572
0.55
0.637
0.716
0.774
0.589
0.337
0.364
0.236
0.361
0.512
0.861
0.581
0.753
0.446
0.471
0.879
0.676
0.989
0.572
0.471
0.347
0.788
0.82
0.688
0.802
0.676
0.838
0.248
0.142
0.735
0.296
0.184
0.458
0.405
0.99
0.603
0.84
0.741
0.633
0.838
0.063
0.847
0.135
0.7
0.661
0.042
0.134
0.723
0.448
0.338
0.964
0.373
0.412
0.877
0.772
0.727
0.933
0.495
0.483
0.366
0.002
0.567
0.761
0.92
0.8
0.099
0.116
0.063
0.95
0.109
0.849
0.032
0.943
0.913
0.14
0.66
0.624
0.148
0.261
0.807
0.1
0.162
0.407
0.692
0.298
0.3
0.278
0.153
0.364
0.727
0.613
0.361
0.409
0.323
0.108
0.526
0.045
0.669
0.071
0.101
0.456
0.047
0.545
0.548
0.154
0.173
0.247
0.335
0.735
0.964
0.461
0.637
0.691
0.534
0.414
0.448
0.965
0.676
0.155
0.337
0.275
0.924
0.377
0.04
0.44
0.945
0.866
0.011
0.274
0.654
0.807
0.434
0.331
0.089
0.363
0.636
0.098
0.987
0.259
0.486
0.932
0.087
0.409
0.153
0.092
0.646
0.152
0.611
0.458
0.196
0.602
0.724
0.713
0.075
0.758
0.278
0.36
0.595
0.158
0.536
0.264
0.071
0.26
0.768
0.903
0.971
0.865
0.366
0.806
0.707
0.719
0.909
0.702
0.418
0.931
0.669
0.548
0.681
0.039
0.407
0.928
0.58
0.188
0.523
0.059
0.988
0.718
0.959
0.294
0.976
0.03
0.943
0.352
0.693
0.349
0.929
0.798
0.874
0.134
0.574
0.337
0.274
0.626
0.714
0.014
0.007
0.43
0.444
0.242
0.709
0.371
0.124
0.084
0.749
0.041
0.651
0.458
0.291
0.322
0.845
0.898
0.238
0.366
0.83
0.294
0.87
0.065
0.978
0.461
0.006
0.127
0.698
0.155
0.446
0.66
0.853
0.93
0.302
0.813
0.603
0.077
0.475
0.285
0.517
0.756
0.363
0.565
0.533
0.27
0.857
0.777
0.778
0.381
0.818
0.639
0.804
0.257
0.346
0.794
0.272
0.348
0.09
0.124
0.765
0.11
0.778
0.596
0.149
0.519
0.122
0.124
0.71
0.674
0.339
0.995
0.705
0.015
0.61
0.363
0.289
0.823
0.773
0.067
0.944
0.213
0.292
0.167
0.666
0.382
0.946
0.744
0.343
0.94
0.699
0.594
0.396
0.561
0.202
0.151
0.935
0.085
0.589
0.711
0.533
0.07
0.54
0.174
0.961
0.343
0.848
0.652
0.996
0.002
0.686
0.881
0.87
0.719
0.081
0.461
0.639
0.396
0.781
0.489
0.615
0.867
0.761
0.438
0.874
0.614
0.658
0.057
0.655
0.498
0.567
0.408
0.137
0.817
0.835
0.608
0.767
0.276
0.69
0.861
0.384
0.604
0.42
0.883
0.705
0.03
0.817
0.207
0.356
0.386
0.09
0.666
0.325
0.284
0.998
0.125
0.328
0.384
0.32
0.536
0.845
0.154
0.196
0.235
0.053
0.215
0.856
0.028
0.737
0.678
0.07
0.073
0.399
0.955
0.236
0.48
0.525
0.968
0.962
0.553
0.873
0.555
0.408
0.905
0.743
0.666
0.716
0.974
0.376
0.596
0.625
0.485
0.418
0.55
0.029
0.416
0.206
0.712
0.966
0.198
0.415
0.211
0.266
0.103
0.873
0.244
0.129
0.125
0.537
0.735
0.231
0.535
0.539
0.411
0.678
0.795
0.681
0.5
0.484
0.267
0.359
0.615
0.819
0.165
0.578
0.917
0.109
0.561
0.642
0.142
0.454
0.485
0.035
0.447
0.636
0.283
0.719
0.989
0.189
0.157
0.841
0.751
0.394
0.12
0.93
0.474
0.368
0.199
0.827
0.168
0.829
0.87
0.538
0.48
0.62
0.232
0.919
0.827
0.734
0.825
0.768
0.838
0.223
0.129
0.171
0.049
0.979
0.186
0.029
0.07
0.715
0.343
0.115
0.213
0.633
0.666
0.909
0.896
0.532
0.321
0.506
0.408
0.742
0.888
0.287
0.673
0.636
0.664
0.583
0.301
0.329
0.156
0.618
0.773
0.057
0.692
0.834
0.663
0.97
0.18
0.981
0.119
0.013
0.664
0.692
0.928
0.555
0.381
0.54
0.516
0.495
0.596
0.921
0.922
0.645
0.605
0.05
0.194
0.897
0.969
0.69
0.682
0.701
0.627
0.986
0.548
0.422
0.214
0.835
0.468
0.934
0.012
0.651
0.269
0.31
0.357
0.54
0.9
0.978
0.146
0.495
0.316
0.992
0.118
0.579
0.584
0.589
0.95
0.136
0.992
0.816
0.702
0.919
0.132
0.78
0.488
0.157
0.342
0.504
0.893
0.173
0.757
0.209
0.045
0.343
0.419
0.379
0.719
0.357
0.514
0.116
0.928
0.046
0.838
0.045
0.961
0.454
0.019
0.377
0.454
0.665
0.343
0.563
0.392
0.599
0.627
0.417
0.016
0.52
0.516
0.252
0.51
0.063
0.232
0.706
0.286
0.524
0.779
0.175
0.235
0.357
0.413
0.868
0.432
0.679
0.961
0.88
0.732
0.64
0.278
0.437
0.692
0.404
0.679
0.4
0.447
0.494
0.247
0.865
0.874
0.709
0.814
0.907
0.369
0.887
0.881
0.202
0.72
0.194
0.268
0.732
0.109
0.49
0.331
0.964
0.251
0.214
0.57
0.766
0.259
0.825
0.586
0.065
0.686
0.601
0.109
0.089
0.449
0.226
0.854
0.478
0.815
0.494
0.845
0.656
0.519
0.862
0.807
0.734
0.129
0.092
0.932
0.151
0.272
0.433
0.972
0.336
0.877
0.971
0.743
0.164
0.88
0.096
0.3
0.36
0.904
0.368
0.699
0.687
0.627
0.238
0.297
0.99
0.971
0.197
0.759
0.801
0.532
0.601
0.564
0.245
0.167
0.947
0.695
0.412
0.299
0.521
0.403
0.1
0.985
0.546
0.411
0.982
0.888
0.809
0.479
0.268
0.929
0.675
0.191
0.459
0.524
0.453
0.458
0.513
0.845
0.009
0.659
0.635
0.254
0.37
0.594
0.867
0.536
0.148
0.643
0.796
0.06
0.162
0.283
0.084
0.847
0.611
0.355
0.091
0.533
0.016
0.548
0.281
0.203
0.568
0.517
0.847
