0.501
0.07
0.164
0.729
0.646
0.825
0.828
0.843
0.905
0.489
0.793
0.77
0.223
0.162
0.902
0.093
0.445
0.831
0.4
0.694
0.257
0.842
0.258
0.367
0.277
0.579
0.118
0.255
0.569
0.7
0.549
0.994
0.953
0.348
0.205
0.708
0.918
0.655
0.223
0.544
0.228
0.658
0.285
0.065
0.175
0.334
0.903
0.687
0.735
0.531
0.776
0.989
0.571
0.031
0.317
0.111
0.359
0.889
0.332
0.968
0.947
0.849
0.496
0.607
0.561
0.445
0.467
0.03
0.665
0.256
0.993
0.481
0.946
0.424
0.858
0.777
0.389
0.823
0.433
0.913
0.396
0.398
0.238
0.255
0.935
0.544
0.162
0.303
0.725
0.996
0.341
0.51
0.364
0.575
0.009
0.908
0.666
0.919
0.879
0.477
0.506
0.605
0.96
0.861
0.727
0.985
0.429
0.917
0.159
0.191
0.217
0.782
0.875
0.929
0.917
0.301
0.465
0.771
0.6
0.555
0.498
0.632
0.122
0.327
0.542
0.784
0.784
0.168
0.333
0.042
0.37
0.323
0.498
0.344
0.739
0.391
0.567
0.519
0.152
0.394
0.044
0.217
0.219
0.988
0.261
0.251
0.641
0
0.355
0.687
0.318
0.509
0.181
0.788
0.784
0.64
0.223
0.692
0.682
0.673
0.939
0.306
0.008
0.56
0.715
0.431
0.027
0.764
0.431
0.279
0.442
0.523
0.054
0.729
0.608
0.841
0.052
0.022
0.93
0.68
0
0.837
0.677
0.468
0.186
0.867
0.595
0.256
0.996
0.276
0.257
0.371
0.683
0.776
0.562
0.6
0.167
0.268
0.726
0.372
0.743
0.419
0.069
0.311
0.264
0.797
0.185
0.788
0.432
0.142
0.289
0.436
0.482
0.081
0.601
0.029
0.096
0.985
0.654
0.613
0.38
0.44
0.14
0.626
0.91
0.26
0.324
0.371
0.886
0.716
0.777
0.198
0.14
0.625
0.031
0.822
0.305
0.861
0.279
0.229
0.128
0.331
0.742
0.984
0.017
0.367
0.096
0.881
0.846
0.58
0
0.761
0.424
0.765
0.338
0.537
0.917
0.735
0.988
0.369
0.704
0.189
0.777
0.059
0.153
0.492
0.213
0.549
0.989
0.327
0.847
0.265
0.069
0.204
0.593
0.963
0.476
0.913
0.568
0.183
0.492
0.011
0.337
0.17
0.119
0.009
0.683
0.242
0.148
0.139
0.871
0.615
0.114
0.031
0.276
0.651
0.768
0.352
0.349
0.943
0.742
0.109
0.278
0.352
0.784
0.823
0.429
0.129
0.569
0.333
0.493
0.624
0.622
0.353
0.23
0.329
0.554
0.001
0.224
0.534
0.233
0.987
0.242
0.728
0.792
0.92
0.182
0.462
0.114
0.532
0.589
0.866
0.356
0.392
0.417
0.417
0.973
0.486
0.76
0.285
0.205
0.904
0.951
0.863
0.463
0.628
0.191
0
0.949
0.062
0.673
0.834
0.62
0.271
0.94
0.11
0.702
0.394
0.044
0.828
0.805
0.095
0.584
0.845
0.109
0.219
0.298
0.837
0.454
0.661
0.834
0.484
0.461
0.349
0.999
0.342
0.439
0.23
0.627
0.117
0.826
0.15
0.494
0.826
0.653
0.337
0.094
0.724
0.943
0.638
0.046
0.836
0.777
0.768
0.27
0.211
0.906
0.67
0.232
0.778
0.729
0.189
0.412
0.363
0.379
0.707
0.373
0.048
0.418
0.458
0.432
0.004
0.449
0.637
0.431
0.236
0.615
0.459
0.705
0.105
0.078
0.496
0.393
0.529
0.421
0.291
0.33
0.586
0.183
0.629
0.153
0.171
0.729
0.465
0.4
0.085
0.294
0.909
0.337
0.591
0.998
0.481
0.329
0.827
0.898
0.124
0.723
0.013
0.206
0.151
0.428
0.927
0.868
0.778
0.153
0.542
0.771
0.326
0.633
0.686
0.985
0.877
0.902
0.292
0.352
0.91
0.225
0.46
0.002
0.69
0.69
0.557
0.601
0.866
0.602
0.732
0.931
0.582
0.275
0.666
0.598
0.136
0.692
0.43
0.537
0.864
0.918
0.135
0.627
0.569
0.409
0.071
0.953
0.453
0.18
0.427
0.828
0.95
0.138
0.608
0.213
0.969
0.648
0.879
0.796
0.708
0.542
0.557
0.946
0.229
0.004
0.138
0.029
0.756
0.24
0.954
0.026
0.118
0.853
0.058
0.249
0.427
0.556
0.545
0.997
0.25
0.985
0.783
0.711
0.893
0.135
0.458
0.004
0.754
0.16
0.701
0.832
0.729
0.096
0.072
0.92
0.017
0.954
0.68
0.068
0.107
0.127
0.399
0.372
0.223
0.583
0.489
0.854
0.736
0.372
0.885
0.683
0.139
0.993
0.396
0.737
0.956
0.332
0.026
0.96
0.67
0.385
0.577
0.268
0.951
0.868
0.73
0.461
0.465
0.641
0.692
0.148
0.57
0.923
0.214
0.372
0.856
0.886
0.86
0.929
0.858
0.461
0.697
0.869
0.756
0.348
0.914
0.346
0.4
0.288
0.07
0.827
0.369
0.898
0.172
0.54
0.811
0.659
0.419
0.487
0.886
0.139
0.763
0.159
0.94
0.908
0.209
0.247
0.35
0.098
0.765
0.607
0.734
0.849
0.077
0.641
0.139
0.412
0.774
0.68
0.701
0.832
0.113
0
0.127
0.463
0.158
0.208
0.779
0.957
0.072
0.82
0.287
0.544
0.318
0.283
0.93
0.186
0.547
0.905
0.901
0.003
0.168
0.14
0.338
0.478
0.573
0.151
0.362
0.941
0.17
0.792
0.265
0.419
0.1
0.225
0.733
0.813
0.967
0.146
0.472
0.701
0.819
0.37
0.327
0.081
0.667
0.845
0.598
0.536
0.409
0.59
0.532
0.948
0.233
0.027
0.593
0.116
0.877
0.2
0.85
0.226
0.124
0.862
0.505
0.979
0.786
0.041
0.671
0.637
0.283
0.665
0.56
0.261
0.293
0.019
0.747
0.814
0.91
0.498
0.928
0.717
0.038
0.387
0.32
0.091
0.428
0.582
0.37
0.456
0.623
0.891
0.337
0.836
0.618
0.551
0.028
0.735
0.341
0.43
0.19
0.241
0.893
0.803
0.597
0.831
0.962
0.229
0.605
0.086
0.526
0.849
0.608
0.219
0.271
0.283
0.689
0.044
0.129
0.604
0
0.537
0.129
0.649
0.399
0.298
0.253
0.855
0.225
0.877
0.152
0.318
0.016
0.431
0.219
0.959
0.468
0.686
0.697
0.924
0.082
0.435
0.775
0.812
0.826
0.382
0.05
0.251
0.781
0.431
0.735
0.219
0.75
0.191
0.35
0.651
0.659
0.568
0.299
0.968
0
0.145
0.04
0.539
0.475
0.569
0.062
0.957
0.658
0.121
0.758
0.712
0.843
0.985
0.188
0.223
0.093
0.382
0.998
0.111
0.92
0.203
0.691
0.62
0.64
0.716
0.232
0.828
0.005
0.272
0.066
0.056
0.223
0.885
0.967
0.238
0.445
0.641
0.691
0.783
0.174
0.068
0.157
0.774
0
0.147
0.431
0.753
0.87
0.602
0.572
0.167
0.136
0.101
0.446
0.494
0.084
0.12
0.995
0.442
0.064
0.083
0.891
0.774
0.441
0.495
0.591
0.348
0.975
0.63
0.237
0.245
0.849
0.935
0.875
0.638
0.152
0.751
0.674
0.622
0.686
0.083
0.824
0.572
0.847
0.68
0.373
0.93
0.825
0.667
0.823
0.833
0.063
0.399
0.363
0.432
0.683
0.626
0.179
0.612
0.135
0.896
0.036
0.925
0.715
0.558
0.622
0.918
0.657
0.146
0
0.487
0.05
0.159
0.139
0.133
0.469
0.549
0.22
0.736
0.419
0.947
0.072
0.354
0.845
0.509
0.05
0.996
0.982
0.236
0.394
0.018
0.151
0.865
0.843
0.791
0.616
0.151
0.092
0.983
0.019
0.729
0.236
0.118
0.017
0.288
0.249
0.172
0.827
0.511
0.184
0.263
0.133
0.563
0.749
0.221
0.521
0.648
0.331
0.991
0.499
0.611
0.09
0.692
0.222
0.824
0.402
0.835
0.645
0.203
0.224
0.521
0.732
0.726
0.299
0.989
0.791
0.659
0.251
0.146
0.869
0.318
0.027
0.598
0.542
0.539
0.745
0.581
0.924
0.764
0.139
0.329
0.162
0.123
0.609
0.867
0.723
0.07
0.656
0.962
0.174
0.596
0.088
0.79
0.122
0.545
0.997
0.267
0.821
0.078
0.055
0.69
0.164
0.941
0.011
