0.948
0.851
0.122
0.237
0.122
0.117
0.721
0.738
0.632
0.777
0.581
0.254
0.295
0.892
0.268
0.136
0.307
0.083
0.907
0.751
0.893
0.305
0.794
0.758
0
0.439
0.311
0.945
0.301
0.713
0.588
0.216
0.435
0.708
0.714
0.314
0.353
0.639
0.275
0.435
0.232
0.465
0.617
0.334
0.546
0.194
0.174
0.087
0.068
0.31
0.7
0.21
0.15
0.39
0.877
0.309
0.59
0.465
0.961
0.088
0.525
0.667
0.01
0.998
0.706
0.4
0.927
0.851
0.522
0.543
0.094
0.926
0.892
0.176
0.17
0.324
0.797
0.446
0.509
0.216
0.447
0.88
0.489
0.181
0.584
0.316
0.879
0.068
0.791
0.971
0.009
0.377
0.183
0.261
0.14
0.109
0.058
0.758
0.544
0.462
0.056
0.819
0.295
0.544
0.657
0.056
0.219
0.551
0.974
0.483
0.479
0.293
0.217
0.733
0.435
0.555
0.094
0.936
0.565
0.293
0.705
0.162
0.507
0.26
0.258
0.0
0.847
0.018
0.515
0.425
0.451
0.642
0.771
0.995
0.256
0.863
0.012
0.762
0.987
0.115
0
0.571
0.909
0.426
0.507
0.742
0.463
0.374
0.663
0.179
0.187
0.483
0.451
0.278
0.414
0.574
0.226
0.144
0.56
0.436
0.466
0.392
0.17
0.358
0.614
0.423
0.345
0.527
0.07
0.249
0.076
0.785
0.197
0.333
0.777
0.342
0.88
0.024
0.777
0.347
0.6
0.541
0.915
0.601
0.825
0.164
0.963
0.44
0.023
0.559
0.535
0.945
0.986
0.12
0.848
0.735
0.207
0.815
0.036
0.315
0.121
0.578
0.041
0.695
0.423
0.367
0.73
0.838
0.263
0.692
0.64
0.182
0.67
0.5
0.632
0
0.747
0.645
0.639
0.94
0.223
0.166
0.603
0.234
0.288
0.407
0.102
0.2
0.65
0.181
0.158
0.903
0.256
0.034
0.785
0.615
0.932
0.918
0.267
0.873
0.961
0.292
0.86
0.026
0.033
0.709
0.5
0.463
0.898
0.63
0.258
0.586
0.173
0.836
0.425
0.192
0.727
0.918
0.01
0.604
0.381
0.724
0.73
0.559
0.503
0.143
0.106
0.291
0.535
0.242
0.573
0.014
0.933
0.062
0.941
0.972
0.992
0.772
0.608
0.627
0.104
0.733
0.24
0.859
0.509
0.33
0.392
0.414
0.412
0.725
0.019
0.609
0.144
0.108
0.274
0.979
0.286
0.602
0.105
0.999
0.753
0.053
0.289
0.947
0.206
0.679
0.351
1.0
0.485
0.146
0.409
0.392
0.148
0.064
0.02
0.04
0.085
0.015
0.304
0.886
0.316
0.53
0.279
0.428
0.364
0.987
0.981
0.165
0.35
0.576
0.181
0.433
0.154
0.008
0.783
0.788
0.68
0.067
0.493
0.282
0.752
0.813
0.393
0.227
0.147
0.956
0.779
0.943
0.568
0.441
0.595
0.028
0.254
0.722
0.772
0.382
0.264
0.064
0.091
0.848
0.114
0.716
0.325
0.076
0.422
0.859
0.15
0.906
0.937
0.66
0.958
0.269
0.408
0.616
0.024
0.07
0.155
0.71
0.25
0.115
0.554
0.052
0.131
0.782
0.055
0.474
0.293
0.977
0.562
0.944
0.172
0.721
0.644
0.463
0.506
0.894
0.475
0.793
0.5
0.144
0.051
0.629
0.056
0.726
0.656
0.139
0.419
0.681
0.877
0.002
0.133
0.906
0.014
0.754
0.032
0.462
0.24
0.228
0.062
0.808
0.803
0.662
0.671
0.856
0.352
0.412
0.044
0.654
0.918
0.385
0.325
0.953
0.122
0.539
0.987
0.42
0.006
0.954
0.312
0.829
0.88
0.48
0.427
0.247
0.052
0.106
0.67
0.389
0.387
0.025
0.525
0.919
0.406
0.587
0.895
0.998
0.692
0.101
0.85
0.384
0.999
0.827
0.412
0.035
0.702
0.441
0.401
0.609
0.664
0.486
0.997
0.563
0.233
0.993
0.752
0.624
0.526
0.269
0.425
0.632
0.577
0.843
0.987
0.951
0.559
0.498
0.005
0.174
0.46
0.837
0.226
0.438
0.753
0.983
0.003
0.589
0.876
0.598
0.654
0.831
0.823
0.238
0.144
0.901
0.562
0.996
0.647
0.308
0.803
0.596
0.343
0.588
0.552
0.332
0.212
0.876
0.396
0.957
0.262
0.335
0.062
0.797
0.907
0.679
0.365
0.919
0.66
0.471
0.57
0.978
0.596
0.502
0.584
0.106
0.873
0.915
0.771
0.811
0.416
0.38
0.167
0.989
0.333
0.64
0.291
0.128
0.551
0.03
0.935
0.379
0.831
0.413
0.965
0.119
0.671
0.401
0.337
0.836
0
0.989
0.866
0.842
0.801
0.729
0.115
0.917
0.017
0.349
0.167
0.62
0.263
0.088
0.559
0.475
0.764
0.446
0.495
0.8
0.034
0.011
0.428
0
0.6
0.155
0.406
0.072
0.466
0.324
0.072
0.228
0.195
0.15
0.258
0.776
0.599
0.337
0.945
0.004
0.314
0.078
0.898
0.491
0.703
0.19
0.239
0.771
0.68
0.142
0.954
0.459
0.427
0.668
0.254
0.609
0.121
0.777
0.891
0.712
0.47
0.813
0.971
0.457
0.548
0.145
0.445
0.004
0.77
0.117
0.857
0.329
0.859
0.179
0.871
0.932
0.37
0.764
0.412
0.205
0.397
0.617
0.506
0.709
0.434
0.434
0.655
0.625
0.563
0.566
0.182
0.096
0.827
0.851
0.411
0.989
0.742
0.929
0.671
0.367
0.093
0.779
0.438
0.471
0.449
0.419
0.84
0.127
0.5
0.962
0.299
0.904
0.76
0.757
0.059
0.224
0.344
0.053
0.725
0.552
0.611
0.223
0.561
0.348
0.498
0.854
0.652
0.902
0.789
0.566
0.292
0.268
0.644
0.616
0.903
0.244
0.936
0.641
0.597
0.51
0.514
0.342
0.143
0.041
0.929
0.567
0.73
0.544
0.839
0.942
0.488
0.83
0.862
0.721
0.591
0.592
0.73
0.907
0.927
0.778
0.038
0.242
0.141
0.041
0.673
0.796
0.093
0.383
0.951
0.691
0.376
0.466
0.774
0.475
0.094
0.391
0.588
0.687
0.518
0.397
0.497
0.497
0.243
0.969
0.572
0.287
0.503
0.676
0.862
0.141
0.233
0.379
0.065
0.539
0.684
0.139
0.478
0.267
0.755
0.362
0.274
0.973
0.002
0.456
0.768
0.778
0.129
0.127
0.195
0.944
0.309
0.569
0
0
0.666
0.885
0.692
0.331
0.962
0.387
0.307
0.036
0.081
0.852
0.422
0.699
0.362
0.756
0.95
0.749
0.073
0.591
0.209
0.646
0.726
0.036
0.686
0.649
0.741
0.289
0.735
0.9
0.161
1.0
0.999
0.932
0.479
0.791
0.797
0.518
0.302
0.761
0.034
0.164
0.348
0.173
0.789
0.834
0.932
0.954
0.379
0.862
0.028
0.755
0.617
0.2
0.526
0.955
0.059
0.674
0.583
0.98
0.936
0.237
0.448
0.181
0.518
0.459
0.301
0.09
0.724
0.115
0.662
0.034
0.934
0.596
0.817
0.244
0.597
0.625
0.52
0.772
0.183
0.598
0.476
0.961
0.703
0.937
0.174
0.892
0.393
0.814
0.759
0.427
0.333
0.884
0.753
0.037
0.676
0.15
0
0.415
0.716
0.327
0.662
0.583
0.5
0.02
0.002
0.977
0.235
0.118
0.818
0.226
0.729
0.535
0.686
0.138
0.004
0.917
0.502
0.784
0.797
0.437
0.39
0.24
0.46
0.751
0.461
0.046
0.228
0.914
0.973
0.11
0.157
0.823
0.834
0.803
0.289
0.059
0.545
0.901
0.787
0.111
0.252
0.792
0.523
0.144
0.561
0.518
0.302
0.552
0.503
0.118
0.743
0
0.542
0.798
0.262
0.18
0.617
0.716
0.416
0.666
0.348
0.497
0.531
0.04
0.347
0.797
0.649
0.09
0.356
0.605
0.834
0.925
0.221
0.541
0.844
0.887
0.939
0.72
0.356
0.782
0.844
0.797
0.239
0.725
0.694
0.872
0.891
0.186
0.906
0.344
0.809
0.983
0.214
0.784
0.025
0.331
0.063
0.651
0.167
0.354
0.637
0.641
0.666
0.281
0.017
0.329
0.279
0.59
0.879
0.079
0.006
0.382
0.167
0.869
0.75
0.125
0.262
0.713
0.53
0.78
0.884
0.203
0.164
0.803
0.554
0.131
0.989
0.225
