0.535
0.583
0.372
0.066
0.931
0.968
0.958
0.66
0.465
0.68
0.31
0.441
0.54
0.905
0.576
0.081
0.449
0.949
0.279
0.592
0.272
0.622
0.445
0.367
0.714
0.017
0.015
0.499
0.187
0.874
0.625
0.372
0.858
0.921
0.052
0.419
0.218
0.933
0.358
0.897
0.111
0.377
0.949
0.875
0.032
0.448
0.321
0.767
0.124
0.066
0.348
0.456
0.496
0.393
0.709
0.825
0.547
0.317
0.003
0.418
0.511
0.113
0.562
0.995
0.072
0.398
0.414
0.502
0.183
0.251
0.869
0.424
0.586
0.747
0.044
0.691
0.993
0.811
0.591
0.653
0.489
0.525
0.537
0.852
0.839
0.219
0.921
0.878
0.189
0.574
0.622
0.056
0.931
0.178
0.435
0.167
0.749
0.451
0.609
0.493
0.153
0.087
0.721
0.416
0.715
0.849
0.812
0.72
0.587
0.696
0.637
0.29
0.682
0.98
0.016
0.055
0.827
0.953
0.997
0.695
0.363
0.285
0.86
0.144
0.77
0.298
0.846
0.807
0.758
0.278
0.283
0.052
0.155
0.865
0.564
0.207
0.135
0.945
0.637
0.557
0.375
0.69
0.639
0.1
0.026
0.581
0.206
0.058
0.546
0.738
0.505
0.113
0.397
0.985
0.332
0.649
0.217
0.683
0.352
0.114
0.51
0.187
0.87
0.068
0.963
0.366
0.369
0.412
0.307
0.507
0.228
0.283
0.369
0.836
0.97
0.981
0.004
0.434
0.852
0.5
0.814
0.761
0.201
0.777
0.307
0.954
0.485
0.472
0.431
0.559
0.395
0.561
0.133
0.686
0.006
0.807
0.436
0.932
0.835
0.923
0.74
0.5
0.009
0.289
0.39
0.756
0.78
0.381
0.154
0.407
0.18
0.234
0.211
0.174
0.062
0.339
0.481
0.369
0.674
0.554
0.326
0.305
0.708
0.117
0.873
0.678
0.739
0.395
0.375
0.416
0.94
0.619
0.269
0.371
0.675
0.704
0.429
0.887
0.59
0.321
0.961
0.176
0.66
0.419
0.687
0.364
0.307
0.308
0.672
0.915
0.167
0.658
0.237
0.873
0.848
0.963
0.617
0.73
0.774
0.783
0.97
0.597
0.373
0.703
0.427
0.718
0.536
0.144
0.099
0.644
0.976
0.141
0.055
0.753
0.233
0.393
0.324
0.165
0.304
0.261
0.033
0.689
0.204
0.841
0.028
0.686
0.347
0.476
0.338
0.589
0.423
0.701
0.826
0.475
0.902
0.226
0.466
0.522
0.07
0.9
0.129
0.428
0.816
0.447
0.127
0.058
0.377
0.241
0.196
0.683
0.879
0.685
0.437
0.75
0.209
0.378
0.913
0.631
0.047
0.305
0.098
0.638
0.034
0.66
0.426
0.563
0.464
0.971
0.524
0.998
0.068
0.202
0.406
0.246
0.0
0.164
0.945
0.86
0.912
0.367
0.349
0.711
0.391
0.35
0.096
0.971
0.9
0.501
0.038
0.166
0.865
0.152
0.412
0.467
0.076
0.158
0.298
0.334
0.938
0.337
0.086
0.249
0.515
0.68
0.697
0.444
0.267
0.196
0.204
0.658
0.775
0.264
0.855
0.094
0.88
0.21
0.514
0.167
0.836
0.208
0.882
0.695
0.065
0.188
0.348
0.797
0.519
0.632
0.707
0.599
0.027
0.376
0.328
0.913
0.114
0.306
0.749
0.162
0.267
0.029
0.18
0.67
0.917
0.755
0.344
0.161
0.503
0.764
0.388
0.466
0.412
0.891
0.813
0.963
0.42
0.88
0.239
0.269
0.547
0.866
0.949
0.561
0.711
0.531
0.549
0.935
0.468
0.022
0.928
0.879
0.614
0.336
0.804
0.278
0.976
0.466
0.658
0.952
0.164
0.562
0.288
0.091
0.939
0.005
0.706
0.406
0.546
0.452
0.755
0.03
0.795
0.24
0.404
0.969
0.871
0.843
0.573
0.054
0.639
0.025
0.753
0.921
0.288
0.528
0.671
0.397
0.66
0.114
0.714
0.04
0.745
0.664
0.133
0.849
0.493
0.695
0.773
0.496
0.258
0.479
0.04
0.686
0.287
0.672
0.361
0.072
0.173
0.384
0.334
0.347
0.25
0.019
0.115
0.213
0.565
0.201
0.355
0.268
0.184
0.371
0.09
0.044
0.891
0.329
0.69
0.253
0.351
0.795
0.088
0.203
0.449
0.445
0.546
0.514
0.61
0.442
0.254
0.403
0.975
0.2
0.088
0.148
0.733
0.169
0.768
0.277
0.812
0.89
0.511
0.284
0.491
0.208
0.874
0.144
0.554
0.299
0.015
0.206
0.128
0.823
0.668
0.766
0.682
0.005
0.254
0.718
0.507
0.53
0.826
0.724
0.955
0.167
0.875
0.973
0.03
0.756
0.969
0.545
0.233
0.136
0.192
0.552
0.465
0.045
0.163
0.491
0.172
0.142
0.746
0.193
0.134
0.646
0.446
0.834
0.149
0.54
0.914
0.987
0.911
0.522
0.814
0.571
0.974
0.485
0.637
0.706
0.198
0.727
0.135
0.987
0.958
0.207
0.561
0.99
0.749
0.499
0.203
0.72
0.886
0.643
0.904
0.231
0.603
0.79
0.872
0.188
0.504
0.675
0.475
0.311
0.777
0.163
0.395
0.198
0.987
0.906
0.323
0.306
0.003
0.139
0.433
0.743
0.359
0.865
0.767
0.837
0.718
0.892
0.369
0.138
0.68
0.405
0.019
0.254
0.501
0.903
0.269
0.825
0.414
0.738
0.02
0.107
0.853
0.206
0.413
0.649
0.095
0.845
0.065
0.948
0.695
0.074
0.935
0.102
0.238
0.483
0.984
0.345
0.776
0.692
0.407
0.84
0.405
0.187
0.727
0.138
0.533
0.245
0.664
0.704
0.081
0.315
0.024
0.954
0.024
0.067
0.025
0.806
0.775
0.68
0.4
0.577
0.128
0.564
0.152
0.731
0.6
0.869
0.624
0.447
0.011
0.673
0.759
0.081
0.658
0.304
0.109
0.414
0.02
0.183
0.703
0.905
0.246
0.518
0.664
0.806
0.685
0.504
0.01
0.025
0.26
0.812
0.846
0.203
0.143
0.832
0.095
0.639
0.329
0.809
0.264
0.579
0.888
0.969
0.079
0.418
0.47
0.102
0.919
0.387
0.958
0.649
0.972
0.353
0.662
0.975
0.932
0.247
0.057
0.898
0.855
0.578
0.084
0.473
0.356
0.277
0.283
0.693
0.612
0.251
0.28
0.089
0.554
0.665
0.273
0.179
0.935
0.667
0.849
0.726
0.669
0.225
0.757
0.098
0.112
0.321
0.395
0.566
0.475
0.772
0.633
0.753
0.535
0.231
0.394
0.033
0.723
0.871
0.515
0.118
0.09
0.431
0.103
0.907
0.914
0.596
0.828
0.056
0.34
0.421
0.651
0.134
0.733
0.717
0.686
0.998
0.34
0.054
0.234
0.937
0.28
0.391
0.401
0.406
0.711
0.76
0.786
0.423
0.922
0.154
0.641
0
0.674
0.329
0.117
0.058
0.674
0.038
0.593
0.941
0.228
0.308
0.848
0.694
0.461
0.624
0.265
0.173
0.048
0.376
0.976
0.451
0.741
0.907
0.399
0.673
0.142
0.8
0.964
0.809
0.247
0.709
0.471
0.65
0.285
0.801
0.265
0.025
0.572
0.724
0.75
0.079
0.518
0.362
0.845
0.457
0.362
0.097
0.306
0.469
0.824
0.705
0
0.372
0.214
0.647
0.623
0.969
0.142
0.278
0.075
0.092
0.016
0.45
0.179
0.375
0.804
0.118
0.914
0.216
0.43
0.25
0.946
0.026
0.77
0.356
0.379
0.503
0.653
0.993
0
0.717
0.359
0.046
0.49
0.163
0.94
0.359
0.599
0.207
0.494
0.729
0.047
0.956
0.709
0.98
0.211
0.251
0.82
0.989
0.059
0.781
0.2
0.897
0.464
0.319
0.068
0.52
0.773
0.776
0.772
0.614
0.779
0.554
0.456
0.46
0
0.238
0.211
0.831
0.464
0.12
0.893
0.605
0.76
0.373
0.527
0.298
0.851
0.501
0.422
0.567
0.338
0.26
0.52
0.945
0.96
0.597
0.522
0.291
0.919
0.669
0.135
0.82
0.624
0.234
0.125
0.553
0.398
0.583
0.808
0.518
0.576
0.928
0.47
0.6
0
0.954
0.922
0.143
0.077
0.487
0.394
0.44
0.039
0.238
0.286
0.357
0.212
0.597
0.51
0.031
0.36
0.28
0.999
0.436
0.553
0.687
0.186
0.389
0.25
0.51
0.039
0.911
0.116
0.579
0.215
0.873
0.674
0.156
