0.328
0.564
0.181
0.284
0.201
0.736
0.798
0.97
0.317
0.155
0.299
0.276
0.85
0.336
0.135
0.964
0.416
0.464
0.997
0.118
0.826
0.187
0.842
0.262
0.944
0.056
0.412
0.049
0.743
0.53
0.274
0.645
0.551
0.687
0.769
0.961
0.83
0.318
0.981
0.169
0.493
0.239
0.884
0.985
0.518
0.965
0.148
0.83
0.643
0.921
0.949
0.577
0.416
0.871
0.243
0.652
0.727
0.148
0.229
0.183
0.249
0.263
0.741
0.427
0.344
0.758
0.817
0.676
0.424
0.273
0.389
0.61
0.995
0.174
0.943
0.354
0.756
0.299
0.964
0.758
0.758
0.147
0.778
0.977
0.716
0.916
0.23
0.262
0.134
0.864
0.39
0.416
0.124
0.912
0.671
0.271
0.097
0.172
0.153
0.866
0.213
0.163
0.819
0.013
0.717
0.007
0.665
0.679
0.219
0.289
0.389
0.024
0.206
0.901
0.303
0.728
0.518
0.852
0.833
0.398
0.6
0.612
0.99
0.054
0.655
0.83
0.891
0.724
0.82
0.247
0.099
0.022
0.72
0.033
0.056
0.847
0.259
0.689
0.001
0.668
0.231
0.982
0.845
0.659
0.119
0.259
0.154
0.858
0.313
0.133
0.269
0.368
0.978
0.179
0.565
0.98
0.722
0.394
0.069
0.993
0.269
0.031
0.352
0.944
0.027
0.832
0.246
0.965
0.186
0.358
1.0
0.978
0.296
0.955
0.732
0.931
0.094
0.417
0.346
0.94
0.604
0.106
0.749
0.956
0.903
0.061
0.268
0.696
0.876
0.941
0.401
0.606
0.168
0.527
0.56
0.687
0.142
0.403
0.765
0.011
0.734
0.337
0.975
0.413
0.005
0.741
0.733
0.32
0.478
0.159
0.93
0.352
0.822
0.756
0.135
0.992
0.682
0.188
0.86
0.916
0.885
0.406
0.857
0.302
0.59
0.849
0.193
0.886
0.936
0.624
0.842
0.703
0.695
0.025
0.341
0.359
0.554
0.358
0.085
0.964
0.964
0.534
0.384
0.695
0.88
0.562
0.769
0.627
0.947
0.976
0.869
0.032
0.665
0.107
0.326
0.662
0.855
0.287
0.053
0.711
0.823
0.677
0.52
0.211
0.963
0.707
0.789
0.997
0.12
0.48
0.852
0.369
0.503
0.702
0.762
0.636
0.506
0.226
0.937
0.663
0.209
0.228
0.693
0.176
0.334
0.873
0.438
0.588
0.893
0.475
0.636
0.309
0.75
0.938
0.884
0.633
0.893
0.047
0.939
0.661
0.832
0.204
0.037
0.454
0.822
0.339
0.621
0.757
0.086
0.0
0.802
0.203
0.536
0.982
0.005
0.178
0.609
0.604
0.397
0.54
0.52
0.523
0.097
0.237
0.107
0.959
0.674
0.441
0.879
0.154
0.027
0.911
0.073
0.544
0.083
0.698
0.729
0.173
0.774
0.456
0.969
0.723
0.618
0.296
0.115
0.146
0.142
0.503
0.359
0.907
0.019
0.634
0.143
0.677
0.714
0.963
0.697
0.668
0.538
0.618
0.385
0.579
0.922
0.314
0.375
0.387
0.8
0.479
0.323
0.369
0.876
0.831
0.618
0.448
0.609
0.694
0.109
0.485
0.813
0.94
0.864
0.927
0.436
0.113
0.918
0.577
0.477
0.127
0.356
0.592
0.733
0.076
0.57
0.607
0.251
0.914
0.917
0.485
0.032
0.888
0.713
0.586
0.435
0.806
0.291
0.392
0.17
0.666
0.904
0.742
0.85
0.039
0.206
0.926
0.614
0.289
0.825
0.017
0.938
0.144
0.437
0.894
0.245
0.515
0.396
0.155
0.721
0.584
0.292
0.953
0.808
0.674
0.565
0.081
0.941
0.143
0.184
0.057
0.74
0.574
0.09
0.829
0.912
0.809
0.625
0.953
0.584
0.666
0.962
0.521
0.913
0.408
0.679
0.578
0.453
0.407
0.449
0.82
0.029
0.951
0.703
0.134
0.615
0.535
0.098
0.773
0.621
0.379
0.927
0.48
0.156
0.137
0.269
0.291
0.892
0.215
0.429
0.337
0.723
0.464
0.811
0.415
0.626
0.581
0.663
0.84
0.029
0.669
0.016
0.117
0.929
0.608
0.858
0.924
0.981
0.889
0.75
0.871
0.196
0.466
0.264
0.629
0.026
0.05
0.667
0.067
0.449
0.909
0.423
0.805
0.787
0.02
0.679
0.801
0.219
0.25
0.187
0.865
0.348
0.856
0.026
0.02
0.833
0.963
0.614
0.973
0.626
0.284
0.448
0.699
0.728
0.406
0.257
0.474
0.293
0.795
0.456
0.692
0.201
0.953
0.889
0.135
0.45
0.653
0.514
0.739
0.783
0.656
0.389
0.705
0.217
0.762
0.974
0.659
0.495
0.558
0.011
0.301
0.573
0.739
0.022
0.921
0.868
0.966
0.746
0.545
0.481
0.506
0.607
0.163
0.053
0.439
0.459
0.02
0.995
0.045
0.081
0.167
0.279
0.228
0.601
0.565
0.157
0.148
0.305
0.872
0.879
0.713
0.921
0.744
0.126
0.487
0.898
0.38
0.273
0.528
0.386
0.628
0.607
0.388
0.079
0.725
0.127
0.792
0.504
0.354
0.947
0.054
0.234
0.617
0.413
0.213
0.799
0.446
0.607
0.061
0.005
0.248
0.441
0.157
0.47
0.898
0.654
0.498
0.283
0.759
0.575
0.616
0.135
0.74
0.124
0.651
0.417
0.935
0.783
0.962
0.103
0.477
0.752
0.565
0.379
0.136
0.483
0.968
0.442
0.528
0.142
0.639
0.609
0.72
0.589
0.181
0.475
0.643
0.984
0.557
0.697
0.305
0.41
0.323
0.363
0.295
0.881
0.658
0.453
0.513
0.466
0.459
0.238
0.633
0.03
0.464
0.797
1.0
0.307
0.553
0.226
0.204
0.192
0.818
0.481
0.782
0.638
0
0.884
0.807
0.171
0.313
0.339
0.538
0.94
0.911
0.419
0.923
0.019
0.414
0.604
0.482
0.396
0.327
0.212
0.284
0.701
0.633
0.519
0.324
0.005
0.81
0.096
0.48
0.046
0.177
0.881
0.367
0.113
0.342
0.801
0.761
0.998
0.191
0.182
0.269
0.19
0.522
0.957
0.176
0.526
0.858
0.268
0.359
0.944
0.15
0.956
0.454
0.443
0.676
0.998
0.044
0.295
0.634
0.688
0.775
0.495
0.685
0.659
0.675
0.787
0.858
0.009
0.632
0.387
0.775
0.905
0.278
0.888
0.915
0.634
0.193
0.145
0.504
0.479
0.6
0.067
0.3
0.88
0.072
0.899
0.596
0.167
0.642
0.561
0.127
0.097
0.788
0.32
0.755
0.217
0.598
0.855
0.134
0.372
0.259
0.299
0.636
0.082
0.65
0.078
0.209
0.909
0.373
0.154
0.843
0.335
0.738
0.578
0.507
0.382
0.772
0.936
0.692
0.071
0.466
0.822
0.112
0.337
0.927
0.046
0.264
0.498
0.06
0.019
0.063
0.404
0.605
0.637
0.313
0.055
0.282
0.708
0.439
0.184
0.665
0.984
0.187
0.186
0.455
0.241
0.486
0.186
0.774
0.062
0.064
0.966
0.98
0.798
0.693
0.631
0.382
0.852
0.337
0.435
0.32
0.612
0.072
0.497
0.591
0.789
0.848
0.07
0.382
0.689
0.611
0.904
0.802
0.244
0.511
0.512
0.6
0.754
0.514
0.679
0.73
0.685
0.97
0.831
0.621
0.794
0.463
0.616
0.227
0.922
0.824
0.639
0.909
0.621
0.423
0.621
0.525
0.772
0.687
0.197
0.563
0.053
0.385
0.921
0.925
0.036
0.283
0.244
0.925
0.904
0.254
0.667
0.208
0.131
0.166
0.432
0.933
0.972
0.943
0.574
0.591
0.0
0.063
0.745
0.067
0.83
0.97
0.973
0.538
0.14
0.448
0.788
0.093
0.246
0.498
0.06
0.081
0.591
0.665
0.777
0.455
0.618
0.794
0.574
0.107
0.4
0.38
0.685
0.522
0.006
0.461
0.206
0.372
0.828
0.212
0.037
0.865
0.893
0.644
0.732
0.113
0.512
0.326
0.775
0.328
0.497
0.806
0.287
0.59
0.281
0.799
0.98
0.533
0.807
0.537
0.423
0.297
0.273
0.144
0.437
0.696
0.278
0.653
0.352
0.938
0.713
0.298
0.866
0.319
0.778
0.499
0.848
0.426
0.187
0.005
0.651
0.16
0.37
0.889
0.846
0.562
0.168
0.776
0.494
0.583
0.319
0.456
0.551
0.314
0.84
0.547
0.507
0.856
0.616
0.359
0.047
0.782
0.442
0.611
