0.608
0.104
0.682
0.079
0.054
0.905
0.929
0.99
0.416
0.829
0.687
0.231
0.217
0.393
0.575
0.068
0.91
0.468
0.267
0.347
0.703
0.254
0.512
0.368
0.333
0.059
0.473
0.784
0.043
0.066
0.799
0.909
0.755
0.969
0.891
0.303
0.648
0.459
0.6
0.636
0.037
0.271
0.505
0.047
0.294
0.962
0.397
0.905
0.765
0.942
0.799
0.172
0.118
0.874
0.077
0.995
0.058
0.336
0.516
0.62
0.149
0.888
0.132
0.605
0.093
0.859
0.027
0.447
0.585
0.929
0.798
0.107
0.251
0.529
0.937
0.012
0.178
0.073
0.768
0.746
0.699
0.083
0.386
0.091
0.552
0.704
0.477
0.76
0.22
0.643
0.995
0.291
0.256
0.846
0.778
0.889
0.585
0.873
0.158
0.167
0.561
0.177
0.318
0.527
0.092
0.906
0.621
0.33
0.076
0.143
0.561
0.533
0.916
0.102
0.744
0.229
0.933
0.103
0.858
0.75
0.096
0.422
0.3
0.644
0.783
0.841
0.753
0.048
0.069
0.531
0.806
0.819
0.72
0.625
0.796
0.601
0.044
0.023
0.134
0.167
0.094
0.829
0.769
0.613
0.499
0.679
0.327
0.141
0.666
0.726
0.944
0.574
0.86
0.705
0.618
0.88
0.834
0.819
0.334
0.805
0.052
0.132
0.855
0.117
0.864
0.348
0.936
0.037
0.15
0.962
0.417
0.95
0.776
0.42
0.384
0.191
0.611
0.296
0.413
0.572
0.848
0.717
0.383
0.804
0.182
0.97
0.27
0.919
0.774
0.313
0.272
0.837
0.257
0.052
0.484
0.261
0.772
0.377
0.273
0.0
0.017
0.199
0.04
0.244
0.829
0.08
0.928
0.563
0.279
0.105
0.022
0.166
0.62
0.899
0.1
0.322
0.677
0.823
0.113
0.18
0.272
0.781
0.136
0.408
0.22
0.73
0.243
0.216
0.457
0.247
0.238
0.294
0.845
0.692
0.708
0.012
0.204
0.449
0.091
0.591
0.015
0.785
0.765
0.753
0.582
0.609
0.601
0.98
0.868
0.569
0.576
0.616
0.985
0.126
0.074
0.044
0.321
0.011
0.658
0.191
0.616
0.258
0.367
0.433
0.811
0.078
0.957
0.199
0.132
0.928
0.742
0.29
0.684
0.145
0.698
0.147
0.637
0.875
0.128
0.257
0.665
0.921
0
0.442
0.471
0.588
0.932
0.586
0.373
0.787
0.83
0.619
0.722
0.372
0.312
0.888
0.955
0.323
0.528
0.59
0.349
0.566
0.337
0.992
0.871
0.855
0.108
0.449
0.588
0
0.582
0.289
0.814
0.607
0.068
0.359
0.345
0.612
0.161
0.984
0.695
0.164
0.379
0.282
0.009
0.975
0.661
0.933
0.608
0.369
0.408
0.058
0.271
0.409
0.613
0.735
0.281
0.523
0.985
0.752
0.977
0.67
0.412
0.106
0.595
0.73
0.53
0.65
0.283
0.569
0.347
0.322
0.485
0.858
0.144
0.637
0.732
0.761
0.751
0.56
0.451
0.418
0.546
0.114
0.33
0.475
0.637
0.462
0.873
0.635
0.161
0.801
0.937
0.287
0.373
0.647
0.664
0.973
0.884
0.555
0.596
0.762
0.565
0.657
0.549
0.642
0.507
0.394
0.492
0.028
0.194
0.339
0.186
0.081
0.656
0.08
0.932
0.296
0.361
0.972
0.992
0.873
0.518
0.407
0.027
0.939
0.29
0.682
0.565
0.349
0.783
0.571
0
0.901
0.286
0.27
0.187
0.565
0.703
0.925
0.114
0.1
0.135
0.038
0.217
0.157
0.856
0.894
0.442
0.955
0.661
0.596
0.146
0.724
0.425
0.547
0.799
0.659
0.146
0.4
0.219
0.57
0.344
0.063
0.796
0.998
0.725
0.303
0.753
0.683
0.933
0.391
0.278
0.046
0.516
0.427
0.865
0.694
0.184
0.534
0.809
0.164
0.06
0.31
0.852
0.007
0.045
0.244
0.083
0.334
0.6
0.135
0.283
0.701
0.026
0.238
0.157
0.332
0.919
0.938
0.744
0.244
0.029
0.038
0.368
0.862
0.693
0.504
0.529
0.583
0.284
0.8
0.103
0.388
0.916
0.415
0.427
0.785
0.167
0.595
0.868
0.031
0.929
0.24
0.288
0.038
0.356
0.577
0.496
0.439
0.055
0.711
0.09
0.457
0.702
0.136
0.478
0.702
0.918
0.582
0.632
0.673
0.817
0.636
0.811
0.584
0.223
0.61
0.975
0.437
0.1
0.452
0.604
0.642
0.299
0.473
0.879
0.096
0.52
0.294
0.289
0.228
0.587
0.544
0.872
0.642
0.706
0.285
0.791
0.629
0.812
0.734
0.095
0.593
0.423
0.404
0.539
0.958
0.909
0.478
0.752
0.243
0.606
0.76
0.8
0.721
0.766
0.323
0.056
0.962
0.191
0.12
0.892
0.181
0.303
0.736
0.02
0.883
0.263
0.63
0.664
0.404
0.162
0.376
0.632
0.693
0.767
0.129
0.154
0.089
0.056
0.279
0.826
0.744
0.575
0.191
0.45
0.971
0.423
0.741
0.136
0.404
0.981
0.441
0.67
0.27
0.484
0.458
0.417
0.928
0.284
0.386
0.797
0.529
0.515
0.945
0.737
0.263
0.206
0.106
0.043
0.962
0.165
0.778
0.536
0.144
0.063
0.84
0.108
0.49
0.301
0.523
0.97
0.07
0.232
0.886
0.77
0.215
0.297
0.873
0.827
0.866
0.462
0.429
0.692
0.092
0.084
0.892
0.91
0.379
0.604
0.635
0.667
0.54
0.117
0.52
0.81
0.555
0.292
0.016
0.861
0.182
0.585
0.643
0.307
0.924
0.535
0.742
0.749
0.062
0.61
0.355
0.992
0.953
0.566
0.166
0.477
0.092
0.181
0.909
0.083
0.793
0.281
0.575
0.377
0.137
0.739
0.945
0.299
0.778
0.102
0.218
0.654
0.094
0.64
0.364
0.979
0.256
0.107
0.613
0.526
0.983
0.582
0.699
0.212
0.214
0.949
0.961
0.208
0.518
0.452
0.54
0.821
0.154
0.083
0.932
0.072
0.636
0.786
0.855
0.571
0.836
0.808
0.673
0.647
0.716
0.254
0.524
0.149
0.823
0.527
0.096
0.544
0.641
0.467
0.203
0.957
0.211
0.003
0.588
0.749
0.142
0.473
0.487
0.733
0.47
0.282
0.052
0.74
0.32
0.894
0.394
0.651
0.909
0.103
0.638
0.556
0.367
0.768
0.417
0.711
0.494
0.285
0.057
0.323
0.181
0.15
0.229
0.8
0.81
0.305
0.375
0.574
0.46
0.115
0.215
0.057
0.145
0.574
0.107
0.542
0.086
0.532
0.082
0.604
0.548
0.137
0.22
0.589
0.162
0.236
0.261
0.682
0.544
0.602
0.761
0.755
0.155
0.702
0.504
0.065
0.508
0.855
0.198
0.539
0.128
0.639
0.781
0.226
0.047
0.506
0.796
0.936
0.957
0.158
0.257
0.728
0.775
0.434
0.028
0.891
0.776
0.62
0.785
0.568
0.38
0.134
0.009
0.768
0.987
0.451
0.901
0.225
0.073
0.637
0.298
0.007
0.03
0.567
0.463
0.421
0.856
0.354
0.987
0.296
0.645
0.285
0.207
0.865
0.217
0.658
0.741
0.047
0.167
0.83
0.662
0.891
0.028
0.54
0.578
0.169
0.647
0.565
0.877
0.706
0.044
0.055
0.051
0.72
0.772
0.353
0.402
0.217
0.43
0.961
0.439
0.904
0.021
0.524
0.936
0.585
0.609
0.465
0.274
0.752
0.457
0.523
0.614
0.34
0.899
0.72
0.63
0.874
0.109
0.257
0.68
0.385
0.588
0.873
0.907
0.386
0.993
0.998
0.059
0.082
0.033
0.011
0.022
0.618
0.993
0.588
0.045
0.878
0.187
0.887
0.514
0.434
0.603
0.087
0.258
0.616
0.394
0.834
0.364
0.776
0.72
0.58
0.666
0.791
0.23
0.875
0.012
0.216
0.11
0.315
0.377
0.686
0.574
0.046
0.698
0.921
0.227
0.316
0.215
0.369
0.287
0.578
0.115
0.252
0.738
0.885
0.848
0.684
0.935
0.871
0.79
0.518
0.134
0.405
0.37
0.168
0.798
0.482
0.233
0.317
0.389
0.77
0.481
0.08
0.098
0.424
0.912
0.811
0.612
0.379
0.874
0.902
0.27
0.163
0.855
0.147
0.138
0.287
0.819
0.935
0.566
0.618
0.345
0.695
0.961
0.21
0.584
0.457
0.556
0.408
0.674
0.362
0.546
0.391
0.424
