0.326
0.449
0.545
0.429
0.633
0.216
0.319
0.637
0.678
0.033
0.625
0.99
0.41
0.411
0.226
0.202
0.297
0.721
0.911
0.433
0.768
0.199
0.024
0.293
0.053
0.874
0.442
0.202
0.971
0.971
0.454
0.092
0.87
0.585
0.403
0.386
0.334
0.784
0.07
0.979
0.01
0.987
0.872
0.956
0.908
0.614
0.437
0.596
0.992
0.058
0.316
0.755
0.317
0.032
0.172
0.224
0.474
0.864
0.149
0.774
0.36
0.218
0.364
0.825
0.886
0.78
0.302
0.872
0.392
0.68
0.402
0.208
0.058
0.333
0.124
0.979
0.032
0.756
0.019
0.29
0.134
0.597
0.804
0.689
0.932
0.176
0.176
0.074
0.973
0.188
0.683
0.334
0.333
0.41
0.118
0.523
0.455
0.21
0.943
0.401
0.153
0.567
0.497
0.561
0.351
0.644
0.969
0.761
0.518
0.5
0.185
0.017
0.206
0.847
0.743
0.471
0.229
0.596
0.928
0.708
0.864
0.895
0.683
0.131
0.628
0.276
0.981
0.226
0.081
0.501
0.678
0.18
0.572
0.155
0.707
0.367
0.202
0.678
0.511
0.102
0.508
0.024
0.472
0.792
0.91
0.136
0.978
0.822
0.927
0.762
0.919
0.304
0.147
0.851
0.897
0.872
0.772
0.187
0.194
0.717
0.585
0.525
0.469
0
0.326
0.194
0.324
0.879
0.681
0.572
0.072
0.038
0.292
0.852
0.675
0.63
0.013
0.015
0.928
0.736
0.253
0.519
0.902
0.543
0.365
0.369
0.215
0.836
0.989
0.132
0.709
0.44
0.714
0.718
0.175
0.841
0.054
0.037
0.503
0.476
0.437
0.34
0.302
0.965
0.769
0.791
0.065
0.235
0
0.945
0.904
0.131
0.219
0.705
0.445
0.374
0.548
0.841
0.109
0.888
0.758
0.849
0.212
0
0.463
0.746
0.358
0.834
0.075
0.447
0.755
0.18
0.544
0.8
0.19
0.639
0.925
0.895
0.24
0.91
0.755
0.753
0.966
0.414
0.12
0.549
0.167
0.73
0.199
0.951
0.83
0.119
0.384
0.997
0.048
0.911
0.942
0.104
0.213
0.518
0.332
0
0.442
0.923
0.418
0.559
0.514
0.307
0.652
0.272
0.786
0.529
0.801
0.631
0.552
0.567
0.437
0.362
0.72
0.199
0.427
0.484
0.526
0.959
0.189
0.573
0.706
0.27
0.52
0.777
0.211
0.42
0.936
0.539
0.601
0.647
0.274
0.891
0.016
0.547
0.601
0.317
0.298
0.719
0.402
0.192
0.411
0.43
0.105
0.708
0.219
0.197
0.448
0.685
0.746
0.964
0.986
0.508
0.376
0.681
0.411
0.02
0.545
0.737
0.859
0.357
0.326
0.928
0.623
0.13
0.566
0.688
0.831
0.215
0.773
0.905
0.023
0.875
0.905
0.466
0.048
0.043
0.745
0.118
0.564
0.187
0.051
0.636
0.35
0.278
0.411
0.855
0.392
0.017
0.001
0.17
0.006
0.638
0.198
0.661
0.557
0.05
0.748
0.31
0.289
0.887
0.934
0.134
0.394
0.383
0.352
0.427
0.502
0.895
0.259
0.824
0.436
0.401
0.453
0.665
0.187
0.754
0.69
0.212
0.224
0.478
0.882
0.875
0.497
0.666
0.713
0.526
0.951
0.732
0.838
0.341
0.827
0.916
0.272
0.568
0.175
0.945
0.069
0.364
0
0.321
0.728
0.978
0.903
0.345
0.178
0.404
0.51
0.773
0.846
0.465
0.329
0.753
0.984
0.462
0.262
0.209
0.254
0.114
0.583
0.02
0.018
0.157
0.432
0.06
0.948
0.454
0.417
0.703
0.778
0.442
0.599
0.573
0.32
0.853
0.206
0.435
0.927
0.722
0.738
0.731
0.195
0.571
0.974
0.304
0.911
0.225
0.53
0.643
0.45
0.418
0.424
0.358
0.65
0.21
0.025
0.835
0.127
0.389
0.082
0.91
0.639
0.503
0.211
0.067
0.966
0.366
0.516
0.179
0.058
0.795
0.094
0.858
0.617
0.545
0.934
0.522
0.954
0.438
0.031
0.913
0.67
0.944
0.736
0.837
0.088
0.804
0.379
0.875
0.78
0.505
0.052
0.597
0.372
0.318
0.848
0.28
0.197
0.379
0.341
0.034
0.502
0.158
0.009
0.56
0.232
0.045
0.46
0.739
0.722
0.834
0.71
0.209
0.509
0.887
0.468
0.75
0.589
0.356
0.903
0.426
0.452
0.234
0.119
0.628
0.257
0.313
0.643
0.947
0.564
0.398
0.313
0.114
0.495
0.689
0.874
0.418
0.454
0.794
0.001
0.911
0.212
0.531
0.778
0.392
0.604
0.075
0.833
0.218
0.068
0.578
0.128
0.552
0.376
0.307
0.274
0.906
0.648
0.655
0.25
0.564
0.165
0.917
0.947
0.399
0.335
0.6
0.139
0.141
0.708
0.773
0.253
0.718
0.629
0.272
0.751
0.911
0.642
0.766
0.999
0.248
0.611
0.257
0.586
0.163
0.528
0.278
0.035
0.364
0.23
0.385
0.403
0.051
0.87
0.005
0.587
0.417
0.148
0.6
0.558
0.264
0.449
0.095
0.6
0.781
0.446
0.824
0.539
0.128
0.947
0.285
0.987
0.997
0.563
0.277
0.556
0.371
0.116
0.774
0.787
0.042
0.575
0.192
0.281
0.362
0.8
0.736
0.309
0.319
0.362
0.096
0.587
0.509
0.672
0.045
0.03
0.25
0.662
0.283
0.556
0.274
0.225
0.484
0.834
0.909
0.379
0.494
0.519
0.924
0.191
0.268
0.936
0.446
0
0.629
0.031
0.402
0.343
0.548
0.254
0.52
0.989
0.617
0.906
0.364
0.58
0.556
0.957
0.012
0.995
0.462
0.929
0.21
0.654
0.825
0.25
0.266
0.166
0.78
0.541
0.577
0.495
0.145
0.363
0.642
0.246
0.015
0.01
0.054
0.971
0.951
0.812
0.189
0.308
0.72
0.798
0.247
0.836
0.282
0.884
0.585
0.685
0.495
0.985
0.272
0.211
0.511
0.655
0.666
0.667
0.259
0.323
0.642
0.336
0.718
0.917
0.753
0.081
0
0.748
0.865
0.768
0.499
0.355
0.445
0.635
0.107
0.018
0.974
0.077
0.279
0.727
0.443
0.597
0.164
0.956
0.039
0.032
0.009
0.369
0.274
0.264
0.236
0.767
0.547
0.496
0.21
0.179
0.601
0.488
0.019
0.391
0
0.079
0.103
0.742
0.294
0.261
0.625
0.393
0.481
0.422
0.272
0.981
0.54
0.247
0.368
0.912
0.418
0.616
0.625
0.874
0.088
0.031
0.92
0.512
0.752
0.328
0.071
0.382
0.519
0.471
0.569
0.677
0.851
0.049
0.717
0.235
0.265
0.205
0.421
0.716
0.378
0.67
0.73
0.7
0.141
0.778
0.322
0.979
0.721
0.055
0.969
0.79
0.116
0.006
0.499
0.554
0.828
0.354
0.475
0.324
0.718
0.144
0.294
0.606
0.422
0.531
0.15
0.076
0.944
0.89
0.866
0.892
0.072
0.491
0.797
0.908
0.831
0.31
0.072
0.058
0.394
0.855
0.698
0.934
0.952
0.112
0.192
0.77
0.818
0.521
0.54
0.701
0.514
0.245
0.978
0.91
0.325
0.194
0.028
0.193
0.254
0.477
0.462
0.002
0.376
0.849
0.343
0.057
0.01
0.173
0.751
0.524
0.185
0.806
0.014
0.095
0.122
0.937
0.665
0.521
0.372
0.728
0.658
0.564
0.005
0.006
0.533
0.358
0.437
0.1
0.6
0.235
0.419
0.901
0.112
0.338
0.986
0.503
0.846
0.121
0.531
0.841
0.735
0.481
0.352
0.592
0.931
0.06
0.903
0.627
0.784
0.746
0.354
0.897
0.492
0.466
0.26
0.429
0.592
0.523
0.066
0.71
0.739
0.873
0.155
0.497
0.891
0.953
0.526
0.434
0.659
0.553
0.309
0.74
0.881
0.921
0.784
0.074
0.159
0.702
0.877
0.938
0.331
0.721
0.934
0.824
0.065
0.287
0.617
0.576
0.623
0.097
0.781
0.021
0.202
0.954
0.464
0.366
0.822
0.862
0.472
0.531
0.77
0.078
0.017
0.348
0.919
0.772
0.419
0.426
0.999
0.14
0.183
0.307
0.145
0.553
0.989
0.904
0.076
0.784
0.267
0.663
0.745
0.426
0.073
0.552
0
0.722
0.004
0.686
0.056
0.844
0.549
0.417
0.043
0.098
0.872
0.057
0.637
0.397
0.889
0.984
0.057
