0.399
0.288
0.785
0.947
0.654
0.895
0
0.342
0.832
0.93
0.543
0.097
0.618
0.537
0.209
0.601
0.544
0.965
0.409
0.601
0.199
0.202
0.203
0.689
0.345
0.758
0.734
0.212
0.552
0.803
0.725
0.993
0.217
0.363
0.909
0.732
0.746
0.881
0.538
0.647
0.1
0.152
0.482
0.395
0.91
0.503
0.405
0.62
0.387
0.527
0.758
0.371
0.617
0.413
0.32
0.426
0.946
0.226
0.861
0.234
0.406
0.483
0.454
0.815
0.656
0.992
0.694
0.283
0.334
0.223
0.823
0.92
0.449
0.887
0.564
0.252
0.173
0.968
0.726
0.154
0.22
0.279
0.222
0.518
0.914
0.381
0.14
0.84
0.923
0.79
0.479
0.362
0.982
0.683
0.935
0.25
0.039
0.992
0.563
0.078
0.877
0.709
0.679
0.021
0.382
0.535
0.365
0.263
0.131
0.523
0.224
0.287
0.469
0.247
0.319
0.598
0.374
0.43
0.544
0.308
0.992
0.538
0.292
0.703
0.737
0.101
0.461
0.314
0.22
0.234
0.84
0.271
0.204
0.173
0.377
0.215
0.793
0.912
0.044
0.281
0.816
0.379
0.351
0.776
0
0.779
0.482
0.264
0.148
0.57
0.611
0.286
0.812
0.118
0.017
0.82
0.633
0.367
0.621
0.508
0.728
0.576
0.368
0.817
0.852
0.129
0.06
0.984
0.438
0.485
0.881
0.496
0.443
0.631
0.148
0.767
0.718
0.782
0.776
0.084
0.659
0.03
0.112
0.796
0.371
0.802
0.503
0.548
0.726
0.072
0.395
0.902
0.785
0.842
0.631
0.789
0.591
0.46
0.021
0.753
0.458
0.448
0.881
0.249
0.169
0.096
0.327
0.297
0.523
0.734
0.56
0.5
0.575
0.014
0.398
0.738
0.948
0.457
0.892
0.165
0.905
0.207
0.165
0.512
0.397
0.681
0.63
0.76
0.769
0.221
0.024
0.044
0.911
0.15
0.766
0.145
0
0.576
0.336
0.276
0.079
0.466
0.014
0.212
0.726
0.846
0.297
0.662
0.393
0.914
0.333
0.771
0.389
0.824
0.087
0.051
0.934
0.31
0.945
0.783
0.616
0.168
0.189
0.815
0.092
0.302
0.977
0.437
0.603
0.498
0.051
0.084
0.973
0.331
0.189
0.937
0.109
0.286
0.41
0.629
0.105
0.432
0.69
0.172
0.278
0.647
0.053
0.379
0.101
0.331
0.689
0.796
0.784
0.869
0.766
0.368
0.662
0.756
0.636
0.101
0.187
0.906
0.859
0.294
0.848
0.382
0.275
0.822
0.459
0.91
0.835
0.72
0.437
0.258
0.511
0.848
0.323
0.561
0.504
0.261
0.489
0.766
0
0.953
0.64
0.02
0.432
0.125
0.534
0.829
0.415
0.526
0.151
0.6
0.342
0.903
0.377
0.371
0.024
0.703
0.969
0.288
0.189
0.066
0.786
0.65
0.426
0.518
0.717
0.227
0.881
0.06
0.319
0.198
0.605
0
0.955
0.554
0.304
0.786
0.813
0.499
0.078
0.887
0.184
0.868
0.727
0.338
0.305
0.112
0.423
0.384
0.689
0.068
0.881
0.133
0.895
0.51
0.883
0.345
0.085
0.651
0.305
0.241
0.895
0.56
0.591
0.912
0.461
0.256
0.39
0.995
0.777
0.859
0.306
0.359
0.874
0.308
0.655
0.068
0.537
0.003
0.07
0.268
0.464
0.327
0.014
0.595
0.78
0.77
0.283
0.956
0.721
0.002
0.042
0.678
0.024
0.523
0.243
0.457
0.183
0.594
0.119
0.677
0.503
0.24
0.104
0.527
0.212
0.382
0.052
0.926
0.458
0.979
0.576
0.859
0.284
0.227
0.412
0.191
0.628
0.266
0.237
0.179
0.889
0.116
0.679
0.782
0.087
0.704
0.217
0.918
0.032
0.551
0.045
0.194
0.939
0.235
0.234
0.644
0.77
0.544
0.264
0.541
0.452
0.43
0.233
0.557
0.136
0.06
0.08
0.428
0.769
0.08
0.455
0.101
0.175
0.911
0.028
0.89
0.378
0.552
0.962
0.966
0.153
0.391
0.732
0.468
0.28
0.587
0.553
0.408
0.53
0.315
0.675
0.838
0.936
0.165
0.405
0.43
0.893
0.772
0.982
0.764
0.778
0.55
0.142
0.989
0.517
0.625
0.585
0.806
0.776
0.56
0.587
0.843
0.811
0.132
0.984
0.509
0.528
0.335
0.749
0.318
0.417
0.947
0.518
0.882
0.708
0.787
0.691
0.549
0.959
0.095
0.464
0.195
0.841
0.667
0.977
0.017
0.015
0.98
0.475
0.157
0.86
0.699
0.115
0.308
0.915
0.1
0.065
0.083
0.388
0.058
0.321
0.143
0.666
0.985
0.941
0.256
0.094
0.878
0.563
0.141
0.443
0.636
0.64
0.672
0.084
0.717
0.47
0.951
0.874
0.614
0.611
0.417
0.402
0.145
0.457
0.68
0.378
0.724
0.753
0.983
0.569
0.217
0.292
0.095
0.446
0.82
0.481
0.129
0.798
0.294
0.64
0.174
0.948
0.462
0.276
0.911
0.63
0.249
0.559
0.34
0.511
0.906
0.723
0.475
0.302
0.319
0.973
0.853
0.074
0.145
0.582
0.666
0.844
0.49
0.455
0.353
0.355
0.054
0.394
0.832
0.817
0.357
0.766
0.944
0.491
0.516
0.233
0.262
0.086
0.636
0.802
0.863
0.325
0.198
0.277
0.223
0.985
0.201
0.56
0.007
0.582
0.408
0.8
0.924
0.332
0.641
0.164
0.905
0.837
0.155
0.44
0.539
0.188
0.222
0.901
0.089
0.95
0.489
0.114
0.026
0.796
0.189
0.496
0.364
0.39
0
0.004
0
0.126
0.098
0.544
0.681
0.381
0.833
0.367
0.555
0.545
0.476
0.04
0.315
0.702
0.343
0.515
0.247
0.136
0.3
0.301
0.145
0.833
0.316
0.267
0.033
0.914
0.245
0.861
0.303
0.413
0.905
0.024
0.788
0.56
0.078
0.582
0.414
0.466
0.297
0.719
0.444
0.699
0.983
0.816
0.07
0.362
0.154
0.109
0.058
0.62
0.991
0.508
0.289
0.155
0.817
0.205
0.167
0.886
0.706
0.856
0.164
0.755
0.217
0.842
0.618
0.957
0.842
0.738
0.436
0.675
0.859
0.727
0.339
0.42
0.48
0.885
0.113
0.433
0.456
0.362
0.642
0.906
0.053
0.581
0.15
0.456
0.982
0.113
0.652
0.006
0.833
0.088
0.98
0.05
0.663
0.507
0.619
0.605
0.417
0.441
0.427
0.494
0.606
0.745
0.043
0.057
0.898
0.812
0.385
0.731
0.3
0.543
0.918
0.871
0.63
0.865
0.029
0.646
0.466
0.303
0.523
0.33
0.975
0.179
0.912
0.39
0.549
0.021
0.15
0.54
0.196
0.406
0.815
0.419
0.768
0.364
0.942
0.484
0.707
0.033
0.304
0.509
0.999
0.069
0.931
0.594
0.732
0.3
0.612
0.666
0.901
0.574
0.716
0.368
0.673
0.785
0.005
0.516
0.252
0.97
0.247
0.464
0.125
0.82
0.832
0.261
0.677
0.221
0.695
0.116
0.906
0.702
0.301
0.651
0.28
0.573
0.28
0.658
0.506
0.456
0.259
0.747
0.167
0.639
0.892
0.615
0.588
0
0.273
0.257
0.166
0.053
0.686
0.613
0.036
0.251
0.406
0.421
0.65
0.81
0.776
0.091
0.799
0.808
0.377
0.774
0.524
0.736
0.437
0.896
0.481
0.508
0.504
0.792
0.857
0.972
0.697
0.869
0.786
0.138
0.19
0.166
0.137
0.366
0.817
0.707
0.995
0.598
0.911
0.155
0.854
0.99
0.897
0.211
0.142
0.566
0.166
0.009
0.795
0.738
0.151
0.592
0.532
0.571
0.74
0.003
0.495
0.622
0.72
0.549
0.101
0.291
0.229
0.284
0.029
0.098
0.801
0.81
0.193
0.09
0.029
0.308
0.805
0.904
0.216
0.195
0.258
0.745
0.069
0.333
0.165
0.129
0.684
0.201
0.542
0.62
0.218
0.95
0.054
0.094
0.424
0.267
0.62
0.635
0.592
0.126
0.454
0.195
0.013
0.486
0.623
0.628
0.509
1.0
0.453
0.433
0.652
0.955
0.478
0.427
0.129
0.886
0.189
0.947
0.801
0.298
0.208
0.442
0.475
0.048
0.433
0.057
0.821
0.047
0.966
0.153
0.818
0.228
0.316
0.517
0.302
0.441
0.832
0.638
0.223
0.122
0.4
0
0.616
