0.608
0.813
0.147
0.82
0.262
0.155
0.834
0.096
0.57
0.549
0.621
0.851
0.273
0.352
0.656
0.245
0.33
0.22
0.876
0.731
0.046
0.081
0.847
0.984
0.113
0.206
0.173
0.11
0.096
0.921
0.71
0.547
0.565
0.414
0.271
0.728
0.913
0.643
0.224
0.125
0.026
0.295
0.588
0.319
0.741
0.41
0.487
0.047
0.912
0.35
0.677
0.038
0.064
0.443
0.063
0.115
0.981
0.073
0.512
0.909
0.081
0.376
0.714
0.625
0.738
0.439
0.522
0.794
0.887
0.676
0.231
0.467
0.607
0.531
0.299
0.184
0.932
0.253
0.077
0.625
0.331
0.763
0.703
0.6
0.537
0.503
0.408
0.097
0.568
0.326
0.592
0.775
0.844
0.266
0.292
0.169
0.564
0.18
0.334
0.746
0.483
0.994
0.303
0.67
0.066
0.009
0.648
0.496
0.421
0.978
0.882
0.191
0.152
0.635
0.478
0.44
0.607
0.328
0.84
0.555
0.475
0.52
0.425
0.091
0.635
0.816
0.207
0.749
0.421
0.098
0.576
0.648
0.045
0.944
0.605
0.413
0.625
0.693
0.14
0.746
0.222
0.354
0.774
0.274
0.305
0.253
0.662
0.391
0.463
0.323
0.662
0.125
0.301
0.481
0.025
0.594
0.072
0.134
0.437
0.51
0.229
0.142
0.408
0.535
0.055
0.383
0.264
0.466
0.08
0.603
0.261
0.838
0.282
0.636
0.607
0.693
0.216
0.96
0.899
0.45
0.383
0.039
0.327
0.447
0.784
0.366
0.332
0.656
0.905
0.57
0.205
0.738
0.497
0.661
0.54
0.691
0.933
0.417
0.563
0.602
0.089
0.486
0.383
0.533
0.103
0.567
0.629
0.302
0.996
0.749
0.005
0.717
0.859
0.955
0.078
0.783
0.771
0.648
0.445
0.794
0.981
0.628
0.635
0.582
0.787
0.274
0.814
0.984
0.948
0.6
0.207
0.007
0.91
0.15
0.888
0.528
0.549
0.463
0.157
0.14
0.378
0.669
0.515
0.378
0.84
0.601
0.287
0.277
0.337
0.698
0.032
0.872
0.268
0.578
0.813
0.133
0.773
0.999
0.078
0.516
0.085
0.224
0.591
0.302
0.964
0.626
0.422
0.037
0.375
0.68
0.157
0.16
0.506
0.46
0.738
0.091
0.617
0.973
0.215
0.708
0.947
0.406
0.436
0.085
0.764
0.103
0.576
0.739
0.188
0.471
0.545
0.458
0.916
0.464
0.064
0.814
0.727
0.084
0.641
0.471
0.652
0.098
0.739
0.782
0.761
0.959
0.678
0.336
0.762
0.362
0.757
0.194
0.617
0.151
0.744
0.764
0.204
0.409
0.006
0.221
0.752
0.829
0.806
0.408
0.085
0.407
0.234
0.417
0.298
0.825
0.463
0.748
0.667
0.548
0.077
0.199
0.488
0.05
0.083
0.555
0.437
0.265
0.678
0.313
0.959
0.851
0.85
0.355
0.754
0.49
0.178
0.787
0.602
0.549
0.371
0.175
0.447
0.384
0.949
0.693
0.137
0.764
0.46
0.225
0.547
0.621
0.995
0.671
0.617
0.99
0.594
0.88
0.164
0.607
0.302
0.504
0.664
0.691
0.795
0.277
0.352
0.731
0.573
0.429
0.238
0.147
0.15
0.27
0.856
0.061
0.032
0.5
0.709
0.825
0.551
0.625
0.452
0.916
0.078
0.038
0.671
0.702
0.708
0.989
0.314
0.335
0.088
0.873
0.185
0.044
0.268
0.91
0.123
0.041
0.431
0.951
0.146
0.106
0.926
0.458
0.278
0.758
0.662
0.799
0.76
0.632
0.005
0.739
0.781
0.092
0.526
0.911
0.17
0.52
0.4
0.602
0.013
0.216
0.907
0.804
0.512
0.861
0.29
0.837
0.205
0.434
0.807
0.06
0.697
0.067
0.516
0.257
0.32
0.167
0.99
0.939
0.674
0.219
0.344
0.016
0.96
0.231
0.188
0.032
0.897
0.622
0.822
1.0
0.642
0.937
0.232
0.268
0.492
0.536
0.051
0.033
0.598
0.228
0.703
0.953
0.518
0.091
0.598
0.28
0.861
0.631
0.287
0.637
0.703
0.16
0.315
0.102
0.008
0.65
0.815
0.356
0.507
0.075
0.786
0.98
0.244
0.784
0.201
0.591
0.35
0.505
0.22
0.641
0.636
0.5
0.362
0.141
0.167
0.991
0.67
0.39
0.367
0.474
0.636
0.726
0.284
0.578
0.702
0.385
0.935
0.695
0.254
0.071
0.025
0.842
0.195
0.425
0.479
0.875
0.952
0.052
0.054
0.931
0.406
0.622
0.488
0.609
0.03
0.392
0.038
0.113
0.104
0.473
0.501
0.861
0.165
0.084
0.593
0.263
0.712
0.49
0.978
0.554
0.294
0.923
0.875
0.327
0.074
0.691
0.371
0.002
0.201
0.591
0.698
0.576
0.746
0.78
0.373
0.107
0.747
0.707
0.369
0.015
0.572
0.216
0.658
0.14
0.215
0.29
0.256
0.093
0.082
0.562
0.658
0.096
0.228
0.024
0.062
0.752
0.795
0.27
0.761
0.787
0.1
0.667
0.978
0.084
0.6
0.505
0.023
0.46
0.998
0.526
0.11
0.274
0.304
0.143
0.772
0.137
0.639
0.138
0.661
0.886
0.065
0.153
0.253
0.74
0.046
0.859
0.438
0.869
0.998
0.394
0.337
0.267
0.161
0.215
0.906
0.612
0.552
0.361
0.406
0.602
0.314
0.397
0.702
0.136
0.381
0.191
0.158
0.731
0.165
0.033
0.47
0.399
0.271
0.538
0.603
0.974
0.514
0.825
0.447
0.068
0.436
0.892
0.526
0.356
0.878
0.522
0.143
0.541
0.218
0.135
0.937
0.984
0.817
0.612
0.346
0.38
0.614
0.563
0.898
0.465
0.399
0.252
0.5
0.452
0.226
0.806
0.834
0.978
0.87
0.965
0.395
0.027
0.303
0.397
0.423
0.057
0.38
0.623
0.942
0.966
0.444
0.768
0.608
0.379
0.805
0.65
0.065
0.383
0.243
0.766
0.577
0.694
0.171
0.956
0.418
0.141
0.389
0.47
0.171
0.323
0.999
0.768
0.006
0.6
0.667
0.683
0.127
0.844
0.058
0.533
0.004
0.585
0.319
0.055
0.07
0.616
0.575
0.954
0.035
0.158
0.189
0.895
0.76
0.006
0.031
0.234
0.967
0.42
0.128
0.818
0.265
0.839
0.597
0.247
0.942
0.435
0.289
0.763
0.012
0.868
0.799
0.128
0.011
0.585
0.773
0.037
0.635
0.855
0.385
0.204
0.241
0.016
0.73
0.638
0.991
0.918
0.564
0.562
0.38
0.359
0.264
0.007
0.564
0.939
0.8
0.552
0.303
0.505
0.447
0.052
0.398
0.839
0.465
0.33
0.31
0.801
0.866
0.408
0.349
0.69
0.979
0.333
0.909
0.323
0.571
0.134
0.201
0.828
0.344
0.052
0.691
0.251
0.745
0.076
0.913
0.868
0.882
0.337
0.475
0.512
0.875
0.368
0.039
0.917
0.571
0.518
0.173
0.201
0.745
0.608
0.792
0.99
0.649
0.554
0.966
0.69
0.604
0.659
0.548
0.701
0.485
0.748
0.715
0.21
0.987
0.837
0.787
0.524
0.435
0.974
0.089
0.806
0.812
0.141
0.784
0.1
0.822
0.901
0.698
0.483
0.092
0.752
0.134
0.321
0.536
0.666
0.607
0.141
0.703
0.206
0.916
0.627
0.302
0.621
0.317
0.35
0.386
0.134
0.186
0.644
0.421
0.177
0.254
0.607
0.835
0.127
0.431
0.493
0.722
0.148
0.772
0.301
0.381
0.716
0.426
0.527
0.372
0.989
0.356
0.224
0.881
0.833
0.096
0.055
0.388
0.903
0.123
0.143
0.706
0.451
0.891
0.392
0.592
0.487
0.003
0.668
0.831
0.488
0.603
0.402
0.371
0.763
0.267
0.404
0.497
0.994
0.976
0.102
0.374
0.352
0.904
0.142
0.921
0.707
0.751
0.64
0.676
0.204
0.256
0.537
0.43
0.542
0.637
0.64
0.397
0.865
0.17
0.883
0.643
0.751
0.567
0.917
0.289
0.514
0.586
0.323
0.991
0.359
0.937
0.207
0.191
0.94
0.205
0.246
0.55
0.692
0.126
0.651
0.918
0.487
0.814
0.535
0.869
0.548
0.367
0.967
0.119
0.591
0.391
0.066
0.88
0.063
0.59
0.678
0.746
0.93
0.342
0.507
0.712
0.455
0.026
0.099
0.266
0.745
0.346
0.493
0.718
0.226
0.96
0.024
0.59
0.984
