0.747
0.556
0.576
0.857
0.634
0.182
0.813
0.035
0.49
0.788
0.512
0.006
0.815
0.815
0.236
0.043
0.394
0.293
0.214
0.62
0.136
0.202
0.418
0.601
0.773
0.43
0.21
0.595
0.161
0.977
0.28
0
0.77
0.583
0.558
0.019
0.196
0.085
0.359
0.63
0.441
0.951
0.891
0.148
0.713
0.547
0.075
0.402
0.767
0.567
0.55
0.264
0.008
0.733
0.774
0.05
0.786
0.381
0.846
0.01
0.62
0.183
0.725
0.833
0.97
0.156
0.608
0.581
0.643
0.854
0.829
0.68
0.892
0.395
0.456
0.398
0.488
0.846
0.023
0.579
0.639
0.662
0.686
0.175
0.074
0.412
0
0.279
0.442
0.22
0.243
0.537
0.548
0.919
0.929
0.508
0.632
0.265
0.815
0.622
0.656
0.065
0.471
0.803
0.205
0.916
0.75
0.512
0.124
0.731
0.363
0.13
0.681
0.332
0.577
0.094
0.165
0.404
0.612
0.924
0.694
0.982
0.199
0.363
0.42
0.357
0.518
0.848
0.863
0.515
0.236
0.371
0.023
0.474
0.648
0.257
0.951
0.801
0.577
0.14
0.853
0.216
0.2
0.749
0.378
0.965
0.021
0.8
0.8
0.22
0.503
0.125
0.116
0.502
0.133
0.7
0.322
0.802
0.372
0.953
0.97
0.242
0.818
0.14
0.104
0.362
0.813
0.868
0.5
0.792
0.097
0.057
0.537
0.414
0.365
0.465
0.911
0.966
0.399
0.715
0.241
0.49
0.895
0.653
0.65
0.123
0.064
0.756
0.521
0.251
0.148
0.894
0.389
0.725
0.363
0.752
0.37
0.799
0.491
0.092
0.582
0.375
0.732
0.468
0.73
0.046
0.292
0.006
0.645
0.075
0.447
0.801
0.693
0.422
0.333
0.422
0.431
0.8
0.903
0.741
0.183
0.086
0.465
0.39
0.83
0.833
0
0.019
0.95
0.701
0.375
0.77
0.475
0.659
0.344
0.445
0.791
0.033
0.914
0.64
0.513
0.147
0.429
0.281
0.414
0.521
0.608
0.453
0.906
0.117
0.654
0.8
0.535
0.11
0.583
0.55
0.595
0.598
0.722
0.237
0.808
0.401
0.627
0.021
0.992
0.704
0.449
0.519
0.485
0.851
0.289
0.695
0.854
0.134
0.462
0.085
0.103
0.514
0.511
0.242
0.468
0.192
0.744
0.974
0.217
0.017
0.273
0.547
0.394
0.409
0.843
0.066
0.785
0.848
0.338
0.681
0.304
0.582
0.56
0.652
0.709
0.682
0.616
0.536
0.437
0.969
0.847
0.663
0.445
0.123
0.096
0.526
0.008
0.493
0.355
0.422
0.158
0.251
0.292
0.631
0.773
0.11
0.098
0.307
0.596
0.589
0.743
0.827
0.898
0.932
0.366
0
0.486
0.72
0.104
0.521
0.396
0.229
0.18
0.674
0.615
0.956
0.415
0.059
0.158
0.86
0.418
0.898
0.812
0.964
0.772
0.479
0.934
0.705
0.992
0.225
0.265
0.84
0.811
0.432
0.963
0.085
0.504
0.345
0.865
0.53
0.098
0.627
0.119
0.705
0.592
0.879
0.578
0.45
0.401
0.4
0.3
0.79
0.744
0.953
0.965
0.002
0.442
0.631
0.181
0.268
0.53
0.214
0.394
0.489
0.323
0.391
0.074
0.782
0.202
0.824
0.979
0.406
0.522
0.307
0.897
0.852
0.752
0.458
0.374
0.143
0.278
0.826
0.833
0.007
0.808
0.566
0.731
0.005
0.343
0.749
0.052
0.97
0.557
0.671
0.504
0.09
0.629
0.951
0.607
0.511
0.18
0.884
0.065
0.68
0.764
0.868
0.836
0.62
0.493
0.866
0.014
0.7
0.201
0.537
0.712
0.407
0.51
0.597
0.762
0.774
0.987
0.756
0.475
0.504
0.977
0.915
0.301
0.591
0.616
0.338
0.54
0.183
0.986
0.698
0.703
0.465
0.417
0.838
0.745
0.784
0.358
0.719
0.78
0.587
0.966
0.448
0.744
0.662
0.072
0.657
0.92
0.172
0.878
0.72
0.19
0.41
0.879
0.75
0.006
0.989
0.107
0.487
0.294
0.815
0.238
0.024
0.849
0.984
0.449
0.273
0.519
0.795
0.367
0.872
0.284
0.248
0.388
0.26
0.988
0.035
0.498
0.077
0.592
0.893
0.711
0.022
0.781
0.22
0.944
0.538
0.53
0.267
0.479
0.357
0.621
0.061
0.248
0.62
0.656
0.571
0.588
0.201
0.738
0.241
0.635
0.629
0.32
0.091
0.33
0.734
0.064
0.095
0.554
0.859
0.15
0.171
0.124
0.901
0.611
0.669
0.013
0.746
0.511
0.215
0.334
0.286
0.957
0.558
0.653
0.149
0.448
0.896
0.246
0.867
0.537
0.915
0.826
0.258
0.104
0.014
0.247
0.301
0.915
0.467
0.257
0.335
0.184
0.161
0.649
0.414
0.09
0.949
0.444
0.148
0.114
0.194
0.042
0.445
0.556
0.919
0.073
0.41
0.471
0.813
0.089
0.25
0.862
0.946
0.377
0.93
0.724
0.638
0.695
0.961
0.711
0
0.28
0.964
0.26
0.798
0.649
0.24
0.141
0.581
0.998
0.315
0.909
0.091
0.646
0.596
0.885
0.595
0.812
0.356
0.883
0.998
0.191
0.345
0.905
0.161
0.377
0.833
0.281
0.819
0.299
0.923
0.09
0.293
0.269
0.7
0.266
0.441
0.658
0.409
0.554
0.366
0.877
0.513
0.182
0.673
0.501
0.185
0.534
0.202
0.889
0.102
0.693
0.199
0.137
0.611
0.998
0.235
0.811
0.038
0.688
0.242
0.934
0.476
0.268
0.518
0.795
0.179
0.836
0.953
0.801
0.922
0.767
0.62
0.131
0.889
0.436
0.973
0.071
0.182
0.165
0.938
0.673
0.276
0.891
0.593
0.07
0.363
0.624
0.796
0.423
0.442
0.277
0.939
0.265
0.672
0.653
0.138
0.705
0.629
0.578
0.672
0.002
0.877
0.414
0.973
0.44
0.506
0.839
0.503
0.075
0.501
0.826
0.597
0.073
0.847
0.276
0.215
0.093
0.786
0.42
0.375
0.014
0.197
0.75
0.401
0.45
0.98
0.597
0.485
0.968
0.202
0.139
0.049
0.69
0.49
0.855
0.897
0.238
0.791
0.665
0.514
0.853
0.603
0.824
0.626
0.976
0.515
0.272
0.656
0.254
0.366
0.459
0.918
0.684
0.312
0.337
0.478
0.232
0.369
0.94
0.475
0.009
0.729
0.08
0.205
0.542
0.798
0.866
0.115
0.576
0.501
0.282
0.048
0.054
0.955
0.957
0.374
0.354
0.566
0.018
0.401
0.108
0.675
0.193
0.167
0.87
0.045
0.527
0.374
0.86
0.002
0.595
0.527
0.457
0.678
0.727
0.527
0.873
0.165
0.481
0.949
0.1
0.964
0.631
0.438
0.932
0.781
0.215
0.833
0.275
0.283
0.134
0.504
0.287
0.165
0.91
0.224
0.148
0.302
0.381
0.575
0.31
0.236
0.877
0.563
0.148
0.698
0.719
0.204
0.811
0.591
0.261
0.041
0.838
0.188
0.438
0.349
0.443
0.726
0.579
0.527
0.721
0.786
0.819
0.565
0.642
0.705
0.33
0.483
0.764
0.116
0.028
0.848
0.629
0.389
0.072
0.933
0.828
0.156
0.958
0.623
0.215
0.903
0.927
0.988
0.965
0.834
0.633
0.929
0.059
0.585
0.231
0.955
0.92
0.356
0.786
0
0.103
0
0.423
0.614
0.508
0.41
0.57
0.744
0.801
0.67
0.895
0.483
0.994
0.318
0.179
0.581
0.625
0.877
0.902
0.09
0.651
0.418
0.097
0.581
0.795
0.349
0.442
0.527
0.701
0.702
0.65
0.61
0.198
0.198
0.71
0.196
0.432
0.512
0.39
0.017
0.83
0.208
0.158
0.371
0.286
0.641
0.309
0.824
0.017
0.056
0.475
0.237
0.839
0.771
0.173
0.288
0.865
0.736
0.26
0.689
0.251
0.286
0.635
0.031
0.892
0.657
0.88
0.661
0.14
0.689
0.303
0.281
0.05
0.199
0.027
0.865
0.796
0.259
0.937
0.988
0.658
0.724
0.367
0.312
0.162
0.245
0.575
0.717
0.388
0.428
0.663
0.102
0.558
0.425
0.883
0.407
0.231
0.569
0.426
0.136
0.466
0.678
0.923
0.492
0.301
0.58
0.519
0.257
0.138
0.392
0.582
0.204
0.009
0.09
0.87
0.185
0.187
0.729
0.271
0.742
0.735
0.661
