0.621
0.775
0.721
0.185
0.7
0.846
0.72
0.215
0.03
0.011
0.457
0.408
0.345
0.246
0.777
0.973
0
0.007
0.741
0.168
0.806
0.391
0.779
0.024
0.215
0.654
0.37
0.97
0.727
0.227
0.225
0.687
0.438
0.016
0.149
0.053
0.236
0.706
0.734
0.36
0.618
0.741
0.313
0.674
0.787
0.949
0.823
0.486
0.898
0.087
0.933
0.614
0.559
0.433
0.69
0.341
0.045
0.289
0.533
0.717
0.618
0.669
0.446
0.972
0.173
0.708
0.048
0.865
0.16
0.58
0.012
0.321
0.602
0.151
0.382
0.022
0.309
0.759
0.194
0.46
0.721
0.03
0.462
0.025
0.685
0.354
0.248
0.072
0.808
0.352
0.649
0.386
0.595
0.526
0.192
0.462
0.052
0.581
0.106
0.973
0.348
0.779
0.224
0.747
0.369
0.431
0.268
0.967
0.803
0.22
0.712
0.069
0.8
0.95
0.308
0.749
0.657
0.752
0.261
0.919
0.92
0.913
0.527
0.441
0.855
0.103
0.918
0.735
0.345
0.911
0.722
0.874
0.936
0.09
0.078
0.618
0.622
0.224
0.49
0.294
0.561
0.308
0.369
0.426
0.364
0.275
0.541
0.773
0.577
0.583
0.374
0.342
0.857
0.441
0.819
0.312
0.302
0.859
0.906
0.523
0.119
0.081
0.315
0.978
0.872
0.016
0.104
0.561
0.816
0.765
0.714
0.741
0.275
0.987
0.711
0.781
0.491
0.324
0.228
0.231
0.577
0.366
0.827
0.395
0.082
0.519
0.591
0.418
0.224
0.307
0.045
0.601
0.813
0.708
0.063
0.002
0.029
0.682
0.022
0.796
0.524
0.332
0.131
0.064
0.873
0.517
0.765
0.281
0.103
0.99
0.052
0.405
0.355
0.883
0.656
0.761
0.713
0.965
0.643
0.811
0.942
0.843
0.821
0.137
0.309
0.153
0.066
0.62
0.844
0.213
0.826
0.777
0.812
0.826
0.36
0.256
0.129
0.25
0.153
0.821
0.603
0.343
0.164
0.53
0.297
0.957
0.273
0.522
0.971
0.227
0.439
0.853
0.372
0.398
0.026
0.899
0.911
0.482
0.588
0.433
0.514
0.568
0.488
0.17
0.278
0.26
0.644
0.409
0.802
0.229
0.068
0.69
0.958
0.307
0.742
0.509
0.998
0.34
0.533
0.941
0.476
0.638
0.677
0.463
0.172
0.82
0.533
0.574
0.022
0.339
0.169
0.749
0.852
0.231
0.141
0.271
0.479
0.838
0.661
0.497
0.884
0.683
0.052
0.992
0.996
0.122
0.488
0.355
0.203
0.866
0.559
0.422
0.519
0.563
0.275
0.797
0.971
0.759
0.807
0.133
0.08
0.406
0.112
0.844
0.428
0.547
0.246
0.038
0.132
0.08
0.357
0.792
0.186
0.549
0
0.064
0.301
0.166
0.345
0.467
0.056
0.776
0.714
0.111
0.513
0.742
0.913
0.424
0.679
0.465
0.774
0.925
0.48
0.874
0.437
0.286
0.867
0.855
0.328
0.156
0.418
0.906
0.094
0.354
0.866
0.387
0.95
0.913
0.326
0.863
0.77
0.032
0.694
0.167
0.545
0.493
0.159
0.237
0.158
0.15
0.434
0.696
0.397
0.788
0.313
0.858
0.094
0.805
0.049
0.128
0.117
0.262
0.904
0.094
0.871
0.867
0.428
0.365
0.376
0.065
0.145
0.121
0.59
0.997
0.313
0.873
0.572
0.857
0.658
0.084
0.438
0.782
0.126
0.571
0.291
0.613
0.932
0.152
0.629
0.117
0.728
0.13
0.552
0.852
0.287
0.846
0.794
0.217
0.196
0.456
0.133
0.733
0.475
0.961
0.052
0.715
0.847
0.266
0.667
0.359
0.975
0.865
0.097
0.879
0.952
0.04
0.725
0.594
0.12
0.492
0.079
0.236
0.538
0.14
0.104
0.528
0.892
0.436
0.38
0.659
0.124
0.518
0.089
0.605
0.365
0.681
0.618
0.381
0.358
0.469
0.833
0.825
0.678
0.637
0.57
0.757
0.788
0.503
0.776
0.772
0.113
0.303
0.918
0.802
0.973
0.593
0.668
0.706
0.574
0.433
0.637
0.575
0.766
0.823
0.338
0.23
0.513
0.281
0.247
0.268
0
0.016
0.074
0.404
0.44
0.616
0.942
0.152
0.989
0.907
0.663
0.495
0.374
0.08
0.44
0.312
0.304
0.439
0.097
0.965
0.856
0.027
0.272
0.157
0.557
0.819
0.886
0
0.957
0.54
0.28
0.632
0.158
0.471
0.079
0.345
0.295
0.211
0.428
0.737
0.731
0.441
0.507
0.392
0.263
0.049
0.712
0.531
0.328
0.304
0.788
0.297
0.267
0.531
0.926
0.925
0.244
0.296
0.045
0.019
0.968
0.814
0.813
0.614
0.815
0.73
0.114
0.411
0.592
0.335
0.362
0.148
0.937
0.527
0.615
0.684
0.828
0.54
0.478
0.563
0.806
0.853
0.602
0.011
0.263
0.536
0.732
0.595
0.171
0.842
0.259
0.352
0.315
0.291
0.897
0.192
0.22
0.004
0.395
0.328
0.882
0.617
0.165
0.111
0.127
0.877
0.419
0.473
0.383
0.469
0.51
0.25
0.163
0.762
0.547
0.784
0.723
0.228
0.529
0.265
0.549
0.148
0.254
0.069
0.224
0.217
0.893
0.829
0.412
0.374
0.62
0.998
0.072
0.384
0.828
0.032
0.102
0.755
0.711
0.459
0.432
0.75
0.044
0.381
0.118
0.947
0.319
0.268
0.401
0.668
0.885
0.711
0.134
0.643
0.302
0.93
0.997
0.49
0.824
0.385
0.851
0.374
0.772
0.32
0.901
0.485
0.548
0.239
0.983
0.3
0.167
0.463
0.708
0.23
0.357
0.743
0.392
0.096
0.266
0.667
0.859
0.284
0.749
0.4
0.662
0.569
0.846
0.984
0.224
0.033
0.874
0.406
0.943
0.837
0
0.497
0.86
0.605
0.975
0.255
0.64
0.335
0.645
0.259
0.481
0.264
0.761
0.302
0.334
0.945
0.358
0.863
0.574
0.422
0.569
0.487
0.792
0.129
0.756
0.9
0.762
0.698
0.122
0.715
0.967
0.572
0.077
0.465
0.709
0.602
0.134
0.111
0.548
0.818
0.423
0.547
0.964
0.693
0.455
0.005
0.012
0.097
0.657
0.713
0.161
0.475
0.661
0.401
0.08
0.09
0.068
0.949
0.479
0.87
0.966
0.67
0.801
0.83
0.069
0.606
0.497
0.072
0.834
0.242
0.105
0.383
0.961
0.322
0.317
0.084
0.854
0.98
0.981
0.904
0.121
0.163
0.822
0.938
0.51
0.749
0.599
0.859
0.721
0.75
0.021
0.861
0.253
0.131
0.334
0.494
0.234
0.929
0.244
0.631
0.791
0.361
0.929
0.443
0.221
0.89
0.376
0.368
0.511
0.093
0.857
0.746
0.363
0.614
0.529
0.267
0.313
0.945
0.668
0.084
0.136
0.067
0.558
0.856
0.25
0.076
0.627
0.21
0.629
0.66
0.696
0.763
0.45
0.459
0.904
0.213
0.417
0.892
0.401
0.858
0.596
0.378
0.103
0.787
0.736
0.234
0.775
0.435
0.904
0.68
0.13
0.058
0.526
0.02
0.313
0.404
0.589
0
0.465
0.354
0.067
0.971
0.1
0.187
0.597
0.689
0.6
0.074
0.421
0.496
0.667
0.626
0.353
0.238
0.022
0.232
0.528
0.642
0.801
0.307
0.111
0.22
0.839
0.212
0.885
0.751
0.441
0.833
0.063
0.218
0.253
0.986
0.69
0.779
0.581
0.359
0.012
0.012
0.93
0.763
0.423
0.839
0.833
0.886
0.003
0.267
0.422
0.417
0.605
0.926
0.062
0.062
0.852
0.083
0.36
0.301
0.574
0.516
0.11
0.857
0.817
0.664
0.683
0.456
0.014
0.198
0.644
0.486
0.032
0.148
0.685
0.223
0.981
0.2
0.939
0.508
0.47
0.592
0.475
0.669
0.119
0.286
0.566
0.51
0.096
0.327
0.519
0.457
0.171
0.758
0.228
0.9
0.571
0.284
0.361
0.543
0.937
0.751
0.897
0.57
0.99
0.531
0.386
0.457
0.125
0.482
0.8
0.847
0.8
0.199
0.28
0.618
0.259
0.014
0.204
0.146
0.375
0.9
0.663
0.324
0.668
0.167
0.372
0.425
0.685
0.907
0.737
0.17
0.445
0.755
0.592
0.753
0.384
0.424
0.69
0.975
0.171
0.132
0.549
0.686
0.579
0.586
0.644
0.773
0.159
0.061
