0.627
0.121
0.501
0.865
0.012
0.318
0.466
0.005
0.969
0.703
0.465
0.419
0.669
0.158
0.689
0.407
0.229
0.968
0.411
0.74
0.295
0.295
0.463
0.049
0.537
0.361
0.207
0.827
0.363
0.235
0.268
0.951
0.018
0.069
0.512
0.984
0.864
0.445
0.247
0.212
0.793
0.011
0.233
0.154
0.349
0.437
0.537
0.232
0.349
0.238
0.552
0.39
0.435
0.708
0.182
0.466
0.02
0.482
0.986
0.19
0.225
0.25
0.059
0.898
0.235
0.918
0.023
0.432
0.669
0.623
0.046
0.559
0.151
0.249
0.126
0.463
0.828
0.154
0.82
0.935
0.726
0.307
0.192
0.632
0.392
0.212
0.35
0.355
0.042
0.812
0.702
0.114
0.582
0.841
0.121
0.284
0.183
0.628
0.145
0.011
0.595
0.729
0.458
0.157
0.969
0.28
0.795
0.169
0.571
0.619
0.412
0.621
0.539
0.097
0.49
0.506
0.584
0.246
0.135
0.514
0.666
0.248
0.509
0.269
0.385
0.179
0.691
0.599
0.914
0.868
0.833
0.516
0.541
0.676
0.399
0.925
0.824
0.104
0.228
0.611
0.667
0.537
0.831
0.007
0.756
0.281
0.351
0.432
0.312
0.562
0.822
0.031
0.656
0.134
0.292
0.18
0.307
0.853
0.455
0.67
0.97
0.557
0.313
0.483
0.831
0.209
0.807
0.07
0.286
0.867
0.417
0.483
0.75
0.308
0.437
0.348
0.324
0.002
0.845
0.379
0.323
0.15
0.042
0.941
0.792
0.851
0.231
0.433
0.325
0.635
0.032
0.631
0.069
0.977
0.911
0.368
0.788
0.851
0.793
0.555
0.5
0.846
0.775
0.908
0.2
0.777
0.242
0.053
0.804
0.416
0.811
0.548
0.381
0.081
0.045
0.488
0.956
0.945
0.936
0.201
0.3
0.12
0.123
0.275
0.311
0.813
0.669
0.31
0.645
0.633
0.03
0.583
0.922
0.782
0.847
0.935
0.861
0.997
0.223
0.235
0.575
0.931
0.542
0.962
0.081
0.847
0.817
0.864
0.986
0.387
0.214
0.08
0.903
0.947
0.202
0.823
0.277
0.188
0.662
0.862
0.949
0.694
0.663
0.48
0.465
0.6
0.585
0.472
0.63
0.016
0.56
0.261
0.915
0.808
0.334
0.889
0.151
0.692
0.087
0.172
0.425
0.101
0.31
0.244
0.763
0.138
0.74
0.242
0.141
0.342
0.118
0.716
0.235
0.071
0.317
0.133
0.409
0.695
0.861
0.985
0.102
0.24
0.88
0.009
0.688
0.613
0.515
0.439
0.597
0.71
0.69
0.74
0.618
0.85
0.045
0.207
0.455
0.915
0.838
0.392
0.903
0.621
0.531
0.749
0.47
0.983
0.433
0.62
0.636
0.765
0.999
0.881
0.631
0.259
0.291
0.316
0.336
0.997
0.376
0.166
0.558
0.924
0.259
0.153
0.834
0.902
0.902
0.776
0.975
0.429
0.056
0.611
0.114
0.062
0.649
0.354
0.174
0.632
0.648
0.242
0.344
0.289
0.344
0.518
0.829
0.297
0.244
0.137
0.816
0.326
0.933
0.711
0.544
0.532
0.228
0.889
0.63
0.765
0.579
0.51
0.086
0.035
0.821
0.753
0.166
0.378
0.62
0.119
0.862
0.392
0.565
0.259
0.654
0.154
0.383
0.251
0.904
0.673
0.896
0.028
0.593
0.965
0.611
0.565
0.484
0.897
0.418
0.908
0
0.991
0.01
0.21
0.95
0.282
0.092
0.879
0.673
0.042
0.383
0.325
0.571
0.737
0.674
0.343
0.938
0.658
0.422
0.947
0.41
0.985
0.463
0.894
0.771
0.798
0.853
0.592
0.368
0.987
0.936
0.893
0.131
0.99
0.752
0.627
0.885
0.021
0.365
0.392
0.78
0.563
0.121
0.64
0.23
0.24
0.838
0.089
0.223
0.654
0.27
0.468
0.565
0.539
0.448
0.124
0.609
0.32
0.278
0.918
0.501
0.551
0.942
0.226
0.122
0.669
0.977
0.583
0.05
0.274
0.713
0.273
0.947
0.319
0.423
0.498
0.099
0.078
0.846
0.466
0.32
0.748
0.192
0.736
0.874
0.535
0.594
0.058
0.796
0.194
0.655
0.479
0.041
0.949
0.496
0.553
0.306
0.058
0.133
0.577
0.389
0.255
0.586
0.474
0.582
0.671
0.493
0.804
0.961
0.628
0.566
0.658
0.662
0.013
0.94
0.591
0.751
0.847
0.017
0.881
0.139
0.596
0.251
0.596
0.546
0.024
0.059
0.841
0.359
0.022
0.022
0.815
0.339
0.581
0.499
0.792
0.37
0.763
0.842
0.335
0.639
0.197
0.385
0.089
0.568
0.527
0.109
0.375
0.27
0.705
0.2
0.156
0.842
0.747
0.663
0.909
0.925
0.896
0.538
0.752
0.334
0.766
0.023
0.037
0.88
0.878
0.257
0.701
0.539
0.891
0.41
0.251
0.491
0.413
0.144
0.902
0.374
0.445
0.46
0.397
0.999
0.544
0.55
0.05
0.345
0.839
0.916
0.471
0.496
0.331
0.212
0.555
0.252
0.483
0.381
0.362
0.149
0.43
0.012
0.301
0.565
0.332
0.707
0.654
0.0
0.744
0.044
0.31
0.529
0.319
0.673
0.396
0.436
0.382
0.081
0.367
0.515
0.524
0.409
0.77
0.252
0.09
0.313
0.331
0.172
0.61
0.349
0.385
0.153
0.817
0.29
0.338
0.03
0.504
0.387
0.449
0.492
0.511
0.027
0.382
0.346
0.089
0.563
0.345
0.18
0.595
0.915
0.912
0.611
0.405
0.067
0.005
0.293
0.389
0.129
0.074
0.518
0.36
0.049
0.151
0.033
0.912
0.735
0.402
0.068
0.568
0.012
0.689
0.267
0.017
0.604
0.098
0.866
0.81
0.387
0.2
0.436
0.378
0.938
0.491
0.948
0.029
0.276
0.927
0.759
0.062
0.719
0.045
0.881
0.111
0.996
0.346
0.297
0.637
0.767
0.278
0.134
0.904
0.127
0.28
0.326
0.335
0.015
0.055
0.97
0.34
0.405
0.912
0.86
0.224
0.463
0.415
0.612
0.799
0.899
0.013
0.935
0.897
0.741
0.844
0.877
0.353
0.866
0.827
0.25
0.377
0.091
0.423
0.257
0.437
0.562
0.863
0.905
0.035
0.559
0.337
0.932
0.715
0.667
0.744
0.623
0.933
0.408
0.423
0.901
0.045
0.737
0.517
0.798
0.377
0.517
0.323
0.005
0.015
0.097
0.67
0.524
0.703
0.649
0.924
0.63
0.771
0.175
0.017
0.976
0.485
0.637
0.749
0.126
0.216
0.639
0.313
0.477
0.751
0.222
0.222
0.959
0.126
0.943
0.738
0.028
0.28
0.218
0.267
0.976
0.771
0.696
0.556
0.139
0.428
0.807
0.196
0.103
0.871
0.57
0.614
0.907
0.535
0.175
0.948
0.14
0.234
0.076
0.094
0.81
0.203
0.653
0.852
0.47
0.924
0.422
0.246
0.37
0.03
0.767
0.824
0.765
0.071
0.994
0.665
0.221
0.899
0.249
0.628
0.514
0.011
0.146
0.339
0.879
0.709
0.079
0.654
0.494
0.91
0.2
0.487
0.178
0.073
0.73
0.2
0.911
0.063
0.854
0.545
0.47
0.245
0.278
0.428
0.128
0.541
0.526
0.805
0.982
0.452
0.284
0.013
0.591
0.097
0.76
0.116
0.029
0.343
0.847
0.478
0.84
0.397
0.192
0.65
0.434
0.274
0.325
0.299
0.55
0.687
0.121
0.561
0.14
0.654
0.145
0.097
0.504
0.072
0.207
0.056
0.863
0.233
0.446
0.538
0.794
0.972
0.82
0.454
0.107
0.629
0.761
0.63
0.749
0.526
0.901
0.185
0.723
0.121
0.277
0.984
0.378
0.608
0.861
0.822
0.79
0.186
0.705
0.308
0.691
0.889
0.392
0.207
0.5
0.053
0.787
0.969
0.337
0.927
0.65
0.219
0.382
0.141
0.722
0.241
0.144
0.455
0.5
0.052
0.854
0.267
0.212
0.493
0.831
0.306
0.391
0.814
0.317
0.508
0.858
0.514
0.414
0.471
0.949
0.971
0.045
0.521
0.923
0.813
0.564
0.989
0.536
0.473
0.433
0.778
0.813
0.942
0.186
0.353
0.369
0.733
0.414
0.265
0.272
0.693
0.868
0.079
0.598
0.006
0.389
0.44
0.139
0.999
0.428
0.125
0
0.666
0.455
0.137
0.447
0.483
0.745
0.784
0.969
0.903
0.96
0.522
0.361
0.418
