0.211
0.922
0.688
0.874
0.421
0.698
0.292
0.675
0.068
0.962
0.742
0.337
0.606
0.969
0.74
0.437
0.605
0.56
0.011
0.095
0.094
0.909
0.139
0.137
0.254
0.435
0.49
0.765
0.914
0.575
0.258
0.522
0.208
0.051
0.509
0.983
0.139
0.923
0.908
0.087
0.983
0.358
0.513
0.209
0.192
0.619
0.001
0.548
0.903
0.969
0.363
0.482
0.406
0.381
0.751
0.718
0.044
0.93
0.834
0.388
0.053
0.097
0.545
0.854
0.291
0.302
0.198
0.286
0.826
0.723
0.435
0.096
0.796
0.668
0.503
0.48
0.061
0.887
0.614
0.104
0.089
0.927
0.856
0.292
0.619
0.223
0.642
0.884
0.116
0.485
0.382
0.738
0.64
0.409
0.49
0.512
0.566
0.777
0.142
0.086
0.885
0.016
0.562
0.469
0.419
0.509
0.16
0.745
0.333
0.374
0.64
0.422
0.101
0.206
0.513
0.727
0.988
0.681
0.712
0.383
0.393
0.679
0.972
0.332
0.082
0.88
0.878
0.161
0.751
0.613
0.238
0.832
0.191
0.383
0.281
0.319
0.576
0.566
0.455
0.083
0.49
0.555
0.15
0.803
0.696
0.654
0.492
0.782
0.142
0.375
0.035
0.946
0.249
0.532
0.913
0.811
0.64
0.845
0.743
0.476
0.724
0.145
0.625
0.47
0.232
0.473
0.16
0.176
0.592
0.883
0.804
0.095
0.386
0.8
0.696
0.57
0.486
0.283
0.927
0.75
0.393
0.51
0.685
0.301
0.977
0.818
0.85
0.901
0.876
0.492
0.857
0.355
0.303
0.171
0.607
0.141
0.731
0.202
0.551
0.971
0.397
0.628
0.148
0.453
0.948
0.552
0.938
0.369
0.915
0.569
0.516
0.557
0.991
0.252
0.224
0.105
0.861
0.359
0.318
0.136
0.868
0.206
0.773
0.701
0.303
0.56
0.718
0.423
0.671
0.743
0.447
0.389
0.793
0.129
0.061
0.907
0.169
0.136
0.427
0.742
0.762
0.52
0.242
0.804
0.382
0.446
0.837
0.54
0.841
0.957
0.091
0.888
0.437
0.769
0.06
0.785
0.967
0.385
0.861
0.126
0.593
0.994
0.987
0.8
0.552
0.97
0.679
0.19
0.764
0.709
0.65
0.126
0.143
0.022
0.888
0.132
0.794
0.074
0.531
0.272
0.5
0.126
0.177
0.863
0.247
0.487
0.875
0.877
0.14
0.333
0.253
0.634
0.277
0.918
0.21
0.623
0.853
0.765
0.017
0.229
0.136
0.592
0.1
0.513
0.925
0.015
0.874
0.168
0.498
0.18
0.853
0.364
0.598
0.056
0.462
0.157
0.991
0.7
0.27
0.557
0.713
0.821
0.376
0.267
0.756
0.85
0.036
0.825
0.292
0.99
0.093
0.732
0.504
0.041
0.989
0.381
0.846
0.481
0.106
0.356
0.108
0.538
0.266
0.485
0.973
0.333
0.453
0.854
0.152
0.525
0.589
0.889
0.198
0.907
0.373
0.152
0.614
0.661
0.304
0.784
0.315
0.691
0.663
0.361
0.818
0.439
0.129
0.827
0.5
0.174
0.895
0.656
0.995
0.26
0.212
0
0.917
0.271
0.645
0.109
0
0.683
0.132
0.131
0.455
0.592
0.974
0.714
0.979
0.351
0.332
0.814
0.678
0.994
0.017
0.536
0.63
0.562
0.791
0.426
0.619
0.608
0.776
0.179
0.604
0.102
0.756
0.226
0.396
0.268
0.961
0.194
0.813
0.226
0.305
0.414
0.488
0.446
0.545
0.657
0.5
0.629
0.823
0.225
0.312
0.592
0.309
0.779
0.715
0.587
0.167
0.416
0.825
0.019
0.521
0.394
0.066
0.275
0.755
0.738
0.876
0.623
0.854
0.947
0.28
0.424
0.592
0.77
0.947
0.754
0.622
0.062
0.963
0.671
0.777
0.311
0.043
0.979
0.438
0.145
0.401
0.768
0.418
0.1
0.048
0.986
0.441
0.671
0.985
0.289
0.825
0.542
0.66
0.894
0.609
0.12
0.828
0.585
0.765
0.444
0.802
0
0.747
0.202
0.026
0.166
0.998
0.22
0.336
0.964
0.902
0.87
0.944
0.821
0.768
0.977
0.247
0.386
0.246
0.859
0.36
0.314
0.628
0.847
0.858
0.15
0.827
0.543
0.837
0.368
0.072
0.524
0.688
0.67
0.984
0.097
0.862
0.248
0.899
0.941
0.95
0.969
0.018
0.125
0.835
0.967
0.54
0.001
0.568
0.394
0.291
0.34
0.212
0.199
0.942
0.834
0.085
0.78
0.008
0.947
0.965
0.974
0.657
0.719
0.136
0.318
0.275
0.443
0.511
0.017
0.078
0.591
0.233
0.547
0.875
0.783
0.287
0.855
0.151
0.504
0.992
0.289
0.169
0.552
0.139
0.135
0.929
0.205
0.956
0.16
0.454
0.819
0.488
0.987
0.495
0.635
0.188
0.49
0.032
0.822
0.822
0.679
0.277
0.878
0.929
0.359
0.22
0.073
0.062
0.739
0.161
0.89
0.053
0.547
0.721
0.613
0.882
0.267
0.607
0.869
0
0.717
0.787
0.98
0.238
0.222
0.791
0.587
0.111
0.537
0.803
0.189
0.587
0.753
0.852
0.084
0.816
0.42
0.98
0.485
0.549
0
0.343
0.895
0.364
0.781
0.68
0.405
0.444
0.257
0.653
0.05
0.292
0.562
0.808
0.928
0.288
0.197
0.9
0.281
0.42
0.647
0.047
0.247
0.83
0.687
0.629
0.0
0.103
0.236
0.866
0.977
0.151
0.661
0.43
0.349
0.502
0.023
0.143
0.154
0.687
0.817
0.586
0.267
0.067
0.447
0.276
0.858
0.03
0.494
0.98
0.516
0.167
0.486
0.297
0.708
0.369
0.652
0.641
0.534
0.054
0.005
0.745
0.454
0.755
0.892
0.099
0.345
0.957
0.688
0.529
0.966
0.098
0.535
0.064
0.411
0.051
0.008
0.638
0.558
0.688
0.281
0.306
0.099
0.407
0.051
0.707
0.148
0.779
0.38
0.539
0.299
0.735
0.275
0.458
0.356
0.762
0.711
0.806
0.344
0.176
0.19
0.312
0.893
0.184
0.741
0.743
0.423
0.683
0.089
0.475
0.635
0.71
0.565
0.02
0.239
0.806
0.78
0.267
0.147
0.3
0.228
0.159
0.8
0.368
0.411
0.573
0.158
0.185
0.126
0.89
0.454
0.967
0.22
0.636
0.112
0.37
0.899
0.125
0.559
0.364
0.173
0.73
0.065
0.384
0.273
0.566
0.429
0.487
0.297
0.568
0.074
0.963
0.449
0.495
0.775
0.443
0.333
0.603
0.39
0.884
0.043
0.599
0.294
0.933
0.183
0.448
0.294
0.782
0.4
0.444
0.575
0.553
0.982
0.992
0.563
0.472
0.827
0.565
0.469
0.022
0.173
0.505
0.741
0.068
0.214
0.962
0.549
0.173
0.506
0.329
0.167
0.06
0.999
0.093
0.452
0.519
0.458
0.131
0.175
0.653
0.741
0.005
0.02
0.712
0.296
0.976
0.229
0.409
0.057
0.926
0.248
0.839
0.327
0.036
0.013
0.219
0.484
0.72
0.329
0.998
0.275
0.575
0.241
0.069
0.68
0.061
0.679
0.436
0.63
0.511
0.143
0.375
0.318
0.907
0.194
0.655
0.464
0.649
0.759
0.628
0.825
0.062
0.278
0.973
0.802
0.298
0.564
0.561
0.596
0.123
0.749
0.376
0.343
0.557
0.669
0.788
0.336
0.937
0.752
0.366
0.627
0.954
0.775
0.2
0.051
0.742
0.782
0.536
0.058
0.988
0.56
0.075
0.065
0.246
0.75
0.958
0.235
0.006
0.353
0.722
0.11
0.393
0.622
0.047
0.452
0.002
0.401
0.838
0.979
0.33
0.734
0.477
0.427
0.346
0.782
0.594
0.393
0.242
0.6
0.303
0.395
0.75
0.544
0.778
0.996
0.578
0.452
0.655
0.738
0.702
0.33
0.796
0.797
0.243
0.531
0.058
0.969
0.556
0.65
0.906
0.483
0.81
0.951
0.064
0.497
0.332
0.337
0.274
0.965
0.601
0.183
1.0
0.832
0.936
0.812
0.002
0.203
0.063
0.583
0.851
0.274
0.547
0.884
0.085
0.562
0.1
0.236
0.284
0.412
0.647
0.792
0.002
0.656
0.664
0.607
0.524
0.228
0.505
0.722
0.872
0.975
0.727
0.149
0.216
0.971
0.697
0.468
0.618
0.442
0.34
0.581
0.331
0.991
0.064
0.006
0.396
0.33
0.942
0.09
