0.554
0.95
0.957
0.319
0.832
0.252
0.304
0.259
0.748
0.523
0.281
0.327
0.007
0.402
0.202
0.916
0.728
0.276
0.867
0.513
0.601
0.598
0.355
0.154
0.486
0.887
0.049
0.243
0.035
0.388
0.112
0.502
0.098
0.337
0.805
0.473
0.108
0.063
0.901
0.176
0.214
0.59
0.196
0.052
0.984
0.995
0.228
0.348
0.897
0.257
0.886
0.533
0.259
0.769
0.274
0.576
0.489
0.517
0.12
0.977
0.807
0.889
0.69
0.969
0.901
0.488
0.589
0.604
0.115
0.927
0.076
0.786
0.598
0.459
0.851
0.728
0.277
0.319
0.424
0.513
0.643
0.953
0.263
0.424
0.499
0.166
0.804
0.402
0.712
0.156
0.489
0.668
0.868
0.569
0.695
0.754
0.77
0.911
0.543
0.85
0.377
0.931
0.66
0.817
0.593
0.44
0.852
0.659
0.208
0.637
0.833
0.244
0.414
0.003
0.614
0.108
0.184
0.463
0.948
0.348
0.752
0.435
0.33
0.722
0.489
0.466
0.06
0.781
0.387
0.637
0.843
0.427
0.841
0.959
0.669
0.987
0.832
0.809
0.824
0.809
0.95
0.631
0.168
0.624
0.933
0.865
0.079
0.176
0.141
0.003
0.235
0.79
0.032
0.065
0.284
0.731
0.22
0.258
0.255
0.951
0.512
0.027
0.962
0.086
0.788
0.555
0.031
0.585
0.312
0.692
0.938
0.747
0.038
0.749
0.947
0.824
0.613
0.673
0.889
0.6
0.767
0.173
0.578
0.558
0.039
0.082
0.789
0.823
0.209
0.471
0.163
0.198
0.627
0.852
0.179
0.076
0.124
0.723
0.903
0.28
0.921
0.064
0.282
0.175
0.978
0.989
0.292
0.976
0.299
0.523
0.926
0.96
0.844
0.043
0.676
0.211
0.457
0.386
0.951
0.931
0.991
0.377
0.446
0.664
0.357
0.162
0.065
0.236
0.952
0.515
0.349
0.309
0.031
0.889
0.848
0.671
0.377
0.444
0.533
0.553
0.182
0.737
0.638
0.778
0.116
0.37
0.151
0.734
0.936
0.395
0.507
0.664
0.852
0.074
0.57
0.715
0.26
0.058
0.212
0.297
0.094
0.159
0.712
0.579
0.821
0.414
0.818
0.143
0.065
0.513
0.207
0.712
0.695
0.072
0.639
0.893
0.633
0.984
0.859
0.81
0.949
0.417
0.677
0.354
0.52
0.915
0.697
0.651
0.139
0.42
0.861
0.049
0.931
0.224
0.477
0.973
0.946
0.716
0.395
0.572
0.492
0.875
0.459
0.311
0.194
0.929
0.947
0.297
0.767
0.063
0.727
0.229
0.088
0.336
0.893
0.939
0.519
0.454
0.152
0.137
0.693
0.558
0.857
0.928
0.769
0.899
0.853
0.058
0.311
0.699
0.622
0.084
0.777
0.874
0.257
0.45
0.542
0.001
0.031
0.175
0.47
0.021
0.561
0.859
0.241
0.416
0.505
0.947
0.768
0.882
0.098
0.211
0.389
0.307
0.965
0.963
0.949
0.21
0.49
0.595
0.876
0.358
0.63
0.696
0.977
0.983
0.998
0.693
0.997
0.816
0.33
0.805
0.736
0.774
0.78
0.405
0.284
0.59
0.519
0.961
0.645
0.307
0.81
0.067
0.777
0.1
0.976
0.296
0.086
0.991
0.958
0.682
0.528
0.597
0.943
0.312
0.109
0.071
0.116
0.919
0.31
0.403
0.191
0.859
0.815
0.782
0.703
0.134
0.076
0.947
0.301
0.707
0.096
0.686
0.616
0.408
0.917
0.938
0.794
0.361
0.273
0.434
0.577
0.438
0.546
0.262
0.02
0.26
0.548
0.969
0.177
0.303
0.007
0.221
0.222
0.092
0.951
0.09
0.301
0.269
0.646
0.901
0.657
0.663
0.564
0.82
0.738
0.113
0.757
0.56
0.324
0.269
0.219
0.662
0.713
0.754
0.575
0.463
0.877
0.384
0.407
0.5
0.279
0.091
0.785
0.1
0.498
0.1
0.733
0.249
0.322
0.858
0.382
0.5
0.737
0.015
0.734
0.786
0.144
0.077
0.181
0.779
0.173
0.142
0.876
0.895
0.486
0.57
0.368
0.131
0.56
0.583
0.499
0.161
0.244
0.914
0.42
0.248
0.017
0.713
0.865
0.815
0.837
0.587
0.489
0.727
0.463
0.801
0.368
0.392
0.469
0.222
0.417
0.634
0.711
0.952
0.174
0.215
0.479
0.733
0.733
0.972
0.402
0.91
0.309
0.575
0.81
0.187
0.063
0.008
0.425
0.191
0.221
0.74
0.653
0.438
0.635
0.7
0.887
0.012
0.969
0.894
0.326
0.824
0.379
0.833
0.564
0.262
0.411
0.728
0.758
0.261
0.845
0.524
0.402
0.556
0.377
0.205
0.736
0.559
0.244
0.386
0.322
0.087
0.399
0.887
0.236
0.366
0.41
0.191
0.217
0.032
0.838
0.572
0.122
0.361
0.711
0.114
0.982
0.59
0.014
0.019
0.605
0.293
0.109
0.901
0.407
0.08
0.998
0.41
0.71
0.444
0.022
0.939
0.705
0.663
0.729
0.59
0.922
0.372
0.834
0.219
0.799
0.446
0.683
0.456
0.683
0.014
0.271
0.778
0.181
0.592
0.042
0.462
0.641
0.752
0.503
0.851
0.602
0.8
0.941
0.082
0.859
0.067
0.354
0.137
0.057
0.698
0.815
0.361
0.569
0.063
0.449
0.485
0.811
0.504
0.118
0.441
0.113
0.667
0.363
0.774
0.539
0.571
0.881
0.913
0.665
0.177
0.215
0.772
0.15
0.933
0.23
0.689
0.813
0.302
0.459
0.733
0.607
0.443
0.967
0.505
0.067
0.506
0.866
0.076
0.936
0.327
0.092
0.959
0.155
0.272
0.001
0.226
0.493
0.688
0.391
0.742
0.217
0.407
0.277
0.599
0.118
0.415
0.097
0.954
0.137
0.429
0.824
0.829
0.315
0.691
0.832
0.114
0.462
0.151
0.205
0.584
0.936
0.912
0.193
0.187
0.223
0.845
0.421
0.707
0.951
0.141
0.033
0.391
0.15
0.056
0.145
0.33
0.64
0.976
0.705
0.711
0.062
0.453
0.259
0.845
0.535
0.675
0.374
0.071
0.828
0.214
0.987
0.072
0.007
0.939
0.257
0.566
0.063
0.375
0.427
0.076
0.528
0.219
0.012
0.531
0.498
0.859
0.212
0.543
0.426
0.682
0.306
0.469
0.656
0.762
0.77
0.019
0.146
0.141
0.55
0.101
0.777
0.007
0.472
0.43
0.718
0.192
0.244
0.389
0.055
0.95
0.357
0.606
0.45
0.084
0.852
0.326
0.712
0.075
0.15
0.079
0.842
0.01
0.715
0.283
0.646
0.232
0.667
0.729
0.787
0.882
0.835
0.438
0.636
0.383
0.315
0.146
0.897
0.311
0.437
0.238
0.771
0.034
0.833
0.016
0.615
0.647
0.607
0.538
0.781
0.646
0.194
0.525
0.433
0.561
0.09
0.95
0.175
0.669
0.425
0.401
0.552
0.765
0.716
0.796
0.004
0.188
0.703
0.414
0.865
0.973
0.539
0.923
0.2
0.224
0.3
0.868
0.714
0.369
0.955
0.03
0.869
0.954
0.093
0.925
0.501
0.011
0.878
0.731
0.303
0.188
0.636
0.54
0.087
0.411
0.306
0.733
0.891
0.764
0.738
0.158
0.037
0.152
0.146
0.159
0.153
0.682
0.127
0.305
0.228
0.113
0.953
0.885
0.627
0.095
0.719
0.287
0.139
0.846
0.224
0.931
0.988
0.566
0.107
0.041
0.69
0.713
0.026
0.174
0.054
0.382
0.427
0.478
0.345
0.929
0.852
0.345
0.913
0.226
0.689
0.821
0.366
0.211
0.949
0.291
0.976
0.611
0.525
0.266
0.792
0.893
0.294
0.91
0.459
0.684
0.202
0.318
0.73
0.957
0.599
0.678
0.893
0.624
0.668
0.037
0.057
0.442
0.546
0.165
0.217
0.02
0.255
0.145
0.453
0.777
0.922
0.437
0.003
0.134
0.278
0.303
0.628
0.369
0.814
0.271
0.659
0.163
0.361
0.917
0.929
0.95
0.099
0.039
0.011
0.326
0.558
0.684
0.871
0.867
0.585
0.784
0.546
0.591
0.966
0.053
0.284
0.711
0.372
0.396
0.893
0.697
0.011
0.909
0.493
0.32
0.355
0.45
0.012
0.532
0.538
0.595
0.345
0.786
0.903
0.97
0.244
0.339
0.357
0.987
0.559
0.185
0.078
0.906
0.46
0.851
0.445
0.109
0.164
0.957
0.903
0.686
0.55
0.923
