0.739
0.302
0.441
0.436
0.131
0.36
0.193
0.478
0.103
0.075
0.752
0.576
0.692
0.65
0.952
0.781
0.676
0.001
0.187
0.011
0.578
0.199
0.505
0.375
0.097
0.75
0.07
0.796
0.014
0.691
0.558
0.372
0.402
0.178
0.502
0.021
0.648
0.393
0.536
0.749
0.543
0.753
0.213
0.3
0.681
0.341
0.618
0.834
0.552
0.324
0.877
0.331
0.628
0.125
0.876
0.007
0.642
0.079
0.401
0.729
0.067
0.146
0.933
0.498
0.12
0.926
0.275
0.824
0.178
0.711
0.769
0.345
0.419
0.969
0.927
0.526
0.965
0.542
0.107
0.112
0.134
0.916
0.767
0.796
0.152
0.02
0.724
0.724
0.201
0.278
0.356
0.039
0.219
0.318
0.714
0.622
0.18
0.057
0.216
0.285
0.972
0.89
0.679
0.817
0.907
0.826
0.837
0.725
0.731
0.0
0.576
0.427
0.35
0.142
0.48
0.294
0.111
0.966
0.146
0.654
0.004
0.697
0.587
0.123
0.032
0.056
0.18
0.913
0.329
0.039
0.813
0.062
0.842
0.28
0.55
0.91
0.404
0.035
0.286
0.967
0.534
0.4
0.462
0.393
0.891
0.898
0.13
0.7
0.546
0.075
0.819
0.08
0.978
0.196
0.396
0.91
0.379
0.205
0.395
0.327
0.882
0.524
0.244
0.433
0.591
0.185
0.304
0.653
0.466
0.121
0.213
0.058
0.83
0
0.546
0.154
0.107
0.329
0.3
0.952
0.994
0.165
0.119
0.913
0.717
0.547
0.292
0.226
0.551
0.969
0.053
0.58
0.697
0.452
0.357
0.76
0.795
0.777
0.452
0.985
0
0.894
0.534
0.634
0.436
0.344
0.494
0.265
0.531
0.561
0.279
0.931
0.13
0.668
0.923
0.828
0.668
0.229
0.846
0.189
0.762
0.587
0.592
0
0.987
0.005
0.12
0.245
0.901
0.536
0.337
0.659
0.064
0.537
0.442
0.083
0.716
0.53
0.87
0.918
0.39
0
0.745
0.626
0.865
0.97
0.267
0.636
0.758
0.349
0.253
0.338
0.627
0.203
0.377
0.167
0.215
0.104
0.44
0.408
0.845
0.858
0.686
0.433
0.561
0.948
0.382
0.448
0.414
0.892
0.788
0.718
0.079
0.192
0.31
0.622
0.76
0.454
0.514
0.016
0.047
0.506
0.206
0.16
0.069
0.738
0.487
0.264
0.094
0.139
0.149
0.449
0.178
0.585
0.087
0.343
0.576
0.034
0.955
0.061
0.646
0.156
0.322
0.744
0.294
0.462
0.166
0.673
0.174
0.321
0.225
0.057
0.743
0.571
0.671
0.425
0.858
0.693
0.348
0.544
0.062
0.323
0.042
0.666
0.035
0.406
0.291
0.567
0.846
0.12
0.011
0.92
0.009
0.759
0.018
0.71
0.642
0.719
0.792
0.307
0.235
0.226
0.415
0.698
0.353
0.951
0.014
0.327
0.511
0.803
0.019
0.938
0.691
0.75
0.119
0.795
0.722
0.228
0.44
0.37
0.88
0.93
0.628
0.536
0.093
0.581
0.456
0.12
0.443
0.957
0.867
0.031
0.307
0.236
0.358
0.786
0.738
0.104
0.1
0.723
0.642
0.579
0.388
0.63
0.55
0.441
0.277
0.887
0.048
0.307
0.334
0.816
0.69
0.572
0.916
0.963
0.902
0.382
0.406
0.56
0.809
0.468
0.639
0.143
0.619
0.569
0.199
0.642
0.561
0.36
0.849
0.673
0.314
0.966
0.406
0.06
0.4
0.527
0.75
0.13
0.151
0.616
0.897
0.729
0.158
0.423
0.664
0.397
0.703
0.469
0.253
0.195
0.473
0.298
0.291
0.81
0.461
0.217
0.11
0.098
0.717
0.995
0.213
0.29
0.643
0.621
0.723
0.762
0.048
0.311
0.183
0.345
0.365
0.641
0.671
0.577
0.124
0.583
0.399
0.267
0.388
0.266
0.85
0.494
0.64
0.409
0.006
0.183
0.698
0.153
0.598
0.975
0.061
0.862
0.607
0.011
0.389
0.66
0.133
0.385
0.061
0.566
0.101
0.978
0.447
0.068
0.21
0.688
0.053
0.272
0.121
0.053
0.508
0.507
0.543
0.26
0.752
0.114
0.484
0.9
0.58
0.198
0.293
0.397
0.661
0.936
0.483
0.829
0.094
0.274
0.708
0.269
0.263
0.15
0.881
0.389
0.769
0.408
0.041
0.189
0.59
0.086
0.127
0.535
0.311
0.164
0.274
0.176
0.513
0.493
0.446
0.677
0.421
0.923
0.273
0.093
0.422
0.46
0.253
0.422
0.636
0.623
0.051
0.587
0.019
0.816
0.361
0.026
0.359
0.775
0.924
0.682
0.253
0.285
0.992
0.141
0.35
0.349
0.666
0.042
0.125
0.031
0.603
0.939
0.758
0.706
0.882
0.509
0.242
0.624
0.025
0.1
0.575
0.556
0.078
0.074
0.193
0.094
0.787
0.521
0.255
0.621
0.894
0.317
0.629
0.985
0.127
0.651
0.744
0.517
0.571
0.949
0.718
0.136
0.07
0.795
0.378
0.854
0.212
0.794
0.211
0.86
0.081
0.412
0.137
0.463
0.243
0.424
0.201
0.262
0.28
0.509
0.218
0.047
0.525
0.695
0.608
0.939
0.791
0.029
0.819
0.895
0.385
0.143
0.983
0.482
0.128
0.287
0.424
0.15
0.665
0.362
0.291
0.81
0.845
0.18
0.147
0.224
0.634
0.371
0.78
0.877
0.586
0.506
0.658
0.722
0.944
0.933
0.374
0.978
0.358
0.704
0.924
0.309
0.305
0.653
0.36
0.405
0.772
0.649
0.087
0.796
0.657
0.718
0.467
0.253
0.515
0.772
0.027
0.376
0.55
0.98
0.187
0.04
0.824
0.452
0.283
0.382
0.534
0.434
0.61
0.627
0.289
0.842
0.126
0.851
0.849
0.202
0.454
0.683
0.922
0.849
0.065
0.146
0.046
0.24
0.185
0.695
0.755
0.994
0.938
0.498
0.798
0.026
0.363
0.262
0.036
0.42
0.892
0.205
0.045
0.236
0.927
0.423
0.474
0.952
0.776
0.204
0.007
0.345
0.68
0.093
0.972
0.838
0.441
0.261
0.869
0.938
0.932
0.306
0.277
0.116
0.866
0.857
0.079
0.859
0.9
0.265
0.09
0.017
0.957
0.171
0.362
0.697
0.561
0.66
0.877
0.696
0.399
0.431
0.104
0.057
0.959
0.349
0.008
0.844
0.581
0.988
0.53
0.953
0.485
0.988
0.151
0.038
0.986
0.135
0.87
0.798
0.808
0.071
0.997
0.873
0.372
0.635
0.09
0.765
0.492
0.522
0.293
0.117
0.303
0.051
0.001
0.834
0.351
0.526
0.913
0.107
0.484
0.355
0
0.539
0.244
0.345
0.185
0.805
0.354
0.405
0.93
0.346
0.65
0.239
0.343
0.901
0.146
0.725
0.631
0.858
0.309
0.735
0.029
0.073
0.844
0.556
0.476
0.728
0.942
0.377
0.09
0.4
0.668
0.819
0.079
0.113
0.053
0.995
0.035
0.544
0.51
0.534
0.688
0.471
0.771
0.32
0.031
0.214
0.857
0.183
0.643
0.361
0.948
0.041
0.483
0.296
0.052
0.516
0.682
0.806
0.493
0.153
0.563
0.645
0.011
0.129
0.372
0.717
0.775
0.331
0.629
0.507
0.177
0.587
0.139
0.676
0.124
0.643
0.116
0.548
0.357
0.819
0.435
0.989
0.679
0.383
0.504
0.177
0.943
0.579
0.682
0.438
0.524
0.867
0.165
0.763
0.124
0.563
0.758
0.083
0.54
0.992
0.368
0.061
0.582
0.196
0.824
0.271
0.923
0.765
0.835
0.031
0.164
0.385
0.427
0.109
0.179
0.323
0.657
0.828
0.645
0.557
0.377
0.391
0.08
0.671
0.667
0.988
0.894
0.627
0.805
0.075
0.21
0.146
0.902
0.546
0.362
0.076
0.517
0.013
0.543
0.539
0.247
0.357
0.854
0.078
0.989
0.761
0.304
0.673
0.659
0.893
0.97
0.024
0.65
0.721
0.37
0.504
0.597
0.539
0.301
0.037
0.13
0.757
0.782
0.104
0.271
0.085
0.059
0.974
0.547
0.396
0.878
0.699
0.795
0.236
0.855
0.819
0.861
0.515
0.086
0.418
0.585
0.376
0.858
0.49
0.519
0.405
0.8
0.27
0.279
0.059
0.436
0.117
0.266
0.54
0.391
0.455
0.812
0.972
0.659
0.576
0.964
0.752
0.667
0.894
0.889
0.41
0.889
0.493
0.934
0.443
