0.88
0.451
0.66
0.549
0.35
0.853
0.408
0.261
0.452
0.027
0.278
0.269
0.163
0.958
0.136
0.248
0.746
0.961
0.059
0.075
0.139
0.304
0.549
0.171
0.855
0.874
0.138
0.392
0.223
0.388
0.361
0.716
0.295
0.946
0.603
0.795
0.654
0.281
0.085
0.333
0.516
0.135
0.754
0.303
0.605
0.185
0.937
0.929
0.269
0.666
0.42
0.325
0.995
0.868
0.385
0.028
0.247
0.612
0.563
0.049
0.59
0.149
0.905
0.702
0.797
0.935
0.893
0.233
0.32
0.275
0.566
0.665
0.191
0.363
0.613
0.056
0.904
0.56
0.353
0.124
0.803
0.986
0.448
0.14
0.764
0.583
0.386
0.867
0.081
0.58
0.46
0.307
0.272
0.195
0.457
0.929
0.563
0.009
0.837
0.243
0.235
0.978
0.545
0.358
0.201
0.115
0.286
0.147
0.184
0.211
0.537
0.253
0.925
0.909
0.314
0.214
0.276
0.598
0.328
0.067
0.363
0.875
0.645
0.736
0.719
0.84
0.828
0.56
0.013
0.043
0.419
0.714
0.509
0.808
0.893
0.48
0.349
0.184
0.314
0.033
0.931
0.501
0.487
0.15
0.952
0.115
0.653
0.877
0.785
0.596
0.938
0.33
0.357
0.446
0.456
0.705
0.453
0.726
0.324
0.195
0.032
0.121
0.825
0.91
0.71
0.624
0.209
0.801
0.41
0.788
0.406
0.578
0.925
0.815
0.689
0.682
0.346
0.879
0.154
0.617
0.062
0.889
0.421
0.762
0.304
0.518
0.863
0.469
0.282
0.897
0.793
0.66
0.225
0.712
0.156
0.908
0.369
0.485
0.993
0.999
0.614
0.6
0.064
0.105
0.576
0.659
0.252
0.391
0.543
0.8
0.793
0.214
0.087
0.016
0.048
0.53
0.05
0.385
0.776
0.979
0.619
0.833
0.559
0.744
0.015
0.742
0.53
0.574
0.098
0.525
0.2
0.664
0.131
0.886
0.742
0.829
0.755
0.123
0.226
0.746
0.571
0.749
0
0.842
0.848
0.293
0.915
0.615
0.246
0.297
0.115
0.896
0.745
0.702
0.055
0.886
0.621
0.396
0.016
0.729
0.178
0.36
0.379
0.471
0.005
0.521
0.877
0.061
0.549
0.3
0.752
0.929
0.911
0.264
0.095
0.013
0.431
0.401
0.388
0.635
0.127
0.666
0.082
0.3
0.718
0.266
0.186
0.493
0.579
0.597
0.874
0.061
0.452
0.545
0.061
0.07
0.837
0.191
0.669
0.136
0.806
0.122
0.793
0.142
0.314
0.207
0.688
0.299
0.749
0.09
0.917
0.906
0.339
0.286
0.898
0.035
0.704
0.398
0.219
0.236
0.883
0.244
0.929
0.216
0.494
0.075
0.448
0.237
0.497
0.01
0.474
0.015
0.498
0.804
0.16
0.687
0.945
0.675
0.298
0.028
0.421
0.682
0.038
0.173
0.741
0.585
0.506
0.509
0.456
0.742
0.805
0.937
0.347
0.181
0.812
0.958
0.405
0.627
0.723
0
0.639
0.113
0.965
0.631
0.577
0.441
0.844
0.731
0.933
0.127
0.728
0.756
0.698
0.803
0.537
0.592
0.303
0.503
0.454
0.835
0.717
0.433
0.103
0.058
0.879
0.005
0.272
0.761
0.909
0.589
0.634
0.273
0.089
0.308
0.924
0.715
0.326
0.008
0.654
0.841
0.543
0.11
0.536
0.995
0.397
0.468
0.504
0.253
0.981
0.979
0.024
0.266
0.107
0.186
0.537
0.955
0.649
0.445
0.839
0.056
0.604
0.629
0.204
0.509
0.853
0.826
0.609
0.791
0.707
0.985
0.269
0.621
0.275
0.07
0.614
0.837
0.987
0.368
0.293
0.188
0.753
0.311
0.904
0.222
0.943
0.25
0.383
0.878
0.579
0.462
0.235
0.145
0.301
0.302
0.268
0.382
0.346
0.96
0.22
0.348
0.912
0.872
0.954
0.237
0.319
0.664
0.918
0.36
0.807
0.205
0.693
0.31
0.281
0.538
0.733
0.243
0.712
0.449
0.487
0.081
0.981
0.604
0.569
0.901
0.27
0.846
0.752
0.355
0.349
0.744
0.279
0.198
0.203
0.449
0.753
0.19
0.978
0.808
0.151
0.626
0.293
0.698
0.741
0.19
0.316
0.757
0.005
0.867
0.67
0.952
0.445
0.136
0.182
0.679
0.316
0.147
0.507
0
0.176
0.82
0.876
0.879
0.614
0.533
0.341
0.652
0.128
0.494
0.038
0.976
0.279
0.592
0.461
0.888
0.439
0.871
0.676
0.801
0.946
0.177
0.476
0.358
0.304
0.222
0.935
0.881
0.396
0.665
0.43
0.195
0.715
0.312
0.45
0.118
0.462
0.718
0.062
0.712
0.178
0.999
0.744
0.222
0.888
0.137
0.983
0.799
0.338
0.954
0.161
0.242
0.994
0.59
0.685
0.147
0.475
0.499
0.851
0.043
0.628
0.172
0.245
0.757
0.285
0.38
0.425
0.878
0.771
0.74
0.623
0.712
0.794
0.715
0.767
0.774
0.595
0.192
0.771
0.444
0.082
0.871
0.362
0.01
0.037
0.626
0.542
0.613
0.596
0.639
0.578
0.43
0.591
0.905
0.906
0.512
0.148
0.637
0.046
0.417
0.95
0.747
0.7
0.831
0.13
0.322
0.561
0.456
0.43
0.724
0.589
0.091
0.4
0.705
0.914
0.793
0.93
0.027
0.904
0.238
0.958
0.684
0.048
0.917
0.399
0.791
0.331
0.814
0.781
0.331
0.414
0.328
0.172
0.805
0.579
0.861
0.46
0.535
0.964
0.071
0.137
0.516
0.118
0.214
0.291
0.618
0.499
0.459
0.887
0.761
0.586
0.767
0.122
0.753
0.546
0.995
0.541
0.116
0.308
0.132
0.552
0.583
0.539
0.592
0.754
0.017
0.26
0.668
0.677
0.404
0.525
0.371
0.327
0.452
0.686
0.862
0.821
0.04
0.171
0.719
0.026
0.555
0.584
0.387
0.902
0.697
0.818
0.334
0.827
0.158
0.28
0.601
0.048
0.605
0.019
0.06
0.601
0.813
0.795
0.153
0.598
0.216
0.188
0.792
0.238
0.769
0.664
0.908
0.535
0.813
0.736
0.803
0.33
0.625
0.277
0.812
0.647
0.906
0.166
0.329
0.064
0.397
0.289
0.653
0.917
0.557
0.091
0.321
0.19
0.347
0.575
0.864
0.435
0.437
0.332
0.599
0.429
0.369
0.85
0.7
0.465
0.36
0.324
0.113
0.17
0.358
0.103
0.166
0.724
0.393
0.178
0.878
0.132
0.045
0.328
0.515
0.759
0.451
0.048
0.544
0.567
0.737
0.554
0.918
0.387
0.975
0.846
0.76
0.117
0.497
0.657
0.459
0.249
0.142
0.72
0.448
0.922
0.341
0.546
0.313
0.792
0.527
0.777
0.291
0.629
0.624
0
0.829
0.649
0.243
0.075
0.29
0.997
0.153
0.067
0.362
0.443
0.74
0.141
0.118
0.078
0.727
0.666
0.683
0.997
0.247
0.401
0.839
0.75
0.814
0.553
0.842
0.073
0.608
0.899
0.757
0.764
0.86
0.562
0.548
0.659
0.644
0.682
0.144
0.96
0.236
0.331
0.075
0.646
0.187
0.329
0.438
0.727
0.37
0.434
0.546
0.879
0.917
0.852
0.519
0.616
0.075
0.292
0.862
0.547
0.772
0.09
0.256
0.182
0.4
0.13
0.483
0.062
0.192
0.102
0.819
0.368
0.24
0.41
0.938
0.788
0.815
0.148
0.598
0.403
0.811
0.396
0.671
0.998
0.161
0.532
0.352
0.444
0.81
0.726
0.824
0.815
0.178
0.987
0.38
0.16
0.703
0.965
0.27
0.458
0.464
0.973
0.738
0.103
0.734
0.226
0.115
0.03
0.691
0.77
0.326
0.432
0.932
0.516
0.221
0.24
0.923
0.546
0.835
0.723
0.914
0.85
0.955
0.818
0.863
0.628
0.154
0.784
0.232
0.483
0.163
0.314
0.267
0.526
0.607
0.18
0.798
0.127
0.242
0.975
0.002
0.9
0.16
0.668
0.573
0.107
0.456
0.025
0.17
0.169
0.793
0.532
0.795
0.164
0.749
0.382
0.533
0.909
0.068
0.957
0.78
0.852
0.768
0.545
0.508
0.736
0.482
0.055
0.304
0.133
0.579
0.266
0.903
0.271
0.963
0.347
0.485
0.944
0.091
0.093
0.558
0.849
0.004
0.52
0.04
0.866
0.598
0.488
0.566
0.37
0.089
0.978
0.029
0.425
0.338
0.37
0.179
