0.5
0.4
0.204
0.016
0.904
0.57
0.207
0.285
0.662
0.198
0.587
0.61
0.435
0.161
0.025
0.482
0.885
0.597
0.817
0.724
0.526
0.454
0.259
0.252
0.95
0.62
0.207
0.218
0.412
0.063
0.54
0.033
0.942
0.978
0.592
0.516
0.422
0.5
0.101
0.69
0.812
0.774
0.824
0.63
0.128
0.6
0.326
0.57
0.983
0.515
0.472
0.214
0.729
0.447
0.434
0.735
0.112
0.234
0.883
0.164
0.973
0.819
0.232
0.052
0.564
0.125
0.071
0.128
0.015
0.846
0.502
0.67
0.311
0.37
0.789
0.744
0.853
0.012
0.608
0.456
0
0.123
0.064
0.733
0.436
0.317
0.499
0.656
0.347
0.401
0.969
0.222
0.057
0.321
0.526
0.623
0.291
0.811
0.651
0.159
0.471
0.865
0.315
0.129
0.534
0.206
0.624
0.726
0.804
0.761
0.959
0.54
0.885
0.59
0.94
0.024
0.985
0.454
0.361
0.219
0.474
0.498
0.969
0.365
0.493
0.574
0.969
0.233
0.625
0.3
0.421
0.153
0.18
0.757
0.591
0.863
0.101
0.904
0.251
0.123
0.392
0.817
0.257
0.632
0.232
0.066
0.466
0.182
0.035
0.709
0.319
0.872
0.956
0.457
0.301
0.891
0.525
0.334
0
0.131
0.205
0.976
0.598
0.135
0.038
0.325
0.948
0.576
0.001
0.482
0.297
0.17
0.162
0.886
0.147
0.585
0.904
0.222
0.797
0.302
0.029
0.28
0.244
0.298
0.556
0.858
0.706
0.073
0.326
0.027
0.126
0.913
0.151
0.738
0.052
0.843
0.209
0.135
0.464
0.981
0.574
0.901
0.774
0.739
0.391
0.023
0.841
0.921
0.185
0.68
0.2
0.02
0.592
0.586
0.682
0.304
0.32
0.846
0.977
0.812
0.836
0.852
0.883
0.346
0.042
0.863
0.165
0.162
0.769
0.341
0.051
0.897
0.404
0.715
0.681
0.363
0.915
0.453
0.354
0.873
0.26
0.894
0.378
0.005
0.492
0.736
0.573
0.185
0.089
0.168
0.747
0.402
0.976
0.98
0.635
0.833
0.586
0.43
0.245
0.229
0.863
0.342
0.033
0.019
0.411
0.046
0.942
0.517
0.281
0.096
0.542
0.094
0.786
0.733
0.242
0.296
0.877
0.87
0.407
0.053
0.681
0.213
0.934
0.184
0.163
0.464
0.689
0.167
0.225
0.505
0.532
0.024
0.061
0.095
0.359
0.235
0.016
0.145
0.512
0.266
0.019
0.473
0.69
0.819
0.778
0.54
0.439
0.659
0.677
0.41
0.892
0.428
0.579
0.242
0.032
0.459
0.629
0.358
0.07
0.992
0.778
0.841
0.738
0.633
0.471
0.471
0.942
0.109
0.265
0.178
0.918
0.383
0.968
0.354
0.144
0.089
0.779
0.491
0.081
0.457
0.4
0.666
0.761
0.276
0.251
0.851
0.47
0.802
0.576
0.217
0.164
0.18
0.559
0.823
0.04
0.037
0.398
0.719
0.866
0.581
0.776
0.759
0.377
0.831
0.643
0.244
0.5
0.593
0.577
0.903
0.699
0.079
0.306
0.201
0.572
0.721
0.006
0.97
0.923
0.049
0.579
0.303
0.731
0.459
0.845
0.256
0.131
0.325
0.371
0.932
0.788
0.869
0.777
0.718
0.882
0.726
0.125
0.494
0.506
0.629
0.406
0.152
0.379
0.639
0.743
0.15
0.439
0.59
0.428
0.19
0.056
0.015
0.949
0.504
0.249
0.683
0.302
0.105
0.135
0.087
0.767
0.934
0.945
0.771
0.885
0.828
0.575
0.686
0.088
0.696
0.488
0.279
0
0.934
0.735
0.471
0.066
0.068
0.585
0.12
0.642
0.398
0.025
0.687
0.93
0.907
0.459
0.784
0.021
0.788
0.568
0.13
0.41
0.784
0.785
0.063
0.08
0.867
0.146
0.688
0.224
0.105
0.835
0.108
0.416
0.776
0.342
0.671
0.051
0.473
0.851
0.638
0.169
0.216
0.648
0.287
0.734
0.751
0.181
0.936
0.008
0.16
0.338
0.717
0.171
0.623
0.555
0.645
0.517
0.592
0.419
0.707
0.331
0.524
0.903
0.606
0.976
0.886
0.346
0.178
0.546
0.31
0.938
0.95
0.8
0.689
0.431
0.192
0.08
0.009
0.113
0.793
0.407
0.278
0.782
0.275
0.494
0.161
0.653
0.136
0.227
0.759
0.119
0.959
0.155
0.823
0.036
0.73
0.709
0.446
0.934
0.866
0.656
0.331
0.985
0.893
0.924
0.681
0.983
0.963
0.274
0.633
0.497
0.431
0.36
0.659
0.241
0.908
0.061
0.453
0.209
0.092
0.32
0.485
0.447
0.347
0.712
0.178
0.807
0.779
0.878
0.759
0.683
0.603
0.569
0.188
0.543
0.655
0.792
0.964
0.629
0.601
0.538
0.944
0.335
0.358
0.074
0.704
0.918
0.889
0.561
0.425
0.467
0.675
0.475
0.343
0.598
0.758
0.6
0.216
0.459
0.382
0.966
0.154
0.335
0.097
0.029
0.539
0.35
0.185
0.998
0.967
0.07
0.424
0.457
0.631
0.539
0.137
0.066
0.945
0.203
0.554
0.971
0.596
0.369
0.866
0.362
0.616
0.013
0.492
0.757
0.084
0.48
0.343
0.02
0.585
0.662
0.472
0.215
0.397
0.873
0.009
0.39
0.815
0.168
0.832
0.36
0.38
0.914
0.649
0.62
0.924
0.388
0.182
0.658
0.094
0.348
0.594
0.296
0.601
0.617
0.186
0.804
0.557
0.927
0.018
0.357
0.521
0.004
0.78
0.738
0.774
0.161
0.035
0.791
0.215
0.832
0.985
0.66
0.042
0.034
0.873
0.53
0.444
0.579
0.233
0.796
0.566
0.907
0.18
0.175
0.962
0.357
0.773
0.001
0.267
0.948
0.164
0.162
0.263
0.114
0.044
0.368
0.657
0.016
0.56
0.632
0.938
0.563
0.872
0.217
0.639
0.283
0.161
0.951
0.991
0.513
0.283
0.235
0.318
0.718
0.296
0.424
0.798
0.851
0.813
0.311
0.081
0.29
0.439
0.168
0.422
0.882
0.091
0.515
0.372
0.965
0.87
0.112
0.555
0.719
0.12
0.452
0.749
0.45
0.23
0.846
0.178
0.156
0.662
0.18
0.447
0.18
0.185
0.207
0.876
0.72
0.132
0.019
0.168
0.869
0.029
0.99
0.083
0.016
0.863
0.875
0.784
0.612
0.329
0.103
0.932
0.736
0.959
0.959
0.943
0.31
0.084
0.574
0.074
0.043
0.343
0.015
0.001
0.48
0.17
0.371
0.264
0.848
0.727
0.479
0.994
0.945
0.207
0.145
0.8
0.566
0.406
0.392
0.992
0.687
0.529
0.97
0.038
0.644
0.017
0.719
0.856
0.814
0.733
0.37
0.484
0.517
0.266
0.1
0.666
0.655
0.057
0.453
0.973
0.507
0.856
0.891
0.019
0.879
0.274
0.8
0.027
0.304
0.193
0.068
0.285
0.165
0.07
0.662
0.557
0.214
0.617
0.23
0.691
0.187
0.756
0.05
0.319
0.31
0.772
0.404
0.919
0.713
0.538
0.199
0.096
0.434
0.492
0.321
0.94
0.63
0.213
0.977
0.55
0.546
0.136
0.135
0.247
0.198
0.875
0.681
0.217
0.632
0.315
0.844
0.814
0.027
0.111
0.192
0.785
0.911
0.84
0
0.35
0.574
0.979
0.885
0.46
0.631
0.971
0.995
0
0.144
0.701
0.786
0.634
0.922
0.523
0.526
0.487
0.281
0.387
0.233
0.207
0.591
0.9
0.198
0.442
0.884
0.489
0.439
0.329
0.682
0.188
0.103
0.124
0.225
0.078
0.61
0.902
0.285
0.32
0.044
0.314
0.886
0.556
0.843
0.951
0.125
0.909
0.957
0.886
0.921
0.393
0.679
0.214
0.693
0.065
0.663
0.883
0.934
0.419
0.296
0.584
0.101
0.127
0.743
0.895
0.804
0.297
0.452
0.255
0.746
0.55
0.517
0.352
0.725
0.542
0.5
0.404
0.241
0.768
0.474
0.532
0.24
0.404
0.851
0.885
0.6
0.999
0.748
0.782
0.763
0.243
0.756
0.78
0.273
0
0.877
0.752
0.968
0.312
0.304
0.917
0.396
0.868
0.047
0.219
0.482
0.222
0.386
0.932
0.865
0.674
0.163
0.84
0.937
0.961
0.393
0.652
0.866
0.113
0.212
0.976
0.98
0.508
0.868
0.675
0.126
0.112
0.759
0.32
0.278
0.099
