0.101
0.307
0.016
0.995
0.989
0.361
0.088
0.386
0.653
0.22
0.638
0.317
0.854
0.341
0.924
0.367
0.883
0.108
0.29
0.176
0.308
0.302
0.464
0.985
0.282
0.711
0.168
0.179
0.496
0.412
0.378
0.438
0.697
0.915
0.407
0.692
0.2
0.992
0.002
0.387
0.461
0.329
0.976
0.029
0.167
0.022
0.259
0.278
0.426
0.593
0.927
0.082
0.395
0.229
0.256
0.047
0.739
0.914
0.705
0.776
0.956
0.031
0.196
0.449
0.185
0.563
0.447
0.408
0.593
0.422
0.333
0.414
0.057
0.897
0.412
0.548
0.088
0.987
0.588
0.365
0.84
0.283
0.764
0.496
0.817
0.282
0.729
0.941
0.534
0.185
0.165
0.899
0.093
0.849
0.83
0.777
0.959
0.69
0.838
0.051
0.47
0.405
0.778
0.64
0.71
0.179
0.228
0.161
0.716
0.739
0.773
0.681
0.486
0.515
0.833
0.222
0.359
0.641
0.332
0.457
0.916
0.149
0.397
0.547
0.452
0.302
0.516
0.539
0.059
0.514
0.754
0.987
0.826
0.635
0.823
0.779
0.662
0.619
0.149
0.38
0.848
0.32
0
0.725
0.629
0.899
0.198
0.682
0.698
0.252
0.898
0.161
0.255
0.838
0.927
0.857
0.486
0.381
0.422
0.765
0.772
0.395
0.148
0.847
0.009
0.985
0.122
0.936
0.069
0.266
0.161
0.495
0.553
0.359
0.412
0.688
0.28
0.871
0.807
0.567
0.694
0.134
0.856
0.497
0.383
0.302
0.399
0.612
0.353
0.374
0.85
0.697
0.226
0.147
0.098
0.925
0.944
0.896
0.531
0.006
0.233
0.904
0.604
0.899
0.384
0.411
0.584
0.03
0.624
0.503
0.4
0.174
0.727
0.422
0.394
0.856
0.873
0.724
0.179
0.259
0.244
0.109
0.971
0.101
0.527
0.449
0.467
0.118
0.41
0.334
0.897
0.135
0.552
0.371
0.541
0.479
0.611
0.62
0.196
0.451
0.107
0.212
0.742
0.867
0.715
0.251
0.061
0.681
0.795
0.649
0.489
0.948
0.513
0.531
0.024
0.979
0.189
0.014
0.132
0.464
0.958
0.999
0.309
0.575
0.097
0.948
0.384
0.664
0.998
0.989
0.128
0.467
0.633
0.643
0.655
0.782
0.404
0.664
0.567
0.639
0.987
0.725
0.37
0.456
0.624
0.152
0.962
0.448
0.406
0.464
0.669
0.058
0.215
0.28
0.345
0.625
0.899
0.676
0.603
0.993
0.236
0.844
0.533
0.17
0.512
0.947
0.581
0.188
0.676
0.257
0.21
0.33
0.005
0.115
0.445
0.667
0.339
0.197
0.599
0.198
0.117
0.382
0.661
0.321
0.984
0.818
0.321
0.559
0.452
0.649
0.867
0.028
0.841
0.769
0.654
0.243
0.367
0.437
0.11
0.235
0.177
0.146
0.194
0.731
0.835
0.122
0.114
0.743
0.873
0.659
0.083
0.401
0.609
0.564
0.549
0.27
0.61
0.544
0.39
0.488
0.148
0.815
0.879
0.947
0.471
0.77
0.864
0.139
0.784
0.998
0.393
0.822
0.551
0.285
0.665
0.333
0.904
0.092
0.24
0.101
0.461
0.768
0.184
0.889
0.239
0.956
0.139
0.434
0.917
0.947
0.462
0.488
0.519
0.931
0.795
0.125
0.214
0.255
0.522
0.798
0.705
0.639
0.285
0.154
0.26
0.99
0.799
0.231
0.62
0.084
0.671
0.624
0.412
0.67
0.939
0.913
0.592
0.121
0.461
0.4
0.875
0.276
0.022
0.184
0.214
0.704
0.815
0.662
0.61
0.563
0.196
0.19
0.52
0.507
0.647
0.181
0.77
0.772
0.215
0.876
0.803
0.761
0.573
0.968
0.789
0.175
0.589
0.425
0.8
0.155
0.244
0.267
0.917
0.626
0.295
0.962
0.563
0.739
0.386
0.283
0.806
0.436
0.541
0.794
0.483
0.77
0.29
0.169
0.509
0.567
0.935
0.289
0.558
0.742
0.597
0.766
0.351
0.872
0.488
0.119
0.57
0.804
0.089
0.989
0.325
0.014
0.904
0.097
0.712
0.056
0.621
0.181
0.486
0.941
0.28
0.129
0.838
0.402
0.732
0.09
0.446
0.117
0.468
0.311
0.408
0.653
0.298
0.241
0.204
0.345
0.712
0.773
0.926
0.522
0.978
0.716
0.128
0.705
0.537
0.093
0.33
0.016
0.863
0.939
0.857
0.756
0.097
0.952
0.837
0.079
0.088
0.422
0.432
0.175
0.018
0.841
0.724
0.071
0.777
0.159
0.731
0.245
0.176
0.786
0.074
0.882
0.298
0.179
0.931
0.393
0.004
0.876
0.498
0.554
0.519
0.339
0.948
0.984
0.921
0.021
0.327
0.639
0.508
0.956
0.926
0.942
0.136
0.65
0.449
0.855
0.058
0.533
0.829
0.441
0.629
0.591
0.897
0.136
0.589
0.18
0.239
0.356
0.839
0.342
0.564
0.131
0.509
0.313
0.524
0.518
0.288
0.722
0.797
0.881
0.109
0.865
0.726
0.242
0.757
0.391
0.629
0.783
0.146
0.354
0.745
0.275
0.579
0.552
0.706
0.403
0.575
0.976
0.841
0.386
0.775
0.69
0.151
0.489
0.424
0.943
0.21
0.599
0.037
0.213
0.311
0.408
0.371
0.52
0.306
0.713
0.035
0.794
0.865
0.685
0.435
0.245
0.79
0.837
0.766
0.576
0.678
0.865
0.787
0.569
0.004
0.696
0.435
0.216
0.622
0.867
0.184
0.117
0.807
0.634
0.175
0.106
0.702
0.712
0.895
0.693
0.659
0.153
0.273
0.149
0.968
0.654
0.898
0.233
0.35
0.392
0.904
0.932
0.445
0.529
0.247
0.931
0.651
0.706
0.982
0.225
0.248
0.891
0.704
0.941
0.114
0.016
0.204
0.822
0.062
0.56
0.222
0.215
0.133
0.138
0.861
0.513
0.437
0.791
0.01
0.262
0.458
0.686
0.612
0.548
0.23
0.269
0.94
0.942
0.847
0.587
0.201
0.15
0.777
0.361
0.979
0.101
0.269
0.243
0.617
0.023
0.962
0.797
0.894
0.298
0.747
0.241
0.122
0.784
0.266
0.213
0.318
0.364
0.585
0.228
0.444
0.9
0.359
0.214
0.571
0.445
0.206
0.634
0.95
0.95
0.677
0.475
0.183
0.698
0.175
0.59
0.206
0.156
0.502
0.455
0.136
0.375
0.409
0.679
0.441
0.938
0.889
0.923
0.992
0.261
0.721
0.603
0.454
0.466
0.812
0.803
0.065
0.892
0.995
0.278
0.16
0.937
0.977
0.921
0.802
0.562
0.509
0.389
0.827
0.081
0.929
0.581
0.005
0.974
0.292
0.074
0.173
0.652
0.424
0.861
0.757
0.989
0.391
0.67
0.646
0.547
0.999
0.126
0.518
0.342
0.101
0.171
0.421
0.446
0.807
0.315
0.989
0.182
0.54
0.29
0.829
0.041
0.645
0.622
0.486
0.34
0.404
0.383
0.087
0.764
0.961
0.889
0.216
0.068
0.404
0.807
0.161
0.041
0.416
0.279
0.411
0.7
0.238
0.835
0.262
0.069
0.384
0.162
0.984
0.7
0.14
0.823
0.617
0.892
0.03
0.589
0.142
0.605
0.044
0.837
0.325
0.067
0.739
0.926
0.786
0.425
0.286
0.532
0.508
0.827
0.262
0.138
0.519
0.445
0.902
0.28
0.94
0.943
0.371
0.33
0.038
0.082
0.092
0.362
0.801
0.731
0.131
0.348
0.291
0.231
0.217
0.739
0.119
0.729
0.513
0.447
0.536
0.085
0.059
0.639
0.658
0.808
0.071
0.124
0.794
0.901
0.103
0.16
0.667
0.69
0.338
0.249
0.144
0.424
0.989
0.753
0.757
0.015
0.966
0.657
0.963
0.24
0.274
0.232
0.6
0.305
0.576
0.518
0.228
0.325
0.233
0.989
0.86
0.302
0.711
0.483
0.797
0.028
0.521
0.001
0.9
0.128
0.614
0.776
0.609
0.441
0.31
0.45
0.886
0.891
0.551
0.155
0.329
0.157
0.288
0.975
0.525
0.343
0.546
0.995
0.823
0.961
0.418
0.689
0.219
0.286
0.504
0.302
0.25
0.699
0.711
0.207
0.355
0.532
0.817
0.312
0.456
0.077
0.319
0.798
0.327
0.429
0.99
0.222
0.652
0.7
0.753
0.794
0.97
0.182
0.271
0.083
0.67
0.772
0.747
0.281
0.931
0.987
0.213
0.992
0.909
0.577
0.695
0.264
0.133
0.681
