0.196
0.265
0.395
0.019
0.041
0.9
0.162
0.946
0.677
0.513
0.588
0.443
0.457
0.849
0.868
0.467
0.387
0.952
0.866
0.535
0.51
0.299
0.494
0.534
0.469
0.214
0.971
0.755
0.412
0.269
0.087
0.319
0.531
0.746
0.646
0.139
0.249
0.224
0.901
0.837
0.203
0.778
0.044
0.438
0.01
0.897
0.407
0.246
0.611
0.021
0.452
0.363
0.908
0.667
0.471
0.17
0.566
0.519
0.836
0.445
0.61
0.615
0.143
0.327
0.498
0.654
0.618
0.997
0.234
0.811
0.903
0.598
0.571
0.027
0.112
0.574
0.308
0.252
0.931
0.369
0.098
0.686
0.571
0.265
0.621
0.051
0.617
0.532
0.232
0.683
0.654
0.043
0.776
0.545
0.474
0.035
0.064
0.328
0.779
0.276
0.776
0.753
0.69
0.823
0.904
0.416
0.656
0.525
0.614
0.27
0.933
0.714
0.834
0.86
0.554
0.509
0.367
0.791
0.031
0.066
0.154
0.23
0.161
0.326
0.683
0.66
0.652
0.642
0.576
0.553
0.939
0.33
0.492
0.207
0.321
0.364
0.62
0.467
0.464
0.993
0.479
0.636
0.604
0.667
0.474
0.866
0.004
0.264
0.167
0.344
0.227
0.453
0.715
0.493
0.576
0.812
0.398
0.924
0.14
0.417
0.337
0.617
0.866
0.617
0.95
0.219
0.886
0.801
0.824
0.892
0.93
0.459
0.294
0.38
0.268
0.572
0.853
0.103
0.387
0.16
0.997
0.891
0.899
0.987
0.003
0.804
0.237
0.416
0.905
0.72
0.854
0.02
0.123
0.386
0.934
0.131
0.223
0.975
0.351
0.967
0.917
0.719
0.53
0.606
0.99
0.364
0.741
0.925
0.9
0.949
0.109
0.603
0.026
0.112
0.277
0.477
0.732
0.915
0.017
0.689
0.902
0.053
0.178
0.232
0.804
0.85
0.454
0.463
0.059
0.142
0
0.39
0.748
0.883
0.059
0.865
0.559
0.879
0.876
0.576
0.423
0.613
0.775
0.58
0.929
0.523
0.089
0.331
0.214
0.442
0.328
0.152
0.694
0.21
0.719
0.571
0.501
0.917
0.738
0.8
0.71
0.359
0.503
0.951
0.357
0.222
0.465
0.709
0.185
0.499
0.803
0.137
0.821
0.517
0.485
0.608
0.898
0.583
0.292
0.977
0.628
0.083
0.378
0.314
0.507
0.886
0.344
0.51
0.206
0.285
0.719
0.572
0.057
0.103
0.271
0.163
0.207
0
0.587
0
0.152
0.725
0.903
0.415
0.545
0.067
0.73
0.61
0.393
0.829
0.7
0.56
0.846
0.437
0.148
0.893
0.544
0.165
0.809
0.18
0.633
0.385
0.569
0.897
0.751
0.703
0.781
0.658
0.411
0.757
0.812
0.068
0.725
0.142
0.811
0.833
0.736
0.205
0.008
0.064
0.104
0.444
0.651
0.911
0.148
0.009
0.698
0.91
0.189
0.81
0.26
0.915
0.829
0.253
0.551
0.658
0.317
0.318
0.973
0.77
0.134
0.936
0.733
0.965
0.068
0.494
0.74
0.711
0.129
0.583
0.712
0.185
0.239
0.514
0.599
0.863
0.107
0.92
0.372
0.461
0.654
0.288
0.337
0.473
0.776
0.918
0.087
0.417
0.106
0.505
0.513
0.89
0.147
0.95
0.846
0.683
0.898
0.245
0.533
0.825
0.017
0.363
0.084
0.213
0.596
0.674
0.918
0.897
0.574
0.825
0.407
0.066
0.157
0.675
0.41
0.312
0.198
0.558
0.079
0.685
0.76
0.079
0.372
0.441
0.383
0.071
0.251
0.654
0.478
0.204
0.553
0.619
0.534
0.364
0.383
0.808
0.111
0.421
0.607
0.091
0.567
0.576
0.1
0.227
0.65
0.154
0.608
0.578
0.119
0.085
0.76
0.609
0.648
0.575
0.842
0.733
0.477
0.748
0.168
0.054
0.069
0.09
0.166
0.29
0.065
0.8
0.171
0.261
0.659
0.659
0.79
0.653
0.926
0.473
0.246
0.312
0.732
0.572
0.772
0.767
0.544
0.361
0.233
0.072
0.994
0.73
0.515
0.118
0.617
0.563
0.726
0.323
0.601
0.412
0.077
0.837
0.575
0.173
0.332
0.4
0.74
0.542
0.418
0.39
0.409
0.121
0.923
0.974
0.578
0.031
0.864
0.557
0.042
0.883
0.83
0.129
0.089
0.525
0.457
0.042
0.978
0.9
0.392
0.145
0.583
0.271
0.563
0.453
0.768
0.556
0.421
0.889
0.225
0.195
0.995
0.966
0.218
0.91
0.004
0.015
0.118
0.665
0.231
0.218
0.938
0.756
0.577
0.184
0.093
0.82
0.282
0.536
0.024
0.834
0.32
0.537
0.527
0.154
0.299
0.672
0.91
0.712
0.759
0.812
0.799
0.213
0.292
0.147
0.17
0.796
0.506
0.666
0.647
0.231
0.018
0.45
0.259
0.885
0.641
0.336
0.811
0.825
0.164
0.384
0.035
0.081
0.419
0.837
0.157
0.301
0.111
0.334
0.252
0.085
0.591
0.372
0.191
0.833
0.103
0.418
0.042
0.827
0.172
0.321
0.463
0.563
0.77
0.372
0.758
0.185
0.43
0.607
0.238
0.42
0.82
0.526
0.976
0.26
0.175
0.436
0.003
0.251
0
0.131
0.729
0.307
0.315
0.984
0.915
0.912
0.865
0.543
0.635
0.303
0.19
0.559
1.0
0.733
0.128
0.975
0.212
0.404
0.175
0.499
0.05
0.567
0.96
0.89
0.441
0.911
0.138
0.947
0.402
0.495
0.404
0.519
0.605
0.36
0.878
0.376
0.548
0.561
0.742
0.998
0.512
0.655
0.309
0.293
0.7
0.324
0.761
0.86
0
0.461
0.774
0.856
0.434
0.4
0.858
0.456
0.83
0.922
0.55
0.561
0.639
0.173
0.547
0.867
0.128
0.54
0.123
0.691
0.036
0.12
0.234
0.026
0.71
0.463
0.463
0.631
0.884
0.761
0.783
0.626
0.248
0.762
0.934
0.095
0.092
0
0.99
0.202
0.6
0.878
0.387
0.476
0.357
0.003
0.469
0.984
0.934
0.23
0.585
0
0.184
0.083
0
0.164
0.406
0.363
0.785
0.948
0.248
0.097
0.233
0.27
0.89
0.052
0.712
0.305
0.411
0.082
0.721
0.119
0.364
0.851
0.699
0.478
0.122
0.07
0.913
0.171
0.076
0.726
0.079
0.371
0.292
0.088
0.305
0.467
0.255
0.517
0.711
0.798
0.389
0.613
0.264
0.3
0.256
0
0.353
0.739
0.951
0.647
0.832
0.736
0.255
0.123
0.462
0.247
0.327
0.892
0.038
0.76
0.955
0.451
0.475
0.265
0.166
0.634
0.811
0.696
0.931
0.618
0.431
0.595
0.439
0.104
0.437
0.625
0.4
0.132
0.584
0.947
0.957
0.698
0.443
0.249
0.122
0.616
0.234
0.189
0.435
0.45
0.669
0.375
0.192
0.866
0.357
0.099
0.326
0.889
0.172
0.798
0.248
0.472
0.477
0.952
0.366
0.56
0.359
0.939
0.707
0.329
0.349
0.776
0.691
0.469
0.809
0.242
0.256
0.341
0.333
0.811
0.99
0.192
0.021
0.994
0.584
0.6
0.957
0.347
0.686
0.377
0.31
0.929
0.172
0.067
0.799
0.975
0.209
0.612
0.638
0.24
0.272
0.044
0.129
0.86
0.331
0.428
0.162
0.217
0.414
0.202
0.157
0.698
0.661
0.83
0.115
0.644
0.307
0.534
0.913
0.794
0.448
0.596
0.629
0.908
0.373
0.811
0.004
0.828
0.411
0.503
0.582
0.451
0.182
0.407
0.938
0.104
0.613
0.392
0.341
0.278
0.714
0.526
0.309
0.112
0.549
0.182
0.588
0.983
0.578
0.232
0.035
0.481
0.437
0.942
0.427
0.617
0.955
0.182
0.492
0.297
0.751
0.155
0.185
0.54
0.117
0.238
0.598
0.621
0.317
0.07
0.021
0.385
0.975
0.077
0.815
0.634
0.62
0.343
0.985
0.056
0.214
0.297
0.283
0.722
0.334
0.117
0.85
0.588
0.148
0.205
0.215
0.546
0.851
0.247
0.525
0.677
0.007
0.034
0.188
0.441
0.876
0.154
0.812
0.701
0.372
0.743
0.203
0.242
0.541
0.884
0.546
0.946
0.765
0.013
0.435
0.514
0.637
0.893
0.032
0.156
0.808
0.386
0.017
0.424
0.543
0.715
0.595
0.407
0.982
0.932
0.672
0.47
0.406
0.36
0.73
0.008
