0.883
0.279
0.238
0.767
0.927
0.428
0.399
0.881
0.299
0.919
0.278
0.304
0.702
0.082
0.065
0.261
0.15
0.269
0.327
0.836
0.323
0.379
0.759
0
0.379
0.773
0.325
0.977
0.739
0.641
0.383
0.073
0.658
0.554
0.952
0.391
0.905
0.574
0.835
0.591
0.026
0.74
0.985
0.416
0
0.743
0.506
0.376
0.971
0.122
0.293
0.214
0.536
0.811
0.149
0.056
0.726
0.692
0.991
0.951
0.228
0.773
0.946
0.469
0.704
0
0.476
0.515
0.982
0.692
0.276
0.259
0.533
0.553
0.879
0.472
0.614
0.499
0.679
0.312
0.888
0.351
0.524
0.772
0.769
0.161
0.345
0.489
0.005
0.097
0.338
0.961
0.47
0.783
0.42
0.266
0.789
0.455
0.443
0.15
0.004
0.252
0.413
0.508
0.838
0.252
0.047
0.13
0.519
0.716
0.559
0.63
0.802
0.841
0.688
0.295
0.032
0.256
0.774
0.7
0.388
0.431
0.977
0.953
0.228
0.137
0.651
0.367
0.968
0.671
0.132
0.255
0.735
0.177
0.125
0.434
0.767
0.928
0.452
0.25
0.63
0.483
0.365
0.507
0.478
0.395
0.621
0.258
0.804
0.052
0.021
0.674
0.443
0.236
0.289
0.521
0.164
0.926
0.644
0.534
0.409
0.648
0.254
0.175
0.808
0.953
0.017
0.68
0.209
0.746
0.785
0.927
0.51
0.281
0.326
0.583
0.634
0.978
0.257
0.536
0.205
0.231
0.182
0.163
0.13
0.881
0.013
0.279
0.403
0.633
0.743
0.029
0.178
0.733
0.073
0.439
0.962
0.726
0.504
0.037
0.566
0.764
0.42
0.797
0.662
0.947
0.02
0.393
0.1
0.102
0.616
0.833
0.541
0.691
0.253
0.465
0.794
0.032
0.198
0.741
0.622
0.483
0.887
0.337
0.375
0.712
0.371
0.699
0.372
0.527
0.288
0.157
0.942
0.497
0.511
0.577
0.905
0.508
0.143
0.888
0.157
0.843
0.74
0.441
0.932
0.615
0.095
0.677
0.755
0.28
0.593
0.238
0.452
0.778
0.85
0.599
0.683
0.11
0.502
0.285
0.022
0.337
0.979
0.868
0.505
0.132
0.97
0.761
0.567
0.17
0.073
0.223
0.934
0.705
0.243
0.554
0.41
0.663
0.111
0.923
0.054
0.308
0.87
0.729
0.022
0.177
0.45
0.578
0.324
0.05
0.213
0.208
0.713
0.652
0.651
0.734
0.164
0.583
0.655
0.989
0.28
0.587
0.704
0.964
0.357
0.435
0.386
0.994
0.262
0.366
0.544
0.653
0.419
0.412
0.791
0.708
0.792
0.598
0.516
0.292
0.549
0.703
0.668
0.73
0.689
0.828
0.277
0.427
0.604
0.101
0.531
0.267
0.626
0.993
0.526
0.233
0.251
0.748
0.348
0.584
0.37
0.703
0
0.162
0.115
0.995
0.055
0.11
0.491
0.041
0.317
0.74
0.402
0.043
0.252
0.205
0.649
0.916
0.874
0.652
0.643
0.014
0.627
0.066
0.937
0.529
0.072
0.583
0.449
0.586
0.936
0.514
0.081
0.409
0.611
0.161
0.605
0.332
0.605
0.709
0.494
0.93
0.199
0.665
0.334
0.448
0.284
0.945
0.032
0.366
0.506
0.836
0.943
0.419
0.208
0.261
0.13
0.723
0.828
0.392
0.647
0.162
0.632
0.261
0.047
0.511
0.874
0.796
0.168
0.994
0.335
0.009
0.152
0.624
0.775
0.726
0.555
0.508
0.377
0.236
0.292
0.506
0.568
0.161
0.204
0.936
0.02
0.622
0.689
0.225
0.843
0.137
0.949
0.958
0.893
0.213
0.317
0.578
0.653
0.609
0.036
0.108
0.644
0.106
0.155
0.935
0.749
0.708
0.644
0.041
0.825
0.355
0.648
0.187
0.077
0.809
0.397
0.355
0.853
0.681
0.579
0.186
0.253
0.695
0.676
0.003
0
0.21
0.99
0.633
0.017
0.987
0.737
0.178
0.75
0.798
0.698
0.008
0.038
0.93
0.098
0.165
0.771
0.303
0.873
0.134
0.041
0.625
0.68
0.851
0.73
0.33
0.197
0.691
0.957
0.753
0.873
0.564
0.618
0.423
0.281
0.542
0.994
0.818
0.314
0.972
0.759
0.522
0.924
0.263
0.398
0.051
0.188
0.287
0.161
0.71
0.003
0.724
0.283
0.787
0.652
0.863
0.472
0.457
0.829
0.769
0.524
0.747
0.115
0.434
0.504
0.174
0.741
0.266
0.25
0.555
0.476
0.281
0.4
0.773
0.153
0.409
0.917
0.234
0.618
0.92
0.529
0.864
0.286
0.731
0.449
0.991
0.046
0.021
0.314
0.87
0.7
0.561
0.489
0.473
0.251
0.067
0.252
0.321
0.837
0.258
0.854
0.917
0.377
0.949
0.955
0.046
0.056
0.318
0.622
0.836
0.104
0.494
0.995
0.682
0.06
0.379
0
0.272
0.261
0.692
0.502
0.94
0.533
0.157
0.079
0.607
0.337
0.746
0.853
0.674
0.39
0.937
0.447
0.022
0.462
0.9
0.522
0.434
0.621
0.33
0.979
0.686
0.665
0.367
0.389
0.1
0.851
0.582
0.899
0.606
0.327
0.31
0.048
0.159
0.705
0.171
0.638
0.117
0.386
0.661
0.247
0.86
0.306
0.438
0.929
0.036
0.233
0.849
0.352
0.087
0.215
0.302
0.666
0.28
0.134
0.623
0.709
0.774
0.516
0.195
0.381
0.907
0.317
0.07
0.171
0.179
0.753
0.025
0.583
0.015
0.86
0.186
0.608
0.78
0.118
0.168
0.558
0.321
0.176
0.431
0.633
0.696
0.523
0.671
0.165
0.535
0.714
0.741
0.288
0.389
0.176
0.856
0.973
0.28
0.124
0.797
0.793
0.996
0.354
0.912
0.102
0.459
0.34
0.168
0.518
0.986
0.134
0.233
0.697
0.349
0.215
0.653
0.731
0.976
0.832
0.324
0.288
0.062
0.213
0.019
0.39
0.613
0.362
0.187
0.904
0.408
0.464
0.039
0.672
0.698
0.105
0.614
0.92
0.781
0.505
0.045
0.94
0.222
0.174
0.676
0.846
0.193
0.861
0.452
0.268
0.63
0.656
0.496
0.277
0.826
0.315
0.293
0.064
0.127
0.86
0.396
0.716
0.05
0.43
0.354
0.792
0.87
0.914
0.724
0.174
0.179
0.789
0.716
0.725
0.156
0.536
0.687
0.81
0.104
0.979
0.339
0.586
0.953
0.972
0.929
0.312
0.819
0.124
0.064
0.132
0.64
0.711
0.526
0.596
0.142
0.446
0.028
0.061
0.612
0.78
0.641
0.037
0.485
0.819
0.907
0.189
0.15
0.785
0.41
0.195
0.367
0.296
0.165
0.183
0.138
0.307
0.189
0.122
0.88
0.553
0.691
0.127
0.233
0.331
0.124
0.349
0.318
0.702
0.627
0.124
0
0.517
0.062
0.511
0.97
0.36
0.419
0.089
0.081
0.638
0.346
0.293
0.561
0.589
0.506
0.03
0.077
0.326
0.27
0.227
0.928
0.137
0.26
0.763
0.727
0.102
0.149
0.271
0.469
0.103
0.813
0.336
0.199
0.35
0.199
0.832
0.919
0.093
0.965
0.253
0.02
0.639
0.574
0.956
0.019
0.055
0.517
0.793
0.262
0.085
0.806
0.929
0.489
0.568
0.38
0.476
0.672
0.97
0.428
0.697
0.285
0.807
0.562
0.719
0.077
0.497
0.704
0.894
0.068
0.987
0.179
0.532
0.853
0.96
0.602
0.812
0
0.475
0.678
0.203
0.649
0.055
0.579
0.757
0.921
0.194
0.48
0.761
0.789
0.364
0.109
0.4
0.338
0.09
0.375
0.078
0.149
0.983
0.923
0.522
0.487
0.059
0.812
0.004
0.235
0.95
0.56
0.97
0.039
0.456
0.763
0.132
0.607
0.663
0.02
0.827
0.261
0.827
0.19
0.958
0.992
0.63
0.496
0.241
0.225
0.024
0.05
0.271
0.107
0.172
0.213
0.089
0.585
0.461
0.967
0.268
0.741
0.472
0.205
0.196
0.269
0.595
0.03
0.406
0.48
0.986
0.661
0.927
0.377
0.797
0.32
0.421
0.397
0.982
0.059
0.173
0.638
0.594
0.78
0.473
0.562
0.689
0.716
0.553
0.954
0.908
0.765
0.68
0.276
0.45
0.876
0.913
0.168
0.207
0.996
0.933
0.779
0.275
0.533
0.927
0.079
0.106
0.127
0.752
0.048
0.987
0.883
0.736
0.685
