0.925
0.268
0.732
0.025
0.793
0.922
0.741
0.566
0.361
0.86
0.162
0.011
0.23
0.121
0.988
0.123
0.726
0.117
0.252
0.958
0.115
0.168
0.952
0.894
0.065
0.565
0.356
0.406
0.77
0.879
0.601
0.356
0.652
0.713
0.094
0.31
0.346
0.164
0.987
0.479
0.567
0.819
0.778
0.63
0.241
0.511
0.833
0.474
0.018
0.896
0.788
0.866
0.998
0.388
0.472
0.437
0.751
0.938
0.807
0.083
0.622
0.602
0.23
0.037
0.569
0.307
0.171
0.763
0.105
0.667
0.282
0.696
0.24
0.008
0.027
0.749
0.379
0.639
0.344
0.905
0.636
0.889
0.898
0.724
0.482
0.105
0.571
0.047
0.063
0.934
0.254
0.183
0.11
0.526
0.245
0.585
0.675
0.636
0.33
0.98
0.746
0.036
0.983
0.066
0.916
0.155
0.046
0.622
0.946
0.482
0.412
0.636
0.135
0.53
0.493
0.446
0.04
0.99
0.806
0.902
0.163
0.653
0.393
0.367
0.618
0.217
0.166
0.78
0.71
0.23
0.005
0.245
0.879
0.969
0.217
0.148
0.288
0.954
0.116
0.208
0.669
0.911
0.779
0.483
0.579
0.105
0.183
0.903
0.748
0.742
0.962
0.581
0.06
0.147
0.408
0.173
0.781
0.395
0.496
0.412
0.874
0.161
0.268
0.027
0.994
0.888
0.254
0.512
0.751
0.969
0.476
0.383
0.378
0.612
0.132
0.712
0.401
0.184
0.674
0.578
0.459
0.152
0.059
0.945
0.297
0.216
0.484
0.669
0.409
0.873
0.381
0.671
0.171
0.191
0.921
0.664
0.31
0.392
0.4
0.822
0.499
0.83
0.403
0.337
0.534
0.839
0.631
0.504
0.617
0.838
0.597
0.947
0.836
0.37
0.781
0.375
0.513
0.033
0.195
0.337
0.187
0.96
0.451
0.408
0.162
0.632
0.89
0.238
0.084
0.396
0.515
0.986
0.641
0.11
0.253
0.684
0.287
0.232
0.072
0.907
0.407
0.967
0.434
0.538
0.223
0.992
0.763
0.344
0.528
0.418
0.677
0.664
0.792
0.461
0.524
0.915
0.603
0.674
0.368
0.026
0.147
0.096
0.556
0.066
0.519
0.996
0.27
0.368
0.205
0.321
0.85
0.337
0.627
0.592
0.813
0.702
0.55
0.727
0.091
0.385
0.228
0.011
0.461
0.001
0.338
0.849
0.913
0.494
0.046
0.047
0.677
0.027
0.307
0.471
0.615
0.593
0.422
0.282
0.185
0.512
0.332
0.652
0.334
0.625
0.22
0.34
0.383
0.173
0.516
0.753
0.14
0.926
0.27
0.408
0.591
0.715
0.938
0.596
0.901
0.084
0.64
0
0.687
0.602
0.666
0.48
0.311
0.496
0.567
0.823
0.852
0.369
0.234
0.174
0.57
0.281
0.097
0.128
0.613
0.44
0.453
0.385
0.572
0.179
0.461
0.337
0.922
0.431
0.822
0.736
0.859
0.91
0.564
0.421
0.522
0.219
0.621
0.069
0.452
0.076
0.644
0.256
0.195
0.428
0.465
0.273
0.464
0.39
0.939
0.632
0.814
0.613
0.103
0.525
0.406
0.5
0.394
0.104
0.598
0.023
0.751
0.227
0.696
0.877
0.916
0.321
0.871
0.865
0.646
0.054
0.532
0.261
0.915
0.481
0.551
0.622
0.695
0.537
0.88
0.255
0.723
0.779
0.879
0.08
0.88
0.997
0.142
0.871
0.496
0.934
0.178
0.027
0.612
0.909
0.983
0.058
0.491
0.036
0.456
0.211
0.282
0.01
0.268
0.238
0.356
0.557
0.426
0.312
0.951
0.484
0.194
0.971
0.852
0.913
0.362
0.152
0.559
0.841
0.921
0.789
0.416
0.742
0.91
0.849
0.45
0.792
0.212
0.215
0.339
0.201
0.859
0.67
0.152
0.935
0.736
0.008
0.471
0.883
0.175
0.147
0.05
0.573
0.124
0.644
0.457
0.563
0.074
0.199
0.344
0.981
0.25
0.245
0.391
0.412
0.003
0.911
0.301
0.989
0.132
0.682
0.109
0.442
0.563
0.149
0.016
0.678
0.32
0.236
0.109
0.561
0.987
0.943
0.621
0.487
0.286
0.452
0.847
0.423
0.933
0.036
0.063
0.497
0.921
0.734
0.899
0.69
0.88
0.944
0.127
0.416
0.219
0.209
0.302
0.198
0.539
0.027
0.935
0.736
0.91
0.318
0.651
0.068
0.925
0.001
0.01
0.704
0.089
0.29
0.833
0.279
0.826
0.883
0.21
0.429
0.192
0.23
0.619
0.94
0.724
0.207
0.513
0.662
0.412
0.375
0.006
0.102
0.92
0.132
0.758
0.555
0.087
0.304
0.432
0.74
0.245
0.185
0.289
0.889
0.605
0.691
0.945
0.104
0.129
0.225
0.073
0.078
0.126
0.606
0.259
0.255
0.966
0.731
0.783
0.004
0.576
0.087
0.837
0.264
0.007
0.715
0.842
0.34
0.458
0.344
0.392
0.396
0.399
0.415
0.517
0.483
0.255
0.357
0.563
0.541
0.849
0.039
0.338
0.963
0.809
0.628
0.187
0.12
0.815
0.659
0.558
0.07
0.43
0.517
0.332
0.419
0.882
0.619
0.0
0.543
0.899
0.536
0.584
0.66
0.887
0.682
0.593
0.026
0.462
0.82
0.918
0.678
0.5
0.974
0.34
0.075
0.31
0.524
0.003
0.141
0.77
0.563
0.53
0.8
0.32
0.037
0.829
0.682
0.046
0.421
0.447
0
0.551
0.298
0.031
0.46
0.873
0.99
0.449
0.099
0.699
0.288
0.784
0.927
0.916
0.633
0.923
0.746
0.642
0.865
0.424
0.246
0.423
0.444
0.328
0.454
0.563
0.402
0.635
0.357
0.271
0.992
0.838
0.098
0.444
0.393
0.454
0.77
0.67
0.13
0.654
0.184
0.265
0.806
0.023
0.198
0.376
0.495
0.34
0.091
0.179
0.509
0.999
0.396
0.722
0.016
0.884
0.95
0.665
0.157
0.193
0.928
0.65
0.407
0.419
0.642
0.108
0.668
0.946
0.612
0.99
0.523
0.614
0.29
0.319
0.051
0.549
0.282
0.11
0.064
0.879
0.852
0.715
0.498
0.611
0.691
0.763
0.842
0.565
0.645
0.69
0.915
0.983
0.847
0.374
0.727
0.445
0.447
0.815
0.74
0.163
0.096
0.581
0.437
0.853
0.415
0.986
0.854
0.567
0.87
0.715
0.836
0.229
0.456
0.577
0.279
0.083
0.291
0.57
0.789
0.57
0.398
0.38
0.914
0.094
0.704
0.994
0.67
0.181
0.529
0.964
0.443
0.461
0.586
0.631
0.037
0.742
0.863
0.378
0.001
0.419
0.888
0.314
0.424
0.452
0.409
0.456
0.851
0.585
0.096
0.609
0.374
0.06
0.136
0.217
0.875
0.967
0.702
0.075
0.013
0.994
0.01
0.705
0.735
0.025
0.166
0.428
0.778
0.674
0.222
0.72
0.931
0.646
0.623
0.532
0.651
0.797
0.909
0.095
0.542
0.218
0.142
0.771
0.196
0.086
0.724
0.674
0.374
0.675
0.918
0.534
0.699
0.195
0.222
0.608
0.92
0.701
0.253
0.778
0.175
0.226
0.936
0.843
0.621
0.858
0.659
0.155
0.833
0.676
0.553
0.001
0.351
0.372
0.803
0.518
0.905
0.026
0.545
0.245
0.026
0.048
0.367
0.243
0.028
0.34
0.073
0.648
0.983
0.507
0.224
0.201
0.518
0.932
0.89
0.513
0.442
0.817
0.067
0.402
0.079
0.622
0.268
0.28
0.885
0.752
0.249
0.387
0.578
0.411
0.842
0.257
0.199
0.837
0.342
0.555
0.313
0.565
0.706
0.992
0.325
0.593
0.851
0.285
0.069
0.847
0.072
0.528
0.254
0.853
0.728
0.694
0.784
0.75
0.114
0.786
0.354
0.921
0.219
0.303
0.674
0.618
0.156
0.195
0.68
0.45
0.955
0.351
0.035
0.687
0.217
0.787
0.021
0.514
0.654
0.466
0.53
0.634
0.89
0.721
0.341
0.745
0.884
0.629
0.427
0.331
0.78
0.482
0.169
0.368
0.904
0.775
0.258
0.061
0.36
0.189
0.446
0.942
0.874
0.357
0.827
0.382
0.967
0.026
0.384
0.815
0.541
0.001
0.924
0.022
0.772
0.007
0.583
0.5
0.833
0.602
0.482
0.582
0.367
0.352
0.036
0.104
0.032
0.342
0.142
0.136
0.424
0.693
0
0.926
0.68
0.851
0.953
0.522
0.607
0.967
0.525
