0.259
0.241
0.519
0.679
0.014
0.231
0.686
0.994
0.636
0.357
0.228
0.577
0.612
0.525
0.025
0.835
0.694
0.54
0.594
0.938
0.033
0.169
0.147
0.796
0.576
0.687
0.054
0.873
0.16
0.554
0.042
0.283
0.842
0.032
0.524
0.574
0.78
0.818
0.875
0.04
0.818
0.631
0.759
0.51
0.806
0.074
0.389
0.613
0.669
0.843
0.002
0.458
0.139
0.234
0.01
0.692
0.798
0.052
0.964
0.816
0.473
0.504
0.688
0.973
0.119
0.613
0.928
0.647
0.505
0.978
0.103
0.451
0.921
0.644
0.034
0.188
0.994
0.944
0.993
0.737
0.07
0.911
0.96
0.724
0.524
0.013
0.841
0.528
0.698
0.098
0.192
0.957
0.299
0.528
0.381
0.672
0.574
0.089
0.011
0.131
0.195
0.087
0.222
0.406
0.334
0.27
0.95
0.981
0.692
0.613
0.486
0.329
0.048
0.04
0.014
0.273
0.604
0.608
0.168
0.952
0.269
0.393
0.144
0.498
0.783
0.607
0.478
0.253
0.204
0.303
0.165
0.676
0.62
0.077
0.457
0.655
0.278
0.287
0.944
0.364
0.752
0.552
0.679
0.355
0.537
0.591
0.132
0.142
0.783
0.892
0.496
0.607
0.822
0.493
0.201
0.499
0.825
0.425
0.989
0.563
0.182
0.894
0.397
0.472
0.448
0.672
0.151
0.075
0.121
0.075
0.691
0.776
0.554
0.464
0.915
0.67
0.829
0.843
0.263
0.279
0.722
0.81
0.951
0.476
0.263
0.222
0.578
0.954
0.572
0.732
0.925
0.358
0.574
0.202
0.445
0.041
0.374
0.263
0.45
0.656
0.03
0.282
0.598
0.102
0.443
0.04
0.48
0.201
0.956
0.151
0.579
0.605
0.441
0.047
0.946
0.191
0.619
0.536
0.478
0.189
0.772
0.452
0.075
0.113
0.106
0.533
0.387
0.202
0.194
0.071
0.558
0.125
0.884
0.553
0.936
0.118
0.099
0.078
0.246
0.213
0.369
0.343
0.993
0.581
0.986
0.71
0.138
0.387
0.796
0.921
0.514
0.194
0.387
0.436
0.539
0.839
0.474
0.393
0.169
0.46
0.182
0.249
0.458
0.261
0.38
0.581
0.592
0.753
0.452
0.897
0.769
0.167
0.947
0.366
0.701
0.573
0.02
0.62
0.675
0.337
0.32
0.816
0.182
0.581
0.181
0.194
0.536
0.318
0.329
0.547
0.77
0.572
0.838
0.895
0.308
0.296
0.757
0.875
0.48
0.759
0.481
0.376
0.695
0.357
0.415
0.943
0.926
0.122
0.74
0.897
0.933
0.004
0.173
0.822
0.056
0.307
0.251
0.695
0.396
0.803
0.923
0.056
0.017
0.285
0.051
0.252
0.941
0.117
0.74
0.279
0.046
0.934
0.788
0.71
0.784
0.926
0.493
0.905
0.612
0.556
0.837
0.286
0.662
0.319
0.387
0.129
0.187
0.003
0.501
0.709
0.133
0.344
0.056
0.761
0.709
0.894
0.281
0.797
0.91
0.533
0.865
0.928
0.496
0.373
0.08
0.858
0.586
0.701
0.054
0.832
0.468
0.49
0.508
0.963
0.912
0.532
0.815
0.225
0.599
0.454
0.293
0.183
0.632
0.366
0.032
0.35
0.35
0.536
0.05
0.165
0.387
0.572
0.552
0.003
0.826
0.846
0.839
0.659
0.56
0.789
0.543
0.401
0.982
0.477
0.564
0.39
0.445
0.193
0.442
0.798
0.013
0.136
0.587
0.649
0.774
0.426
0.443
0.974
0.406
0.484
0.867
0.382
0.869
0.629
0.671
0.255
0.252
0.23
0.879
0.557
0.752
0.141
0.903
0.957
0.408
0.424
0.57
0.815
0.264
0.447
0.232
0.267
0.942
0.312
0.573
0.547
0.246
0.142
0.212
0.38
0.321
0.027
0.974
0.552
0.493
0.852
0.99
0.46
0.397
0.99
0.126
0.441
0.603
0.418
0.779
0.681
0.507
0.286
0.109
0.032
0.704
0.377
0.91
0.777
0.166
0.462
0.634
0.041
0.636
0.444
0.736
0.711
0.349
0.747
0.476
0.607
0.163
0.926
0.43
0.871
0.522
0.251
0.807
0.507
0.627
0.797
0.656
0.318
0.116
0.385
0.277
0.199
0.165
0.508
0.683
0.08
0.367
0.394
0.774
0.818
0.083
0.017
0.965
0.128
0.117
0.974
0.056
0.243
0.143
0.847
0.148
0.962
0.631
0.276
0.053
0.333
0.212
0.337
0.015
0.644
0.84
0.382
0.936
0.889
0.623
0.057
0.373
0.751
0.59
0.181
0.379
0.86
0.451
0.239
0.951
0.237
0.1
0.274
0.056
0.586
0.953
0.037
0.879
0.352
0.278
0.662
0.754
0.18
0.004
0.874
0.013
0.442
0.754
0.27
0.308
0.852
0.247
0.457
0.354
0.348
0.178
0.357
0.599
0.559
0.065
0.348
0.642
0.947
0.043
0.957
0.083
0.817
0.058
0.342
0.406
0.425
0.508
0.893
0.393
0.227
0.942
0.477
0.921
0.121
0.195
0.543
0.16
0.036
0.042
0.363
0.947
0.161
0.381
0.365
0.543
0.62
0.227
0.452
0.637
0.492
0.419
0.492
0.762
0.776
0.721
0.911
0.308
0.324
0.149
0.056
0.855
0.509
0.935
0.166
0.458
0.421
0.062
0.009
0.731
0.82
0.348
0.153
0.849
0.182
0.775
0.202
0.973
0.507
0.18
0.053
0.024
0.624
0.715
0.024
0.034
0.255
0.326
0.422
0.351
0.569
0.779
0.439
0.323
0.753
0.675
0.305
0.882
0.971
0.007
0.959
0.12
0.356
0.576
0.601
0.353
0.431
0.748
0.748
0.179
0.769
0.418
0.623
0.646
0.163
0.948
0.242
0.426
0.046
0.997
1.0
0.488
0.193
0.607
0.733
0.706
0.56
0.936
0.668
0.995
0.109
0.319
0.55
0.709
0.474
0.539
0.823
0.329
0.417
0.034
0.068
0.845
0.479
0.36
0.895
0.996
0.086
0.691
0.079
0.798
0.863
0.976
0.458
0.743
0.223
0.922
0.488
0.114
0.579
0.707
0.231
0.436
0.874
0.102
0.293
0.56
0.949
0.83
0.776
0.977
0.23
0.431
0.6
0.052
0.795
0.353
0.465
0.243
0.006
0.894
0.111
0.762
0.337
0.646
0.829
0.534
0.053
0.049
0.987
0.853
0.857
0.034
0.737
0.524
0.969
0.807
0.07
0.952
0.7
0.448
0.116
0.791
0.652
0.734
0.085
0.705
0.436
0.864
0.108
0.909
0.5
0.608
0.701
0.611
0.988
0.925
0.254
0.769
0.518
0.462
0.648
0.196
0.457
0.577
0.53
0.249
0.004
0.742
0.22
0.179
0.834
0.058
0.113
0.826
0.306
0.622
0.2
0.837
0.545
0.581
0.985
0.786
0.277
0.287
0.222
0.789
0.837
0.924
0.165
0.693
0.87
0.179
0.27
0.706
0.863
0.931
0.668
0.279
0.278
0.057
0.962
0.924
0.389
0.545
0.515
0.45
0.039
0.058
0.58
0.862
0.564
0.068
0.788
0.287
0.455
0.383
0.729
0.589
0.122
0.596
0.146
0.918
0.485
0.4
0.856
0.563
0.09
0.362
0.568
0.106
0.243
0.334
0.359
0.453
0.144
0.387
0.627
0.681
0.77
0.915
0.387
0.816
0.007
0.993
0.613
0.27
0.112
0.981
0.796
0.679
0.698
0.692
0.825
0.041
0.486
0.975
0.406
0.517
0.29
0.188
0.96
0.814
0.013
0.897
0.094
0.576
0.021
0.89
0.787
0.49
0.828
0.391
0.643
0.734
0.697
0.67
0.509
0.872
0.802
0.937
0.383
0.437
0.908
0.829
0.863
0.099
0.474
0.326
0.455
0.717
0.368
0.879
0.914
0.271
0.824
0.39
0.407
0.368
0.417
0.543
0.137
0.494
0.284
0.29
0.971
0.972
0.207
0.542
0.588
0.461
0.369
0.626
0.82
0.272
0.151
0.333
0.906
0.62
0.668
0.428
0.068
0.823
0.788
0.626
0.36
0.56
0.74
0.833
0.478
0.012
0.439
0.484
0.818
0.773
0.344
0.431
0.273
0.571
0.569
0.311
0.071
0.096
0.329
0.351
0.883
0.232
0.887
0.95
0.736
0.158
0.865
0.798
0.966
0.527
0.948
0.339
0.736
0.771
0.027
0.081
0.475
0.209
0.685
0.045
0.58
0.828
0.49
0.622
0.273
0.215
0.653
0.49
0.559
0.972
0.818
0.651
0.04
0.514
0.021
0.689
0.023
