0.463
0.239
0.451
0.44
0.199
0.872
0.469
0.368
0.595
0.082
0.101
0.76
0.521
0.424
0.71
0.145
0.239
0.92
0.629
0.036
0.164
0.994
0.672
0.012
0.163
0.426
0.152
0.926
0.431
0.361
0.955
0.042
0.601
0.708
0.595
0.914
0.934
0.636
0.874
0.951
0.989
0.448
0.25
0.123
0.542
0.185
0.885
0.017
0.016
0.977
0.797
0.93
0.514
0.417
0.147
0.551
0.257
0.428
0.914
0.573
0.698
0.301
0.148
0.145
0.054
0.959
0.214
0.979
0.082
0.699
0.108
0.372
0.709
0.565
0.65
0.042
0.077
0.772
0.953
0.26
0.417
0.369
0.72
0.178
0.655
0.935
0.268
0.389
0.89
0.226
0.484
0.215
0.977
0.986
0.887
0.403
0.726
0.633
0.757
0.71
0.281
0.948
0.424
0.365
0.805
0.354
0.907
0.093
0.671
0.842
0.724
0.908
0.523
0.517
0.847
0.187
0.182
0.32
0.982
0.751
0.791
0.676
0.323
0.767
0.149
0.187
0.185
0.898
0.51
0.34
0.834
0.945
0.536
0.319
0.375
0.554
0.958
0.227
0.674
0.497
0.035
0.302
0.996
0.983
0.235
0.818
0.425
0.093
0.618
0.569
0.204
0.638
0.157
0.151
0.925
0.075
0.193
0.937
0.247
0.961
0.812
0.259
0.841
0.173
0.337
0.716
0.73
0.517
0.182
0.471
0.111
0.614
0.387
0.112
0.751
0.179
0.302
0.644
0.32
0.746
0.4
0.271
0.495
0.817
0.272
0.078
0.941
0.33
0.544
0.572
0.475
0.802
0.638
0.321
0.018
0.269
0.005
0.307
0.494
0.286
0.114
0.496
0.171
0.578
0.728
0.77
0.361
0.332
0.855
0.439
0.476
0.767
0.035
0.654
0.618
0.656
0.007
0.266
0.765
0.69
0.874
0.77
0.134
0.705
0.797
0.269
0.105
0.252
0.415
0.216
0.692
0.582
0.96
0.157
0.813
0.604
0.297
0.009
0.079
0.553
0.322
0.758
0.815
0.086
0.633
0.963
0.015
0.768
0.079
0.433
0.517
0.725
0.027
0.619
0.229
0.433
0.845
0.757
0.905
0.602
0.221
0.386
0.649
0.629
0.297
0.388
0.268
0.527
0.975
0.546
0.824
0.13
0.656
0.072
0.765
0.427
0.047
0.358
0.579
0.351
0.363
0.277
0.952
0.486
0.098
0.631
0.307
0.65
0.52
0.098
0.405
0.132
0.136
0.277
0.436
0.438
0.808
0.159
0.289
0.318
0.613
0.3
0.246
0.966
0
0.583
0.885
0.753
0.263
0.741
0.046
0.107
0.36
0.725
0.055
0.605
0.01
0.875
0.169
0.629
0.513
0.11
0.627
0.113
0.7
0.39
0.358
0.298
0.845
0.461
0.679
0.484
0.692
0.988
0.401
0.935
0.745
0.828
0.804
0.352
0.259
0.235
0.232
0.815
0.327
0.616
0.562
0.808
0.306
0.01
0.767
0.506
0.128
0.744
0.277
0.314
0.593
0.914
0.325
0.512
0.765
0.984
0.446
0.812
0.336
0.925
0.301
0.605
0.657
0.446
0.446
0.572
0.01
0.952
0.312
0.057
0.192
0.927
0.432
0.376
0.368
0.463
0.495
0.989
0.797
0.72
0.214
0.653
0.336
0.692
0.937
0.695
0.777
0.991
0.749
0.49
0.053
0.786
0.75
0.525
0.868
0.647
0.766
0.843
0.723
0.145
0.605
0.134
0.216
0.026
0.745
0.213
0.209
0.576
0.605
0.036
0.77
0.967
0.898
0.427
0.013
0.928
0.911
0.49
0.318
0.316
0.698
0.221
0.839
0.635
0.071
0.256
0.723
0.234
0.986
0.019
0.906
0.52
0.774
0.269
0.783
0.213
0.335
0.786
0.731
0.686
0.86
0.589
0.808
0.238
0.86
0.963
0.632
0.21
0.259
0.987
0.43
0.909
0.128
0.905
0.668
0.125
0.589
0.931
0.018
0.998
0.938
0.423
0.172
0.255
0.842
0.621
0.657
0.838
0.487
0.447
0.165
0.285
0.275
0.451
0.952
0.729
0.448
0.383
0.313
0.963
0.567
0.813
0.477
0.336
0.324
0.472
0.118
0.264
0.016
0.891
0.573
0.873
0.375
0.927
0.094
0.33
0.532
0.745
0.9
0.201
0.275
0.306
0.409
0.631
0.648
0.462
0.036
0.732
0.934
0.697
0.534
0.265
0.863
0.375
0.921
0.858
0.849
0.851
0.157
0.46
0.276
0.83
0.09
0.196
0.083
0.18
0.599
0.336
0.327
0.388
0.331
0.192
0.156
0.255
0.489
0.066
0.892
0.799
0.314
0.011
0.875
0.855
0.043
0.48
0.602
0.797
0.087
0.838
0.842
0.947
0.857
0.981
0.739
0.967
0.267
0.279
0.492
0.241
0.878
0.996
0.415
0.447
0.302
0.555
0.034
0.703
0.141
0.085
0.482
0.389
0.767
0.25
0.182
0.286
0.653
0.387
0.722
0.086
0.563
0.914
0.943
0.391
0.459
0.625
0.582
0.149
0.384
0.152
0.553
0.56
0.613
0.532
0.757
0.118
0.428
0.701
0.01
0.61
0.225
0.193
0.258
0
0.698
0.693
0.437
0.445
0.893
0.31
0.756
0.284
0.339
0.06
0.098
0.333
0.66
0.098
0.62
0.37
0.372
0.882
0.269
0.367
0.792
0.311
0.444
0.34
0.942
0.383
0.741
0.739
0.67
0.321
0.713
0.268
0.494
0.839
0.501
0.586
0.091
0.975
0.518
0.97
0.919
0.53
0.076
0.743
0.028
0.676
0.01
0.325
0.802
0.528
0.398
0.903
0.896
0.275
0.875
0.706
0.441
0.375
0.878
0.118
0.026
0.993
0.426
0.363
0.65
0.139
0.218
0.594
0.372
0.357
0.1
0.382
0.755
0.039
0.449
0.5
0.122
0.609
0.018
0.044
0.957
0.605
0.94
0.61
0.39
0.443
0.069
0.56
0.176
0.596
0.646
0.017
0.091
0.625
0.722
0.547
0.162
0.457
0.945
0.309
0.52
0.572
0.481
0.805
0.92
0.177
0.325
0.838
0.111
0.674
0.185
0.701
0.859
0.959
0.585
0.505
0.837
0.632
0.552
0.97
0.317
0.896
0.187
0.015
0.309
0.228
0.297
0.57
0.602
0.298
0.446
0.254
0.577
0.868
0.672
0.994
0.071
0.953
0.253
0.368
0.744
0.3
0.586
0.727
0.608
0.002
0.733
0.189
0.993
0.775
0.639
0.787
0.611
0.568
0.146
0.133
0.925
0.369
0.18
0.711
0.544
0.229
0.821
0.608
0.617
0.62
0.536
0.606
0.194
0.14
0.427
0.176
0.464
0.763
0.911
0.05
0.554
0.022
0.743
0.783
0.243
0.382
0.829
0.981
0.617
0.219
0.213
0.221
0.854
0.301
0.82
0.068
0.096
0.928
0.251
0.617
0.703
0.356
0.659
0.604
0.048
0.631
0.832
0.286
0.492
0.808
0.343
0.579
0.918
0.192
0.308
0.483
0.501
0.651
0.523
0.671
0.416
0.995
0.47
0.016
0.102
0.062
0.873
0.435
0.084
0.391
0.009
0.067
0.169
0.708
0.112
0.527
0.84
0.28
0.579
0.693
0.091
0.062
0.516
0.844
0.936
0.948
0.6
0.15
0.483
0.801
0.124
0.764
0.311
0.769
0.927
0.13
0.598
0.592
0.408
0.781
0.596
0.085
0.498
0.305
0.855
0.117
0.093
0.278
0.296
0.312
0.831
0.498
0.552
0.109
0.919
0.02
0.605
0.875
0.031
0.712
0.935
0.79
0.048
0.064
0.412
0.424
0.412
0.655
0.176
0.656
0.385
0.131
0.057
0.647
0.015
0.174
0.922
0.206
0.107
0.729
0.02
0.996
0.945
0.278
0.737
0.449
0.856
0.847
0.858
0.268
0.021
0.471
0.553
0.679
0.012
0.668
0.399
0.418
0.822
0.094
0.768
0.8
0.256
0.558
0.1
0.177
0.27
0.258
0.702
0.066
0.673
0.107
0.876
0.719
0.088
0.11
0.931
0.351
0.311
0.626
0.335
0.259
0.364
0.851
0.915
0.714
0.373
0.809
0.702
0.588
0.933
0.636
0.456
0.002
0.691
0.472
0.28
0.079
0.119
0.727
0.934
0.245
0.535
0.867
0.842
0.529
0.186
0.507
0.402
0.786
0.298
0.894
0.452
0.978
0.841
0.221
0.679
0.072
0.901
0.944
0.402
0.403
0.097
0.686
0.31
0.95
0.016
0.3
0.186
0.205
0.546
0.555
0.576
0.564
0.638
0.774
