0.3
0.747
0.313
0.078
0.91
0.134
0.102
0.913
0.945
0.491
0.326
0.572
0.934
0.942
0.737
0.279
0.789
0.241
0.813
0.039
0.354
0.738
0.902
0.939
0.024
0.685
0.534
0.779
0.09
0.942
0.663
0.735
0.705
0.122
0.455
0.374
0.073
0.353
0.983
0.949
0.506
0.738
0.276
0.114
0.934
0.024
0.386
0.391
0.934
0.57
0.006
0.626
0.45
0.727
0.214
0.059
0.382
0.963
0.567
0.397
0.018
0.017
0.924
0
0.73
0.595
0.157
0.218
0.197
0.24
0.538
0.585
0.847
0.591
0.006
0.3
0.11
0.931
0.221
0.64
0.62
0.626
0.524
0.246
0.818
0.565
0.172
0.378
0.024
0.46
0.652
0.445
0.314
0.03
0.465
0.882
0.203
0.012
0.448
0.133
0.428
0.126
0.725
0.01
0.471
0.236
0.877
0.054
0.33
0.382
0.757
0.766
0.969
0.104
0.582
0.324
0.671
0.286
0.655
0.438
0.686
0.221
0.307
0.759
0.161
0.503
0.668
0.431
0.996
0.323
0.326
0.336
0.434
0.928
0.19
0.138
0.989
0.095
0.373
0.726
0.423
0.341
0.346
0.122
0.82
0.484
0.51
0.048
0.241
0.721
0.452
0.98
0.347
0.051
0.539
0.126
0.88
0.18
0.6
0.645
0.024
0.531
0.518
0.363
0.966
0.779
0.249
0.315
0.344
0.888
0.124
0.596
0.373
0.646
0.627
0.58
0.53
0.511
0.691
0.94
0.448
0.863
0.783
0.608
0.066
0.408
0.093
0.139
0.326
0.44
0.983
0.162
0.091
0.557
0.186
0.833
0.578
0.353
0.063
0.222
0.141
0.26
0.898
0.643
0.844
0.282
0.967
0.741
0.498
0.965
0.543
0.846
0.701
0.553
0.218
0.494
0.186
0.733
0.553
0.11
0.337
0.001
0.054
0.723
0.971
0.671
0.197
0.539
0.991
0.4
0.51
0.19
0.816
0.095
0.134
0.011
0.424
0.607
0.53
0.171
0.843
0.226
0.178
0.756
0.468
0.912
0.107
0.89
0.004
0.103
0.074
0.402
0.008
0.712
0.916
0.623
0.305
0.542
0.98
0.431
0.593
0.543
0.29
0.36
0.69
0.932
0.544
0.103
0.182
0.24
0.973
0.192
0.161
0.021
0.539
0.146
0.496
0.157
0.529
0.99
0.725
0.205
0.473
0.261
0.287
0.501
0.233
0.904
0.81
0.893
0.203
0.817
0.928
0.287
0.69
0.425
0.977
0.643
0.838
0.319
0.819
0.605
0.557
0.765
0.822
0.898
0.679
0.387
0.934
0.803
0.0
0.063
0.369
0.823
0.179
0.432
0.612
0.009
0.58
0.366
0.89
0.515
0.394
0.731
0.499
0.465
0.764
0.203
0.355
0.075
0.741
0.467
0.935
0.56
0.092
0.034
0.601
0.788
0.483
0.469
0.202
0.924
0.589
0.072
0.56
0.191
0.11
0.388
0.58
0.321
0.615
0.238
0.136
0.187
0.641
0.659
0.473
0.495
0.535
0.246
0.036
0.505
0.296
0.609
0
0.114
0.865
0.36
0.542
0.819
0.383
0.648
0.961
0.344
0.157
0.438
0.021
0.872
0.345
0.365
0.995
0.901
0.329
0.146
0.241
0.992
0.948
0.102
0.062
0.031
0.106
0.185
0.238
0.47
0.341
0.513
0.128
0.394
0.247
0.228
0.313
0.159
0.396
0.076
0.523
0.313
0.88
0.701
0.111
0.094
0.436
0.229
0.691
0.717
0.254
0.116
0.691
0.534
0.157
0.901
0.834
0.14
0.15
0.975
0.469
0.105
0.479
0.961
0.029
0.162
0.323
0.336
0.558
0.511
0.761
0.315
0.166
0.433
0.635
0.05
0.881
0.629
0.229
0.866
0.001
0.236
0.366
0.911
0.114
0.318
0.407
0.797
0.648
0.233
0.192
0.395
0.385
0.032
0.624
0.966
0.023
0.593
0.092
0.792
0.777
0.382
0.655
0.856
0.136
0.771
0.157
0.317
0.695
0.533
0.927
0.228
0.661
0.411
0.472
0.596
0.858
0.067
0.395
0.91
0.83
0.747
0.252
0.309
0.768
0.669
0.998
0.242
0.979
0.2
0.596
0.995
0.97
0.108
0.021
0.876
0.689
0.535
0.593
0.281
0.54
0.426
0.406
0.899
0.074
0.886
0.331
0.843
0.885
0.979
0.532
0.246
0.351
0.227
0.7
0.659
0.658
0.557
0.281
0.664
0.073
0.557
0.686
0.26
0.057
0.606
0.706
0.596
0.107
0.113
0.379
0.607
0.505
0.329
0.134
0.666
0.373
0.061
0.068
0.662
0.955
0.131
0.229
0.022
0.21
0.215
0.311
0.155
0.159
0.186
0.919
0.969
0.024
0.157
0.64
0.176
0.409
0.676
0.309
0.694
0.281
0.57
0.278
0.027
0.311
0.565
0.364
0.94
0.496
0.851
0.734
0.939
0.497
0.078
0.364
0.491
0.865
0.088
0.851
0.315
0.036
0.633
0.725
0.001
0.065
0.111
0.525
0.538
0.253
0.393
0.232
0.115
0.741
0.452
0.089
0.944
0.135
0.113
0.6
0.238
0.136
0.33
0.162
0.191
0.812
0.484
0.526
0.46
0.131
0.669
0.819
0.045
0.549
0.147
0.463
0.151
0.522
0.337
0.141
0.736
0.748
0.657
0.666
0.874
0.341
0.899
0.87
0.014
0.8
0.468
0.88
0.736
0.002
0.923
0.919
0.043
0.305
0.808
0.863
0.808
0.059
0.254
0.29
0.715
0.063
0.488
0.596
0.364
0.273
0.569
0.096
0.286
0.607
0.908
0.903
0.843
0.197
0
0
0.121
0.891
0.871
0.302
0.261
0.96
0.089
0.083
0.345
0.05
0.043
0.696
0.658
0.069
0.737
0.468
0.8
0.347
0.441
0.838
0.303
0.443
0.565
0.784
0.968
0.723
0.729
0.652
0.857
0.425
0.687
0.016
0.474
0.887
0.45
0.176
0.756
0.914
0.32
0.622
0.783
0.992
0.109
0.94
0.515
0.719
0.406
0.399
0.296
0.16
0.236
0.305
0.204
0.772
0.412
0.36
0.892
0.655
0.24
0
0.642
0.226
0.061
0.869
0.449
0.905
0.529
0.962
0.043
0.435
0.59
0.111
0.719
0.121
0.312
0.298
0.003
0.203
0.062
0.319
0.819
0.067
0.336
0.017
0.77
0.974
0.911
0.078
0.012
0.579
0.373
0.61
0.239
0.063
0.921
0.17
0.656
0.889
0.53
0.441
0.908
0.089
0.526
0.696
0.539
0.491
0.004
0.313
0.129
0.426
0.656
0.297
0.834
0.58
0.197
0.493
0.125
0.865
0.935
0.876
0.483
0.028
0.944
0.101
0.47
0.425
0.132
0.838
0.704
0.399
0.575
0.893
0.29
0.525
0.921
0.04
0.333
0.997
0.226
0.304
0.848
0.487
0.733
0.061
0.693
0.92
0.192
0.071
0.234
0.401
0.418
0.591
0.968
0.688
0.094
0.122
0.978
0.829
0.531
0.77
0.538
0.928
0.883
0.968
0.708
0.17
0
0.416
0.991
0.681
0.941
0.004
0.254
0.646
0.452
0.609
0.376
0.646
0.929
0.73
0.731
0.659
0.487
0.92
0.609
0.646
0.52
0.348
0.646
0.717
0.919
0.026
0.998
0.483
0.314
0.434
0.383
0.208
0
0.91
0.227
0.084
0.517
0.454
0.498
0.422
0.248
0.167
0.488
0.041
0.727
0.662
0.599
0.636
0.112
0.422
0.421
0.568
0.844
0.782
0.59
0.358
0.794
0.074
0.348
0.96
0.155
0.828
0.887
0.805
0.422
0.265
0.829
0.599
0.168
0.644
0.769
0.998
0.915
0.999
0.957
0.434
0.131
0.662
0.373
0.663
0.138
0.765
0.98
0.504
0.462
0.539
0.506
0.214
0.669
0.695
0.911
0.927
0.376
0.882
0.555
0.588
0.777
0.252
0.214
0.504
0.101
0.595
0.88
0.206
0.317
0.555
0.013
0.189
0.716
0.922
0.645
0.987
0.304
0.436
0.148
0.436
0.96
0.744
0.65
0.198
0.386
0.023
0.99
0.746
0.666
0.382
0.149
0.701
0.363
0.091
0.315
0.823
0.409
0.688
0.309
0.289
0.28
0.065
0.071
0.954
0.349
0.601
0.281
0.707
0.224
0.638
0.237
0.025
0.029
0.458
0.199
0.933
0.723
0.946
0.01
0.634
0.271
0.583
0.608
0.996
0.848
0.814
0.6
0.503
0.447
0.15
0.023
0.184
0.488
0.49
0.957
