0.96
0.547
0.912
0.86
0.28
0.409
0.002
0.569
0.122
0.403
0.561
0.989
0.836
0.322
0.886
0.489
0.917
0.984
0.419
0.994
0.442
0.219
0.297
0.025
0.187
0.868
0.664
0.723
0.464
0.356
0.948
0.384
0.458
0.207
0.249
0.729
0.427
0.349
0.29
0.451
0.609
0.771
0.798
0.413
0.221
0.993
0.914
0.887
0.239
0.829
0.166
0.632
0.637
0.194
0.378
0.185
0.6
0.31
0.087
0.933
0.713
0.724
0.515
0.143
0.751
0.369
0.476
0.122
0.491
0.128
0.627
0.192
0.916
0.225
0.832
0.831
0.026
0.466
0.178
0.289
0.776
0.33
0.406
0.218
0.14
0.374
0.855
0.778
0.698
0.701
0.142
0.251
0.211
0.378
0.36
0.666
0.258
0.985
0.433
0.397
0.463
0.999
0.11
0.204
0.42
0.13
0.238
0.068
0.986
0.231
0.853
0.754
0.109
0.233
0.531
0.963
0.867
0.948
0.29
0.954
0.056
0.645
0.977
0.402
0.091
0.328
0.449
0.902
0.309
0.579
0.8
0.353
0.216
0.42
0.216
0.442
0.081
0.384
0.124
0.833
0.108
0.251
0.708
0
0.028
0.885
0.741
0.564
0.862
0.397
0.604
0.042
0.799
0.544
0.419
0.201
0.158
0
0.412
0.829
0.558
0.207
0.473
0.11
0.881
0.274
0.742
0.264
0.547
0.771
0.135
0.35
0.397
0.048
0.734
0.814
0.579
0.708
0.048
0.734
0.886
0.618
0.969
0.227
0.245
0.982
0.309
0.135
0.301
0.641
0.502
0.432
0.837
0.898
0.645
0.663
0.342
0.966
0.746
0.968
0.29
0.003
0.809
0.438
0.725
0.439
0.695
0.875
0.328
0.755
0.474
0.924
0.777
0.935
0.451
0.987
0.123
0.842
0.299
0.63
0.31
0.24
0.664
0.153
0.66
0.377
0.302
0.226
0.514
0.436
0.3
0.63
0.189
0.753
0.973
0.147
0.601
0.818
0.306
0.101
0.735
0.07
0.121
0.839
0.945
0.09
0.264
0.629
0.788
0.349
0.976
0.686
0.956
0.027
0.793
0.82
0.21
0.582
0.78
0.271
0.351
0.314
0.317
0.189
0.688
0.909
0.324
0.501
0.894
0.122
0.526
0.719
0.014
0.02
0.236
0.068
0.013
0.021
0.834
0.741
0.971
0.715
0.085
0.745
0.918
0.567
0.484
0.238
0.495
0.662
0.384
0.343
0.89
0.201
0.68
0.443
0.083
0.548
0.073
0.097
0.021
0.697
0.348
0.621
0.786
0.646
0.718
0.18
0.548
0.507
0.463
0.312
0.115
0.253
0.079
0.613
0.682
0.088
0.045
0.406
0.706
0.893
0.164
0.923
0.787
0.284
0.225
0.272
0.312
0.581
0.742
0.048
0.191
0.013
0.979
0.732
0.221
0.749
0.169
0.699
0.687
0.863
0.854
0.794
0.965
0.112
0.531
0.55
0.179
0.969
0.061
0.178
0.175
0.546
0.41
0.745
0.748
0.639
0.106
0.588
0.997
0.481
0.003
0.867
0.68
0.958
0.626
0.88
0.293
0.56
0.184
0.365
0.81
0.782
0.536
0.3
0.557
0.209
0.022
0
0.59
0.204
0.947
0.772
0.355
0.074
0.109
0.887
0.785
0.724
0.533
0.366
0.965
0.157
0.882
0.381
0.86
0.718
0.307
0.92
0.4
0.15
0.657
0.769
0.396
0.337
0.365
0.157
0.327
0.041
0.306
0.44
0.285
0.211
0.576
0.912
0.67
0.49
0.524
0.36
0.126
0.69
0.025
0.409
0.174
0.856
0.52
0.291
0.869
0.679
0.87
0.538
0.144
0.268
0.871
0.371
0.027
0.651
0.421
0.465
0.25
0.457
0.567
0.298
0.583
0.585
0.515
0.805
0.987
0.914
0.928
0.998
0.732
0.688
0.255
0.649
0.153
0.516
0.131
0.781
0.283
0.291
0.793
0.638
0.6
0.029
0.859
0.155
0.693
0.725
0.768
0.558
0.399
0.312
0.257
0.859
0.212
0.879
0.007
0.238
0.147
0.896
0.231
0.089
0.398
0.07
0.195
0.442
0.184
0.981
0.167
0.39
0.64
0.619
0.248
0.605
0.916
0.855
0.244
0.32
0.09
0.479
0.149
0.45
0.254
0.907
0.523
0.821
0.556
0.216
0.934
0.577
0.924
0.03
0.217
0.501
0.92
0.078
0.686
0.613
0.308
0.422
0.135
0.128
0.613
0.88
0.059
0.027
0.046
0.108
0.262
0.112
0.121
0.773
0.766
0.243
0.764
0.054
0.1
0.527
0.835
0.577
0.814
0.038
0.18
0.908
0.738
0.959
0.594
0.182
0.647
0.627
0.248
0.832
0.547
0.973
0.366
0.335
0.989
0.551
0.418
0.719
0.471
0.855
0.438
0.625
0.963
0.876
0.146
0.634
0.961
0.401
0.36
0.608
0.196
0.927
0.129
0.75
0.175
0.424
0.006
0.339
0.99
0.162
0.959
0.194
0.205
0.8
0.594
0.754
0.937
0.728
0.951
0.471
0.565
0.625
0.84
0.913
0.693
0.467
0.697
0.985
0.827
0.337
0.754
0.338
0.619
0.232
0.485
0.346
0.129
0.992
0.166
0.704
0.041
0.665
0.396
0.393
0.367
0.904
0.279
0.987
0.822
0.685
0.536
0.138
0.266
0.266
0.937
0.281
0.956
0.846
0.941
0.445
0.49
0.546
0.977
0.194
0.081
0.591
0.212
0.746
0.253
0.025
0.527
0.987
0.433
0.058
0.969
0.846
0.714
0.711
0.463
0.183
0.348
0.704
0.607
0.228
0.357
0.098
0.256
0.972
0.176
0.516
0.953
0.201
0.652
0.336
0.197
0.526
0.005
0.779
0.791
0.601
0.605
0.874
0.632
0.285
0.101
0.197
0.604
0.706
0.489
0.652
0.843
0.026
0.023
0.095
0.267
0.747
0.847
0.139
0.595
0.559
0.932
0.196
0.423
0.108
0.68
0.984
0.581
0.819
0.873
0.658
0.956
0.975
0.787
0.882
0.899
0.327
0.567
0.132
0.72
0.202
0.332
0.334
0.802
0.001
0.246
0.439
0.99
0.882
0.479
0.789
0.823
0.068
0.609
0.345
0.522
0.593
0.054
0.431
0.092
0.525
0.48
0.282
0.773
0.931
0.486
0.709
0.284
0.37
0.282
0.102
0.859
0.091
0.868
0.2
0.281
0.066
0.179
0.89
0.843
0.992
0.354
0.488
0.187
0.522
0.899
0.249
0.963
0.756
0.147
0.342
0.124
0.164
0.542
0.715
0.904
0.777
0.186
0.101
0.228
0.192
0.436
0.226
0.987
0.132
0.037
0.107
0.66
0.957
0.745
0.943
0.147
0.091
0.31
0.189
0.646
0.37
0.492
0.132
0.742
0.399
0.01
0.022
0.751
0.211
0.914
0.107
0.732
0.546
0.519
0.041
0.512
0.146
0.232
0.552
0.69
0.545
0.217
0.003
0.186
0.168
0.657
0.571
0.676
0.093
0.51
0.39
0.292
0.566
0.708
0
0.453
0.435
0.472
0.387
0.837
0.815
0.746
0.476
0.501
0.553
0.281
0.046
0.918
0.474
0.685
0.257
0.703
0.65
0.054
0.786
0.805
0.893
0.801
0.196
0.283
0.683
0.767
0.674
0.986
0.138
0.593
0.826
0.591
0.655
0.92
0.961
0.288
0.228
0.959
0.844
0.575
0.179
0.593
0.47
0.81
0.186
0.893
0.235
0.221
0.808
0.445
0.867
0.861
0.877
0.368
0.92
0.434
0.846
0.433
0.708
0.772
0.944
0.645
0.839
0.638
0.898
0.827
0.508
0.793
0.352
0.041
0.596
0.341
0.561
0.814
0.26
0.659
0.597
0.97
0.583
0.324
0.744
0.23
0.757
0.146
0.452
0.71
0.957
0.698
0.26
0.862
0.833
0.493
0.685
0.24
0.599
0.49
0.095
0.266
0.078
0.862
0.472
0.453
0.555
0.742
0.268
0.003
0.126
0.144
0.159
0.626
0.828
0.948
0.221
0.79
0.905
0.769
0.443
0.983
0.515
0.22
0.976
0.24
0.018
0.331
0.151
0.475
0.186
0.369
0.245
0.881
0.774
0.165
0.088
0.12
0.708
0.292
0.431
0.967
0.354
0.945
0.495
0.112
0.684
0.626
0.022
0.335
0.776
0.269
0.512
0.498
0.572
0.882
0.899
0.373
0.432
0.8
0.932
0.9
0.644
0.494
0.953
0.921
0.534
0.915
0.615
0.881
0.451
0.628
0.581
0.833
0.427
0.4
0.931
0.459
0.054
