0.625
0.875
0.774
0.847
0.879
0.422
0.191
0.55
0.766
0.274
0.939
0.511
0.98
0.874
0.334
0.324
0.146
0.69
0.611
0.767
0.263
0.874
0.637
0.85
0.245
0.682
0.654
0.907
0.706
0.082
0.262
0
0.246
0.406
0.26
0.897
0.652
0.772
0.289
0.061
0.168
0.554
0.34
0.47
0.964
0.845
0.859
0.872
0.842
0.416
0.074
0.896
0.529
0.699
0.876
0.163
0.01
0.743
0.74
0.102
0.738
0.64
0.616
0.365
0.085
0.35
0.821
0.561
0.342
0.68
0.034
0.738
0.575
0.699
0.325
0.992
0.41
0.274
0.757
0.103
0.339
0.326
0.099
0.032
0.156
0.062
0.111
0.519
0.094
0.211
0.157
0.977
0.924
0.98
0.993
0.866
0.21
0.538
0.451
0.504
0.553
0.289
0.137
0.403
0.351
0.474
0.092
0.642
0.386
0.807
0.488
0.717
0.281
0.734
0.757
0.07
0.082
0.746
0.296
0.497
0.586
0.738
0.722
0.679
0.261
0.673
0.869
0.315
0.984
0.517
0.488
0.752
0.213
0.826
0.776
0.37
0.048
0.057
0.061
0.942
0.064
0.34
0.272
0.804
0.709
0.248
0.325
0.779
0.95
0.845
0.952
0.158
0.431
0.411
0.411
0.333
0.246
0.247
0.249
0.847
0.075
0.369
0.487
0.757
0.813
0.638
0
0.68
0.138
0.326
0.192
0.093
0.819
0.356
0.558
0.283
0.301
0.72
0.261
0.633
0.705
0.051
0.49
0.47
0.902
0.866
0.28
0.102
0.997
0.306
0.016
0.365
0.774
0.176
0.312
0.608
0.61
0.139
0.223
0.674
0.703
0.683
0.953
0.526
0.817
0.075
0.655
0.97
0.446
0.049
0.222
0.706
0.068
0.072
0.342
0.65
0.049
0.716
0.386
0.371
0.103
0.379
0.117
0.107
0.027
0.63
0.238
0.212
0.411
0.379
0.293
0.128
0.388
0.492
0.203
0.112
0.558
0.691
0.731
0.911
0.574
0.252
0.442
0.073
0.941
0.324
0.169
0.452
0.504
0.888
0.417
0.927
0.013
0.079
0.004
0.795
0.908
0.593
0.882
0.25
0.368
0.636
0.32
0.068
0.009
0.049
0.329
0.499
0.377
0.413
0.198
0.957
0.629
0.512
0.159
0.347
0.209
0.578
0.018
0.875
0.597
0.02
0.98
0.706
0.239
0.885
0.155
0.529
0.106
0.154
0.246
0.048
0.795
0.65
0.679
0.239
0.513
0.108
0.316
0.486
0.817
0.915
0.335
0.845
0.539
0.22
0.599
0.758
0.518
0.105
0.801
0.995
0.05
0.681
0.726
0.979
0.902
0.393
0.146
0.948
0.331
0.048
0.504
0.845
0.435
0.073
0.523
0.378
0.434
0.035
0.176
0.915
0.516
0.139
0.675
0.813
0.617
0.208
0.116
0.52
0.073
0.351
0.189
0.033
0.568
0.51
0.453
0.427
0.839
0.963
0.003
0.282
0.813
0.622
0.131
0.66
0.725
0.095
0.032
0.058
0.193
0.008
0.983
0.192
0.197
0.74
0.295
0.675
0.993
0.728
0.657
0.137
0.168
0.798
0.136
0.015
0.876
0.199
0.896
0.997
0.041
0.488
0.493
0.549
0.469
0.427
0.688
0.011
0.317
0.116
0.182
0.639
0.467
0.788
0.612
0.27
0.431
0.944
0.605
0.906
0.936
0.255
0.212
0.167
0.699
0.068
0.725
0.661
0.15
0.021
0.191
0.039
0.828
0.418
0.316
0.594
0.401
0.689
0.181
0.554
0.004
0.771
0.078
0.385
0.724
0.004
0.597
0.541
0.869
0.981
0.0
0.003
0.696
0.074
0.897
0.196
0.082
0.69
0.38
0.405
0.309
0.986
0.429
0.719
0.491
0.51
0.64
0.549
0.515
0.154
0.289
0.451
0.375
0.816
0.899
0.81
0.265
0.182
0.333
0.115
0.668
0.069
0.193
0.663
0.889
0.996
0.642
0.061
0.872
0.627
0.312
0.753
0.295
0.83
0.499
0.035
0.04
0.952
0.264
0.049
0.626
0.236
0.928
0.541
0.749
0.857
0.47
0.186
0.1
0.975
0.149
0.822
0.549
0.245
0.771
0.474
0.714
0.514
0.021
0.872
0.957
0.562
0.56
0.672
0.411
0.31
0.736
0
0.587
0.25
0.619
0.484
0.809
0.281
0.478
0.707
0.2
0.11
0.685
0.765
0.207
0.112
0.926
0.305
0.221
0.819
0.946
0.94
0.5
0.614
0.161
0.667
0.76
0.341
0.196
0
0.407
0.7
0.035
0.347
0.334
0.819
0.829
0.002
0.966
0.82
0.87
0.945
0.363
0.713
0.983
0.992
0.411
0.018
0.95
0.698
0.136
0.318
0.622
0.453
0.983
0.683
0.928
0.188
0.362
0.747
0.656
0.651
0.935
0.431
0.01
0.79
0.224
0.998
0.351
0.69
0.608
0.075
0.395
0.265
0.266
0.166
0.06
0.457
0.867
0.197
0.203
0.603
0.196
0.662
0.577
0.871
0.768
0.433
0.526
0.649
0.55
0.313
0.296
0.749
0.857
0.976
0.953
0.669
0.731
0.418
0.962
0.566
0.265
0.622
0.004
0.948
0.596
0.403
0.867
0.807
0.062
0.464
0.617
0.438
0.773
0.069
0.372
0.208
0.829
0.836
0.799
0.36
0.378
0.515
0.331
0.861
0.479
0.101
0.204
0.236
0.79
0.951
0.411
0.24
0.98
0.499
0.592
0.074
0.449
0.372
0.813
0.092
0.787
0.846
0.799
0
0.29
0.352
0.901
0.859
0.536
0.211
0.515
0.882
0.589
0.814
0.368
0.67
0.436
0.603
0.978
0.043
0.543
0.777
0.326
0.85
0.834
0.351
0.994
0.655
0.394
0.555
0.802
0.349
0.235
0.022
0.429
0.787
0.071
0.811
0.561
0.431
0.2
0.357
0.594
0.656
0.522
0.408
0.425
0
0.978
0.573
0.364
0.21
0.245
0.493
0.095
0.242
0.69
0.076
0.653
0.098
0.673
0.072
0.536
0.255
0.99
0.485
0.16
0.467
0.351
0.727
0.566
0.478
0.212
0.389
0.844
0.355
0.624
0.032
0.125
0.704
0.191
0.328
0.477
0.519
0.805
0.364
0.131
0.868
0.389
0
0.939
0.753
0.391
0.339
0.599
0.102
0.861
0.52
0.691
0.254
0.45
0.218
0.744
0.57
0.454
0.895
0.946
0.092
0.054
0.447
0.694
0.881
0.102
0.607
0.299
0.801
0.297
0.601
0.808
0.924
0.471
0.117
0.258
0.984
0.829
0.215
0.007
0.14
0.505
0.144
0.716
0.989
0.419
0.418
0.804
0.24
0.252
0.613
0.154
0.592
0.831
0.815
0.53
0.532
0.969
0.858
0.05
0.15
0
0.002
0.721
0.428
0.862
0.877
0.783
0.24
0.105
0.312
0.645
0.851
0.959
0.266
0.745
0.381
0.485
0.909
0.334
0.532
0.814
0.568
0.75
0.495
0.427
0.632
0.789
0.154
0.501
0.162
0.669
0.954
0.69
0.173
0.793
0.814
0.365
0.418
0.463
0.411
0.461
0.089
0.625
0.579
0.395
0.049
0.712
0.319
0.691
0.103
0.28
0.763
0.874
0.739
0.083
0.948
0.944
0.602
0.116
0.598
0.006
0.735
0.056
0.024
0.563
0.248
0.254
0.336
0.086
0.842
0.572
0.721
0.67
0.589
0.289
0.721
0.897
0.032
0.3
0.986
0.209
0.863
0.954
0.107
0.115
0.342
0.403
0.995
0.06
0.234
0.839
0.051
0.846
0.352
0.214
0.766
0.674
0.416
0.927
0.608
0.938
0.188
0.83
0.924
0.802
0.295
0.564
0.633
0.283
0.047
0.106
0.536
0.943
0.622
0.574
0.004
0.836
0.34
0.437
0.559
0.429
0.793
0.568
0.333
0.413
0.788
0.983
0.845
0.332
0.563
0.748
0.879
0.695
0.26
0.288
0.567
0.611
0.645
0.003
0.135
0.147
0.54
0.433
0.996
0.877
0.965
0.955
0.888
0.625
0.83
0.469
0.549
0.45
0.208
0.035
0.678
0.736
0.04
0.471
0.409
0.146
0.168
0.131
0.045
0.825
0.98
0.468
0.494
0.413
0.399
0.176
0.273
0.382
0.347
0.245
0.83
0.014
0.832
0.899
0.804
0.993
0.366
0.939
0.793
0.297
0.548
0
0.64
0.641
0.321
0.636
0.173
0.833
0.607
0.888
0.629
0.505
0.821
0.29
0.639
0.464
0.208
0.958
0.757
