0.918
0.939
0.895
0.697
0.219
0.705
0.353
0.276
0.068
0.436
0.453
0.258
0.871
0.03
0.92
0.924
0.611
0.988
0.664
0.916
0.11
0.055
0.376
0.13
0.954
0.058
0.183
0.577
0.741
0.308
0.76
0.935
0.439
0.691
0.965
0.739
0.91
0.675
0.909
0.441
0.478
0.872
0.465
0.349
0.136
0.394
0.939
0.183
0.681
0.361
0.882
0.065
0.869
0.165
0.24
0.51
0.277
0.476
0.489
0.259
0.743
0.08
0.175
0.398
0.021
0.306
0.164
0.116
0.89
0.333
0.307
0.987
0.425
0.649
0.116
0.813
0.54
0.329
0.402
0.236
0.175
0.431
0.044
0.13
0.098
0.947
0.294
0.928
0.445
0.578
0.94
0.183
0.091
0.59
0.193
0.271
0.103
0.891
0.082
0.451
0.581
0.634
0.765
0.974
0.888
0.42
0.815
0.259
0.768
0.182
0.014
0.643
0.146
0.42
0.279
0.454
0.724
0.158
0.625
0.878
0.121
0.086
0.489
0.608
0.263
0.716
0.24
0.27
0.448
0.338
0.355
0.126
0.037
0.64
0.609
0.529
0.77
0.81
0.712
0.31
0.783
0.115
0.661
0.244
0.937
0.13
0.452
0.829
0.303
0.057
0.282
0.617
0.28
0.722
0.901
0.29
0.352
0.866
0.375
0.878
0.682
0.224
0.188
0.094
0.054
0.723
0.436
0.087
0.884
0.829
0.97
0.365
0.569
0.118
0.291
0.016
0.143
0.662
0.604
0.181
0.586
0.302
0.494
0.211
0.84
0.281
0.811
0.299
0.459
0.961
0.588
0.877
0.765
0.628
0.22
0.864
0.166
0.105
0.421
0.196
0.372
0.799
0.562
0.665
0.89
0.028
0.396
0.389
0.731
0.461
0.966
0.707
0.469
0.936
0.994
0.588
0.501
0.558
0.04
0.909
0.11
0.507
0.779
0.654
0.542
0.894
0.249
0.788
0.4
0.623
0.918
0.221
0.97
0.002
0.962
0.889
0.075
0.732
0.393
0.207
0.774
0.232
0.97
0.612
0.185
0.572
0.771
0.262
0.639
0.389
0.543
0.347
0.718
0.754
0.274
0.068
0.445
0.709
0.286
0.291
0.608
0.177
0.333
0.338
0.741
0.023
0.88
0.506
0.617
0.585
0.041
0.445
0.45
0.904
0.099
0.516
0.408
0.11
0.483
0.213
0.078
0.929
0.901
0.051
0.773
0.211
0.296
0.369
0.653
0.374
0.223
0.595
0.39
0.666
0.746
0.703
0.642
0.809
0.625
0.324
0.458
0.526
0.101
0.127
0.375
0.008
0.569
0.093
0.743
0.771
0.084
0.714
0.865
0.212
0.982
0.775
0.96
0.236
0.771
0.75
0.853
0.352
0.901
0.02
0.732
0.375
0.164
0.18
0.904
0.615
0.814
0.824
0.56
0.122
0.22
0.897
0.557
0.384
0.851
0.022
0.917
0.143
0.848
0.122
0.962
0.01
0.673
0.008
0.421
0.24
0.91
0.475
0.242
0.143
0.728
0.747
0.33
0.136
0.484
0.291
0.639
0.043
0.211
0.444
0.414
0.424
0.778
0.041
0.415
0.33
0.297
0.787
0.626
0.801
0.122
0.931
0.282
0.433
0.016
0.199
0.517
0.432
0.221
0.049
0.074
0.708
0.746
0.434
0.165
0.085
0.053
0.18
0.531
0.787
0.766
0.085
0.78
0.265
0.382
0.417
0.661
0.12
0.879
0.359
0.838
0.435
0.994
0.677
0.948
0.795
0.524
0.086
0.93
0.383
0.851
0.525
0.609
0.14
0.299
0.835
0.215
0.8
0.808
0.997
0.229
0.891
0.868
0.833
0.901
0.801
0.538
0.743
0.669
0.287
0.987
0.573
0.468
0.969
0.673
0.566
0.69
0.978
0.907
0.868
0.364
0.167
0.092
0.358
0.075
0.431
0.277
0.282
0.316
0.345
0.469
0.28
0.523
0.237
0.572
0.48
0.57
0.445
0.635
0.363
0.188
0.887
0.548
0.841
0.459
0.654
0.043
0.869
0.695
0.585
0.972
0.422
0.275
0.357
0.045
0.062
0.089
0.708
0.072
0.27
0.215
0.867
0.446
0.699
0.211
0.581
0.4
0.761
0.515
0.132
0.643
0.77
0.003
0.821
0.787
0.286
0.242
0.51
0.995
0.345
0.82
0.933
0.81
0.175
0.543
0.09
0.276
0.335
0.269
0.924
0.57
0.128
0.04
0.115
0.161
0.096
0.378
0.493
0.29
0.456
0.521
0.996
0.898
0.34
0.45
0.1
0.785
0.358
0.438
0.441
0.362
0.772
0.197
0.514
0.478
0.644
0.307
0.781
0.23
0.966
0.565
0.144
0.895
0.987
0.668
0.54
0.536
0.13
0.116
0.911
0.729
0.528
0.109
0.349
0.044
0.445
0.984
0.254
0.799
0.772
0.73
0.32
0.801
0.683
0.79
0.806
0.189
0.808
0.615
0.892
0.493
0.165
0.218
0.17
0.081
0.044
0.08
0.647
0.07
0.739
0.562
0.464
0.034
0.37
0.257
0.539
0.673
0.924
0.352
0.54
0.82
0.009
0.107
0.71
0.918
0.356
0.701
0.682
0.445
0.53
0.374
0.584
0.107
0.716
0.461
0.83
0.395
0.05
0.662
0.01
0.893
0.813
0.923
0.534
0.907
0.431
0.864
0.528
0.258
0.32
0.01
0.462
0.924
0.769
0.085
0.634
0.454
0.417
0.027
0.15
0.839
0.474
0.599
0.796
0.901
0.588
0.422
0.375
0.625
0.834
0.647
0.864
0.982
0.445
0.538
0.459
0.342
0.863
0.601
0.812
0.073
0.145
0.276
0.767
0.556
0.93
0.28
0.641
0.431
0.107
0.498
0.227
0.346
0.739
0.54
0.443
0.891
0.418
0.089
0.062
0.824
0.326
0.373
0.057
0.455
0.688
0.748
0.306
0.339
0.247
0.077
0.673
0.162
0.978
0.277
0.395
0.693
0.076
0.565
0.077
0.595
0.205
0.075
0.413
0.055
0.738
0.662
0.669
0.063
0.231
0.029
0.204
0.686
0.843
0.303
0.885
0.504
0.1
0.559
0.468
0.882
0.602
0.293
0.062
0.279
0.214
0.839
0.822
0.648
0.939
0.567
0.533
0.493
0.112
0.961
0.38
0.443
0.74
0.795
0.694
0.662
0.951
0.366
0.588
0.734
0.843
0.494
0.205
0.945
0.62
0.442
0.704
0.251
0.034
0.278
0.511
0.078
0.344
0.329
0.043
0.801
0.299
0.034
0.057
0.754
0.628
0.073
0.869
0.043
0.014
0.76
0.714
0.559
0.957
0.404
0.009
0.737
0.96
0.438
0.035
0.456
0.86
0.899
0.099
0.403
0.695
0.669
0.436
0.529
0.463
0.804
0.864
0.811
0.31
0.159
0.317
0.535
0.107
0.381
0.09
0.875
0.88
0.173
0.52
0.394
0.939
0.051
0.052
0.958
0.249
0.712
0.337
0.729
0.718
0.434
0.154
0.061
0.128
0.433
0.162
0.824
0.834
0.855
0.158
0.903
0.686
0.832
0.868
0.944
0.329
0.018
0.633
0.041
0.36
0.95
0.988
0.585
0.704
0.885
0.395
0.698
0.765
0.445
0.285
0.155
0.811
0.824
0.049
0.772
0.431
0.349
0.604
0.606
0.746
0.116
0.52
0.133
0.56
0.164
0.778
0.423
0.604
0.277
0.391
0.288
0.006
0.186
0.973
0.398
0.81
0.726
0.918
0.138
0.007
0.973
0.192
0.08
0.641
0.663
0.177
0.741
0.94
0.127
0.038
0.671
0.642
0.786
0.061
0.781
0.594
0.198
0.705
0.149
0.887
0.682
0.617
0.568
0.204
0.199
0.056
0.548
0.287
0.496
0.347
0.076
0.083
0.464
0.187
0.544
0.963
0.738
0.113
0.849
0.972
0.376
0.8
0.276
0.041
0.695
0.831
0.917
0.667
0.551
0.451
0.455
0.829
0.001
0.655
0.632
0.478
0.264
0.221
0.843
0.646
0.424
0.837
0.266
0.277
0.848
0.455
0.46
0.485
0.223
0.576
0.903
0.347
0.122
0.387
0.421
0.759
0.903
0.461
0.519
0.1
0.905
0.093
0.291
0.538
0.137
0.19
0.748
0.581
0.536
0.062
0.307
0.25
0.243
0.153
0.238
0.69
0.712
0.203
0.501
0.68
0.235
0.599
0.257
0.771
0.822
0.015
0.493
0.871
0.669
0.047
0.396
0.835
0.425
0.912
0.023
0.815
0.757
0.707
0.355
0.246
0.018
0.913
0.201
0.345
0.73
0.721
0.316
0.742
0.754
0.702
0.489
0.494
