0.381
0.881
0.841
0.42
0.978
0.663
0.629
0.841
0.842
0.467
0.204
0.6
0.714
0.472
0.956
0.996
0.69
0.631
0.149
0.911
0.731
0.487
0.08
0.008
0.506
0.609
0.591
0.384
0.047
0.445
0.883
0.65
0.073
0.022
0.483
0.873
0.682
0.513
0.598
0.995
0.711
0.12
0.973
0
0.542
0.664
0.634
0.517
0.231
0.99
0.64
0.761
0.193
0.944
0.62
0.15
0.01
0.888
0.02
0.647
0.027
0.274
0.54
0.863
0.967
0.861
0.457
0.307
0.384
0.736
0.047
0.916
0.132
0.007
0.293
0.71
0.494
0.855
0.82
0.644
0.36
0.336
0.851
0.695
0.326
0.745
0.144
0.714
0.342
0.423
0.545
0.377
0.577
0.301
0.385
0.319
0.241
0.021
0.645
0.525
0.144
0.169
0.131
0.094
0.027
0.504
0.623
0.046
0.66
0.397
0.887
0.965
0.023
0.728
0.627
0.316
0.407
0.361
0.987
0.379
0.645
0.261
0.985
0.562
0.595
0.243
0.386
0.295
0.374
0.036
0.39
0.607
0.231
0.48
0.028
0.328
0.783
0.347
0.09
0.752
0.515
0.158
0.643
0.14
0.059
0.032
0.039
0.772
0.823
0.294
0.909
0.989
0.111
0.738
0.844
0.925
0.824
0.433
0.531
0.347
0.759
0.741
0.547
0.599
0.685
0.027
0.372
0.116
0.583
0.197
0.508
0.345
0.543
0.146
0.443
0.402
0.903
0.682
0.83
0.502
0.571
0.227
0.922
0.294
0.507
0.606
0.12
0.53
0.606
0.176
0.563
0.567
0.585
0.628
0
0.977
0.459
0.837
0.724
0.906
0.645
0.796
0.538
0.663
0.917
0.324
0.397
0.957
0.921
0.645
0.161
0.115
0.509
0.787
0.227
0.018
0.257
0.202
0.39
0.903
0.847
0.303
0.51
0.2
0.346
0.032
0.992
0.379
0.281
0.356
0.347
0.185
0.222
0.876
0.311
0.109
0.918
0.02
0.082
0.554
0.097
0.781
0.228
0.777
0.222
0.695
0.728
0.296
0.717
0.138
0.239
0.596
0.491
0.066
0.003
0.953
0.362
0.883
0.726
0.99
0.292
0.879
0.821
0.436
0.944
0.087
0.819
0.177
0.374
0.244
0.263
0.761
0.49
0.013
0.235
0.089
0.735
0.053
0.142
0.703
0.775
0.129
0.616
0.742
0.055
0.214
0.587
0.432
0.556
0.753
0.775
0.76
0.326
0.421
0.482
0.307
0.195
0.051
0.87
0.221
0.035
0.052
0.01
0.065
0.588
0.163
0.846
0.177
0.085
0.208
0.28
0.769
0.745
0.887
0
0.614
0.011
0.74
0.717
0.618
0.429
0.929
0.644
0.132
0.649
0.253
0.604
0.499
0.459
0.745
0.723
0.791
0.531
0.412
0.293
0.488
0.661
0.319
0.499
0.808
0.556
0.815
0.945
0.879
0.048
0.839
0.989
0.901
0.672
0.835
0.712
0.943
0.833
0
0.661
0.409
0.8
0.409
0.394
0.771
0.876
0.693
0.823
0.758
0.286
0.639
0.676
0.042
0.744
0.4
0.101
0.361
0.233
0.397
0.891
0.345
0.215
0.891
0.254
0.153
0.499
0.383
0.579
0.272
0.737
0.384
0.605
0.337
0.297
0.291
0.144
0.41
0.917
0.799
0.908
0.324
0.964
0.492
0.717
0.767
0.343
0.607
0.597
0.22
0.305
0.309
0.464
0.956
0.815
0.522
0.966
0.463
0.395
0.917
0.023
0.317
0.934
0.246
0.341
0.402
0.135
0.049
0.237
0.988
0.34
0.105
0.838
0.198
0.034
0.333
0.769
0.355
0.418
0.679
0.367
0.727
0.522
0.479
0.608
0.782
0.922
0.959
0.452
0.684
0.434
0.358
0.383
0.99
0.432
0.955
0.783
0.734
0.314
0.158
0.017
0.035
0.646
0.314
0.819
0.184
0.834
0.575
0.946
0.217
0.464
0.605
0.42
0.698
0.809
0.757
0.128
0.213
0.426
0.732
0.712
0.92
0.347
0.498
0.354
0.491
0.552
0.132
0.412
0.964
0.048
0.504
0.965
0.791
0.121
0.897
0.544
0.805
0.438
0.234
0.697
0.202
0.619
0.61
0.515
0.715
0.151
0.423
0
0.971
0.546
0.469
0.956
0.804
0.897
0.717
0.579
0.891
0.517
0.18
0.194
0.901
0.888
0.361
0.523
0.547
0.333
0.744
0.314
0.525
0.816
0.418
0.897
0.13
0.551
0.839
0.35
0.083
0.088
0.382
0.282
0.56
0.413
0.972
0.371
0.247
0.168
0.128
0.724
0.399
0.713
0.988
0.337
0.999
0.93
0.21
0.248
0.319
0.662
0.467
0.125
0.139
0.92
0.159
0.923
0.67
0.585
0.24
0.571
0.762
0.573
0.631
0.327
0.782
0.263
0.825
0.686
0.742
0.502
0.702
0.445
0.264
0.597
0.907
0.254
0.632
0.889
0.712
0.751
0.731
0.945
0.253
0.486
0.928
0.586
0.305
0.998
0.41
0.127
0.995
0.771
0.862
0.751
0.924
0.642
0.485
0.001
0.965
0.949
0.43
0.774
0.072
0.199
0.304
0.154
0.691
0.252
0.05
0.426
0.428
0.287
0.291
0.952
0.334
0.605
0.955
0.756
0.956
0.73
0.659
0.669
0.163
0.285
0.244
0.547
0.56
0.638
0.024
0.929
0.001
0.028
0.618
0.114
0.691
0.834
0
0.975
0.644
0.848
0.41
0.115
0.045
0.239
0.704
0.559
0.073
0.062
0.711
0.617
0.805
0.089
0.057
0.8
0.182
0.288
0.6
0.575
0.304
0.32
0.475
0.28
0.624
0.849
0.995
0.932
0.876
0.302
0.47
0.256
0.691
0.652
0.891
0.893
0.392
0.032
0.711
0.114
0.877
0.039
0.814
0.008
0.953
0.692
0.951
0.988
0.192
0.635
0.377
0.612
0.943
0.204
0.293
0.279
0.336
0.053
0.325
0.188
0.094
0.821
0.377
0.549
0.076
0.688
0.567
0.227
0.668
0.811
0.093
0.468
0.388
0.484
0.603
0.319
0.697
0.589
0.996
0.586
0.3
0.591
0.784
0.273
0.544
0.928
0.604
0.446
0.768
0.229
0.622
0.899
0.166
0.125
0.558
0.702
0.666
0.322
0.106
0.273
0.473
0.835
0.417
0.899
0.457
0.035
0.179
0.317
0.949
0.811
0.449
0.555
0.908
0.299
0.967
0.009
0.225
0.248
0.331
0.754
0.121
0.647
0.6
0.22
0.278
0.908
0.84
0.825
0.008
0.257
0.992
0.817
0.44
0.71
0.099
0.572
0.779
0.602
0.071
0.041
0.403
0.389
0.47
0.701
0.023
0.321
0.25
0.14
0.061
0.502
0.377
0.411
0.914
0.739
0.055
0.634
0.383
0.335
0.541
0.792
0.155
0.192
0.821
0.029
0.493
0.039
0.251
0.675
0.063
0.436
0.662
0.699
0.025
0.058
0.421
0.34
0.737
0.131
0.307
0.622
0.761
0.883
0.87
0.353
0.818
0.983
0.496
0.826
0.945
0.693
0.778
0.364
0.245
0.11
0.257
0.074
0.928
0.605
0.845
0.187
0.161
0.27
0.484
0.776
0.653
0.258
0.125
0.278
0.688
0.254
0.536
0.319
0.632
0.073
0.067
0.297
0.624
0.63
0.193
0.105
0.251
0.75
0.689
0.79
0.186
0.483
0.74
0.55
0
0.587
0.62
0.893
0.275
0.034
0.992
0.706
0.974
0.752
0.141
0.097
0.922
0.407
0.499
0.033
0.706
0.068
0.62
0.942
0.821
0.153
0.137
0.593
0.716
0.952
0.505
0.763
0
0.762
0.684
0.012
0.421
0.803
0.98
0.895
0.474
0.264
0.353
0.755
0.343
0.225
0.538
0.995
0.725
0.179
0.272
0.982
0.145
0.267
0.322
0.389
0.876
0.303
0.641
0.07
0.334
0.368
0.13
0.886
0.679
0.744
0.887
0.813
0.551
0.296
0.249
0.078
0.567
0.801
0.257
0.678
0.338
0.854
0.62
0.699
0.451
0.975
0.521
0.606
0.524
0.826
0.204
0.863
0.434
0.095
0.735
0.9
0.299
0.249
0.906
0.781
0.278
0.191
0.731
0.003
0.973
0.882
0.981
0.169
0.685
0.506
0.39
0.969
0.64
0.416
0.239
0.833
0.699
0.007
0.248
0.124
0.286
0.794
0.148
0.391
0.625
0.517
0.91
0.006
0.979
0.369
0.232
0.582
0.076
0.898
0.094
0.03
0.215
0.635
0.888
