0.017
0.933
0.98
0.267
0.548
0.973
0.179
0.052
0.67
0.21
0.127
0.225
0.12
0.688
0.853
0.41
0.728
0.16
0.366
0.747
0.555
0.376
0.664
0.089
0.934
0.779
0.268
0.884
0.318
0.218
0.054
0.243
0.06
0.721
0.899
0.159
0.899
0.51
0.385
0.352
0.974
0.245
0.104
0.425
0.944
0.535
0.223
0.026
0.892
0.252
0.51
0.609
0.822
0.864
0.233
0.885
0.735
0.085
0.505
0.786
0.356
0.047
0.577
0.385
0.946
0.515
0.083
0.691
0.003
0.151
0.764
0.642
0.454
0.276
0.025
0.343
0.828
0.82
0.74
0.477
0.922
0.151
0.887
0.522
0.618
0.596
0.626
0.0
0.143
0.478
0.389
0.948
0.471
0.911
0.271
0.147
0.242
0.246
0.849
0.974
0.595
0
0.969
0.338
0.661
0.756
0.643
0.677
0.361
0.755
0.662
0.462
0.106
0.492
0.162
0.589
0.5
0.128
0.006
0.233
0.835
0.094
0.183
0.703
0.171
0.961
0.599
0.813
0.671
0.097
0.937
0.086
0.517
0.277
0.171
0.826
0.761
0.599
0.692
0.83
0.452
0.74
0.467
0.786
0.727
0.692
0.961
0.917
0.567
0.357
0.171
0.353
0.701
0.017
0.585
0.595
0.741
0.134
0.171
0.562
0.906
0.041
0.342
0.528
0.356
0.59
0.397
0.439
0.772
0.957
0.341
0.84
0.741
0.638
0.435
0.76
0.059
0.57
0.533
0.41
0.446
0.725
0.711
0.011
0.242
0.828
0.218
0.711
0.906
0.017
0.652
0.234
0.098
0.289
0.238
0.358
0.754
0.718
0.704
0.115
0.542
0.234
0.604
0.307
0.056
0.902
0.175
0.369
0.627
0.907
0.744
0.593
0.381
0.326
0.398
0.249
0.109
0.819
0.126
0.158
0.184
0.226
0.691
0.422
0.112
0.123
0.018
0.527
0.357
0.397
0.277
0.742
0.408
0.405
0.307
0.092
0.891
0.903
0.258
0.117
0.047
0.525
0.028
0.231
0
0.753
0.189
0.239
0.985
0.821
0.866
0.3
0.661
0.033
0.848
0.941
0.454
0.628
0.607
0.248
0.085
0.678
0.978
0.542
0.926
0.072
0.186
0.67
0.818
0.819
0
0.925
0.538
0.752
0.616
0.652
0.301
0.422
0.787
0.887
0.914
0.367
0.126
0.431
0.814
0.457
0.885
0.831
0.799
0.456
0.657
0.643
0.108
0.379
0.588
0.066
0.384
0.783
0.296
0.06
0.913
0.339
0.234
0.564
0.098
0.3
0.027
0.39
0.354
0.526
0.407
0.061
0.025
0.489
0.071
0.95
0.536
0.586
0.591
0.95
0.611
0.893
0.831
0.459
0.077
0.184
0.447
0.881
0.825
0.216
0.973
0.901
0.202
0.528
0.231
0.933
0.924
0.936
0.728
0.478
0.54
0.556
0.867
0.457
0.822
0.549
0.061
0.539
0.264
0.509
0.645
0.429
0.477
0.627
0.629
0
0.985
0.288
0.382
0.189
0.262
0.286
0.94
0.965
0.467
0.864
0.906
0.127
0.111
0.959
0.867
0.591
0.524
0.787
0.374
0.389
0.721
0.947
0.673
0.419
0.081
0.669
0.286
0.833
0.656
0.09
0.156
0.391
0.433
0.95
0.797
0.319
0.358
0.604
0.567
0.372
0.582
0.883
0.175
0.532
0.723
0.296
0.54
0.374
0.69
0.307
0.332
0.663
0.616
0.594
0.607
0.03
0.907
0.685
0.047
0.654
0.841
0.837
0.851
0.634
0.843
0.202
0.478
0.955
0.953
0.046
0.245
0.108
0.213
0.051
0.823
0.874
0.618
0.578
0.241
0.419
0.038
0.593
0.52
0.518
0.09
0.284
0.379
0.79
0.086
0.749
0.92
0.494
0.618
0.672
0.389
0.619
0.79
0.83
0.414
0.642
0.306
0.441
0.235
0.863
0.967
0.742
0.78
0.844
0.56
0.819
0.733
0.752
0.045
0.198
0.863
0.36
0.279
0.329
0.619
0.727
0.086
0.166
0.607
0.43
0.54
0.566
0.916
0.815
0.297
0.893
0.118
0.097
0.837
0.885
0.912
0.916
0.639
0.352
0.805
0.126
0.287
0.134
0.385
0.917
0.524
0.516
0.221
0.54
0.004
0.837
0.556
0.938
0.844
0.73
0.717
0.992
0.489
0.619
0.826
0.079
0.327
0.909
0.664
0.835
0.822
0.425
0.871
0.436
0.335
0.355
0.381
0.32
0.257
0.917
0.656
0.818
0.767
0.415
0.75
0.93
0.296
0.001
0.801
0.086
0.131
0.68
0.723
0.835
0.308
0.259
0.52
0.288
0.621
0.683
0.597
0.931
0.622
0.284
0.223
0.574
0.967
0.817
0.032
0.93
0.926
0.636
0.11
0.059
0.628
0.856
0.178
0.777
0.653
0.815
0.789
0.386
0.436
0.322
0.749
0.677
0.256
0.068
0.904
0.976
0.476
0.036
0.065
0.347
0.231
0.818
0.73
0.748
0.179
0.34
0.35
0.508
0.981
0.759
0.927
0.854
0.469
0.796
0.36
0.734
0.545
0.168
0.413
0.882
0.536
0.679
0.991
0.644
0.821
0.16
0.042
0.469
0.108
0.985
0.651
0.729
0.416
0.081
0.315
0.755
0.685
0.842
0.906
0.737
0.104
0.749
0.466
0.537
0.946
0.258
0.913
0.76
0.992
0.046
0.344
0.39
0.489
0.669
0.197
0.467
0.731
0.677
0.145
0.827
0.841
0.716
0.645
0.073
0.805
0.437
0.579
0.305
0.291
0.047
0.397
0.074
0.47
0.875
0.495
0.934
0.406
0.436
0.96
0.968
0.865
0.441
0.928
0.55
0.102
0.583
0.348
0.512
0.413
0.402
0.68
0.463
0.125
0.799
0.967
0.671
0.766
0.911
0.168
0.867
0.868
0.489
0.048
0.186
0.109
0.94
0.322
0.404
0.858
0.434
0.428
0.623
0.197
0.472
0.082
0.716
0.909
0.078
0.93
0.662
0.179
0.515
0.413
0.352
0.236
0.748
0.488
0.854
0.863
0.992
0.985
0.876
0.14
0.505
0.301
0.769
0.518
0.948
0.478
0.935
0.019
0.09
0.357
0.967
0.413
0.23
0.804
0.129
0.306
0.613
0.312
0.228
0
0.443
0.441
0.748
0.504
0.398
0.687
0.392
0.293
0.077
0.755
0.435
0.579
0.126
0.054
0.031
0.621
0.247
0.435
0.668
0.369
0.131
0.445
0.151
0.67
0.252
0.236
0.343
0.526
0.832
0.588
0.724
0.32
0.608
0.35
0.415
0.925
0.329
0.892
0.795
0.469
0.885
0.434
0.265
0.012
0.574
0.344
0.536
0.403
0.952
0.266
0.004
0.16
0.739
0.039
0.932
0.344
0.036
0.835
0.928
0.674
0.236
0.029
0.923
0.808
0.875
0.852
0.275
0.301
0.445
0.369
0.651
0.815
0.23
0.588
0.865
0.06
0.373
0.535
0.041
0.316
0.764
0.546
0.257
0.534
0.005
0.821
0.043
0.009
0.028
0.549
0.366
0.621
0.84
0.472
0.741
0.525
0.178
0.548
0.397
0.627
0.389
0.033
0.613
0.929
0
0.046
0.497
0.764
0.125
0.562
0.667
0.504
0.812
0.846
0.283
0.17
0.335
0.894
0.353
0.553
0.429
0.69
0.6
0.342
0.568
0.57
0.85
0.615
0.234
0.284
0.238
0.876
0.921
0.578
0.879
0.24
0.714
0.911
0.316
0.337
0.065
0.201
0.022
0.233
0.9
0.684
0.906
0.74
0.072
0.098
0.952
0.842
0.346
0.805
0.595
0.401
0.611
0.716
0.258
0.543
0.787
0.588
0.308
0.31
0.558
0.487
0.19
0.199
0.166
0.773
0.72
0.637
0.146
0.634
0.002
0.34
0.558
0.893
0.01
0.454
0.075
0.712
0.748
0.51
0.962
0.699
0.541
0.947
0.064
0.612
0.764
0.304
0.969
0.005
0.007
0.204
0.984
0.273
0.595
0.088
0.849
0.688
0.269
0.698
0.152
0.302
0.845
0.945
0.289
0.319
0.755
0.671
0.204
0.891
0.099
0.907
0.156
0.417
0.912
0.345
0.832
0.556
0.249
0.476
0.935
0.861
0.589
0.891
0.501
0.638
0.616
0.476
0.748
0.134
0.703
0.671
0.728
0.922
0.487
0.365
0.541
0.152
0.602
0.198
0.353
0.931
0.157
0.683
0.408
0.768
0.48
0.507
0.548
0.592
0.525
0.118
0.046
0.958
0.748
0.421
0.07
0.047
0.783
