0.064
0.347
0.442
0.543
0.792
0.807
0.152
0.481
0.18
0.925
0.514
0.244
0.297
0.828
0.292
0.737
0.026
0.881
0.331
0.879
0.091
0.987
0.712
0.851
0.618
0.016
0.263
0.783
0.84
0.567
0.211
0.187
0.768
0.142
0.997
0.432
0.652
0.637
0.833
0.513
0.009
0.361
0.479
0.787
0.486
0.901
0.917
0.526
0.628
0.487
0.535
0.745
0.492
0.902
0.843
0.226
0.847
0.748
0.948
0.609
0.319
0.706
0.244
0.029
0.517
0.761
0.642
0.449
0.526
0.93
0.642
0.46
0.993
0.626
0.595
0.875
0.939
0.033
0.326
0.534
0.082
0.64
0.47
0.95
0.025
0.535
0.685
0.13
0.977
0.846
0.104
0.881
0.853
0.735
0.272
0.112
0.745
0.803
0.027
0.871
0.135
0.925
0.279
0.116
0.928
0.866
0.852
0.634
0.943
0.156
0.166
0.043
0.075
0.733
0.223
0.168
0.512
0.845
0.378
0.076
0.318
0.734
0.114
0.035
0.675
0.468
0.999
0.99
0.505
0.293
0.395
0.642
0.784
0.703
0.874
0.793
0.677
0.238
0.72
0.386
0.504
0.249
0.163
0.347
0.761
0.39
0.64
0.839
0.926
0.587
0.248
0.483
0.137
0.317
0.821
0.081
0.438
0.347
0.425
0.79
0.795
0.57
0.845
0.073
0.159
0.856
0.244
0.407
0.045
0.25
0.421
0.936
0.272
0.713
0.143
0.775
0.653
0.975
0.148
0.764
0.94
0.478
0.846
0.822
0.556
0.356
0.728
0.863
0.746
0.125
0.221
0.781
0.886
0.44
0.97
0.769
0.719
0.596
0.332
0.63
0.686
0.925
0.297
0.353
0.012
0.242
0.563
0.069
0.82
0.386
0.619
0.798
0.489
0.31
0.454
0.574
0.841
0.504
0.298
0.222
0.694
0.069
0.839
0.895
0.805
0.088
0.022
0.659
0.521
0.166
0.509
0.77
0.562
0.598
0.889
0.316
0.498
0.331
0.666
0.376
0.568
0.976
0.091
0.338
0.058
0.529
0.546
0.437
0.948
0.593
0.462
0.497
0.311
0.822
0.922
0.698
0.572
0.099
0.61
0.989
0.7
0.232
0.718
0.951
0.721
0.326
0.652
0.472
0.818
0.053
0.792
0.666
0.511
0.157
0.009
0.242
0.27
0.314
0.707
0.474
0.073
0.74
0.211
0.696
0.114
0.948
0.883
0.361
0.992
0.349
0.186
0.83
0.112
0.603
0.433
0.365
0.247
0.693
0.638
0.764
0.083
0.816
0.04
0.582
0.117
0.323
0.557
0.644
0.749
0.065
0.985
0.347
0.376
0.112
0.718
0.098
0.166
0.81
0.538
0.146
0.584
0.031
0.862
0.08
0.124
0.936
0.874
0.011
0.536
0.435
0.841
0.306
0.433
0.969
0.4
0.011
0.087
0.952
0.804
0.624
0.354
0.442
0.74
0.066
0.213
0.337
0.463
0.938
0.886
0.346
0.826
0.301
0.253
0.733
0.863
0.103
0.361
0.531
0.342
0.641
0.521
0.206
0.097
0.734
0.138
0.804
0.173
0.046
0.3
0.943
0.601
0.978
0.909
0.527
1.0
0.867
0.073
0.498
0.771
0.694
0.869
0.972
0.849
0.738
0.031
0.11
0.221
0.665
0.294
0.151
0.711
0.622
0.055
0.12
0.534
0.867
0.863
0.516
0.157
0.504
0.984
0.39
0.791
0.712
0.579
0.235
0.618
0.234
0.149
0.155
0.188
0.49
0.81
0.097
0.666
0.863
0.803
0.537
0.153
0.694
0.232
0.545
0.173
0.335
0.529
0.062
0.543
0.645
0.765
0.126
0.876
0.85
0.682
0.817
0.589
0.611
0.13
0.939
0.92
0.898
0.261
0.461
0.433
0.238
0.419
0.147
0.04
0.295
0.49
0.444
0.935
0.414
0.861
0.122
0.154
0.651
0.549
0.688
0.423
0.48
0.306
0.354
0.901
0.15
0.951
0.214
0.179
0.911
0.654
0.547
0.86
0.426
0.551
0.588
0.375
0.263
0.183
0.439
0.7
0.872
0.086
0.881
0.762
0.556
0.23
0.429
0.673
0.254
0.531
0.444
0.311
0.544
0.621
0.268
0.053
0.71
0.013
0.179
0.107
0.473
0.823
0.257
0.338
0.214
0.195
0.329
0.963
0.588
0.251
0.16
0.466
0.864
0.29
0.186
0.962
0.408
0.578
0.137
0.151
0.654
0.873
0.258
0.933
0.088
0.558
0.191
0.623
0.114
0.547
0.604
0.857
0.142
0.527
0.92
0.675
0.583
0.124
0.599
0.672
0.528
0.982
0.588
0.547
0.293
0.894
0.256
0.144
0.58
0.451
0.504
0.349
0.917
0.739
0.667
0.871
0.034
0.74
0.313
0.173
0.245
0.155
0.038
0.19
0.289
0.417
0.411
0.562
0.526
0.346
0.355
0.391
0.984
0.238
0.728
0.451
0.489
0.274
0.406
0.091
0.026
0.419
0.166
0.937
0.015
0.13
0.866
0.784
0.549
0.637
0.112
0.197
0.535
0.532
0.653
0.282
0.931
0.244
0.675
0.99
0.337
0.243
0.269
0.806
0.591
0.729
0.469
0.939
0.911
0.103
0.897
0.182
0.589
0.656
0.387
0.325
0.56
0.904
0.339
0.515
0.245
0.246
0.745
0.982
0.582
0.627
0.792
0.782
0.584
0.311
0.975
0.759
0.918
0.565
0.147
0.277
0.781
0.493
0.139
0.142
0.869
0.987
0.697
0.449
0.636
0.024
0.407
0.253
0.362
0.952
0.902
0.369
0.634
0.038
0.968
0.077
0.977
0.294
0.167
0.797
0.524
0.152
0.752
0.282
0.192
0.209
0.156
0.957
0.318
0.369
0.682
0.987
0.549
0.447
0.293
0.216
0.263
0.515
0.591
0.366
0.479
0.951
0.677
0.95
0.375
0.767
0.312
0.978
0.724
0.756
0.829
0.27
0.631
0.343
0.724
0.429
0.143
0.899
0.443
0.258
0.253
0.088
0.004
0.311
0.287
0.558
0.231
0.43
0.721
0.376
0.86
0.873
0.562
0.369
0.402
0.348
0.65
0.501
0.185
0.478
0.381
0.723
0.034
0.866
0.152
0.124
0.014
0.598
0.726
0.755
0.375
0.525
0.309
0.409
0.248
0.9
0.774
0.432
0.447
0.332
0.861
0.872
0.972
0.537
0.157
0.27
0.399
0.015
0.568
0.574
0.829
0.206
0.185
0.983
0.428
0.499
0.249
0.228
0.581
0.91
0.041
0.137
0.293
0.049
0.367
0.634
0.832
0.152
0.499
0.135
0.964
0.069
0.829
0.025
0.043
0.483
0.189
0.784
0.578
0.408
0.502
0.715
0.232
0.436
0.954
0.691
0.611
0.326
0.31
0.704
0.586
0.32
0.158
0.937
0.262
0.516
0.131
0.743
0.024
0.788
0.165
0.628
0.941
0.483
0.44
0.446
0.16
0.091
0.008
0.693
0.71
0.078
0.076
0.56
0.897
0.501
0.07
0.423
0.012
0.127
0.328
0.681
0.591
0.793
0.261
0.649
0.188
0.157
0.009
0.646
0.563
0.744
0.554
0.607
0.301
0.496
0.946
0.578
0.59
0.717
0.849
0.043
0.169
0.101
0.353
0.328
0.156
0.825
0.862
0.443
0.439
0.723
0.063
0.64
0.879
0.131
0.756
0.744
0.531
0.751
0.111
0.892
0.846
0.475
0.353
0.709
0.28
0.027
0.388
0.592
0.807
0.62
0.239
0.973
0.333
0.979
0.869
0.028
0.808
0.127
0.335
0.244
0.189
0.06
0.443
0.881
0.005
0.15
0.612
0.922
0.675
0.409
0.931
0.897
0.722
0.51
0.983
0.796
0.347
0.538
0.317
0.404
0.177
0.059
0.981
0.026
0.992
0.165
0.601
0.129
0.907
0.233
0.645
0.874
0.569
0.635
0.454
0.198
0.791
0.337
0.525
0.57
0.488
0.329
0.091
0.711
0.407
0.089
0.377
0.891
0.197
0.259
0.626
0.071
0.551
0.568
0.668
0.703
0.02
0.216
0.799
0.848
0.143
0.607
0.857
0.974
0.32
0.576
0.604
0.242
0.59
0.529
0.08
0.966
0.938
0.444
0.063
0.913
0.399
0.491
0.864
0.506
0.882
0.121
0.562
0.568
0.693
0.455
0.383
0.09
0.803
0.213
0.589
0.878
0.33
0.069
0.625
0.372
0.829
0.117
0.808
0.573
0.096
0.515
0.542
0.929
0.121
0.394
0.405
0.548
0.679
0.893
0.406
0.419
0.687
0.731
0.913
0.77
0.326
0.543
0.126
