0.842
0.637
0.231
0.245
0.86
0.912
0.943
0.544
0.669
0.459
0.56
0.722
0.206
0.754
0.761
0.521
0.351
0.279
0.657
0.561
0.701
0.071
0.132
0.249
0.456
0.085
0.807
0.34
0.759
0.288
0.338
0.26
0.806
0.418
0.587
0.911
0.305
0.42
0.72
0.529
0.529
0.167
0.806
0.731
0.088
0.459
0.556
0.41
0.379
0.934
0.942
0.473
0.944
0.849
0.512
0.128
0.543
0.977
0.853
0.963
0.78
0.058
0.696
0.285
0.546
0.111
0.635
0.557
0.223
0.088
0.7
0.6
0.417
0.517
0.67
0.227
0.742
0.69
0.57
0.024
0.908
0.762
0.673
0.34
0.127
0.036
0.149
0.753
0.949
0.448
0.959
0.169
0.111
0.316
0.307
0.148
0.922
0.062
0.12
0.856
0.052
0.852
0.204
0.055
0.354
0.758
0.42
0.373
0.286
0.193
0.056
0.966
0.907
0.017
0.671
0.56
0.902
0.419
0.076
0.08
0.432
0.325
0.833
0.144
0.518
0.267
0.314
0.604
0.274
0.701
0.623
0.016
0.238
0.027
0.777
0.38
0.994
0.335
0.0
0.63
0.091
0.817
0.109
0.077
0.769
0.974
0.316
0.453
0.086
0.622
0.942
0.382
0.094
0.098
0.337
0.132
0.82
0.079
0.15
0.154
0.383
0.016
0.577
0.509
0.381
0.7
0.162
0.133
0.758
0.284
0.376
0.498
0.356
0.947
0.751
0.504
0.894
0.655
0.729
0.973
0.474
0.625
0.192
0.718
0.869
0.307
0.519
0.921
0.668
0.934
0.659
0.971
0.28
0.301
0.586
0.36
0.684
0.486
0.32
0.245
0.85
0.628
0.281
0.906
0.021
0.633
0.831
0.86
0.378
0.318
0.817
0.482
0.894
0.675
0.327
0.195
0.692
0.062
0.131
0.517
0.281
0.135
0.964
0.352
0.26
0.744
0.594
0.702
0.67
0.984
0.831
0.026
0.942
0.046
0.088
0.192
0.189
0.505
0.953
0.491
0.581
0.057
0.728
0.308
0.361
0.582
0.961
0.625
0.61
0.298
0.777
0.48
0.21
0.905
0.27
0.897
0.736
0.725
0.064
0.408
0.389
0.054
0.772
0.069
0.443
0.286
0.145
0.91
0.353
0.867
0.022
0.611
0.792
0.494
0.358
0.334
0.186
0.897
0.414
0.076
0.455
0.263
0.299
0.705
0.087
0.765
0.318
0.693
0.001
0.406
0.173
0.405
0.645
0.076
0.816
0.531
0.025
0.095
0.087
0.619
0.817
0.038
0.857
0.194
0.947
0.12
0.446
0.293
0.65
0.642
0.207
0.305
0.523
0.118
0.065
0.342
0.611
0.874
0.101
0.703
0.986
0.355
0.282
0.438
0.097
0.67
0.15
0.707
0.947
0.136
0.05
0.648
0.056
0.459
0.456
0.132
0.963
0.415
0.682
0.236
0.375
0.084
0.07
0.72
0
0.584
0.988
0.783
0.585
0.07
0.755
0.351
0.443
0.08
0.999
0.649
0.206
0.099
0.246
0.367
0.599
0.01
0.675
0.988
0.405
0.113
0.516
0.724
0.805
0.217
0.577
0.354
0.588
0.217
0.673
0.778
0.453
0.582
0.744
0.132
0.594
0.424
0.648
0.578
0.465
0.511
0.612
0.187
0.43
0.781
0.419
0.127
0.108
0.158
0.574
0.662
0.725
0.465
0.177
0.63
0.795
0.517
0.927
0.642
0.205
0.511
0.442
0.724
0.246
0.155
0.94
0.134
0.235
0.517
0.887
0.347
0.921
0.828
0.184
0.581
0.773
0.807
0.355
0.503
0.649
0.686
0.232
0.983
0.197
0.356
0.816
0.861
0.15
0.976
0.644
0.635
0.751
0.309
0.619
0.757
0.553
0.991
0.117
0.399
0.404
0.267
0.215
0.374
0.47
0.141
0.734
0.446
0.278
0.643
0.923
0.871
0.72
0.494
0.769
0.251
0.415
0.489
0.238
0.082
0.137
0.272
0.947
0.32
0.922
0.668
0.949
0.658
0.039
0.985
0.369
0.067
0.425
0.465
0.657
0.727
0.011
0.866
0.031
0.391
0.317
0.499
0.784
0.972
0.827
0.089
0.271
0.11
0.086
0.38
0.914
0.454
0.385
0.441
0.219
0.773
0.003
0.623
0.767
0.752
0.6
0.562
0.308
0.131
0.607
0.685
0.219
0.212
0.804
0.92
0.834
0.454
0.106
0.799
0.54
0.483
0.42
0.98
0.668
0.709
0.919
0.152
0.74
0.919
0.139
0.63
0.638
0.1
0.561
0.946
0.862
0.315
0.62
0.469
0.319
0.669
0.096
0.635
0.954
0.501
0.008
0.316
0.229
0.3
0.131
0.05
0.452
0.415
0.048
0.472
0.498
0.517
0.834
0.735
0.874
0.331
0.442
0.817
0.994
0.171
0.451
0.492
0.304
0.379
0.739
0.565
0.407
0.668
0.353
0.966
0.355
0.159
0.938
0.532
0.153
0.817
0.658
0.325
0.441
0.749
0.312
0.266
0.829
0.654
0.04
0.734
0.159
0.15
0.791
0.317
0.808
0.509
0.719
0.374
0.249
0.606
0.373
0.554
0.392
0.587
0.304
0.945
0.543
0.848
0.091
0.742
0.41
0.643
0.064
0.118
0.096
0.743
0.504
0.723
0.779
0.755
0.243
0.03
0.914
0.83
0.674
0.975
0.135
0.431
0.986
0.872
0.386
0.356
0.814
0.551
0.847
0.6
0.201
0.624
0.879
0.739
0.615
0.201
0.91
0.651
0.053
0.211
0.858
0.966
0.573
0.676
0.354
0.268
0.827
0.847
0.192
0.354
0.501
0.691
0.029
0.325
0.414
0.868
0.637
0.865
0.171
0.753
0.593
0.709
0.078
0.088
0.668
0.76
0.258
0.76
0.26
0.306
0.225
0.925
0.226
0.21
0.536
0.088
0.991
0.046
0.916
0.871
0.123
0.945
0.656
0.362
0.73
0.4
0.322
0.909
0.833
0.359
0.281
0.233
0.444
0.536
0.114
0.204
0.589
0.94
0.565
0.059
0.787
0.145
0.182
0.34
0.524
0.006
0.976
0.281
0.173
0.24
0.529
0.558
0.075
0.516
0.631
0.62
0.5
0.716
0.937
0.012
0.245
0.704
0.064
0.355
0.883
0.943
0.921
0.767
0.118
0.75
0.417
0.461
0.757
0.062
0.022
0.747
0.186
0.166
0.203
0.305
0.259
0.637
0.476
0.302
0.337
0.122
0.625
0.279
0.612
0.757
0.862
0.797
0.145
0.47
0.673
0.931
0.646
0.475
0.381
0.209
0.808
0.517
0.659
0.609
0.677
0.474
0.854
0.46
0.708
0.783
0.266
0.837
0.632
0.657
0.038
0.786
0.433
0.561
0.595
0.998
0.341
0.165
0.579
0.581
0.917
0.328
0.968
0.977
0.749
0.234
0.615
0.635
0.073
0.196
0.079
0.131
0.056
0.4
0.014
0.532
0.535
0.032
0.212
0.273
0.171
0.581
0.66
0.227
0.083
0.458
0.818
0.636
0.755
0.933
0.543
0.223
0.16
0.544
0.187
0.815
0.577
0.266
0.486
0.763
0.318
0.693
0.554
0.837
0.518
0.105
0.77
0.138
0.69
0.563
0.753
0.741
0.932
0.971
0.362
0.04
0.351
0.686
0.279
0.114
0.433
0.199
0.765
0.071
0.095
0.118
0.187
0.8
0.188
0.944
0.535
0.245
0.73
0.945
0.712
0.575
0.554
0.933
0.75
0.065
0.64
0.984
0.251
0.292
0.701
0.577
0.443
0.717
0.785
0.618
0.478
0.567
0.078
0.49
0.343
0.701
0.601
0.292
0.582
0.33
0.092
0.04
0.143
0.194
0.589
0.612
0.315
0.581
0.443
0.755
0.745
0.338
0.968
0.414
0.395
0.381
0.432
0.497
0.316
0.412
0.139
0.761
0.128
0.826
0.725
0.894
0.756
0.503
0.86
0.682
0.678
0.001
0.632
0.549
0.448
0.404
0.87
0.558
0.708
0.198
0.265
0.869
0.823
0.133
0.092
0.174
0.222
0.415
0.022
0.862
0.281
0.513
0.032
0.048
0.171
0.011
0.535
0.239
0.809
0.753
0.67
0.263
0.917
0.866
0.026
0.486
0.997
0.703
0.156
0.921
0.922
0.935
0.995
0.181
0.356
0.199
0.397
0.951
0.303
0.374
0.79
0.681
0.657
0.702
0.457
0.899
0.621
0.248
0.926
0.324
0.885
0.966
0.944
0.232
0.608
0.795
0.239
0.685
0.176
0.488
0.527
0.722
0.295
0.017
0.814
0.263
0.176
0.278
0.662
0.833
