0.466
0.659
0.841
0.921
0.521
0.416
0.607
0.508
0.611
0.665
0.252
0.087
0.15
0.982
0.82
0.065
0.135
0.747
0.895
0.518
0.27
0.78
0.734
0.894
0.136
0.256
0.833
0.543
0.67
0.103
0.054
0.893
0.912
0.832
0.364
0.278
0.929
0.94
0.368
0.669
0.697
0.651
0.279
0.473
0.626
0.454
0.746
0.854
0.072
0.91
0.614
0.225
0.701
0.265
0.597
0.774
0.636
0.337
0.922
0.857
0.465
0.764
0.977
0.378
0.057
0.81
0.816
0.947
0.828
0.641
0.185
0.336
0.905
0.457
0.904
0.388
0.352
0.361
0.383
0.854
0.894
0.424
0.827
0.496
0.49
0.192
0.403
0.534
0.832
0.318
0.291
0.55
0.698
0.427
0.329
0.521
0.295
0.689
0.103
0.57
0.296
0.139
0.018
0.983
0.021
0.6
0.157
0.272
0.708
0.854
0.295
0.761
0.428
0.509
0.271
0.171
0.707
0.279
0.829
0.119
0.357
0.484
0.132
0.3
0.865
0.913
0.426
0.019
0.831
0.454
0.41
0.306
0.875
0.543
0.148
0.675
0.826
0.808
0.082
0.209
0.166
0.292
1.0
0.786
0.257
0.268
0.654
0.635
0.128
0.147
0.205
0.583
0.439
0.733
0.909
0.778
0.114
0.195
0.112
0.79
0.126
0.231
0.892
0.786
0.207
0.336
0.352
0.498
0.293
0.306
0.447
0.006
0.822
0.685
0.964
0.213
0.343
0.539
0.79
0.35
0.207
0.864
0.702
0.757
0.662
0.117
0.434
0.247
0.947
0.701
0.879
0.351
0.343
0.572
0.345
0.97
0.589
0.588
0.797
0.7
0.873
0.825
0.37
0.289
0.572
0.357
0.819
0.022
0.147
0.65
0.436
0.121
0.048
0.4
0.848
0.973
0.97
0.502
0.131
0.139
0.706
0.066
0.338
0.053
0.743
0.649
0.217
0.684
0.789
0.911
0.083
0.727
0.938
0.268
0.481
0.477
0.077
0.693
0.879
0.611
0.478
0.246
0.989
0.721
0.618
0.536
0.443
0.211
0.907
0.982
0.401
0.816
0.234
0.169
0.477
0.29
0.992
0.422
0.602
0.248
0.603
0.276
0.381
0.373
0.267
0.818
0.77
0.293
0.285
0.482
0.394
0.529
0.733
0.729
0.319
0.742
0.366
0.624
0.723
0.7
0.465
0.881
0.51
0.133
0.427
0.744
0.036
0.375
0.076
0.843
0.934
0.906
0.499
0.508
0.904
0.038
0.034
0.641
0.87
0.263
0.156
0.182
0.422
0.379
0.77
0.429
0.188
0.702
0.68
0.164
0.75
0.119
0.843
0.503
0.38
0.488
0.676
0.828
0.688
0.921
0.239
0.63
0.33
0.135
0.784
0.954
0.08
0.177
0.075
0.429
0.905
0.235
0.145
0.691
0.021
0.093
0.144
0.689
0.099
0.234
0.768
0.772
0.52
0.034
0.609
0.61
0.698
0.007
0.928
0.114
0.323
0.902
0.544
0.069
0.126
0.416
0.773
0.844
0.083
0.391
0.557
0.15
0.925
0.65
0.155
0.081
0.923
0.745
0.844
0.457
0.553
0.139
0.356
0.021
0.652
0.905
0.333
0.588
0.319
0.303
0.482
0.973
0.415
0.16
0.431
0.497
0.506
0.152
0.106
0.871
0.316
0.088
0.521
0.743
0.852
0.795
0.825
0.718
0.379
0.984
0.515
0.732
0.531
0.348
0.94
0.95
0.474
0.195
0.258
0.195
0.963
0.785
0.171
0.43
0.173
0.396
0.068
0.027
0.483
0.603
0.282
0.931
0.93
0.342
0.899
0.661
0.251
0.721
0.532
0.862
0.982
0.631
0.341
0.061
0.123
0.629
0.648
0.479
0.817
0.034
0.705
0.972
0.996
0.471
0.928
0.659
0.903
0.966
0.635
0.04
0.583
0.969
0.922
0.674
0.616
0.568
0.52
0.058
0.493
0.405
0.912
0.957
0.545
0.654
0.47
0.119
0.103
0.982
0.314
0.053
0.177
0.418
0.395
0.261
0.243
0.315
0.104
0.288
0.49
0.261
0.41
0.866
0.991
0.46
0.627
0.975
0.891
0.09
0.894
0.982
0.582
0.771
0.746
0.301
0.982
0.948
0.189
0.711
0.682
0.092
0.968
0.896
0.86
0.946
0.7
0.565
0.564
0.037
0.413
0.406
0.508
0.132
0.842
0.352
0.182
0.043
0.99
0.912
0.52
0.427
0.824
0.836
0.775
0.767
0.802
0.094
0.044
0.131
0.732
0.908
0.144
0.959
0.219
0.564
0.199
0.403
0.061
0.959
0.669
0.717
0.796
0.272
0.781
0.319
0.061
0.761
0.871
0.428
0.436
0.811
0.023
0.646
0.581
0.401
0.865
0.101
0.407
0.541
0.269
0.702
0.811
0.949
0.678
0.009
0.652
0.418
0.216
0.816
0.93
0.13
0.079
0.609
0.124
0.782
0.273
0.943
0.857
0.287
0.441
0.429
0.212
0.982
0.747
0.051
0.319
0.791
0.475
0.706
0.932
0.629
0.756
0.893
0.259
0.526
0.862
0.082
0.696
0.248
0.35
0.101
0.914
0.35
0.332
0.304
0.444
0.53
0.686
0.372
0.562
0.951
0.762
0.931
0.625
0.239
0.525
0.453
0.209
0.026
0.391
0.41
0.14
0.285
0.872
0.721
0.293
0.66
0.411
0.885
0.526
0.74
0.95
0.726
0.745
0.751
0.806
0.631
0.51
0.958
0
0.973
0.116
0.207
0.215
0.199
0.577
0.032
0.222
0.98
0.319
0.034
0.313
0.327
0.921
0.044
0.654
0.311
0.288
0.39
0.408
0.106
0.04
0.832
0.308
0.186
0.577
0.75
0.335
0.929
0.713
0.955
0.998
0.511
0.22
0.073
0.779
0.938
0.491
0.216
0.705
0.121
0.487
0.171
0.606
0.646
0.942
0.939
0.147
0.342
0.167
0.589
0.508
0.874
0.505
0.617
0.862
0.384
0.762
0.633
0.453
0.37
0.769
0.49
0.796
0.044
0.909
0.129
0.952
0.434
0.834
0.905
0.564
0.407
0.228
0.92
0.989
0.586
0.634
0.286
0.094
0.502
0.456
0.459
0.689
0.667
0.977
0.55
0.028
0.107
0.505
0.645
0.864
0.709
0.417
0.268
0.438
0.587
0.092
0.54
0.318
0.116
0.246
0.438
0.052
0.365
0.999
0.382
0.687
0.681
0.134
0.098
0.779
0.549
0.935
0.184
0.209
0.019
0.907
0.936
0.729
0.064
0.492
0.235
0.827
0.474
0.813
0.982
0.456
0.888
0.406
0.873
0.938
0.623
0.614
0.107
0.902
0.263
0.652
0.632
0.136
0.885
0.501
0.428
0.35
0.582
0.709
0.546
0.932
0.526
0.099
0.62
0.195
0.392
0.253
0.871
0.463
0.656
0.117
0.875
0.319
0.574
0.65
0.392
0.761
0.84
0.886
0.307
0.563
0.058
0.414
0.334
0.522
0.666
0.159
0.641
0.7
0.564
0.415
0.686
0.025
0.124
0.502
0.419
0.885
0.301
0.902
0.267
0.741
0.155
0.637
0.603
0.019
0.381
0.901
0.265
0.734
0.249
0.574
0.854
0.955
0.711
0.165
0.315
0.443
0.877
0.407
0.72
0.298
0.662
0.938
0.833
0.927
0.15
0.956
0.484
0.994
0.378
0.077
0.487
0.356
0.62
0.1
0.05
0.156
0.459
0.949
0.695
0.89
0.271
0.308
0.422
0.462
0.845
0.204
0.945
0.107
0.069
0.697
0.231
0.415
0.39
0.083
0.512
0.472
0.527
0.283
0.268
0.353
0.003
0.736
0.801
0.081
0.342
0.879
0.091
0.575
0.789
0.957
0.971
0.983
0.452
0.013
0.104
0.597
0.344
0.46
0.171
0.234
0.983
0.713
0.368
0.568
0.825
0.219
0.813
0.268
0.56
0.556
0.058
0.786
0.476
0.974
0.09
0.945
0.978
0.79
0.135
0.966
0.961
0.713
0.388
0.2
0.771
0.889
0.238
0.382
0.286
0.721
0.981
0.576
0.766
0.945
0.366
0.859
0.925
0.517
0.71
0.201
0.676
0.253
0.826
0.129
0.798
0.579
0.684
0.354
0.517
0.139
0.999
0.221
0.057
0.855
0.581
0.013
0.346
0.235
0.357
0.608
0.004
0.526
0.103
0.044
0.087
0.932
0.669
0.786
0.834
0.474
0.032
0.296
0.702
0.405
0.283
0.254
0.72
0.401
0.401
0.32
0.351
0.802
0.129
0.444
0.969
0.931
0.878
0.613
0.89
0.834
0.878
0.278
0.951
