0.385
0.831
0.856
0.341
0.937
0.239
0.239
0.302
0.671
0.617
0.774
0.693
0.633
0.961
0.986
0.378
0.694
0.773
0.741
0.242
0.246
0.114
0.824
0.881
0.938
0.182
0.531
0.267
0.397
0.568
0.456
0.597
0.492
0.529
0.418
0.513
0.544
0.821
0.87
0.662
0.098
0.736
0.186
0.092
0.174
0.311
0.221
0.16
0.336
0.161
0.683
0.39
0.473
0.792
0.578
0.757
0.818
0.814
0.082
0.966
0.282
0.026
0.064
0.066
0.095
0.993
0.349
0.256
0.613
0.178
0.577
0.787
0.182
0.426
0.645
0.046
0.274
0.316
0.011
0.76
0.962
0.08
0.817
0.242
0.445
0.361
0.765
0.914
0.432
0.664
0.75
0.941
0.577
0.243
0.016
0.045
0.581
0.976
0.486
0.99
0.934
0.312
0.788
0.506
0.799
0.872
0.148
0.459
0.525
0.625
0.735
0.493
0.109
0.742
0.203
0.27
0.81
0.767
0.83
0.718
0.399
0.207
0.692
0.059
0.072
0.373
0.731
0.859
0.373
0.069
0.732
0.326
0.965
0.106
0.734
0.858
0.749
0.867
0.667
0.906
0.042
0.267
0.392
0.154
0.965
0.759
0.307
0.312
0.452
0.279
0.701
0.299
0.63
0.563
0.304
0.181
0.22
0.031
0.959
0.36
0.082
0.96
0.985
0.161
0.807
0.258
0.611
0.03
0.257
0.928
0.279
0.204
0.342
0.914
0.182
0.221
0.45
0.746
0.696
0.516
0.265
0.48
0.534
0.574
0.232
0.933
0.773
0.45
0.845
0.617
0.53
0.859
0.038
0.917
0.493
0.838
0.521
0.222
0.393
0.771
0.65
0.162
0.373
0.431
0.67
0.238
0.944
0.39
0.42
0.448
0.999
0.957
0.379
0.806
0.203
0.921
0.652
0.495
0.464
0.886
0.895
0.774
0.154
0.784
0.949
0.763
0.583
0.15
0.521
0.842
0.77
0.163
0.999
0.889
0.105
0.266
0.8
0.611
0.407
0.403
0.394
0.604
0.958
0.417
0.028
0.811
0.058
0.279
0.132
0.5
0.017
0.401
0.767
0.454
0.205
0.822
0.774
0.827
0.443
0.861
0.693
0.107
0.321
0.922
0.773
0.631
0.843
0.596
0.583
0.522
0.067
0.285
0.334
0.26
0.538
0.61
0.836
0.559
0.667
0.103
0.328
0.366
0.039
0.709
0.374
0.139
0.964
0.072
0.63
0.413
0.168
0.729
0.365
0.034
0.203
0.993
0.829
0.663
0.393
0.274
0.178
0.546
0.74
0.283
0.146
0.591
0.609
0.248
0.826
0.98
0.457
0.466
0.638
0.923
0.857
0.481
0.704
0.104
0.549
0.956
0.382
0.887
0.669
0.298
0.13
0.117
0.934
0.451
0.387
0.325
0.628
0.683
0.151
0.367
0.089
0.068
0.597
0.351
0.309
0.715
0.154
0.374
0.973
0.771
0.162
0.124
0.456
0.419
0.226
0.074
0.846
0.434
0.265
0.832
0.388
0.493
0.544
0
0.886
0.877
0.092
0.146
0.564
0.814
0.187
0.61
0.243
0.855
0.499
0.356
0.24
0.24
0.814
0.159
0.581
0.757
0.094
0.699
0.034
0.316
0.638
0.727
0.731
0.724
0.925
0.653
0.792
0.844
0.39
0.318
0.92
0.242
0.682
0.068
0.643
0.112
0.982
0.728
0.424
0.543
0.186
0.144
0.672
0.593
0.692
0.445
0.945
0.207
0.495
0.866
0.3
0.668
0.322
0.59
0.786
0.649
0.509
0.3
0.118
0.554
0.853
0.734
0.268
0.213
0.806
0.715
0.027
0
0.49
0.926
0.113
0.71
0.964
0.746
0.484
0.833
0.087
0.608
0.667
0.843
0.836
0.315
0.835
0.212
0.699
0.801
0.604
0.855
0.107
0.997
0.364
0.736
0.744
0.122
0.729
0.968
0.783
0.979
0.012
0.782
0.111
0.948
0.521
0.89
0.937
0.367
0.546
0.539
0.517
0.99
0.294
0.055
0.128
0.341
0.647
0.835
0.64
0.43
0.484
0.125
0.409
0.08
0.583
0.288
0.16
0.881
0.802
0.233
0.703
0.31
0.562
0.975
0.727
0.556
0.073
0.581
0.723
0.617
0.773
0.064
0.976
0.251
0.805
0.239
0.674
0.631
0.298
0.322
0.557
0.556
0.967
0.933
0.702
0.064
0
0.587
0.069
0.598
0.936
0.762
0.425
0.53
0.457
0.159
0.146
0.208
0.147
0.05
0.714
0.378
0.21
0.916
0.276
0.782
0.477
0.39
0.362
0.039
0.427
0.489
0.635
0.632
0.78
0.171
0.231
0.156
0.864
0.288
0.099
0.355
0.213
0.757
0.011
0.06
0.744
0.775
0.392
0.48
0.588
0.786
0.618
0.027
0.911
0.033
0.657
0.85
0.401
0.509
0.059
0.786
0.823
0.756
0.201
0.159
0.926
0.951
0.057
0.983
0.712
0.57
0.865
0.02
0.35
0.266
0.502
0.358
0.013
0.931
0.278
0.96
0.005
0.677
0.145
0.26
0.65
0.613
0.492
0.91
0.941
0.297
0.659
0.217
0.752
0.089
0.089
0.193
0.251
0.212
0.843
0.095
0.262
0.039
0.104
0.22
0.777
0.03
0.151
0.687
0.149
0.676
0.163
0.799
0.163
0.063
0.329
0.731
0.27
0.592
0.396
0.732
0.514
0.442
0.967
0.241
0.788
0.419
0.195
0.197
0.517
0.806
0.29
0.927
0.572
0.034
0.887
0.29
0.538
0.861
0.689
0.535
0.939
0.492
0.46
0.494
0.822
0.954
0.674
0.574
0.425
0.943
0.877
0.915
0.692
0.516
0.378
0.96
0.59
0.876
0.895
0.021
0.236
0.362
0.982
0.502
0.461
0.055
0.907
0.658
0.634
0.373
0.721
0.34
0.276
0.247
0.174
0.842
0.325
0.412
0.047
0.012
0.268
0.909
0.45
0.745
0.06
0.678
0.781
0.552
0.311
0.522
0.107
0.911
0.988
0.393
0.726
0.659
0.42
0.266
0.043
0.378
0.312
0.197
0.885
0.668
0.185
0.68
0.749
0.088
0.246
0.893
0.131
0.506
0.995
0.137
0.814
0.66
0.91
0.652
0.428
0.55
0.894
0.54
0.183
0.573
0.431
0.145
0.874
0.808
0.505
0.65
0.303
0.721
0.012
0.581
0.128
0.561
0.058
0.228
0.676
0.592
0.496
0.11
0.761
0.211
0.891
0.588
0.433
0.848
0.729
0.295
0.051
0.364
0.642
0.703
0.1
0.612
0.967
0.255
0.346
0.318
0.691
0.188
0.58
0.108
0.769
0.331
0.57
0.202
0.969
0.175
0.929
0.154
0.291
0.807
0.55
0.331
0.441
0.549
0.196
0.166
0.146
0.326
0.426
0.323
0.751
0.801
0.615
0.023
0.818
0.287
0.849
0.367
0.193
0.038
0.617
1.0
0.782
0.661
0.854
0.296
0.363
0.628
0.773
0.481
0.274
0.881
0.647
0.354
0.595
0.453
0.229
0.322
0.751
0.307
0.599
0.782
0.219
0.991
0.862
0
0.741
0.684
0.298
0.94
0.08
0.921
0.106
0.254
0.128
0.248
0.523
0.303
0.438
0.075
0.633
0.744
0.24
0.561
0.067
0.236
0.719
0.549
0.522
0.176
0.716
0.035
0.737
0.078
0.27
0.423
0.385
0.098
0.691
0.989
0.202
0.082
0.068
0.858
0.599
0.877
0.81
0.453
0.959
0.626
0.738
0.035
0.731
0.597
0.702
0.661
0.007
0.845
0.317
0.577
0.821
0.187
0.81
0.676
0.493
0.064
0.847
0.764
0.287
0.423
0.188
0.368
0.753
0.415
0.04
0.114
0.456
0.796
0.941
0.135
0.04
0.586
0.428
0.776
0.847
0.82
0.146
0.657
0.674
0.608
0.638
0.87
0.57
0.944
0.991
0.683
0.049
0.501
0.917
0.815
0.19
0.433
0.13
0
0.846
0.921
0.956
0.98
0.826
0.922
0.838
0.034
0.933
0.016
0.472
0.541
0.761
0.947
0.972
0.159
0.564
0.515
0.634
0.443
0.808
0.907
0.387
0.409
0.648
0.196
0.551
0.606
0.32
0.813
0.75
0.017
0.023
0.039
0.043
0.943
0.219
0.392
0.333
0.311
0.133
0.399
0.047
0.409
0.673
0.214
0.73
0.159
0.137
0.338
0.297
0.694
0.766
0.217
0.224
0.116
0.671
0.157
0.006
0.078
0.676
0.177
0.481
0.558
0.173
0.883
0.541
0.902
0.637
0.139
0.572
0.622
