0.134
0.185
0.683
0.58
0.438
0.165
0.842
0.096
0.224
0.288
0.466
0.154
0.057
0.961
0.432
0.04
0.175
0.342
0.014
0.799
0.601
0.486
0.547
0.21
0.833
0.266
0.88
0.93
0.431
0.444
0.15
0.808
0.123
0.038
0.428
0.305
0.825
0.389
0.173
0.882
0.859
0.536
0.67
0.532
0.383
0.536
0.393
0.739
0.88
0.992
0.732
0.077
0.996
0.692
0.678
0.083
0.143
0.348
0.545
0.915
0.776
0.947
0.243
0.014
0.163
0.366
0.345
0.211
0.046
0.535
0.921
0.264
0.257
0.87
0.315
0.601
0.201
0.311
0.526
0.119
0.698
0.124
0.328
0.204
0.165
0.727
0.814
0.498
0.072
0.953
0.741
0.409
0.017
0.715
0.034
0.524
0.993
0.356
0.791
0.028
0.037
0.98
0.012
0.757
0.713
0.549
0.734
0.097
0.203
0.537
0.698
0.473
0.277
0.667
0.273
0.564
0.71
0.857
0.011
0.64
0.247
0.235
0.355
0.349
0.607
0.481
0.126
0.384
0.615
0.439
0.282
0.396
0.184
0.069
0.856
0.756
0.535
0.916
0.521
0.564
0.932
0.103
0.909
0.776
0.353
0.209
0.336
0.246
0.175
0.196
0.566
0.505
0.701
0.959
0.435
0.911
0.613
0.852
0.669
0.746
0.991
0.543
0.39
0.048
0.112
0.673
0.862
0.77
0.68
0.258
0.34
0.15
0.454
0.367
0.948
0.462
0.249
0.099
0.242
0.704
0.3
0.406
0.044
0.101
0.383
0.169
0.662
0.658
0.0
0.959
0.136
0.567
0.323
0.417
0.076
0.727
0.087
0.929
0.705
0.954
0.155
0.871
0.658
0.373
0.204
0.206
0.049
0.272
0.536
0.453
0.872
0.152
0.679
0.83
0.826
0.165
0.669
0.573
0.842
0.359
0.962
0.19
0.423
0.052
0.661
0.369
0.674
0.394
0.831
0.64
0.411
0.343
0.509
0.171
0.652
0.355
0.043
0.519
0.387
0.493
0.958
0.965
0.087
0.713
0.674
0.568
0.926
0.848
0.025
0.222
0.689
0.094
0.709
0.501
0.94
0.762
0.341
0.572
0.12
0.044
0.998
0.827
0.726
0.816
0.071
0.592
0.469
0.095
0.06
0.122
0.752
0.742
0.107
0.485
0.332
0.091
0.925
0.322
0.933
0.651
0.397
0.377
0.723
0.309
0.513
0.173
0.818
0.73
0.875
0.976
0.925
0.767
0.329
0.829
0.679
0.571
0.998
0.22
0.025
0.796
0.135
0.024
0.222
0.977
0.787
0.28
0.022
0.265
0.715
0.059
0.683
0.21
0.809
0.369
0.423
0.659
0.892
0.819
0.013
0.171
0.033
0.354
0.384
0.932
0.548
0.085
0.188
0.088
0.04
0.983
0.35
0.912
0.964
0.315
0.477
0.919
0.518
0.364
0.045
0.372
0.852
0.196
0.574
0.645
0.422
0.869
0.684
0.472
0.978
0.244
0.521
0.157
0.753
0.94
0.845
0.78
0.609
0.269
0.322
0.65
0.311
0.778
0.652
0.48
0.096
0.804
0.574
0.415
0.761
0.466
0.491
0.402
0.363
0.457
0.022
0.414
0.307
0.81
0.85
0.085
0.722
0.477
0.455
0.091
0.747
0.946
0.227
0.425
0.699
0.71
0.572
0.7
0.233
0.912
0.582
0.498
0.78
0.851
0.33
0.824
0.635
0.399
0.014
0.216
0.323
0.727
0.763
0.776
0.401
0.443
0.016
0.601
0.645
0.701
0.032
0.227
0.052
0.286
0.01
0.699
0.087
0.414
0.14
0.293
0.739
0.629
0.509
0.605
0.373
0.614
0.004
0.436
0.696
0.241
0.519
0.455
0.467
0.506
0.025
0.614
0.531
0.869
0.253
0.744
0.174
0.212
0.163
0.276
0.544
0.917
0.272
0.178
0.669
0
0.857
0.448
0.081
0.074
0.65
0.572
0.432
0.071
0.393
0.82
0.911
0.954
0.63
0.785
0.738
0.007
0.874
0.449
0.95
0.984
0.425
0.73
0.981
0.384
0.417
0.0
0.256
0.567
0.879
0.378
0.302
0.721
0.146
0.444
0.933
0.343
0.975
0.727
0.819
0.638
0.674
0.668
0.992
0.522
0.283
0.939
0.705
0.713
0.249
0.849
0.859
0.393
0.341
0.454
0.977
0.326
0.761
0.366
0.712
0.394
0
0.677
0.67
0.698
0.054
0.684
0.493
0.029
0.127
0.272
0.502
0.683
0.298
0.507
0.791
0.75
0.319
0.628
0
0.533
0.337
0.242
0.933
0.616
0.207
0.824
0.207
0.467
0.382
0.736
0.984
0.832
0.266
0.347
0.22
0.077
0.48
0.831
0.316
0.05
0.634
0.604
0.599
0.473
0.786
0.385
0.02
0.507
0.148
0.339
0.509
0.721
0.315
0.29
0.91
0.667
0.333
0.481
0.281
0.83
0.569
0.473
0.077
0.686
0.618
0.065
0.256
0.45
0.017
0.282
0.523
0.844
0.986
0.872
0.743
0.108
0.579
0.812
0.81
0.927
0.438
0.098
0.485
0.847
0.335
0.63
0.395
0.535
0.881
0.305
0.522
0.606
0.234
0.349
0.544
0.714
0.621
0.03
0.867
0.407
0.092
0.923
0.683
0.473
0.469
0.182
0.699
0.109
0.637
0.562
0.765
0.43
0.08
0.924
0.602
0.159
0.103
0.469
0.292
0.718
0.693
0.972
0.305
0.758
0.46
0.577
0.695
0.712
0.516
0.128
0.516
0.359
0.803
0.58
0.489
0.045
0.586
0.082
0.103
0.198
0.484
0.233
0.433
0.946
0.019
0.479
0.355
0.99
0.889
0.1
0.447
0.911
0.928
0.885
0.22
0.648
0.261
0.83
0.207
0.404
0.609
0.655
0.458
0.362
0.662
0.202
0.065
0.701
0.688
0.913
0.832
0.358
0.019
0.741
0.191
0.873
0.565
0.401
0.608
0.634
0.155
0.839
0.878
0.39
0.753
0.029
0.049
0.283
0.142
0.045
0.12
0.37
0.802
0.667
0.377
0.19
0.312
0.128
0.607
0.628
0.524
0.124
0.235
0.743
0.147
0.923
0.651
0.707
0.34
0.465
0.185
0.93
0.456
0.075
0.743
0.645
0.086
0.834
0.629
0.257
0.085
0.768
0.921
0.834
0.859
0.08
0.7
0.296
0.793
0.141
0.341
0.991
0.656
0.948
0.682
0.585
0.89
0.434
0.657
0.972
0.623
0.22
0.764
0.229
0.874
0.541
0.692
0.867
0.261
0.663
0.413
0.106
0.985
0.093
0.066
0.195
0.312
0.172
0.347
0.846
0.757
0.826
0.282
0.298
0.58
0.577
0.506
0.347
0.073
0.977
0.938
0.276
0.243
0.754
0.526
0.043
0.922
0.606
0.021
0.957
0.671
0.957
0.2
0.19
0.974
0.463
0.279
0.921
0.723
0.33
0.143
0.366
0.749
0.046
0.069
0.12
0.684
0.495
0.21
0.298
0.116
0.543
0.559
0.129
0.418
0.735
0.115
0.458
0.091
0.931
0.427
0.569
0.436
0.481
0.371
0.886
0.192
0.406
0.454
0.755
0.623
0.312
0.278
0.595
0.301
0.695
0.966
0.533
0.469
0.345
0.438
0.495
0.378
0.329
0.363
0.856
0.604
0.132
0.954
0.727
0.316
0.751
0.619
0.341
0.855
0.482
0.281
0.77
0.757
0.752
0.928
0.727
0.056
0.936
0.09
0.545
0.995
0.226
0.89
0.592
0.402
0.497
0.788
0.718
0.889
0.922
0.077
0.2
0.878
0.717
0.8
0.205
0.024
0.673
0.664
0.43
0.576
0.756
0.487
0.551
0.23
0.623
0.165
0.286
0.835
0.995
0.486
0.305
0.794
0.617
0.46
0.503
0.598
0.273
0.037
0.526
0.844
0.421
0.196
0.537
0.553
0.216
0.699
0.953
0.732
0.391
0.3
0.199
0.358
0.817
0.689
0.111
0.619
0.236
0.514
0.168
0.898
0.998
0.229
0.862
0.585
0.457
0.201
0.598
0.416
0.295
0.786
0.711
0.871
0.333
0.555
0.626
0.351
0.742
0.863
0.492
0.518
0.623
0.773
0.296
0.885
0.679
0.749
0.803
0.298
0.989
0.838
0.063
0.843
0.749
0.041
0.463
0.979
0.013
0.232
0.27
0.204
0.956
0.243
0.755
0.483
0.754
0.311
0.852
0.755
0.3
0.369
0.978
0.315
0.78
0.562
0.566
0.553
0.892
0
0.332
0.852
0.156
0.249
0.692
0.405
0.074
0.53
0.282
0.732
0.888
