0.779
0.353
0.64
0.359
0.089
0.994
0.542
0.715
0.58
0.356
0.45
0.667
0.152
0.383
0.953
0.24
0.564
0.772
0.899
0.809
0.456
0.688
0.698
0.293
0.449
0.836
0.746
0.25
0.821
0.979
0.042
0.782
0.648
0.557
0.998
0.006
0.983
0.988
0.166
0.325
0.765
0.374
0.871
0.689
0.314
0.248
0.661
0.171
0.388
0.262
0.219
0.999
0.628
0.761
0.732
0.821
0.775
0.83
0.817
0.331
0.53
0.064
0.079
0.854
0.416
0.797
0.988
0.892
0.237
0.219
0.499
0.828
0.851
0.508
0.388
0.923
0.407
0.9
0.452
0.588
0.123
0.01
0.899
0.372
0.373
0.538
0.902
0.765
0.202
0.223
0.817
0.847
0.819
0.965
0.51
0.724
0.22
0.889
0.791
0.743
0.123
0.454
0.307
0.228
0.283
0.545
0.614
0.593
0.831
0.369
0.513
0.048
0.941
0.317
0.546
0.455
0.135
0.788
0.752
0.018
0.028
0.68
0.562
0.293
0.567
0.251
0.214
0.793
0.066
0.332
0.987
0.982
0.999
0.947
0.25
0.599
0.118
0.284
0.199
0.932
0.885
0.161
0.423
0.701
0.731
0.719
0.431
0.885
0.716
0.936
0.537
0.736
0.873
0.08
0.147
0.655
0.369
0.782
0.396
0.667
0.188
0.706
0.927
0.474
0.086
0.888
0.444
0.922
0.416
0.548
0.709
0.942
0.748
0.444
0.367
0.738
0.283
0.679
0.139
0.244
0.751
0.202
0.978
0.055
0.236
0.72
0.834
0.52
0.335
0.58
0.065
0.302
0.643
0.484
0.258
0.795
0.0
0.492
0.141
0.873
0.533
0.181
0.389
0.415
0.97
0.085
0.716
0.521
0.117
0.181
0.565
0.926
0.579
0.711
0.581
0.684
0.562
0.124
0.883
0.117
0.715
0.927
0.505
0.723
0.796
0.825
0.029
0.662
0.854
0.865
0.892
0.815
0.418
0.461
0.768
0.997
0.335
0.705
0.106
0.532
0.028
0.222
0.821
0.76
0.868
0.434
0.689
0.524
0.1
0.52
0.924
0.204
0.745
0.414
0.427
0.778
0.249
0.331
0.225
0.565
0.496
0.863
0.792
0.134
0.721
0.716
0.128
0.368
0.782
0.828
0.725
0.945
0.097
0.318
0.13
0.594
0.84
0.463
0.597
0.033
0.321
0.911
0.877
0.92
0.31
0.997
0.035
0.99
0.837
0.451
0.361
0.805
0.526
0.719
0.445
0.691
0.082
0.56
0.877
0.342
0.327
0.929
0.1
0.211
0.742
0.009
0.003
0.18
0.149
0.525
0
0.694
0.493
0.115
0.212
0.268
0.251
0.166
0.815
0.572
0.493
0.665
0.979
0.269
0.029
0.27
0.725
0.623
0.919
0.83
0.848
0.08
0.61
0.835
0.487
0.404
0.583
0.34
0.873
0.961
0.702
0.344
0.482
0.628
0.871
0.961
0.242
0.531
0.58
0.188
0.909
0.319
0.968
0.135
0.248
0.829
0.19
0.477
0.348
0.961
0.993
0.822
0.095
0.369
0.419
0.603
0.262
0.127
0.583
0.007
0.358
0.073
0.912
0.293
0.849
0.171
0.559
0.476
0.858
0.696
0.395
0.67
0.056
0.311
0.043
0.459
0.287
0.111
0.705
0.372
0.424
0.695
0.453
0.392
0.687
0.818
0.088
0.434
0.349
0.49
0.996
0.743
0.715
0.622
0.592
0.594
0.065
0.502
0.538
0.967
0.207
0.411
0.139
0.527
0.893
0.85
0.954
0.308
0.78
0.153
0.038
0.502
0.491
0.777
0.041
0.022
0.705
0.084
0.331
0.6
0.716
0.074
0.683
0.7
0.776
0.803
0.422
0.605
0.795
0.868
0.433
0.631
0.084
0.177
0.922
0.048
0.553
0.914
0.019
0.819
0.73
0.381
0.173
0.657
0.767
0.843
0.28
0.338
0.629
0.694
0.642
0.188
0.215
0.845
0.084
0.764
0.307
0.661
0.339
0.26
0.714
0.101
0.795
0.095
0.626
0.678
0.516
0.343
0.333
0.64
0.105
0.248
0.061
0.418
0.306
0.388
0.786
0.44
0.217
0.289
0.322
0.779
0.948
0.559
0.088
0.968
0.399
0.522
0.529
0.992
0.73
0.208
0.783
0.832
0.301
0.364
0.135
0.807
0.251
0.28
0.847
0.88
0.825
0.798
0.328
0.601
0.569
0.612
0.587
0.768
0.582
0.971
0.315
0.015
0.563
0.82
0.286
0.945
0.325
0.19
0.038
0.139
0.954
0.304
0.296
0.909
0.232
0.04
0.563
0.776
0.054
0.176
0.984
0.652
0.809
0.913
0.456
0.859
0.445
0.067
0.159
0.271
0.089
0.408
0.406
0.974
0.507
0.783
0.919
0.925
0.25
0.061
0.1
0.812
0.417
0.261
0.062
0.759
0.577
0.812
0.663
0.14
0.267
0.656
0.304
0.307
0.46
0.599
0.285
0.082
0.51
0.914
0.914
0.751
0.608
0.846
0.447
0.002
0
0.397
0.699
0.738
0.87
0.988
0.109
0.268
0.012
0.049
0.396
0.918
0.302
0.603
0.209
0.055
0.332
0.466
0.068
0.824
0.572
0.906
0.069
0.337
0.401
0.003
0.383
0.398
0.801
0.634
0.426
0.267
0.168
0.588
0.679
0.681
0.931
0.394
0.006
0.19
0.286
0.107
0.939
0.895
0.455
0.534
0.517
0.206
0.644
0.221
0.614
0.2
0.201
0.108
0.101
0.054
0.825
0.002
0.01
0.79
0.948
0.183
0.048
0.4
0.518
0.616
0.665
0.646
0.924
0.237
0.094
0.148
0.261
0.712
0.849
0.345
0.908
0.66
0.307
0.441
0.951
0.278
0.19
0.154
0.16
0.576
0.139
0.549
0.116
0.213
0.644
0.89
0.667
0.922
0.782
0.678
0.459
0.01
0.548
0.325
0.561
0.415
0.754
0.391
0.459
0.001
0.611
0.69
0.151
0.802
0.312
0.033
0.385
0.224
0.547
0.325
0.504
0.395
0.219
0.392
0.855
0.203
0.167
0.571
0.57
0.29
0.181
0.536
0.182
0.334
0.576
0.639
0.124
0.838
0.88
0.213
0.331
0.783
0.852
0.883
0.707
0.425
0.985
0.278
0.481
0.331
0.049
0.946
0.049
0.517
0.157
0.243
0.515
0.004
0.285
0.525
0.58
0.158
0.169
0.123
0.285
0.605
0.722
0.626
0.077
0.728
0.759
0.593
0.447
0.452
0.845
0.048
0.548
0.196
0.408
0.494
0.957
0.503
0.973
0.866
0.725
0.087
0.146
0.487
0.627
0.969
0.692
0.598
0.544
0.347
0.863
0.905
0.153
0.595
0.598
0.74
0.671
0.693
0.176
0.905
0.738
0.508
0.508
0.216
0.556
0.441
0.143
0.553
0.42
0.297
0.687
0.196
0.449
0.303
0.263
0.303
0.624
0.786
0.72
0.435
0.96
0.356
0.509
0.229
0.445
0.765
0.235
0.502
0.73
0.487
0.745
0.079
0.555
0.524
0.941
0.865
0.335
0.259
0.387
0.111
0.108
0.363
0.769
0.438
0.587
0.784
0.571
0.991
0.629
0.157
0.569
0.914
0.517
0.791
0.284
0.753
0.123
0.772
0.299
0.996
0.521
0.413
0.894
0.206
0.462
0.644
0.902
0.583
0.694
0.174
0.701
0.64
0.122
0.511
0.57
0.373
0.076
0.661
0.135
0.924
0.665
0.357
0.829
0.139
0.024
0.163
0.868
0.285
0.293
0.163
0.68
0.79
0.951
0.928
0.747
0.102
0.435
0.373
0.11
0.188
0.33
0.548
0.051
0.564
0.22
0.86
0.734
0.6
0.282
0.637
0.555
0.47
0.293
0.993
0.459
0.562
0.159
0.708
0.805
0.52
0.549
0.2
0.371
0
0.44
0.281
0.089
0.299
0.363
0.264
0.621
0.478
0.817
0.384
0.284
0.47
0.459
0.31
0.594
0.563
0.36
0.851
0.363
0.05
0.408
0.147
0.185
0.403
0.126
0.643
0.045
0.469
0.254
0.705
0.053
0.504
0.492
0.385
0.437
0.484
0.487
0.824
0.242
0.419
0.639
0.308
0.161
0.758
0.282
0.808
0.629
0.907
0.117
0.495
0.918
0.857
0.856
0.968
0.531
0.667
0.473
0.388
0.193
0.656
0.535
0.724
0.347
0.507
0.852
0.712
0.014
0.175
0.892
0.966
0.122
0.979
0.825
0.442
0.211
0.06
0.079
0.373
0.954
0.132
0.945
0.277
0.545
0.875
0.255
0.822
0.724
0.758
