0.193
0.648
0.262
0.515
0.074
0.971
0.12
0.412
0.506
0.202
0.626
0.68
0.698
0.219
0.496
0.199
0.398
0.451
0.382
0.484
0.686
0.645
0.877
0.637
0.73
0.691
0.998
0.07
0.713
0.283
0.828
0.386
0.642
0.968
0.322
0.642
0.85
0.977
0.838
0.403
0.432
0.943
0.308
0.715
0.86
0.164
0.482
0.514
0.516
0.579
0.901
0.431
0.225
0.143
0.469
0.66
0.757
0.654
0.966
0.974
0.703
0.911
0.671
0.363
0.764
0.88
0.267
0.391
0.548
0.756
0.862
0.675
0.307
0.847
0.877
0.454
0.575
0.113
0.281
0.495
0.205
0.165
0.13
0.695
0.0
0.721
0.683
0.037
0.972
0.579
0.264
0.624
0.386
0.096
0.103
0.143
0.77
0.435
0.326
0.549
0.899
0.276
0.636
0.195
0.775
0.896
0.833
0.092
0.001
0.497
0.122
0.22
0.088
0.732
0.348
0.426
0.193
0.934
0.885
0.348
0.22
0.317
0.708
0.755
0.131
0.578
0.715
0.061
0.045
0.5
0.811
0.883
0.681
0.908
0.83
0.211
0.828
0.158
0.658
0.699
0.749
0.081
0.238
0.658
0.025
0.965
0.465
0.323
0.646
0.844
0.233
0.273
0.407
0.162
0.73
0.739
0.238
0.709
0.127
0.276
0.864
0.808
0.326
0.384
0.709
0.702
0.388
0.501
0.113
0.06
0.262
0.488
0.729
0.51
0.695
0.721
0.884
0.626
0.705
0.075
0.816
0.693
0.317
0.983
0.476
0.6
0.49
0.632
0.328
0.23
0.698
0.761
0.576
0.437
0.306
0.419
0.762
0.329
0.061
0.118
0.985
0.644
0.304
0.734
0.335
0.003
0.491
0.519
0.587
0.853
0.593
0.282
0.043
0.611
0.723
0.532
0.754
0.159
0.979
0.361
0.952
0.369
0.895
0.032
0.576
0.392
0.436
0.72
0.406
0.809
0.689
0.045
0.789
0.203
0.042
0.571
0.872
0.976
0.826
0.089
0.464
0.494
0.916
0.319
0.344
0.698
0.841
0.81
0.51
0.622
0.952
0.608
0.012
0.779
0.201
0.422
0.644
0.033
0.731
0.271
0.849
0.757
0.63
0.759
0.46
0.98
0.805
0.634
0.135
0.302
0.614
0.554
0.94
0.401
0.664
0.936
0.342
0.863
0.454
0.391
0.683
0.228
0.699
0.353
0.452
0.977
0.891
0.995
0.401
0.118
0.806
0.906
0.415
0.06
0.537
0.495
0.092
0.639
0.777
0.562
0.32
0.837
0.09
0.46
0.048
0.533
0.375
0.645
0.942
0.501
0.74
0.014
0.483
0.148
0.227
0.626
0.411
0.489
0.913
0.875
0.008
0.719
0.428
0.218
0.841
0.3
0.345
0.604
0.257
0.167
0.446
0.82
0.317
0.054
0.213
0.796
0.256
0.453
0.76
0.473
0.67
0.165
0.245
0.872
0.463
0.717
0.44
0.46
0.059
0.197
0.893
0.783
0.676
0.115
0.403
0.554
0.151
0.919
0.902
0.95
0.176
0.091
0.335
0.852
0.187
0.619
0.67
0.022
0
0.864
0.042
0.809
0.296
0.384
0.841
0.629
0.88
0.046
0.426
0.341
0.779
0.341
0.315
0.099
0.195
0.572
0.16
0.805
0.656
0.445
0.52
0.533
0.237
0.123
0.182
0.933
0.236
0.902
0.371
0.687
0.858
0.155
0.764
0.819
0.288
0.958
0.428
0.954
0.134
0.552
0.511
0.258
0.952
0.066
0
0.56
0.383
0.622
0.571
0.607
0.186
0.125
0.974
0.708
0.325
0.239
0.865
0.253
0.184
0.567
0.347
0.74
0.961
0.369
0.852
0.199
0.127
0.857
0.295
0.685
0.94
0.789
0.752
0.737
0.038
0.067
0.088
0.618
0.905
0.411
0.59
0.885
0.108
0.725
0.365
0.634
0.519
0.49
0.757
0.401
0.329
0.978
0.184
0.704
0.8
0.962
0.934
0.682
0.833
0.602
0.334
0.141
0.792
0.378
0.609
0.363
0.886
0.871
0.525
0.384
0.974
0.489
0.401
0.227
0.418
0.494
0.508
0.387
0.719
0.001
0.888
0.808
0.731
0.237
0.996
0.656
0.632
0.077
0.738
0.978
0.986
0.182
0.06
0.388
0.29
0.215
0.847
0.117
0.891
0.732
0.658
0.385
0.72
0.757
0.111
0.892
0.143
0.033
0.741
0.616
0.136
0.179
0.022
0.786
0.192
0.686
0.774
0.108
0.916
0.139
0.765
0.757
0.045
0.985
0.948
0.425
0.116
0.339
0.081
0.686
0.485
0.232
0.222
0.241
0.627
0.53
0.715
0.715
0.217
0.185
0.181
0.982
0.789
0.127
0.529
0.376
0.08
0.661
0.513
0.421
0.611
0.48
0.135
0.962
0.979
0.09
0.071
0.848
0.16
0.071
0.123
0.477
0.925
0.086
0.056
0.078
0.357
0.218
0.386
0.838
0.095
0.007
0.878
0.766
0.854
0.479
0.176
0.109
0.975
0.547
0.642
0.005
0.523
0.448
0.103
0.164
0.556
0.186
0.097
0.149
0.659
0.972
0.875
0.122
0.423
0.447
0.568
0.498
0.14
0.522
0.874
0.622
0.569
0.737
0.968
0.048
0.393
0.792
0.322
0.63
0.647
0.047
0.235
0.176
0.033
0.466
0.078
0.282
0.511
0.912
0.819
0.942
0.663
0.16
0.175
0.213
0.257
0.205
0.108
0.931
0.605
0.596
0.712
0.723
0.898
0.156
0.648
0.699
0.15
0.058
0.458
0.516
0.61
0.296
0.362
0.982
0.274
0.051
0.592
0.354
0.254
0.036
0.805
0.144
0.728
0.951
0.096
0.54
0.357
0.105
0.652
0.344
0.731
0.405
0.883
0.249
0.887
0.359
0.523
0.329
0.516
0.189
0.184
0.187
0.117
0.969
0.294
0.14
0.231
0.171
0.384
0.594
0.954
0.369
0.338
0.345
0.021
0.467
0.995
0.912
0.577
0.129
0.687
0.358
0.717
0.818
0.256
0.638
0.426
0.941
0.025
0.775
0.396
0.823
0.575
0.756
0.987
0.054
0.466
0.704
0.927
0.791
0.184
0.095
0.285
0.516
0.061
0.196
0.45
0.935
0.401
0.036
0.333
0.963
0.549
0.052
0.223
0.488
0.167
0.306
0.736
0.502
0.464
0.178
0.702
0.852
0.296
0.882
0.312
0.964
0.267
0.871
0.153
0.107
0.44
0.857
0.969
0.7
0.078
0.864
0.598
0.93
0.681
0.49
0.466
0.017
0.742
0.904
0.487
0.668
0.149
0.144
0.607
0.24
0.756
0.178
0.648
0.874
0.472
0.2
0.203
0.296
0.686
0.455
0.02
0.374
0.314
0.462
0.056
0.63
0.079
0.94
0.889
0.563
0.557
0.165
0.51
0.225
0.935
0.385
0.49
0.402
0.981
0.614
0.699
0.973
0.542
0.882
0.899
0.422
0.705
0.093
0.737
0.446
0.777
0.152
0.388
0.569
0.52
0.698
0.137
0.745
0.672
0.84
0.308
0.173
0.023
0.166
0.098
0.777
0.243
0.395
0.217
0.051
0.634
0.176
0.556
0.796
0.143
0.041
0.121
0.936
0.56
0.848
0.271
0.52
0.959
0.524
0.052
0.691
0.486
0.259
0.58
0.785
0.482
0.484
0.942
0.054
0.283
0.355
0.058
0.59
0.989
0.201
0.98
0.094
0.001
0.489
0.184
0.554
0.908
0.026
0.441
0.721
0.182
0.173
0.121
0.523
0.861
0.409
0.841
0.984
0.315
0.981
0.901
0.962
0.584
0.784
0.55
0.454
0.9
0.713
0.442
0.109
0.493
0.572
0.899
0.189
0.225
0.853
0.698
0.919
0.813
0.915
0.168
0.641
0.736
0.597
0.507
0.369
0.556
0.625
0.519
0.478
0.16
0.8
0.098
0.817
0.447
0.707
0.237
0.307
0.233
0.495
0.874
0.407
0.612
0.602
0.282
0.701
0.799
0.336
0.019
0.583
0.84
0.389
0.74
0.538
0.093
0.913
0.76
0.745
0.609
0.601
0.97
0.87
0.356
0.304
0.312
0.388
0.628
0.576
0.48
0.591
0.57
0.036
0.433
0.97
0.062
0.321
0.462
0.136
0.302
0.198
0.819
0.573
0.49
0.92
0.034
0.401
0.969
0.174
0.195
0.085
0.246
0.158
0.143
0.291
0.774
0.226
0.561
0.505
0.892
0.031
0.864
0.948
0.964
0.606
0.767
0.166
0.477
0.561
0.893
0.697
0.791
0.511
0.439
0.207
0.397
0.163
