0.343
0.592
0.724
0.453
0.598
0.377
0.893
0.871
0.655
0.28
0.295
0.098
0.821
0.395
0.354
0.693
0.027
0.499
0.22
0.145
0.815
0.032
0.115
0.854
0.582
0.285
0.221
0.706
0.829
0.834
0.15
0.812
0.441
0.002
0.996
0.357
0.81
0.079
0.408
0.125
0.65
0.27
0.28
0.292
0.851
0.883
0.982
0.624
0.394
0.056
0.164
0.262
0.364
0.923
0.435
0.962
0.68
0.703
0.905
0.022
0.139
0.416
0.759
0.373
0.184
0.566
0.427
0.287
0.547
0.581
0.751
0.635
0.716
0.707
0.166
0.764
0.495
0.998
0.863
0.582
0.115
0.629
0.097
0.639
0.144
0.196
0.977
0.541
0.572
0.423
0.055
0.169
0.839
0.922
0.964
0.464
0.109
0.811
0.552
0.648
0.367
0.261
0.928
0.999
0.7
0.901
0.822
0.636
0.738
0.665
0.013
0.321
0.498
0.37
0.693
0.579
0.009
0.586
0.805
0.24
0.474
0.216
0.542
0.153
0.152
0.841
0.785
0.455
0.853
0.3
0.146
0.152
0.093
0.835
0.627
0.268
0.484
0.246
0.824
0.047
0.83
0.998
0.745
0.747
0.338
0.209
0.094
0.299
0.322
0.769
0.477
0.695
0.727
0.268
0.025
0.254
0.266
0.587
0.208
0.484
0.091
0.193
0.121
0.211
0.877
0.489
0.798
0.232
0.648
0.44
0.329
0.9
0.84
0.064
0.277
0.959
0.946
0.571
0.442
0.718
0.19
0.237
0.145
0.389
0.302
0.502
0.657
0.057
0.059
0.567
0.689
0.491
0.506
0.119
0.988
0.566
0.252
0.064
0.408
0.189
0.97
0.453
0.127
0.332
0.109
0.654
0.399
0.406
0.457
0.026
0.849
0.763
0.337
0.863
0.451
0.728
0.008
0.298
0.817
0.857
0.484
0.766
0.244
0.403
0.294
0.584
0.448
0.935
0.765
0.316
0.345
0.18
0.098
0.486
0.993
0.248
0.21
0.426
0.661
0.745
0.013
0.205
0.479
0.348
0.473
0.918
0.401
0.543
0.465
0.554
0.844
0.071
0.96
0.552
0.517
0.91
0.271
0.091
0.055
0.482
0.549
0.198
0.617
0.17
0.035
0.766
0.776
0.732
0.969
0.448
0.111
0.622
0.621
0.649
0.424
0.739
0.806
0.965
0.512
0.587
0.208
0.447
0.066
0.201
0.443
0.896
0.546
0.275
0.706
0.568
0.299
0.792
0.17
0.886
0.994
0.121
0.823
0.213
0.424
0.584
0.996
0.207
0.755
0.478
0.181
0.588
0.545
0.14
0.956
0.951
0.555
0.942
0.534
0.186
0.291
0.914
0.305
0.777
0.86
0.423
0.145
0.171
0.686
0.369
0.25
0.819
0.782
0.045
0.288
0.096
0.527
0.818
0.262
0.82
0.858
0.279
0.595
0.989
0.223
0.732
0.818
0.049
0.811
0.743
0.484
0.895
0.834
0.768
0.792
0.509
0.918
0.23
0.093
0.277
0.066
0.626
0.483
0.483
0.274
0.818
0.134
0.563
0.226
0.842
0.8
0.015
0.243
0.05
0.399
0.509
0.716
0.203
0.362
0.364
0.046
0.844
0.246
0.34
0.812
0.608
0.044
0.903
0.384
0.97
0.421
0.954
0.608
0.937
0.485
0.351
0.386
0.244
0.722
0.197
0.141
0.15
0.647
0.283
0.538
0.498
0.163
0.357
0.296
0.141
0.839
0.836
0.238
0.155
0.854
0.938
0.378
0.282
0.546
0.051
0.532
0.206
0.864
0.149
0.85
0.569
0.58
0.587
0.416
0.652
0.524
0.846
0.732
0.454
0.368
0.596
0.384
0.298
0.204
0.18
0.991
0.351
0.548
0.094
0.366
0.124
0.622
0.407
0.19
0.693
0.524
0.287
0.435
0.797
0.451
0.933
0.151
0.648
0.44
0.93
0.985
0.721
0.868
0.027
0.173
0.301
0.721
0.203
0.649
0.254
0.799
0.57
0.102
0.219
0.173
0.235
0.573
0.604
0.464
0.846
0.451
0.565
0.812
0.926
0.384
0.371
0.27
0.925
0.649
0.151
0.92
0.078
0.404
0.747
0.288
0.747
0.244
0.831
0.948
0.404
0.75
0.843
0.95
0.002
0.087
0.144
0.305
0.856
0.101
0.107
0.523
0.668
0.941
0.167
0.395
0.092
0.394
0.351
0.96
0.961
0.918
0.986
0.953
0.081
0.626
0.051
0.27
0.106
0.273
0.516
0.442
0.963
0.427
0.801
0.69
0.64
0.108
0.427
0.737
0.855
0.478
0.18
0.127
0.569
0.427
0.121
0.462
0.814
0.326
0.702
0.181
0.883
0.73
0.182
0.924
0.451
0.46
0.831
0.231
0.033
0.153
0.424
0.34
0.74
0.955
0.436
0.54
0.437
0.511
0.309
0.648
0.277
0.664
0.488
0.435
0.821
0.397
0.324
0.184
0.574
0.937
0.285
0.855
0.507
0.276
0.879
0.11
0.781
0.669
0.744
0.382
0.597
0.191
0.076
0.637
0.486
0.996
0.529
0.14
0.612
0.287
0.775
0.824
0.535
0.671
0.524
0.478
0.215
0.397
0.34
0.086
0.798
0.085
0.787
0.517
0.148
0.83
0.251
0.223
0.301
0.304
0.923
0.172
0.301
0.36
0.336
0.852
0.751
0.569
0.149
0.514
0.7
0.121
0.351
0.042
0.647
0.201
0.056
0.666
0.389
0.809
0.653
0.447
0.065
0.705
0.184
0.14
0.811
0.57
0.455
0.405
0.299
0.163
0.42
0.299
0.38
0.721
0.407
0.915
0.57
0.267
0.672
0.788
0.939
0.242
0.933
0.59
0.931
0.552
0.463
0.754
0.745
0.641
0.028
0.45
0.311
0.192
0.694
0.551
0.571
0.446
0.547
0.06
0.766
0.421
0.081
0.686
0.187
0.84
0.562
0.466
0.531
0.536
0.123
0.214
0.831
0.529
0.25
0.15
0.53
0.948
0.703
0.059
0.52
0.517
0.539
0.413
0.58
0.198
0.772
0.941
0.01
0.225
0.73
0.441
0.567
0.62
0.811
0.671
0.485
0.302
0.991
0.02
0.561
0.269
0.847
0.807
0.049
0.738
0.876
0.29
0.205
0.26
0.434
0.788
0.575
0.477
0.024
0.638
0.928
0.548
0.008
0.974
0.87
0.562
0.582
0.418
0.29
0.738
0.306
0.93
0.008
0.671
0.588
0.561
0.708
0.532
0.557
0.352
0.069
0.161
0.631
0.648
0.994
0.516
0.854
0.037
0.979
0.198
0.795
0.151
0.78
0.028
0.867
0.049
0.884
0.533
0.7
0.818
0.966
0.116
0.177
0.054
0.207
0.159
0.724
0.243
0.89
0.749
0.261
0.185
0.804
0.116
0.545
0.438
0.134
0.535
0.261
0.052
0.424
0.592
0.893
0.209
0.723
0.627
0.922
0.159
0.542
0.167
0.232
0.415
0.834
0.325
0.124
0.227
0.878
0.513
0.78
0.176
0.999
0.284
0.053
0.767
0.281
0.342
0.27
0.964
0.18
0.355
0.511
0.276
0.37
0.562
0.053
0.829
0.148
0.395
0.338
0.918
0.08
0.242
0.828
0.764
0.633
0.846
0.224
0.862
0.875
0.522
0.585
0.561
0.067
0.837
0.539
0.62
0.39
0.584
0.168
0.414
0.832
0.303
0.718
0.549
0.844
0.974
0.594
0.041
0.003
0.284
0.987
0.477
0.3
0.886
0.359
0.509
0.769
0.772
0.085
0.698
0.356
0.27
0.787
0.39
0.027
0.006
0.397
0.339
0.398
0.19
0.543
0.197
0.917
0.154
0.43
0.761
0.361
0.133
0.86
0.538
0.059
0.82
0.642
0.322
0.042
0.538
0.381
0.199
0.656
0.675
0.136
0.055
0.653
0.554
0.536
0.595
0.851
0.162
0.889
0.014
0.124
0.421
0.279
0.104
0.299
0.112
0.621
0.987
0.896
0.026
0.448
0.38
0.423
0.267
0.741
0.472
0.847
0.208
0.344
0.392
0.504
0.94
0.845
0.101
0.417
0.644
0.87
0.497
0.967
0.6
0.497
0.721
0.402
0.324
0.702
0.677
0.119
0.85
0.611
0.213
0.451
0.279
0.442
0.201
0.762
0.674
0.241
0.614
0.301
0.612
0.082
0.396
0.342
0.261
0.139
0.38
0.809
0.915
0.308
0.64
0.213
0.748
0.823
0.602
0.052
0.517
0.849
0.312
0.919
0.567
0.902
0.799
0.861
0.317
0.478
0.255
0.992
0.077
0.752
0.436
0.938
0.035
0.783
0.504
0.08
0.328
0.544
