0.378
0.282
0.235
0.731
0.541
0.434
0.738
0.756
0.752
0.325
0.88
0.153
0.744
0.011
0.579
0.365
0.026
0.225
0.397
0.84
0.058
0.117
0.048
0.398
0.051
0.707
0.624
0.159
0.573
0.833
0.812
0.05
0.757
0.838
0.186
0.622
0.367
0.402
0.318
0.585
0.599
0.49
0.364
0.082
0.356
0.969
0.559
0.696
0.59
0.209
0.502
0.32
0.554
0.588
0.215
0.428
0.706
0.633
0.16
0.016
0.648
0.022
0.928
0.584
0.821
0.302
0.025
0.264
0.291
0.951
0.15
0.946
0.69
0.843
0.067
0.302
0.079
0.659
0.775
0.69
0.111
0.908
0.603
0.75
0.933
0.255
0.494
0.582
0.649
0.88
0.694
0.807
0.203
0.508
0.545
0.005
0.021
0.93
0.247
0.538
0.931
0.207
0.529
0.933
0.921
0.382
0.735
0.604
0.289
0.977
0.432
0.466
0.25
0.958
0.848
0.145
0.704
0.68
0.44
0.695
0.688
0.804
0.38
0.328
0.318
0.528
0.779
0.763
0.736
0.245
0.189
0.403
0.056
0.21
0.685
0.857
0.19
0.15
0.381
0.271
0.311
0.601
0.394
0.329
0.147
0.695
0.782
0.614
0.043
0.983
0.716
0.185
0
0.56
0.66
0.08
0.938
0.39
0.987
0.083
0.251
0.754
0.91
0.029
0.405
0.361
0.178
0.913
0.21
0.307
0.832
0.19
0.352
0.789
0.4
0.134
0.046
0.929
0.529
0.369
0.505
0.874
0.076
0.626
0.817
0.694
0.388
0.673
0.199
0.646
0.314
0.795
0.676
0.406
0.889
0.347
0.059
0.553
0.183
0.414
0.309
0.489
0.283
0.098
0.989
0.53
0.359
0.484
0.344
0.708
0.918
0.866
0.465
0.937
0.682
0.36
0.676
0.883
0.554
0.462
0.166
0.557
0.124
0.11
0.835
0.032
0.024
0.541
0.977
0.543
0.445
0.247
0.959
0.485
0.447
0.805
0.634
0.23
0.659
0.839
0.218
0.574
0.963
0.518
0.002
0.097
0.645
0.449
0.701
0.243
0.602
0.457
0.895
0.582
0.553
0.11
0.063
0.582
0.478
0.934
0.252
0.069
0.899
0.959
0.295
0.84
0.435
0.063
0.397
0.136
0.266
0.239
0.645
0.73
0.884
0.423
0.957
0.85
0.454
0.027
0.358
0.025
0.447
0.948
0.138
0.953
0.549
0.437
0.453
0.883
0.802
0.123
0.21
0.608
0.964
0.433
0.832
0.124
0.174
0.742
0.573
0.462
0.606
0.358
0.983
0.675
0.288
0.441
0.852
0.347
0.014
0.056
0.234
0.145
0.098
0.307
0.77
0.727
0
0.48
0.987
0.43
0.399
0.371
0.554
0.779
0.206
0.142
0.324
0.333
0.821
0.748
0.636
0.691
0.786
0.785
0.039
0.862
0.655
0.537
0.565
0.855
0.134
0.733
0.74
0.593
0.719
0.367
0.221
0.645
0.513
0.075
0.884
0.501
0
0.414
0.314
0.145
0.606
0.637
0.74
0.182
0.817
0.764
0.891
0.444
0.391
0.454
0.236
0.557
0.318
0.269
0.809
0.51
0.785
0.397
0.671
0.597
0.58
0.618
0.746
0.084
0.035
0.637
0.945
0.241
0.926
0.375
0.175
0.195
0.793
0.064
0.98
0.528
0.575
0.31
0.158
0.561
0.037
0.938
0.887
0.341
0.269
0.433
0.385
0.676
0.784
0.26
0.621
0.029
0.044
0.891
0.831
0.756
0.396
0.984
0.17
0.092
0.157
0.923
0.363
0.319
0.51
0.98
0.19
0.145
0.348
0.195
0.731
0.633
0.552
0.99
0.358
0.414
0.513
0.241
0.615
0.124
0.09
0.776
0.09
0.155
0.112
0.054
0.62
0.13
0.851
0.401
0.449
0.842
0.359
0.255
0.612
0.283
0.995
0.32
0.71
0.652
0.251
0.452
0.311
0.809
0.523
0.532
0.255
0.459
0.414
0.824
0.821
0.9
0.422
0.273
0.478
0.702
0.385
0.861
0.474
0.456
0.764
0.139
0.67
0.128
0.667
0.578
0.207
0.581
0.845
0.474
0.566
0.883
0.504
0.756
0.439
0.693
0.179
0.623
0.64
0.112
0.774
0.322
0.725
0.066
0.638
0.764
0.482
0.512
0.13
0.958
0.263
0.415
0.141
0.105
0
0.903
0.158
0.585
0.945
0.048
0.674
0.693
0.61
0.777
0
0.025
0.577
0.232
0.811
0.081
0.756
0.872
0.211
0.893
0.156
0.476
0.585
0.171
0.231
0.341
0.351
0.618
0.364
0.085
0.114
0.467
0.553
0.32
0.937
0.476
0.987
0.476
0.306
0.515
0.038
0.232
0.76
0.93
0.397
0.036
0.886
0.18
0.047
0.788
0.415
0.346
0.298
0.208
0.333
0.013
0.756
0.28
0.414
0.341
0.172
0.063
0.017
0.317
0.778
0.811
0.245
0.543
0.401
0.41
0.308
0.566
0.737
0.805
0.365
0.262
0.536
0.603
0.621
0.119
0.685
0.578
0.894
0.683
0.887
0.223
0.355
0.089
0.548
0.529
0.382
0.152
0.217
0.174
0.939
0.475
0.543
0.457
0.67
0.748
0.127
0.977
0.943
0.139
0.4
0.034
0.421
0.357
0.092
0.329
0.636
0.447
0.378
0.919
0.084
0.986
0.718
0.938
0.156
0.915
0.766
0.074
0.879
0.637
0.765
0.074
0.93
0.591
0.067
0.233
0.603
0.888
0.519
0.445
0.605
0.502
0.717
0.492
0.441
0.089
0.899
0.509
0.161
0.922
0.908
0.046
0.52
0.079
0.415
0.445
0.342
0.609
0.199
0.312
0.785
0.595
0.441
0.588
0.806
0.222
0.264
0.075
0.439
0.733
0.905
0.655
0.054
0.794
0.432
0.43
0.111
0.033
0.759
0.039
0.442
0.738
0.635
0.28
0.184
0.43
0.643
0.545
0.983
0.345
0.241
0.809
0.183
0.066
0.357
0.067
0.578
0.728
0.206
0.359
0.498
0.751
0
0.694
0.561
0.723
0.174
0.815
0.898
0.898
0.303
0.603
0.124
0.758
0.888
0.344
0.216
0.564
0.214
0.858
0.0
0.886
0.505
0.17
0.099
0.416
0.497
0.07
0.27
0.183
0.213
0.391
0.217
0.064
0.302
0.093
0.836
0.541
0.469
0.923
0.571
0.925
0.085
0.377
0.881
0.7
0.193
0.875
0.432
0.105
0.699
0.345
0.365
0.412
0.69
0.033
0.863
0.59
0.125
0.733
0.813
0.551
0.549
0.937
0.85
0.01
0.464
0.911
0.875
0.39
0.59
0.408
0.939
0.702
0.772
0.541
0.408
0.249
0.19
0.608
0.246
0.517
0.984
0.534
0.67
0.216
0.666
0.068
0.947
0.418
0.784
0.644
0.442
0.992
0.785
0.137
0.544
0.362
0.075
0.412
0.147
0.6
0.263
0.098
0.231
0.699
0.623
0.483
0.1
0.112
0.605
0.503
0.96
0.556
0
0.698
0.704
0.017
0.939
0.686
0.167
0.931
0.598
0.278
0.576
0.648
0.513
0.32
0.106
0.75
0.839
0.614
0.732
0.061
0.689
0.18
0.489
0.566
0.608
0.302
0.196
0.87
0.188
0.767
0.598
0.686
0.193
0.258
0.304
0.118
0.329
0.658
0.63
0.817
0.294
0.518
0.992
0.782
0.762
0.392
0.727
0.951
0.67
0.506
0.634
0.918
0.035
0.308
0.614
0.954
0.354
0.111
0.183
0.352
0.216
0.259
0.148
0.581
0.86
0.741
0.993
0.255
0.191
0.035
0.391
0.317
0.296
0.4
0.256
0.144
0.038
0.597
0.973
0.134
0.958
0.062
0.697
0.98
0.984
0.114
0.918
0.274
0.324
0.417
0.895
0.425
0.4
0.754
0.058
0.794
0.627
0.517
0.569
0.128
0.092
0.82
0.286
0.371
0.882
0.247
0.65
0.428
0.452
0.715
0.956
0.438
0.283
0.822
0.356
0.05
0.747
0.245
0.835
0.915
0.547
0.007
0.424
0.596
0.9
0.627
0.547
0.478
0.527
0.573
0.761
0.097
0.203
0.002
0.054
0.269
0.396
0.693
0.846
0.548
0.41
0.168
0.225
0.408
0.969
0.173
0.035
0.41
0.806
0.926
0.943
0.972
0.209
0.28
0.383
0.931
0.275
0.786
0.597
0.565
0.843
0.635
0.62
0.862
0.264
0.607
0.121
0.904
0.078
0.522
0.529
0.062
0.249
0.204
0.24
0.329
0.614
0.643
0.572
0.685
