0.961
0.022
0.463
0.42
0.154
0.615
0.621
0.753
0.304
0.876
0.142
0.853
0.586
0.933
0.487
0.216
0.216
0.291
0.134
0.294
0.224
0.185
0.451
0.337
0.066
0.547
0.557
0.361
0.716
0.054
0
0.396
0.001
0.442
0.825
0.55
0.595
0.159
0.626
0.532
0.022
0.567
0.684
0.18
0.325
0.01
0.975
0
0.252
0.49
0.323
0.487
0.53
0.853
0.929
0.02
0.381
0.048
0.777
0.886
0.86
0.006
0.23
0.684
0.996
0.547
0.997
0.26
0.921
0.545
0.811
0.644
0.772
0.238
0.493
0.522
0.844
0.311
0.536
0.851
0.302
0.984
0.552
0.393
0.304
0.123
0.381
0.361
0.217
0.687
0.636
0.817
0.969
0.726
0.003
0.986
0.172
0.707
0.782
0.027
0.239
0.319
0.818
0.961
0.015
0.803
0.564
0.495
0.924
0.076
0.521
0.536
0.553
0.043
0.157
0.82
0.995
0.72
0.859
0.62
0.041
0.759
0.703
0.669
0.629
0.429
0.183
0.402
0.297
0.292
0.475
0.402
0.272
0.211
0.249
0.705
0.394
0.137
0.506
0.555
0.464
0.634
0.186
0.102
0.309
0.323
0.711
0.457
0.348
0.29
0.7
0.697
0.25
0.187
0.439
0.838
0.387
0.532
0.168
0.463
0.943
0.529
0.844
0.97
0.584
0.369
0.741
0.748
0.418
0.55
0.489
0.306
0.949
0.66
0.491
0.963
0.19
0.548
0.97
0.99
0.951
0.439
0.621
0.28
0.186
0.851
0.241
0.665
0.934
0.917
0.964
0.992
0.698
1.0
0.502
0.426
0.753
0.092
0.785
0.982
0.906
0.663
0.159
0.303
0.605
0.165
0.673
0.525
0.384
0.006
0.431
0.751
0.787
0.811
0.681
0.661
0.448
0.487
0.061
0.659
0.757
0.897
0.783
0.141
0.544
0.359
0.262
0.034
0.892
0.948
0.38
0.985
0.405
0.775
0.199
0.324
0.883
0.716
0.139
0.854
0.91
0.127
0
0.781
0.363
0.125
0.963
0.503
0.936
0.661
0.547
0.266
0.167
0.378
0
0.167
0.932
0.245
0.59
0.044
0.276
0.527
0.646
0.563
0.075
0.874
0.938
0.886
0.546
0.839
0.893
0.825
0.256
0.122
0.549
0.265
0.68
0.982
0.65
0.513
0.261
0.999
0.745
0.954
0.058
0.996
0.814
0.443
0.341
0.612
0.073
0.272
0.638
0.06
0.348
0.962
0.128
0.115
0.845
0.535
0.499
0.427
0.283
0.259
0.036
0.982
0.84
0.266
0.852
0.36
0.197
0.615
0.199
0.142
0.906
0.888
0.183
0.803
0.678
0.973
0.394
0.74
0.589
0.746
0.878
0.14
0.292
0.138
0.148
0.529
0.095
0.616
0.39
0.04
0.01
0.949
0.793
0.675
0.47
0.212
0.692
0.622
0.981
0.989
0.992
0.554
0.095
0.554
0
0.546
0.63
0.811
0.324
0.546
0.947
0.25
0.905
0.376
0.946
0.791
0.641
0.519
0.458
0.217
0.642
0.121
0.106
0.919
0.769
0.298
0.622
0.413
0.98
0.798
0.422
0.606
0.438
0.171
0.4
0.182
0.984
0.071
0.913
0.118
0.472
0.48
0.658
0.45
0.384
0.146
0.901
0.025
0.521
0.399
0.382
0.023
0.629
0.406
0.747
0.279
0.636
0.339
0.093
0.523
0.03
0.166
0.824
0.197
0.848
0.435
0.369
0.668
0.788
0.627
0.708
0.034
0.992
0.521
0.899
0.633
0.91
0.376
0.804
0.07
0.437
0.898
0.956
0.672
0.294
0.043
0.941
0.392
0.052
0.618
0.609
0.428
0.158
0.213
0.669
0.522
0.737
0.318
0.472
0.018
0.309
0.1
0.731
0.931
0.267
0.583
0.166
0.652
0.135
0.687
0.21
0.381
0.134
0.172
0.8
0.974
0.883
0.494
0.568
0.595
0.707
0.871
0.031
0.883
0.821
0.331
0.684
0.353
0.337
0.662
0.217
0.355
0.607
0.515
0.492
0.929
0.901
0.836
0.281
0.893
0.115
0.222
0.229
0.72
0.44
0.973
0.387
0.655
0.838
0.824
0.294
0.993
0.237
0.012
0.656
0.624
0.838
0.898
0.876
0.931
0.158
0.527
0.302
0.238
0.242
0.779
0.063
0.51
0.055
0.041
0.452
0.768
0.387
0.409
0.842
0.874
0.503
0.903
0.584
0.157
0.659
0.705
0.221
0.351
0.565
0.458
0.12
0.904
0.277
0.833
0.294
0.572
0.506
0.047
0.642
0.457
0.144
0.068
0.739
0.659
0.836
0.246
0.872
0.198
0.973
0.425
0.482
0.069
0.616
0.012
0.728
0.926
0.141
0.721
0.321
0.296
0.465
0.739
0.479
0.09
0.957
0.05
0.73
0.728
0.327
0.783
0.728
0.656
0.463
0.494
0.008
0.711
0.96
0.17
0.724
0.898
0.736
0.445
0.563
0.385
0.315
0.368
0.039
0.545
0.964
0.126
0.104
0.63
0.904
0.765
0.512
0.441
0.546
0.344
0.217
0.068
0.398
0.081
0.362
0.642
0.641
0.45
0.986
0.487
0.337
0.648
0.678
0.916
0.517
0.75
0.055
0.045
0.447
0.721
0.338
0.812
0.61
0.752
0.257
0.243
0.132
0.223
0.828
0.966
0.053
0.153
0.96
0.943
0.827
0.337
0.079
0.607
0.759
0.272
0.274
0.328
0.002
0.698
0.454
0
0.351
0.463
0.856
0.213
0.287
0.911
0.875
0.124
0.477
0.931
0.98
0.491
0.848
0.246
0.009
0.86
0.611
0.72
0.219
0.659
0.141
0.471
0.313
0.904
0.236
0.423
0.013
0.453
0.157
0.99
0.183
0.169
0.251
0.792
0.768
0.863
0.409
0.401
0.482
0.712
0.801
0.453
0.935
0.806
0.836
0.619
0.749
0.985
0.622
0.67
0.923
0.423
0.702
0.428
0.902
0.924
0.014
0.583
0.323
0.613
0.609
0.091
0.403
0.621
0.64
0.732
0.053
0.828
0.036
0.794
0.915
0.797
0.216
0.571
0.093
0.842
0.95
0.848
0.943
0.903
0.862
0.737
0.233
0.989
0.807
0.917
0.309
0.13
0.421
0.701
0.67
0.276
0.027
0.608
0.797
0.516
0.679
0.25
0.346
0.798
0.388
0.564
0.438
0.468
0.23
0.838
0.268
0.408
0.469
0.247
0.669
0.102
0.647
0.11
0.964
0.609
0.35
0.209
0.421
0.147
0.895
0.088
0.961
0.527
0.56
0.055
0.463
0.817
0.394
0.764
0.519
0.979
0.277
0.039
0.071
0.753
0.5
0.555
0.666
0.857
0.036
0.668
0.911
0.24
0.757
0.012
0.937
0.916
0.565
0.078
0.928
0.505
0.631
0.543
0.194
0.076
0.897
0.059
0.896
0.369
0.544
0.237
0.427
0.303
0.484
0.282
0.807
0.359
0.998
0.229
0.795
0.11
0.797
0.565
0.859
0.101
0.649
0.08
0.42
0.958
0.05
0.805
0.042
0.909
0.816
0.318
0.016
0.493
0.387
0.356
0.431
0.327
0.489
0.205
0.691
0.402
0.189
0.922
0.101
0.413
0.345
0.443
0.472
0.677
0.774
0.215
0.787
0.024
0.769
0.253
0.639
0.201
0.453
0.908
0.136
0.145
0.356
0.261
0.714
0.881
0.485
0.861
0.922
0.112
0.793
0.315
0.647
0.941
0.982
0.678
0.167
0.073
0.973
0.934
0.743
0.596
0.672
0
0.812
0.046
0.524
0.355
0.288
0.179
0.111
0.121
0.758
0.255
0.441
0.294
0.874
0.888
0.904
0.208
0.35
0.651
0.581
0.27
0.651
0.029
0.203
0.042
0.699
0.328
0.45
0.916
0.029
0.137
0.301
0.754
0.569
0.036
0.847
0.698
0.248
0.581
0.9
0.539
0.052
0.873
0.546
0.38
0.476
0.837
0
0.98
0.137
0.713
0.14
0.027
0.478
0.627
0.764
0.0
0.923
0.543
0.236
0.454
0.476
0.704
0.317
0.471
0.394
0.632
0.079
0.693
0.87
0.961
0.148
0.176
0.899
0.108
0.173
0.103
0.24
0.197
0.203
0.498
0.147
0.712
0.667
0.766
0.334
0.638
0.981
0.357
0.243
0.706
0.648
0.392
0.982
0.774
0.542
0.581
0.021
0.784
0.732
0.551
0.075
0.111
0.851
0.573
0.334
0.953
0.068
0.632
0.407
0.266
0.173
0.71
0.115
0.413
0.45
0.974
0.488
0.415
