0.852
0.995
0.384
0.935
0.103
0.926
0.534
0.224
0.694
0.839
0.327
0.967
0.019
0.629
0.891
0.486
0.332
0.861
0.72
0.082
0.946
0.095
0.7
0.726
0.467
0.868
0.934
1.0
0.485
0.835
0.6
0.018
0.772
0.38
0.011
0.096
0.067
0
0.106
0.741
0.819
0.431
0.227
0.577
0.615
0.27
0.934
0.26
0.528
0.473
0.567
0.324
0.655
0.697
0.171
0.715
0.095
0.889
0.307
0.982
0.556
0.457
0.711
0.642
0.472
0.672
0.837
0.182
0.316
0.162
0.615
0.472
0.602
0.612
0.435
0.809
0.881
0.423
0.66
0.282
0.67
0.798
0.314
0.487
0.175
0.487
0.784
0.414
0.501
0.554
0.452
0.915
0.497
0.718
0.7
0.835
0.199
0.372
0.536
0.674
0.892
0.207
0.844
0.868
0.248
0.015
0.966
0.754
0.581
0.419
0.981
0.907
0.537
0.025
0.044
0.879
0.217
0.023
0.998
0.537
0.324
0.676
0.771
0.816
0.169
0.126
0.705
0.243
0.889
0.43
0.992
0.042
0.344
0.782
0.31
0.664
0.306
0.947
0.942
0.707
0.091
0.247
0.45
0.066
0.273
0.72
0.55
0.212
0.526
0.378
0.659
0.754
0.14
0.538
0.285
0.431
0.981
0.661
0.669
0.05
0.29
0.2
0.021
0.781
0.845
0.471
0.435
0.871
0.842
0.288
0.04
0.451
0.067
0.354
0.253
0.798
0.506
0.611
0.266
0.751
0.569
0.918
0.464
0.507
0.024
0.743
0.147
0.65
0.023
0.27
0.41
0.42
0.025
0.946
0.584
0.441
0.652
0.125
0.552
0.729
0.22
0.431
0.549
0.683
0.594
0.954
0.201
0.204
0.987
0.11
0.298
0.847
0.505
0.132
0.59
0.187
0.331
0.951
0.075
0.927
0.021
0.74
0.94
0.975
0.502
0.545
0.607
0.261
0.47
0.997
0.96
0.9
0.638
0.966
0.059
0.173
0.579
0.211
0.775
0.179
0.174
0.079
0.986
0.733
0.962
0.489
0.923
0.886
0.861
0.768
0.049
0.805
0.574
0.74
0.138
0.309
0.523
0.423
0.097
0.588
0.484
0.884
0.184
0.416
0.454
0.105
0.772
0.074
0.786
0.337
0.409
0.837
0.855
0.36
0.08
0.735
0.008
0.658
0.842
0.117
0.608
0.984
0.029
0.559
0.969
0.139
0.006
0.191
0.835
0.015
0.013
0.454
0.224
0.176
0.885
0.12
0.099
0.053
0.166
0.944
0.073
0.785
0.518
0.356
0.989
0.243
0.956
0.678
0.224
0.43
0.856
0.851
0.215
0.607
0.058
0.469
0.916
0.059
0.329
0.126
0.358
0.901
0.282
0.921
0.721
0.024
0.21
0.961
0.256
0.81
0.687
0.383
0.169
0.434
0.646
0.225
0.956
0.932
0.549
0.616
0.478
0.136
0.65
0.146
0.249
0.266
0.834
0.521
0.872
0.801
0.356
0.605
0.573
0.791
0.793
0.727
0.974
0.93
0.242
0.238
0.248
0.242
0.091
0.762
0.702
0.351
0.301
0.79
0.213
0.881
0.221
0.129
0.363
0.745
0.49
0.235
0.569
0.066
0.841
0.256
0.477
0.072
0.259
0.734
0.136
0.344
0.137
0.318
0.521
0.643
0.542
0.206
0.763
0.069
0.931
0.294
0.003
0.198
0.358
0.23
0.369
0.199
0.22
0.011
0.979
0.736
0.114
0.754
0.496
0.692
0.926
0.455
0.158
0.785
0.62
0.902
0.882
0.121
0.712
0.303
0.584
0.872
0.627
0.261
0.649
0.627
0.649
0.286
0.494
0.748
0.59
0.309
0.769
0.734
0.089
0.252
0.571
0.894
0.066
0.221
0.182
0.649
0.62
0.073
0.319
0.822
0.173
0.103
0.591
0.291
0.025
0.198
0.264
0.315
0.707
0.405
0.808
0.514
0.29
0.309
0.273
0.416
0.615
0.577
0.159
0.084
0.108
0.575
0.957
0.505
0.978
0.943
0.095
0.221
0.418
0.753
0.609
0.749
0.528
0.357
0.078
0.007
0.856
0.996
0.351
0.021
0.363
0.61
0.548
0.834
0.778
0.097
0.894
0.614
0.761
0.638
0.424
0.137
0.958
0.482
0.047
0.118
0.364
0
0.462
0.771
0.495
0.001
0.301
0.296
0.698
0.474
0.423
0.051
0.629
0.591
0.736
0.3
0.662
0.11
0.102
0.781
0.679
0.902
0.89
0.195
0.296
0.13
0.983
0.319
0.301
0.361
0.645
0.65
0.005
0.042
0.373
0.139
0.73
0.325
0.842
0.856
0.993
0.247
0.271
0.8
0.886
0.61
0.673
0.04
0.012
0.624
0.563
0.509
0.916
0.999
0.405
0.153
0.113
0.753
0.714
0.834
0.753
0.609
0.153
0.438
0.453
0.866
0.389
0.513
0.423
0.382
0.686
0.936
0
0.534
0.699
0.039
0.588
0.353
0.343
0.323
0.346
0.891
0.498
0.521
0.158
0.047
0.747
0.935
0.084
0.061
0.692
0.612
0.433
0.729
0.937
0.809
0.648
0.087
0.034
0.401
0.959
0.61
0.803
0.411
0.307
0.343
0.685
0.625
0.563
0.227
0.199
0.416
0.674
0.46
0.144
0.839
0.536
0.613
0.828
0.581
0.24
0.022
0.245
0.6
0.228
0.31
0.722
0.105
0.154
0.089
0.075
0.43
0.743
0.014
0.529
0.375
0.771
0.605
0.252
0.201
0.332
0.579
0.601
0.367
0.47
0.521
0.211
0.142
0.466
0.035
0.582
0.903
0.846
0.061
0.439
0.004
0.79
0.819
0.916
0.779
0.489
0.576
0.608
0.728
0.308
0.244
0.434
0.238
0.924
0.764
0.084
0.655
0.219
0.129
0.443
0.382
0.146
0.88
0.975
0.038
0.533
0.262
0.74
0.131
0.216
0.799
0.139
0.53
0.856
0.097
0.1
0.481
0.583
0.201
0.211
0.185
0.774
0.825
0.558
0.042
0.454
0.486
0.382
0.133
0.369
0.632
0.49
0.737
0.07
0.892
0.386
0.52
0.429
0.902
0.048
0.327
0.538
0.505
0.423
0.932
0.706
0.782
0.446
0.868
0.867
0.469
0.279
0.331
0.885
0.775
0.88
0.79
0.218
0.301
0
0.614
0.873
0.534
0.152
0.646
0.617
0.047
0.199
0.096
0.684
0.579
0.651
0.856
0.05
0.894
0.92
0.791
0.946
0.648
0.921
0.346
0.069
0.084
0.944
0.354
0.414
0.575
0.731
0.31
0.252
0.624
0.189
0.937
0.548
0.128
0.138
0.999
0.331
0.567
0.152
0.125
0.877
0.629
0.665
0.756
0.269
0.892
0.099
0.042
0.209
0.653
0.862
0.404
0.265
0.346
0.048
0.337
0.92
0.031
0.672
0.916
0.153
0.169
0.153
0.455
0.249
0.889
0.266
0.488
0.738
0.619
0.742
0.552
0.261
0.242
0.648
0.828
0.021
0.743
0.881
0.511
0.459
0.208
0.275
0.03
0.397
0.983
0.72
0.506
0.099
0.626
0.745
0.696
0.779
0.331
0.619
0.105
0.055
0.201
0.649
0.96
0.037
0.736
0.066
0.952
0.489
0.57
0.962
0.81
0.251
0.18
0.771
0.128
0.901
0.153
0.657
0.713
0.561
0.304
0.829
0.922
0.45
0.683
0.543
0.061
0.69
0.617
0.933
0.839
0.55
0.53
0.165
0.089
0.193
0.767
0.726
0.267
0.685
0.531
0.291
0.62
0.453
0.736
0.694
0.348
0.939
0.234
0.271
0.368
0.127
0.032
0.278
0.503
0.496
0.361
0.262
0.934
0.071
0.134
0.688
0.788
0.84
0.691
0.052
0.076
0.76
0.36
0.899
0.883
0.477
0.318
0.131
0.376
0.177
0.667
0.735
0.058
0.649
0.053
0.14
0.373
0.65
0.501
0.638
0.946
0.522
0.898
0.502
0.565
0.889
0.722
0
0.729
0.807
0.274
0.097
0.22
0.711
0.293
0.8
0.959
0.096
0.249
0.412
0.665
0.462
0.711
0.627
0.059
0.306
0.195
0.313
0.754
0.882
0.6
0.566
0.999
0.802
0.538
0.017
0.59
0.013
0.359
0.966
0.913
0.009
0.458
0.837
0.109
0.402
0.282
0.475
0.631
0.301
0
0.311
0.74
0.322
0.858
0.532
0.045
0.733
0.918
0.324
0.842
0.447
0.462
0.584
0.356
0.423
0.355
0.802
0.862
0.436
0.369
0.846
0.272
0.793
0.762
0.59
0.139
0.438
0.357
