0.762
0.441
0.285
0.377
0.685
0.861
0.405
0.09
0.316
0.039
0.368
0.318
0.706
0.867
0.096
0.413
0.3
0.626
0.152
0.754
0.878
0.576
0.582
0.915
0.913
0.053
0.356
0.657
0.165
0.804
0.546
0.307
0.104
0.213
0.428
0.39
0.755
0.238
0.856
0.227
0.078
0.738
0.261
0.631
0.878
0.888
0.691
0.719
0.919
0.555
0.917
0.79
0.405
0.111
0.565
0.751
0.024
0.137
0.639
0.602
0.49
0.292
0.438
0.926
0.448
0.636
0.489
0.676
0.876
0.297
0.608
0.578
0.264
0.834
0.634
0.001
0.114
0.359
0.318
0.448
0.09
0.114
0.003
0.112
0.662
0.802
0.848
0.966
0.263
0.409
0.734
0.111
0.68
0.539
0.1
0.218
0.305
0.371
0.036
0.865
0.769
0.813
0.382
0.858
0.426
0.521
0.878
0.85
0.384
0.311
0.67
0.54
0.881
0.077
0.973
0.018
0.838
0.803
0.387
0.865
0.538
0.098
0.947
0.099
0.165
0.338
0.407
0.601
0.857
0.168
0.44
0.5
0.022
0.275
0.913
0.729
0.986
0.275
0.995
0.815
0.481
0.579
0.129
0.119
0.372
0.287
0.337
0.987
0.246
0.59
0.317
0.87
0.941
0.841
0.103
0.321
0.054
0.532
0.099
0.399
0.644
0.034
0.406
0.305
0.981
0.161
0.832
0.032
0.247
0.091
0.937
0.201
0.692
0.406
0.357
0.255
0.485
0.054
0.012
0.498
0.529
0.3
0.11
0.502
0.339
0.219
0.245
0.135
0.141
0.066
0.889
0.68
0.597
0.587
0.136
0.111
0.447
0.385
0.27
0.805
0.565
0.279
0.666
0.092
0.285
0.23
0.117
0.924
0.226
0.761
0.924
0.117
0.569
0.675
0.383
0.33
0.892
0.671
0.63
0.265
0.503
0.434
0.182
0.255
0.533
0.082
0.23
0.413
0.388
0.451
0.096
0.305
0.697
0.566
0.955
0.224
0.616
0.628
0.155
0.935
0.624
0.934
0.475
0.749
0.642
0.781
0.59
0.597
0.252
0.079
0.215
0.974
0.478
0.165
0.133
0.442
0.161
0.867
0.416
0.008
0.178
0.135
0.947
0.639
0.112
0.767
0.665
0.933
0.334
0.249
0.407
0.99
0.264
0.28
0.366
0.175
0.641
0.495
0.471
0.283
0.067
0.38
0.623
0.247
0.547
0.631
0.538
0.369
0.934
0.178
0.944
0.803
0.088
0.929
0.168
0.065
0.52
0.289
0.15
0.854
0.006
0.75
0.209
0.112
0.164
0.035
0.071
0.677
0.376
0.447
0.841
0.654
0.3
0.164
0.052
0.328
0.089
0.189
0.782
0.581
0.099
0.259
0.48
0.481
0.567
0.062
0.51
0.216
0.425
0.839
0.164
0
0.872
0.324
0.585
0.761
0.695
0.812
0.487
0.125
0.446
0.107
0.493
0.75
0.112
0.688
0.808
0.227
0.826
0.458
0.18
0.272
0.872
0.26
0.809
0.262
0.232
0.171
0.543
0.971
0.513
0.065
0.47
0.702
0.037
0.286
0.11
0.146
0.875
0.157
0.647
0.685
0.51
0.618
0.496
0.213
0.96
0.418
0.591
0.241
0.143
0.966
0.294
0.566
0.034
0.082
0.52
0.847
0.068
0.44
0.822
0.333
0.306
0.137
0.239
0.893
0.982
0.721
0.819
0.096
0.677
0.003
0.011
0.936
0.702
0.339
0.44
0.834
0.779
0.881
0.436
0.735
0.509
0.918
0.39
0.173
0.648
0.352
0.675
0.451
0.115
0.539
0.863
0.114
0.52
0.75
0.02
0.773
0.168
0.559
0.649
0.28
0.423
0.764
0.912
0.079
0.381
0.499
0.013
0.696
0.64
0.724
0.849
0.26
0.087
0.494
0.996
0.476
0.866
0.666
0.593
0.084
0.256
0.434
0.86
0.741
0.998
0.038
0.365
0.96
0.378
0.856
0.659
0.621
0.102
0.87
0.278
0.959
0.495
0.201
0.65
0.396
0.64
0.843
0.156
0.283
0.364
0.662
0.208
0.741
0.487
0.251
0.395
0.389
0.117
0.524
0.917
0.216
0.721
0.616
0.907
0.08
0.318
0.606
0.608
0.535
0.121
0.443
0.308
0.278
0.757
0.06
0.4
0.38
0.403
0.717
0.348
0.221
0.144
0.062
0.251
0.797
0.808
0.564
0.174
0.513
0.496
0.187
0.342
0.159
0.879
0.294
0.5
0.56
0.987
0.944
0.042
0.398
0.179
0.591
0.891
0.212
0.669
0.031
0.09
0.697
0.223
0.695
0.46
0.24
0.961
0.194
0.854
0.714
0.236
0.176
0.573
0.885
0.831
0.783
0.601
0.819
0.107
0.924
0.267
0.161
0.541
0.551
0.89
0.822
0.757
0.047
0.602
0.803
0.427
0.074
0.022
0.592
0.903
0.849
0.773
0.543
0.049
0.485
0.076
0.512
0.676
0.967
0.598
0.643
0.389
0.06
0.09
0.967
0.6
0.932
0.153
0.571
0.668
0.571
0.938
0.738
0.965
0.673
0.697
0.911
0.815
0.183
0.476
0.819
0.634
0.459
0.033
0.714
0.663
0.818
0.852
0.282
0.142
0.35
0.709
0.188
0.821
0.034
0.537
0.329
0.868
0.727
0.149
0.471
0.637
0.201
0.088
0.643
0.538
0.447
0.713
0.919
0.996
0.89
0.579
0.095
0.232
0.725
0.39
0.088
0.371
0.469
0.319
0.273
0.491
0.204
0.83
0.169
0.505
0.144
0.679
0.481
0.738
0.726
0.583
0.619
0.921
0.343
0.062
0.319
0.602
0.255
0.887
0.278
0.281
0.712
0.234
0.728
0.483
0.108
0.799
0.051
0.041
0.727
0.935
0.886
0.358
0.554
0.88
0.088
0.857
0.256
0.89
0.905
0.549
0.085
0.749
0.502
0.939
0.259
0.369
0.176
0.057
0.082
0.968
0.537
0.575
0.6
0.989
0.906
0.044
0.062
0.853
0.412
0.101
0.502
0.462
0.191
0.644
0.138
0.146
0.938
0.698
0.182
0.271
0.958
0.977
0.012
0.721
0.575
0.235
0.851
0.978
0.16
0.211
0.382
0.328
0.787
0.036
0.88
0.174
0.931
0.533
0.935
0.304
0.911
0.035
0.513
0.267
0.701
0.106
0.938
0
0.616
0.116
0.143
0.433
0.561
0.25
0.262
0.694
0
0.667
0.028
0.995
0.99
0.346
0.929
0.678
0.575
0.856
0.219
0.092
0.624
0.418
0.827
0.579
0.364
0.241
0.898
0.028
0.477
0.393
0.549
0.103
0.616
0.268
0.642
0.971
0.966
0.479
0.114
0.344
0.194
0.348
0.378
0.117
0.751
0.485
0.017
0.511
0.352
0.678
0.505
0.598
0.887
0.861
0.206
0.002
0.702
0.08
0.162
0.242
0.848
0.485
0.827
0.515
0.085
0.426
0.951
0.52
0.463
0.756
0.053
0.746
0.804
0.996
0.284
0.497
0.54
0.505
0.402
0.186
0.223
0.45
0.597
0.635
0.782
0.929
0.307
0.828
0.704
0.174
0.68
0.212
0.984
0.946
0.793
0.832
0.135
0.184
0.708
0.053
0.246
0.752
0.617
0.593
0.217
0.424
0.522
0.952
0.43
0.116
0.91
0.486
0.601
0.492
0.028
0.651
0.942
0.2
0.516
0.113
0.286
0.245
0.404
0.454
0.676
0.088
0.011
0.665
0.746
0.693
0.459
0.391
0.553
0.719
0.226
0.148
0.849
0.572
0.893
0.458
0.378
0.89
0.901
0.163
0.293
0.155
0.629
0.804
0.528
0.162
0.865
0.701
0.057
0.549
0.898
0.987
0.592
0.32
0.257
0.302
0.241
0.167
0.137
0.547
0.315
0.902
0.156
0.142
0.246
0.277
0.669
0.703
0.417
0.529
0.499
0.883
0.907
0.044
0.213
0.035
0.757
0.359
0.233
0.709
0.328
0.653
0.746
0.982
0.761
0.052
0.207
0.475
0.744
0.997
0.007
0.391
0.328
0.605
0.322
0.751
0.193
0.716
0.521
0.915
0.313
0.423
0.1
0.923
0.83
0.848
0.524
0.074
0.991
0.577
0.455
0.938
0.312
0.369
0.299
0.876
0.207
0.969
0.987
0.759
0.119
0.862
0.045
0.618
0.357
0.871
0.067
0.563
0.419
0.166
0.254
0.363
0.284
0.575
0.071
0.571
0.267
0.362
0.316
0.489
0.121
0.762
0.748
0.836
0.697
0.535
0.482
0.966
0.199
0.868
0.967
0.189
0.587
0.97
0.614
0.342
0.614
