0.592
0.358
0.033
0.023
0.3
0.799
0.642
0.136
0.765
0.415
0.526
0.638
0.869
0.343
0.525
0.383
0.969
0.488
0.621
0.349
0.603
0.661
0.191
0.987
0.249
0.759
0.547
0.826
0.472
0.659
0.757
0.67
0.421
0.768
0.59
0.974
0.675
0.175
0.48
0.867
0.402
0.351
0.443
0.989
0.379
0.655
0.595
0.592
0.207
0.57
0.157
0.128
0.091
0.352
0.424
0.999
0.848
0.398
0.384
0.083
0.941
0.133
0.353
0.417
0.736
0.019
0.491
0.611
0.372
0.833
0.863
0.143
0.727
0.331
0.421
0.722
0.989
0.87
0.658
0.438
0.362
0.139
0.324
0.348
0.194
0.513
0.441
0.088
0.617
0.43
0.502
0.875
0.091
0.221
0.288
0.817
0.621
0.035
0.728
0.894
0.811
0.662
0.366
0.478
0.141
0.134
0.356
0.75
0.698
0.809
0.623
0.765
0.354
0.918
0.817
0.849
0.591
0.127
0.272
0.729
0.317
0.295
0.584
0.113
0.152
0.485
0.564
0.919
0.0
0.533
0.792
0.188
0.779
0.52
0.324
0.916
0.764
0.647
0.42
0.475
0.835
0.059
0.454
0.079
0.794
0.48
0.083
0.852
0.703
0.341
0.286
0.636
0.667
0.895
0.25
0.427
0.64
0.342
0.968
0.564
0.157
0.675
0.647
0.746
0.173
0.667
0.105
0.41
0.114
0.486
0.601
0.635
0.913
0.373
0.316
0.5
0.954
0.721
0.089
0.779
0.414
0.608
0.229
0.844
0.406
0.718
0.175
0.046
0.68
0.606
0.598
0.278
0.289
0.537
0.148
0.524
0.751
0.852
0.515
0.17
0.999
0.547
0.378
0.395
0.197
0.269
0.069
0.284
0.674
0.467
0.608
0.523
0.933
0.764
0.085
0.009
0.501
0.944
0.941
0.056
0.602
0.106
0.128
0.055
0.338
0.283
0.791
0.838
0.836
0.945
0.1
0.33
0.109
0.395
0.15
0.841
0.777
0.236
0.418
0.051
0.587
0.012
0.028
0.407
0.153
0.31
0.549
0.606
0.815
0.202
0
0.718
0.227
0.989
0.724
0.213
0.233
0.948
0.232
0.952
0.696
0.618
0.101
0.256
0.117
0.118
0.838
0.868
0.484
0.301
0.613
0.744
0.409
0.41
0.752
0.3
0.879
0.045
0.839
0.955
0.321
0.196
0.237
0.175
0.369
0.006
0.104
0.171
0.3
0.978
0.898
0.383
0.586
0.295
0.19
0.928
0.523
0.549
0.026
0.411
0.55
0.34
0.241
0.136
0.486
0.331
0.506
0.961
0.64
0.482
0.698
0.563
0.299
0.417
0.257
0.823
0.422
0.36
0.106
0.859
0.952
0.735
0.464
0.109
0.554
0.104
0.953
0.883
0.084
0.534
0.64
0.215
0.929
0.761
0.806
0.721
0.304
0.155
0.008
0.212
0.13
0.774
0.637
0.743
0.52
0.669
0.677
0.766
0.389
0.679
0.752
0.314
0.138
0.918
0.121
0.786
0.473
0.647
0.162
0.193
0.804
0.945
0.368
0.652
0.942
0.69
0.074
0.278
0.5
0.53
0.187
0.228
0.608
0.017
0.209
0.221
0.293
0.737
0.539
0.785
0.564
0.963
0.134
0.709
0.481
0.343
0.832
0.181
0.685
0.429
0.889
0.944
0.11
0.952
0.568
0.41
0.423
0.059
0.866
0.811
0.421
0.022
0.47
0.804
0.822
0.506
0.372
0.23
0.602
0.664
0.457
0.489
0.777
0.287
0.971
0.821
0.711
0.538
0.06
0.127
0.411
0.243
0.555
0.268
0.376
0.831
0.996
0.321
0.613
0.034
0.064
0.69
0.288
0
0.052
0
0.007
0.013
0.975
0.804
0.453
0.889
0.148
0.412
0.453
0.606
0.162
0.704
0.926
0.271
0
0.638
0.736
0.567
0.502
0.17
0.886
0.848
0.48
0.825
0.536
0.031
0.206
0.964
0.44
0.009
0.16
0.802
0.963
0.322
0.184
0.258
0.325
0.377
0.785
0.427
0.409
0.198
0.062
0.579
0.708
0.776
0.263
0.064
0.222
0.071
0.043
0.622
0.512
0.692
0.156
0.119
0.903
0.685
0.476
0.499
0.163
0.117
0.844
0.311
0.855
0.692
0.357
0.927
0.429
0.775
0.438
0.886
0.434
0.006
0.014
0.517
0.668
0.178
0.931
0.975
0.06
0.783
0.541
0.68
0.779
0.641
0.488
0.907
0.074
0.269
0.048
0.406
0.733
0.019
0.494
0.767
0.02
0.241
0.338
0.177
0.935
0.351
0.836
0.46
0.867
0.103
0.129
0.656
0.36
0.93
0.704
0.259
0.117
0.246
0.926
0.838
0.238
0.499
0.789
0.464
0.318
0.659
0.993
0.434
0.098
0.279
0.4
0.206
0.765
0.571
0.068
0.814
0.177
0.776
0.07
0.154
0.348
0.549
0.593
0.611
0.443
0.018
0.571
0.726
0.529
0.013
0.6
0.678
0.788
0.066
0.786
0.762
0.306
0.806
0.933
0.343
0.58
0.902
0.464
0.151
0.121
0.715
0.693
0.962
0.128
0.434
0.963
0.213
0.23
0.882
0.687
0.786
0.643
0.488
0.675
0.288
0.175
0.837
0.125
0.797
0.006
0.208
0.573
0.716
0.468
0.721
0.59
0.077
0.124
0.269
0.027
0.145
0.711
0.499
0.669
0.365
0.354
0.217
0.513
0.051
0.736
0.587
0.171
0.874
0.282
0.259
0.86
0.964
0.67
0.227
0.802
0.212
0.371
0.957
0.854
0.722
0.336
0.15
0.136
0.639
0.666
0.399
0.881
0.099
0.615
0.035
0.381
0.258
0.292
0.135
0.883
0.72
0.591
0.096
0.266
0.32
0.244
0.103
0.317
0.033
0.504
0.966
0.052
0.673
0.079
0.727
0.621
0.612
0.546
0.935
0.13
0.331
0.765
0.871
0.822
0.389
0.432
0.847
0.827
0.785
0.153
0.866
0.4
0.307
0.254
0.925
0.889
0.225
0.41
0.797
0.862
0.534
0.228
0.045
0.077
0.842
0.233
0.844
0.526
0.226
0.876
0.293
0.472
0.879
0.833
0.798
0.807
0.349
0.231
0.617
0.807
0.639
0.642
0.078
0.963
0.465
0.885
0.36
0.782
0.074
0.491
0.577
0.031
0.414
0.447
0.022
0.24
0.218
0.333
0.891
0.427
0.421
0.017
0.59
0.251
0.195
0.643
0.74
0.921
0.96
0.744
0.568
0.494
0.853
0.748
0.098
0.495
0.562
0.198
0.755
0.921
0.928
0.096
0.346
0.487
0.289
0.331
0.247
0.346
0.723
0.589
0.467
0.127
0.854
0.138
0.608
0.381
0.809
0.136
0.077
0.104
0.983
0.476
0.315
0.527
0.624
0.139
0.519
0.009
0.487
0.072
0.371
0.238
0.701
0.427
0.723
0.378
0.914
0.352
0.893
0.414
0.349
0.709
0.272
0.382
0.357
0.681
0.735
0.862
0.326
0.44
0.598
0.671
0.326
0.875
0.332
0.051
0.928
0.874
0.276
0.699
0.858
0.556
0.064
0.498
0.654
0.407
0.025
0.117
0.698
0.474
0.995
0.12
0.913
0.447
0.916
0.885
0.561
0.199
0.092
0.898
0.281
0.896
0.956
0.725
0.648
0.198
0.678
0.995
0.284
0.845
0.98
0.687
0.661
0.189
0.656
0.925
0.7
0.773
0.079
0.291
0.346
0.838
0.801
0.353
0.641
0.157
0.355
0.513
0.333
0.428
0.486
0.4
0.549
0.646
0.959
0.051
0.156
0.31
0.943
0.633
0.849
0.775
0.835
0.986
0.024
0.502
0.556
0.63
0.132
0.586
0.996
0.528
0.504
0.749
0.52
0.136
0.81
0.872
0.278
0.623
0.334
0.082
0.179
0.687
0.704
0.619
0.91
0.112
0.131
0.473
0.746
0.447
0.201
0.228
0.519
0.356
0.397
0.779
0.629
0.537
0.188
0.212
0.412
0.622
0.328
0.869
0.682
0.028
0.501
0.342
0.252
0.403
0.186
0.59
0.698
0.685
0.521
0.398
0.61
0.41
0.259
0.858
0.395
0.712
0.109
0.537
0.597
0.791
0.188
0.084
0.778
0.21
0.937
0.293
0.245
0.042
0.654
0.56
0.753
0.762
0.019
0.134
0.118
0.508
0.275
0.804
0.093
0.562
0.885
0.603
0.181
0.954
0.573
0.304
0.264
0.513
0.41
0.247
0.283
0.022
0.152
0.826
0.481
0.149
0.209
0.108
0.665
0.593
0.623
0.87
0.845
0.616
0.183
