0.219
0.851
0.251
0.581
0.902
0.214
0.464
0.385
0.699
0.165
0.671
0.417
0.637
0.479
0.131
0.701
0.206
0.832
0.243
0.511
0.216
0.536
0.172
0.54
0.396
0.249
0.419
0.402
0.204
0.39
0.317
0.289
0.683
0.669
0.253
0.157
0.617
0.763
0.102
0.711
0.084
0.064
0.613
0.702
0.523
0.016
0.96
0.184
0.006
0.892
0.9
0.034
0.024
0.107
0.791
0.715
0.287
0.371
0.619
0.871
0.097
0.229
0.8
0.457
0.54
0.364
0.709
0.328
0.513
0.74
0.024
0.093
0.665
0.624
0.534
0.809
0.961
0.489
0.71
0.195
0.075
0.612
0.274
0.706
0.737
0.587
0.409
0.084
0.966
0.316
0.508
0.46
0.456
0.828
0.014
0.594
0.177
0.673
0.056
0.856
0.922
0.959
0.787
0.428
0.027
0.812
0.617
0.558
0.049
0.596
0.852
0.94
0.575
0.933
0.598
0.269
0.264
0.986
0.658
0.488
0.546
0.329
0.489
0.61
0.415
0.636
0.682
0.392
0.218
0.157
0.769
0.518
0.262
0.132
0.884
0.933
0.159
0.331
0.244
0.678
0.616
0.678
0.369
0.177
0.713
0.248
0.922
0.489
0.864
0.76
0.523
0.007
0.303
0.91
0.635
0.299
0.937
0.464
0.318
0.273
0.181
0.235
0.961
0.08
0.917
0.435
0.275
0.093
0.606
0.672
0.803
0.708
0.851
0.421
0.406
0.083
0.303
0.742
0.031
0.647
0.076
0.224
0.324
0.428
0.858
0.27
0.664
0.864
0.24
0.843
0.306
0.643
0.62
0.536
0.38
0.919
0.854
0.953
0.187
0.505
0.094
0.258
0.949
0.547
0.896
0.926
0.552
0.269
0.151
0.768
0.99
0.207
0.162
0.778
0.259
0.266
0.033
0.505
0.205
0.565
0.073
0.609
0.932
0.907
0.412
0.286
0.82
0.87
0.869
0.38
0.005
0.438
0.913
0.605
0.601
0.89
0.851
0.342
0.84
0.895
0.327
0.145
0.399
0.393
0.631
0.833
0.519
0.625
0.697
0.731
0.993
0.486
0.307
0.009
0.735
0.722
0.955
0.896
0.922
0.486
0.118
0.916
0.656
0.223
0.779
0.731
0.73
0.892
0.623
0.753
0.199
0.2
0.763
0.093
0.995
0.254
0.398
0.433
0.512
0.784
0.275
0.479
0.271
0.1
0.796
0.527
0.041
0.406
0.856
0.906
0.489
0.132
0.181
1.0
0.002
0.639
0.643
0.796
0.823
0.212
0.709
0.355
0.668
0.583
0.078
0.767
0.576
0.785
0.151
0.709
0.992
0.936
0.563
0.111
0.941
0.818
0.733
0.258
0.232
0.556
0.293
0.596
0.19
0.834
0.557
0.291
0.162
0.356
0.927
0.5
0.402
0.753
0.212
0.341
0.672
0.152
0.225
0.774
0.844
0.211
0.08
0.956
0.653
0.655
0.633
0.372
0.848
0.859
0.52
0.962
0.616
0.836
0.115
0.445
0.294
0.006
0.687
0.571
0.707
0.393
0.141
0.1
0.367
0.976
0.35
1.0
0.662
0.702
0.957
0.181
0.167
0.02
0.447
0.379
0.233
0.114
0.913
0.686
0.451
0.641
0.648
0.547
0.075
0.389
0.118
0.736
0.095
0
0.493
0.705
0.594
0.135
0.484
0.397
0.231
0.066
0.229
0.373
0.316
0.147
0.512
0.582
0.363
0.527
0.104
0.921
0.012
0.971
0.169
0.78
0.205
0.476
0.976
0.27
0.049
0.516
0.909
0.516
0.305
0.957
0.753
0.777
0.218
0.765
0.355
0.868
0.223
0.627
0.316
0.171
0.977
0.293
0.25
0.236
0.007
0.582
0.606
0.597
0.871
0.576
0.596
0.351
0.39
0.782
0.644
0.34
0.652
0.221
0.202
0.571
0.259
0.117
0.712
0.098
0.786
0.031
0.743
0.721
0.487
0.153
0.987
0.078
0.749
0.39
0.152
0.532
0.48
0.183
0.919
0.344
0.435
0.166
0.287
0.403
0.975
0.717
0.918
0.587
0.994
0.846
0.331
0.613
0.265
0.693
0.424
0.626
0.814
0.69
0.596
0.841
0.329
0.957
0.035
0.209
0.964
0.213
0.076
0.987
0.892
0.287
0.889
0.982
0.934
0.773
0.96
0.911
0.956
0.325
0.783
0.027
0.582
0.545
0.02
0.707
0.529
0.727
0.233
0.014
0.721
0.683
0.586
0.92
0.205
0.832
0.438
0.484
0.9
0.818
0.398
0.252
0.629
0.85
0.992
0.852
0.926
0.73
0.143
0.627
0.471
0.51
0.445
0.837
0.102
0.224
0.21
0.82
0.738
0.112
0.594
0.255
0.897
0.901
0.129
0.553
0.209
0.506
0.418
0.826
0.842
0.636
0.244
0.825
0.921
0.594
0.553
0.827
0.121
0.115
0.245
0.461
0.68
0.882
0.227
0.576
0.167
0.366
0.88
0.378
0.084
0.692
0.995
0.007
0.362
0.931
0.339
0.902
0.328
0.082
0.331
0.621
0.198
0.11
0.848
0.418
0.516
0.337
0.077
0.062
0.771
0.424
0.795
0.613
0.981
0.347
0.33
0.005
0.753
0.17
0.227
0.495
0.133
0.439
0.208
0.616
0.897
0.096
0.259
0.342
0.291
0.066
0.891
0.259
0.681
0.482
0.092
0.14
0.077
0.379
0.045
0.126
0.321
0.208
0.807
0.763
0.898
0.355
0.842
0.336
0.526
0.169
0.092
0.135
0.516
0.187
0.84
0.571
0.735
0.974
0.283
0.611
0.139
0.612
0.634
0.815
0.548
0.198
0.689
0.002
0.215
0.92
0.043
0.417
0.099
0.647
0.861
0.628
0.067
0.408
0.396
0.951
0.344
0.402
0.498
0.85
0.886
0.47
0.082
0.597
0.076
0.364
0.773
0.044
0.987
0.494
0.476
0.345
0.43
0.272
0.217
0.507
0.012
0.26
0.642
0.679
0.886
0.33
0
0.971
0
0.729
0.722
0.158
0.805
0.99
0.222
0.723
0.629
0.251
0.921
0.2
0.738
0.42
0.533
0.613
0.187
0.796
0.929
0.897
0.613
0.974
0.011
0.956
0.972
0.805
0.432
0.255
0.962
0.454
0.359
0.48
0.717
0.662
0.17
0.718
0.583
0.817
0.448
0.167
0.877
0.728
0.108
0.586
0.668
0.687
0.935
0.872
0.304
0.068
0.875
0.673
0.036
0.071
0.569
0.046
0.388
0.36
0.124
0.833
0.976
0.336
0.179
0.544
0.311
0.526
0.53
0.747
0.73
0.667
0.363
0.882
0.472
0.099
0.347
0.143
0.766
0.288
0.096
0.346
0.682
0.194
0.729
0.358
0.861
0.512
0.584
0.337
0.366
0.218
0.902
0.049
0.492
0.892
0.904
0.633
0.652
0.085
0.281
0.78
0.95
0.559
0.826
0.802
0.064
0.202
0.313
0.397
0.123
0.539
0.543
0.816
0.099
0.358
0.852
0.362
0.107
0.123
0.186
0.091
0.013
0.336
0.392
0.692
0.507
0.17
0.035
0.332
0.019
0.467
0.713
0.8
0.581
0.422
0.91
0.66
0.671
0.751
0.841
0.644
0.14
0.758
0.038
0.181
0.95
0.241
0.298
0.461
0.739
0.784
0.539
0.72
0.635
0.566
0.027
0.641
0.736
0.198
0.609
0.878
0.785
0.174
0.736
0.827
0.469
0.372
0.096
0.84
0.237
0.212
0.013
0.549
0.267
0.511
0.898
0.691
0.286
0.413
0.142
0.166
0.444
0.527
0.431
0.273
0.029
0.067
0.541
0.027
0.651
0.928
0.561
0.248
0.672
0.764
0.816
0.54
0.04
0.318
0.446
0.375
0.944
0.872
0.71
0.521
0.405
0.952
0.099
0.979
0.859
0.559
0.463
0.403
0.561
0.326
0.095
0.124
0.518
0.979
0.159
0.912
0.833
0.582
0.398
0.646
0.409
0.343
0.715
0.95
0.681
0.452
0.652
0.497
0.626
0.887
0.123
0.907
0.794
0.545
0.719
0.145
0.159
0.239
0.306
0.918
0.177
0.548
0.157
0.433
0.377
0.944
0.231
0.253
0.043
0.918
0.467
0.203
0.891
0.915
0.963
0.893
0.622
0.267
0.91
0.926
0.365
0.412
0.381
0.735
0.656
0.775
0.238
0.233
0.401
0.478
0.123
0.745
0.46
0.867
0.524
0.222
0.899
0.868
0.715
0.574
0.951
0.837
0.79
0.778
0.915
0.907
0.452
0.366
0.469
0.113
0.686
0.918
0.695
0.834
0.399
0.637
0.518
0.603
