0.631
0.06
0.016
0.96
0.462
0.265
0.993
0.857
0.07
0.02
0.506
0.611
0.479
0.607
0.396
0.513
0.202
0.227
0.925
0.125
0.228
0.712
0.894
0.25
0.405
0.757
0.303
0.024
0.477
0.906
0.282
0.487
0.073
0.365
0.096
0.878
0.095
0.068
0.326
0.113
0.06
0.719
0.26
0.15
0.752
0.239
0.646
0.024
0.362
0.448
0.611
0.047
0.812
0.753
0.64
0.934
0.849
0.474
0.365
0.232
0.057
0.066
0.753
0.279
0.986
0.253
0.708
0.94
0.137
0.844
0.091
0.863
0.765
0.291
0.695
0.156
0.904
0.682
0.908
0.272
0.414
0.053
0.645
0.23
0.242
0.609
0.736
0.573
0.421
0.024
0.315
0.074
0.873
0.831
0.534
0.144
0.482
0.853
0.199
0.132
0.317
0.504
0.473
0.149
0.133
0.83
0.194
0.482
0.867
0.29
0.908
0.087
0.876
0.542
0.405
0.335
0.71
0.732
0.318
0.879
0.934
0.134
0.107
0.772
0.583
0.012
0.018
0.304
0.346
0.204
0.499
0.362
0.458
0.174
0.416
0.89
0.239
0.275
0.442
0.509
0.428
0.275
0.512
0.277
0.134
0.904
0.768
0.799
0.771
0.607
0.533
0.497
0.566
0.723
0.111
0.804
0.049
0.817
0.196
0.996
0.913
0.957
0.051
0.793
0.052
0.238
0.018
0.461
0.451
0.036
0.415
0.73
0.698
0.154
0.756
0.813
0.824
0.717
0.166
0.328
0.009
0.352
0.511
0.033
0.114
0.908
0.516
0.923
0.759
0.642
0.801
0.438
0.58
0.281
0.62
0.491
0.353
0.026
0.673
0.489
0.343
0.733
0.398
0.673
0.813
0.974
0.065
0.834
0.361
0.199
0.438
0.982
0.534
0.991
0.581
0.243
0.94
0.119
0.636
0.93
0.576
0.503
0.655
0.91
0.548
0.512
0.609
0.422
0.828
0.285
0.657
0.218
0.227
0.371
0.548
0.867
0.531
0.806
0.005
0.351
0.627
0.619
0
0.008
0.68
0.762
0.429
0.171
0.043
0.444
0.407
0.306
0.201
0.082
0.101
0.98
0.167
0.424
0.401
0.05
0.372
0.02
0.904
0.042
0.373
0.551
0.855
0.757
0.482
0.837
0.095
0.422
0.951
0.975
0.537
0.689
0.736
0.236
0.616
0.615
0.826
0.572
0.359
0.744
0.679
0.627
0.487
0.11
0.129
0.957
0.105
0.195
0.28
0.564
0.362
0.561
0.648
0.867
0.327
0.71
0.41
0.276
0.354
0.95
0.839
0.598
0.418
0.071
0.787
0.454
0.3
0.334
0.365
0.646
0.755
0.563
0.094
0.997
0.218
0.712
0.913
0.857
0.564
0.817
0.642
0.993
0.454
0.447
0.348
0.706
0.276
0.043
0.052
0.561
0.069
0.085
0.625
0.774
0.059
0.101
0.946
0.146
0.209
0.877
0.58
0.414
0.238
0.288
0.168
0.601
0.255
0.487
0.06
0.331
0.015
0.353
0.384
0.421
0.438
0.622
0.511
0.508
0.83
0.585
0.848
0.515
0.671
0.324
0.726
0.68
0.783
0.417
0.793
0.302
0.878
0.592
0.657
0.344
0.687
0.147
0.45
0.144
0.824
0.469
0.514
0.28
0.617
0.379
0.177
0.951
0.888
0.224
0.284
0.532
0.764
0.551
0.344
0.717
0.613
0.91
0.819
0.452
0.803
0.086
0.971
0.916
0.822
0.259
0.96
0.224
0.811
0.013
0
0.529
0.371
0.958
0.623
0.89
0.719
0.65
0.916
0.379
0.493
0.583
0.93
0.182
0.28
0.165
0.443
0.412
0.402
0.442
0.007
0.169
0.235
0.652
0.654
0.454
0.847
0.694
0.871
0.938
0.902
0.022
0.509
0.708
0.089
0.744
0.324
0.442
0.602
0.701
0.757
0.612
0.009
0.913
0.556
0.633
0.009
0.743
0.795
0.071
0.958
0.032
0.729
0.962
0.486
0.611
0.571
0.366
0.728
0
0.06
0.349
0.972
0.482
0.835
0.087
0.465
0.171
0.054
0.836
0.784
0.853
0.816
0.782
0.993
0.331
0.09
0.382
0.273
0.375
0.831
0.689
0.534
0.035
0.297
0.15
0.313
0.79
0.094
0.765
0.801
0.362
0.118
0.483
0.671
0.986
0.669
0.319
0.474
0.682
0.223
0.954
0.843
0.157
0.697
0.651
0.902
0.002
0.512
0.307
0.879
0.465
0.406
0.42
0.741
0.014
0.286
0.826
0.837
0.228
0.751
0.58
0.342
0.566
0.907
0.671
0.578
0.826
0.611
0.093
0.841
0.939
0.733
0.305
0.307
0.569
0.832
0.413
0.464
0.134
0.186
0.307
0.491
0.883
0.908
0.611
0.219
0.331
0.728
0.41
0.427
0.744
0.493
0.587
0.533
0.771
0.669
0.076
0.21
0.084
0.714
0.613
0.237
0.868
0.745
0.319
0.3
0.395
0.542
0.021
0.525
0.926
0.569
0.624
0.187
0.109
0.42
0.131
0.564
0.195
0.879
0.47
0.157
0.745
0.859
0.629
0.224
0.462
0.505
0.196
0.722
0.648
0.529
0.908
0.602
0.562
0.886
0.979
0.018
0.072
0.513
0.926
0.796
0.88
0.471
0.186
0.523
0.529
0.519
0.397
0.207
0.653
0.533
0.432
0.412
0.467
0.518
0.757
0.638
0.229
0.501
0.784
0.463
0.889
0.003
0.22
0.568
0.354
0.888
0.396
0.257
0.249
0.236
0.225
0.731
0.055
0.839
0.689
0.341
0.073
0.588
0.934
0.788
0.433
0.182
0.511
0.978
0.644
0.611
0.084
0.245
0.489
0.152
0.472
0.687
0.282
0.464
0.31
0.17
0.187
0.557
0.253
0.138
0.275
0.627
0.821
0.061
0.802
0.339
0.995
0.897
0.763
0.473
0.953
0.245
0.924
0.426
0.219
0.857
0.601
0.074
0.35
0.122
0.397
0.096
0.464
0.824
0.195
0.68
0.781
0.068
0.049
0
0.906
0.449
0.251
0.646
0.988
0.601
0.949
0.278
0.322
0.375
0.37
0.788
0.104
0.853
0.94
0.174
0.306
0.477
0.581
0.213
0.231
0.883
0.673
0.296
0.394
0.096
0.912
0.431
0.605
0.182
0.085
0.006
0.614
0.139
0.031
0.147
0.333
0.151
0.209
0.89
0.467
0
0.212
0.407
0.817
0.329
0.993
0.128
0.796
0.225
0.835
0
0.174
0.211
0.36
0.664
0.27
0.677
0.343
0.941
0.512
0.109
0.928
0.579
0.345
0.08
0.761
0.79
0.057
0.887
0.226
0.88
0.315
0.33
0.58
0.065
0.412
0.74
0.946
0.101
0.925
0.53
0.651
0.62
0.949
0.03
0.274
0.251
0.383
0.582
0.685
0.425
0.167
0.462
0.334
0.576
0.789
0.551
0.895
0.451
0.404
0.468
0.399
0.227
0.301
0.133
0.249
0.875
0.028
0.692
0.775
0.492
0.042
0.532
0.24
0.94
0.478
0.761
0.605
0.062
0.816
0.552
0.747
0.768
0.677
0.78
0.741
0.25
0.235
0
0.135
0.088
0.81
0.028
0.161
0.167
0.802
0.494
0.067
0.783
0.888
0.144
0.937
0.991
0.976
0.746
0.506
0.917
0.984
0.945
0.073
0.523
0.274
0.164
0.966
0.575
0.797
0.135
0.123
0.916
0.492
0.247
0.579
0.774
0.402
0.961
0.361
0.278
0.889
0.27
0.722
0.114
0.704
0.87
0.865
0.04
0.645
0.565
0.322
0.451
0.793
0.295
0.529
0.516
0.403
0.084
0.53
0.55
0.313
0.593
0.169
0.643
0.216
0.943
0.791
0.104
0.255
0.674
0.098
0.942
0.002
0.428
0.564
0.932
0.401
0.817
0.614
0.088
0.445
0.504
0.464
0.78
0.764
0.956
0.459
0.662
0.518
0.043
0.691
0.206
0.257
0.944
0.337
0.841
0.378
0.613
0.015
0.474
0.163
0.795
0.559
0.842
0.494
0.698
0.339
0.382
0.124
0.041
0.216
0.345
0.264
0.615
0.987
0.963
0.798
0.057
0.125
0.76
0.115
0.209
0.389
0.894
0.148
0.114
0
0.518
0.144
0.781
0.5
0.933
0.101
0.902
0.915
0.021
0.443
0.881
0.642
0.389
0.344
0.657
0.762
0.678
0.657
0.161
0.262
0.964
0.489
0.875
0.531
0.913
0.94
0.959
0.721
0.071
0.471
0.775
0.838
0.319
0.882
0.977
0.291
0.473
0.929
0.219
0.799
