0.76
0.837
0.778
0.517
0.254
0.517
0.085
0.492
0.025
0.894
0.028
0.39
0.817
0.453
0.558
0.063
0.113
0.093
0.567
0.671
0.98
0.311
0.677
0.732
0.516
0.924
0.496
0.241
0.321
0.832
0.723
0.741
0.117
0.437
0.697
0.792
0.776
0.742
0.715
0.107
0.625
0.382
0.734
0.635
0.209
0.001
0.764
0.677
0.199
0.72
0.026
0.982
0.592
0.239
0.094
0.62
0.696
0.402
0.542
0.096
0.458
0.872
0.952
0.253
0.714
0.127
0.253
0.562
0.459
0.954
0.624
0.472
0.591
0.63
0.337
0.876
0.118
0.436
0.174
0.874
0.858
0.915
0.823
0.615
0.457
0.392
0.579
0.541
0.592
0.347
0.985
0.745
0.618
0.305
0.013
0.389
0.72
0.431
0.884
0.514
0.594
0.107
0.193
0.334
0.517
0.014
0.671
0.337
0.656
0.975
0.993
0.984
0.03
0.089
0
0.283
0.512
0.947
0.942
0.734
0.905
0.626
0.283
0.159
0.596
0.865
0.95
0.759
0.966
0.648
0.512
0.667
0.961
0.435
0.47
0.711
0.216
0.222
0.361
0.666
0.354
0.882
0.62
0.857
0.035
0.031
0.399
0.219
0.479
0.856
0.436
0.312
0.238
0.981
0.145
0.9
0.89
0.067
0.152
0.281
0.619
0.598
0.545
0.118
0.058
0.522
0.16
0.995
0.834
0.058
0.705
0.066
0.889
0.317
0.079
0.048
0.279
0.418
0.801
0.575
0.534
0.361
0.094
0.041
0.344
0.33
0.107
0.706
0.974
0.695
0.36
0.833
0.96
0.566
0.008
0.187
0.084
0.763
0.309
0.8
0.762
0.249
0.684
0.182
0.488
0.011
0.695
0.767
0.389
0.776
0.314
0.611
0.705
0.595
0.646
0.752
0.161
0.944
0.988
0.733
0.954
0.251
0.823
0.111
0.47
0.868
0.14
0.691
0.291
0.053
0.809
0.31
0.138
0.995
0.555
0.657
0.465
0.365
0.63
0.877
0.347
0.89
0.719
0.512
0.992
0.115
0.091
0.252
0.353
0.04
0.265
0.152
0.063
0.479
0.698
0.825
0.603
0.6
0.326
0.779
0.697
0.026
0.926
0.091
0.976
0.648
0.042
0.44
0.753
0.386
0.851
0.733
0.617
0.99
0.057
0.637
0.974
0.136
0.465
0.609
0.035
0.775
0.188
0.395
0.827
0.878
0.995
0.557
0.773
0.714
0.351
0.571
0.141
0.503
0.791
0.283
0.779
0.358
0.398
0.217
0.515
0.289
0.798
0.392
0.704
0.978
0.033
0.425
0.299
0.314
0.269
0.121
0.063
0.006
0.796
0.368
0.192
0.915
0.864
0.684
0.117
0.199
0.12
0.483
0.521
0.386
0.565
0.165
0.533
0.456
0.657
0.776
0.311
0.274
0.17
0.503
0.285
0.668
0.643
0.433
0.021
0.406
0.562
0.82
0.883
0.787
0.169
0.475
0.212
0.619
0.835
0.12
0.62
0.367
0.773
0.011
0.996
0.811
0.522
0.531
0.537
0.21
0.145
0.571
0.931
0.291
0.884
0.082
0.132
0.414
0.586
0.968
0.552
0.276
0.986
0.067
0.192
0.287
0.101
0.919
0.004
0.804
0.234
0.993
0.274
0.333
0.924
0.687
0.573
0.843
0.822
0.466
0.447
0.796
0.885
0.409
0.755
0.276
0.341
0.026
0.371
0.46
0.077
0.769
0.314
0.455
0.601
0.846
0.215
0.724
0.348
0.31
0.102
0.379
0.58
0.697
0.625
0.632
0.258
0.544
0.8
0.864
0.228
0.346
0.909
0.392
0.565
0.959
0.037
0.52
0.105
0.191
0.402
0.012
0.821
0.27
0.483
0.935
0.167
0.888
0.819
0.408
0.19
0.545
0.384
0.649
0.71
0.582
0.092
0.364
0.261
0.833
0.091
0.214
0.172
0.057
0.177
0.984
0.888
0.306
0.713
0.267
0.593
0.934
0.549
0.505
0.153
0.558
0.137
0.552
0.434
0.662
0.216
0.576
0.898
0.395
0.432
0.709
0.709
0.581
0.46
0.795
0.655
0.06
0.535
0.115
0.163
0.649
0.812
0.534
0.751
0.458
0.329
0.446
0.145
0.818
0.305
0.518
0.094
0.224
0.386
0.341
0.506
0.015
0.47
0.8
0.028
0.798
0.814
0.388
0.646
0.159
0.098
0.085
0.262
0.84
0.218
0.478
0.597
0.113
0.478
0.168
0.709
0.861
0.133
0.884
0.546
0.745
0.586
0.006
0.564
0.58
0.222
0.464
0.418
0.038
0.404
0.626
0.429
0.8
0.962
0.696
0.143
0.338
0.429
0.388
0.528
0.567
0.767
0.503
0.288
0.512
0.132
0.931
0.183
0.101
0.524
0.479
0.47
0.703
0.129
0.895
0.121
0.911
0.393
0.804
0.581
0.203
0.565
0.225
0.831
0.343
0.235
0.55
0.956
0.724
0.812
0.864
0.112
0.379
0.061
0.151
0.26
0.941
0.113
0.924
0.998
0.925
0.186
0.953
0.643
0.156
0.341
0.607
0.561
0.769
0.418
0.704
0.637
0.025
0.023
0.347
0.282
0.092
0.972
0.02
0.495
0.551
0.108
0.152
0.833
0.075
0.189
0
0.747
0.876
0.509
0.604
0.177
0.695
0.174
0.419
0.308
0.637
0.974
0.903
0.928
0.511
0.441
0.054
0.54
0.474
0.32
0.637
0.991
0.131
0.48
0.738
0.044
0.937
0.434
0.093
0.006
0.283
0.814
0.074
0.301
0.305
0.959
0.303
0.639
0.963
0.875
0.745
0.17
0.296
0.725
0.33
0.066
0.849
0.672
0.437
0.59
0.86
0.365
0.204
0.29
0.286
0.715
0.844
0.292
0.491
0.57
0.911
0.216
0.646
0.291
0.732
0.994
0.602
0.069
0.986
0.865
0.463
0.345
0.488
0.574
0.152
0.856
0.449
0.764
0.564
0.601
0.979
0.988
0.563
0.107
0.82
0.034
0.975
0.93
0.785
0.017
0.68
0.74
0.788
0.091
0.578
0.582
0.091
0.49
0.714
0.918
0.273
0.374
0.344
0.632
0.68
0.004
0.373
0.689
0.769
0.986
0.191
0.554
0.744
0.874
0.581
0.116
0.658
0.609
0.37
0.364
0.821
0.942
0.3
0.56
0.405
0.505
0.69
0.922
0.309
0.267
0.709
0.749
0.492
0.517
0.668
0.684
0.028
0.311
0.414
0.009
0.548
0.391
0.451
0.814
0.948
0.177
0.436
0.609
0.04
0.469
0.264
0.706
0.731
0.597
0.513
0.884
0.12
0.131
0.153
0.788
0.643
0.308
0.49
0.363
0.279
0.061
0.677
0.958
0.621
0.024
0.248
0.182
0.438
0.519
0.458
0.41
0.741
0.915
0.473
0.079
0.552
0.34
0.335
0.618
0.503
0.963
0.921
0.464
0.006
0.145
0.051
0.187
0.211
0.629
0.596
0.503
0.203
0.886
0.673
0.482
0.886
0.526
0.518
0.496
0.942
0.133
0.354
0.748
0.93
0.611
0.636
0.912
0.545
0.325
0.214
0.783
0.88
0.349
0.58
0.812
0.645
0.499
0.702
0.422
0.29
0.905
0.92
0.26
0.145
0.436
0.621
0.481
0.47
0.915
0.848
0.763
0.777
0
0.893
0.812
0.009
0.383
0.556
0.824
0.87
0.45
0.492
0.852
0.293
0.712
0.751
0.856
0.91
0.234
0.776
0.06
0.259
0.962
0.406
0.988
0.452
0.056
0.807
0.696
0.935
0.916
0.296
0.204
0.406
0.424
0.41
0.703
0.709
0.444
0.813
0.856
0.164
0.828
0.462
0.242
0.501
0.146
0.236
0.254
0.373
0.734
0.006
0.496
0.661
0.787
0.213
0.311
0.387
0.072
0.174
0.176
0.828
0.598
0.2
0.078
0.898
0.448
0.756
0.795
0.071
0.525
0.534
0.45
0.998
0.053
0.636
0.634
0.906
0.922
0.395
0.203
0.397
0.114
0.102
0.098
0.993
0.134
0.988
0.157
0.564
0.629
0.992
0.579
0.671
0.421
0
0.505
0.447
0.572
0.416
0.566
0.534
0.658
0.255
0.818
0.388
0.277
0.217
0.684
0.85
0.118
0.737
0.305
0.944
0.043
0.773
0.985
0.651
0.592
0.108
0.605
0.847
0.239
0.9
0.954
0.168
0.923
0.242
0.263
0.048
0.998
0.151
0.742
0.197
0.695
0.798
0.422
0.854
0.054
0.285
0.768
0.555
0.801
0.727
0.471
0.231
0.054
0.143
0.95
0.724
0.541
0.031
