0.003
0.062
0.9
0.281
0.661
0.03
0.411
0.875
0.76
0.62
0.056
0.818
0.729
0.352
0.387
0.517
0.391
0.155
0.563
0.636
0.95
0.085
0.677
0.541
0.32
0.139
0.918
0.287
0.791
0.872
0.461
0.214
0.921
0.987
0.499
0.952
0.91
0.617
0.066
0.497
0.003
0.8
0.225
0.939
0.557
0.446
0.404
0.237
0.368
0.278
0.192
0.257
0.496
0.438
0.163
0.069
0.753
0.013
0.042
0.045
0.516
0.231
0.896
0.792
0.942
0.314
0.693
0.907
0.328
0.593
0.608
0.817
0.029
0.073
0.711
0.463
0.564
0.265
0.331
0.507
0.876
0.133
0.285
0.634
0.399
0.85
0.987
0.168
0.807
0.374
0.679
0.686
0.607
0.848
0.19
0.008
0.279
0.24
0.133
0.312
0.654
0.47
0.83
0.273
0.459
0.196
0.074
0.223
0.321
0.908
0.126
0.325
0.208
0.927
0.245
0.55
0.387
0.868
0.997
0.845
0.592
0.025
0.779
0.816
0.463
0.478
0.347
0.205
0.698
0.233
0.72
0.638
0.533
0.484
0.732
0.176
0.267
0.123
0.245
0.187
0.129
0.293
0.265
0.71
0.136
0.853
0.833
0.501
0.575
0.674
0.456
0.307
0.937
0.377
0.331
0.957
0.565
0.944
0.872
0.446
0.788
0.75
0.407
0.565
0.911
0.105
0.083
0.151
0.418
0.938
0.427
0.632
0.53
0.83
0.998
0.571
0.559
0.692
0.952
0.258
0.801
0.975
0.36
0.597
0.163
0.589
0.254
0.887
0.062
0.521
0.448
0.851
0.307
0.679
0.037
0.538
0.495
0.436
0.451
0.185
0.918
0.038
0.815
0.611
0.337
0.523
0.578
0.798
0.591
0.505
0.055
0.605
0.484
0.748
0.607
0.129
0.305
0.929
0.558
0.77
0.102
0.145
0.67
0.72
0.826
0.123
0.133
0.9
0.269
0.003
0.633
0.778
0.232
0.199
0.408
0.36
0.873
0.68
0.95
0.205
0.788
0.138
0.947
0.712
0.754
0.595
0.054
0.021
0.285
0.824
0.735
0.249
0.294
0.035
0.96
0.534
0.592
0.243
0.719
0.983
0.495
0.607
0.69
0.752
0.272
0.612
0.419
0.479
0.988
0.153
0.286
0.566
0.52
0.937
0.231
0.461
0.732
0.117
0.502
0.747
0.279
0.552
0.693
0.887
0.406
0.759
0.197
0.444
0.136
0.868
0.514
0.448
0.437
0.759
0.413
0.64
0
0.522
0.215
0.398
0.724
0.53
0.744
0.437
0.13
0.295
0.191
0.822
0.279
0.131
0.362
0.627
0.195
0.703
0.843
0.048
0.103
0.501
0.188
0.987
0.877
0.539
0.336
0.889
0.469
0.491
0.665
0.448
0.67
0.929
0.156
0.694
0.964
0.112
0.164
0.854
0.143
0.173
0.876
0.991
0.162
0.722
0.424
0.65
0.257
0.022
0.982
0.688
0.889
0.787
0.703
0.824
0.763
0.312
0.095
0.743
0.138
0.073
0.086
0.903
0.089
0.904
0.139
0.474
0.492
0.006
0.907
0.563
0.805
0.395
0.544
0.474
0.726
0.177
0.24
0.606
0.719
0.279
0.446
0.391
0.159
0.645
0.71
0.65
0.354
0.225
0.997
0.643
0.113
0.761
0.14
0.965
0.781
0.83
0.389
0.01
0.15
0.665
0.415
0.021
0.378
0.531
0.371
0.165
0.302
0.49
0.167
0.881
0.934
0.14
0.89
0.063
0.074
0.077
0.338
0.987
0.465
0.638
0.13
0.19
0.877
0.434
0.649
0.53
0.438
0.371
0.974
0.528
0.88
0.017
0.94
0.63
0.465
0.548
0.882
0.134
0.137
0.007
0.201
0.418
0.978
0.051
0.502
0.87
0.073
0.86
0.511
0.776
0.914
0.864
0.971
0.825
0.38
0.036
0.075
0.96
0.747
0.17
0.798
0.787
0.567
0.374
0.044
0.257
0.394
0.711
0.951
0.963
0.673
0.943
0.97
0.595
0.945
0.408
0.357
0.113
0.257
0.842
0.068
0.858
0.524
0.618
0.85
0.675
0.744
0.963
0.474
0.788
0.113
0.881
0.138
0.62
0.64
0.645
0.821
0.002
0.169
0.432
0.249
0.637
0.472
0.422
0
0.619
0.901
0.295
0.6
0.879
0.543
0.121
0.397
0.659
0.518
0.594
0.58
0.75
0.732
0.554
0.326
0.195
0.272
0.169
0.177
0.35
0.492
0.854
0.542
0.05
0.052
0.335
0.08
0.242
0.419
0.696
0.735
0.001
0.942
0.973
0.663
0.854
0.71
0.035
0.312
0.492
0.703
0.987
0.35
0.546
0.497
0.264
0.205
0.371
0.333
0.702
0.975
0.441
0.01
0.611
0.253
0.495
0.496
0.922
0.454
0.432
0.1
0.3
0.653
0.614
0.142
0.878
0.06
0.394
0.189
0.662
0.773
0.338
0.533
0.34
0.359
0.913
0.274
0.025
0.661
0.489
0.509
0.58
0.692
0.575
0.56
0.181
0.238
0.648
0.452
0.998
0.925
0.879
0.424
0.513
0.405
0.986
0.392
0.964
0.353
0.635
0.3
0.194
0.428
0.766
0.154
0.947
0.947
0.552
0.209
0.929
0.232
0.533
0.194
0.395
0.96
0.957
0.976
0.008
0.698
0.101
0.894
0.213
0.896
0.694
0.682
0.13
0.42
0.845
0.064
0.235
0.064
0.478
0.86
0.476
0.966
0.744
0.633
0.275
0.979
0.839
0.916
0.678
0.81
0.803
0.087
0.498
0.979
0.408
0.021
0.21
0.398
0.538
0.657
0.92
0.882
0.691
0.361
0.326
0.819
0.763
0.353
0.289
0.336
0.651
0.184
0.644
0.262
0.584
0.223
0.916
0.44
0.935
0.652
0.557
0.076
0.868
0.368
0.246
0.01
0.817
0.627
0.716
0.147
0.565
0.34
0.172
0.584
0.408
0.556
0.604
0.813
0.361
0.001
0.526
0.801
0.821
0.245
0.062
0.799
0.395
0.007
0.417
0.125
0.739
0.541
0.269
0.871
0.089
0.148
0.482
0.107
0.032
0.18
0.052
0.129
0.035
0.349
0.092
0.608
0.093
0.933
0.739
0.548
0.979
0.278
0.351
0.75
0.61
0.899
0.502
0.293
0.442
0.215
0.911
0.592
0.574
0.363
0.736
0.441
0.912
0.558
0.679
0.826
0.91
0.306
0.39
0.87
0.976
0.541
0.325
0.161
0.088
0.759
0.396
0.611
0.938
0.394
0.772
0.303
0.845
0.864
0.131
0.365
0.683
0.152
0.148
0.69
0.198
0.836
0.641
0.361
0.361
0.568
0.816
0.029
0.821
0.855
0.815
0.132
0.993
0.304
0.448
0.159
0.262
0.519
0.633
0.773
0.952
0.322
0.587
0.434
0.482
0.822
0.243
0.11
0.741
0.852
0.573
0.622
0.903
0.195
0.385
0.782
0.046
0.168
0.891
0.44
0.963
0.643
0.288
0.77
0.254
0.065
0.023
0.604
0.142
0.751
0.665
0.051
0.279
0.656
0.23
0.463
0.918
0.075
0.386
0.901
0.823
0.774
0.255
0.773
0.783
0.73
0.483
0.089
0.627
0.653
0.469
0.771
0.549
0.838
0.86
0.106
0.792
0.973
0.689
0.788
0.782
0.975
0.709
0.147
0.765
0.324
0.763
0.402
0.462
0.427
0.914
0.344
0.063
0.056
0.605
0.667
0.908
0.547
0.712
0.175
0.021
0.179
0.287
0.5
0.898
0.874
0.934
0.146
0.285
0.561
0.392
0.193
0.947
0.833
0.407
0.97
0.768
0.59
0.537
0.245
0.471
0.468
0.691
0.838
0.069
0.668
0.624
0.975
0.495
0.04
0.034
0.827
0.086
0.957
0.548
0.913
0.268
0.871
0.25
0.99
0.875
0.531
0.742
0.519
0.187
0.507
0.361
0.967
0.372
0.296
0.807
0.597
0.753
0.28
0.764
0.834
0.79
0.856
0.661
0.164
0.563
0.472
0.275
0.089
0.659
0.575
0.485
0.703
0.061
0.105
0.167
0.473
0.672
0.942
0.669
0.712
0.825
0.963
0.641
0.769
0.181
0.326
0.18
0.334
0.134
0.07
0.618
0.579
0.466
0.705
0.811
0.014
0.826
0.281
0.224
0.136
0.224
0.395
0.608
0.644
0.573
0.375
0.001
0.208
0.711
0.102
0.274
0.449
0.213
0.818
0.534
0.887
0.913
0.762
0.703
0.253
0.455
0.996
0.127
0.441
0.091
0.257
0.36
0.005
0.267
0.357
0.649
0.94
0.86
