0.496
0.882
0.098
0.502
0.971
0.036
0.787
0.899
0.14
0.551
0.866
0.637
0.569
0.885
0.418
0.148
0.059
0.459
0.228
0.429
0.915
0.754
0.387
0.58
0.867
0.585
0.808
0.196
0.862
0.948
0.151
0.962
0.685
0.382
0.375
0.393
0.335
0.973
0.746
0.021
0.651
0.982
0.236
0.85
0.42
0.856
0.067
0.585
0.121
0.549
0.686
0.905
0.19
0.938
0.51
0.312
0.613
0.401
0.852
0.988
0.842
0.887
0.311
0.258
0.413
0.399
0.854
0.457
0.203
0.899
0.362
0.26
0.221
0.437
0.318
0.298
0.778
0.815
0.518
0.329
0.415
0.317
0.487
0.348
0.886
0.888
0.457
0.262
0.168
0.573
0.28
0.251
0.51
0.072
0.546
0.595
0.969
0.793
0.428
0.593
0.469
0.609
0.499
0.777
0.274
0.149
0.88
0.098
0.834
0.43
0.278
0.927
0.962
0.167
0.783
0.565
0.946
0.422
0.482
0.598
0.845
0.603
0.171
0.207
0.972
0.681
0.268
0.887
0.639
0.073
0.311
0.127
0.538
0.31
0.149
0.941
0.301
0.971
0.178
0.715
0.312
0.807
0.71
0.004
0.221
0.897
0.641
0.051
0.464
0.992
0.173
0.698
0.474
0.668
0.166
0.843
0.288
0.322
0.746
0.451
0.223
0.431
0.696
0.708
0.924
0.322
0.612
0.558
0.595
0.447
0.562
0.962
0.281
0.761
0.292
0.917
0.773
0.579
0.961
0.241
0.666
0.358
0.588
0.608
0.468
0.727
0.264
0.684
0.636
0.714
0.216
0.034
0.962
0.959
0.095
0.919
0.676
0.885
0.746
0.262
0.132
0.526
0.731
0.285
0.175
0.249
0.033
0.381
0.501
0.463
0.276
0.002
0.881
0.511
0.885
0.674
0.551
0.952
0.211
0.522
0.962
0.884
0.807
0.642
0.097
0.177
0.621
0.872
0.791
0.619
0.639
0.429
0.765
0.621
0.17
0.61
0.719
0.719
0.83
0.773
0.05
0.567
0.52
0.178
0.184
0.201
0.166
0.822
0.895
0.593
0.749
0.757
0.662
0.702
0.235
0.317
0.284
0.879
0.313
0.417
0.908
0.737
0.642
0.537
0.809
0.34
0.138
0.057
0.48
0.443
0.679
0.307
0.467
0.67
0.62
0.994
0.284
0.215
0.076
0.251
0.882
0.822
0.172
0.308
0.575
0.234
0.446
0.932
0.721
0.727
0.094
0.898
0.747
0.254
0.839
0.196
0.259
0.282
0.638
0.043
0.859
0.004
0.418
0.265
0.251
0.949
0.627
0.695
0.597
0.014
0.226
0.797
0.538
0.311
0.023
0.279
0.373
0.372
0.506
0.476
0.07
0.733
0.657
0.411
0.394
0.987
0.045
0.989
0.19
0.201
0.83
0.492
0.665
0.745
0
0.153
0.727
0.707
0.908
0.18
0.894
0.842
0.346
0.569
0.928
0.884
0.472
0.134
0.419
0.55
0.529
0.62
0.369
0.748
0.151
0.601
0.632
0.145
0.54
0.727
0.93
0.261
0.72
0.962
0.638
0.16
0.732
0.136
0.155
0.3
0.286
0.243
0.839
0.391
0.71
0.076
0.324
0.315
0.357
0.758
0.836
0.667
0.939
0.363
0.089
0.837
0.593
0.605
0.105
0.078
0.3
0.649
0.762
0.299
0.798
0.304
0.984
0.387
0.394
0.764
0.312
0.945
0.409
0.449
0.106
0.84
0.42
0.058
0.841
0.493
0.48
0.578
0.5
0.414
0.341
0.105
0.678
0.602
0.682
0.427
0
0.632
0.893
0.296
0.495
0.317
0.737
0.327
0.119
0.706
0.659
0.167
0.924
0.992
0.364
0.131
0.31
0.171
0.015
0.387
0.546
0.803
0.878
0.079
0.425
0.994
0.895
0.399
0.41
0.877
0.189
0.194
0.08
0.453
0.591
0.35
0.316
0.855
0.017
0.062
0.178
0.628
0.74
0.97
0.982
0.092
0.99
0.902
0.589
0.821
0.951
0.662
0.077
0.922
0.339
0.596
0.556
0.632
0.352
0.532
0.786
0.384
0.127
0.047
0.149
0.682
0.915
0.686
0.243
0.274
0.233
0.641
0.678
0.228
0.33
0.895
0.862
0.139
0.845
0.478
0.343
0.246
0.591
0.236
0.005
0.908
0.708
0.194
0.181
0.177
0.847
0.11
0.359
0.702
0.414
0.446
0.852
0.739
0.149
0.372
0.972
0.573
0.552
0.651
0.832
0.711
0.158
0.948
0.629
0.836
0.03
0.424
0.364
0.211
0.549
0.754
0.216
0.051
0.227
0.776
0.491
0.782
0.037
0.612
0.344
0.147
0.908
0.183
0.363
0.652
0.672
0.994
0.139
0.241
0.909
0.59
0.465
0.863
0.499
0.627
0.1
0.854
0.821
0.049
0.966
0.686
0.428
0.578
0.257
0.309
0.106
0.462
0.293
0.442
0.497
0.546
0.295
0.731
0.206
0.425
0.144
0.974
0.804
0.836
0.496
0.468
0.354
0.888
0.542
0.89
0.964
0.483
0.082
0.83
0.457
0.556
0.789
0.791
0.436
0.401
0.15
0.959
0.956
0.732
0.721
0.069
0.914
0.949
0.844
0.27
0.607
0.6
0.697
0.279
0.27
0.936
0.542
0.753
0.368
0.755
0.982
0.292
0.487
0.928
0.946
0.383
0.792
0.969
0.431
0.982
0.795
0.419
0.974
0.508
0.083
0.546
0.197
0.629
0.594
0.888
0.522
0.97
0.874
0.244
0.473
0.666
0.781
0.362
0.965
0.759
0.475
0.204
0.825
0.255
0.61
0.939
0.673
0.415
0.458
0.871
0.1
0.37
0.381
0.078
0.795
0.242
0.754
0.08
0.006
0.755
0.613
0.186
0.895
0.783
0.039
0.677
0.452
0.735
0.272
0.407
0.912
0.438
0.054
0.998
0.442
0.216
0.05
0.369
0.526
0.305
0.56
0.814
0.937
0.991
0.58
0.643
0.443
0.646
0.236
0.898
0.815
0.274
0.909
0.857
0.163
0.21
0.857
0.709
0.101
0.269
0.107
0.43
0.726
0.64
0.516
0.618
0.021
0.917
0.603
0.684
0.275
0.427
0.105
0.122
0.672
0.778
0.079
0.805
0.387
0.958
0.449
0.663
0.86
0.054
0.109
0.654
0.481
0.529
0.603
0.114
0.114
0.81
0.711
0.181
0.596
0.195
0.618
0.608
0.508
0.652
0.297
0.543
0.302
0.016
0.789
0.959
0.815
0.443
0.982
0.066
0.44
0.792
0.036
0.369
0.676
0.063
0.16
0.956
0.348
0.569
0.653
0.044
0.745
0.677
0.93
0.158
0.225
0.626
0.83
0.383
0.089
0.61
0.494
0.151
0.767
0.343
0.226
0.587
0.719
0.657
0.778
0.026
0.949
0.758
0.094
0.602
0.064
0.925
0.225
0.564
0.795
0.752
0.157
0.595
0.435
0.655
0.832
0.332
0.615
0.322
0.564
0.57
0.151
0.306
0.519
0.417
0.195
0.089
0.531
0.381
0.703
0.921
0.399
0.671
0.517
0.725
0.469
0.294
0.675
0.319
0.59
0.793
0.598
0.878
0.119
0.87
0.331
0.609
0.253
0.973
0.287
0.439
0.397
0.35
0.682
0.924
0.986
0.434
0.682
0.179
0.285
0.675
0.35
0.079
0.106
0.112
0.862
0.819
0.063
0.849
0.103
0.182
0.034
0.096
0.251
0.769
0.589
0.65
0.159
0.316
0.047
0.914
0.474
0.851
0.459
0.679
0.994
0.997
0.781
0.142
0.175
0.872
0.826
0.858
0.295
0.938
0.761
0.871
0.052
0.799
0.802
0.067
0.906
0.467
0.771
0.43
0.109
0.341
0.72
0.888
0.317
0.268
0.003
0.354
0.082
0.9
0.048
0.79
0.236
0.842
0.216
0.05
0.869
0.639
0.571
0.596
0.673
0.959
0.337
0.068
0.799
0.483
0.302
0.384
0.918
0.697
0.741
0.776
0.532
0.629
0.43
0.435
0.923
0.643
0.548
0.707
0.161
0.509
0.283
0.065
0.626
0.125
0.361
0.319
0.425
0.431
0.407
0.562
0.816
0.369
0.506
0.58
0.055
0.069
0.685
0.795
0.488
0.671
0.858
0.488
0.679
0.504
0.269
0.145
0.018
0.818
0.153
0.097
0.726
0.657
0.254
0.021
0.964
0.492
0.057
0.004
0.08
0.645
0.637
0.878
0.227
0.373
0.607
0.023
0.138
0.026
0.664
0.762
0.088
0.35
0.108
0.03
0.353
0.269
0.231
0.176
0.398
0.654
0.543
0.676
