0.129
0.96
0.018
0.217
0.762
0.973
0.357
0.287
0.417
0.321
0.162
0.367
0
0.963
0.559
0.099
0.572
0.25
0.303
0.067
0.387
0.502
0.981
0.83
0.767
0.473
0.256
0.036
0.069
0.5
0.043
0.173
0.963
0.567
0.959
0.086
0.734
0.216
0.283
0.405
0
0.449
0.184
0.73
0.672
0.872
0.631
0.272
0.087
0.381
0.907
0.542
0.092
0.976
0.04
0.918
0.786
0.014
0.749
0.954
0.623
0.225
0.248
0.958
0.46
0.799
0.278
0.03
0.914
0.483
0.274
0.69
0.533
0.145
0.997
0.687
0.291
0.489
0.012
0.68
0.328
0.953
0.873
0.64
0.84
0.829
0.445
0.565
0.725
0.433
0.337
0.265
0.281
0.938
0.727
0.775
0.188
0.138
0.235
0.612
0.376
0.321
0.847
0.076
0.377
0.886
0.012
0.402
0.542
0.017
0.015
0.088
0.85
0.674
0.958
0.477
0.769
0.429
0.769
0.783
0.918
0.002
0.22
0.47
0.042
0.002
0.664
0.38
0.593
0.63
0.821
0.131
0.638
0.497
0.684
0.736
0.863
0.709
0.577
0.087
0.931
0.116
0.835
0.503
0.204
0.529
0.908
0.069
0.974
0.861
0.207
0.793
0.462
0.465
0.015
0.021
0.335
0.368
0.75
0.297
0.466
0.405
0.217
0.025
0.975
0.241
0.998
0.177
0.211
0.18
0.829
0.966
0.685
0.808
0.877
0.666
0.981
0.196
0.64
0.48
0.946
0.281
0.813
0.731
0.018
0.934
0.35
0.493
0.561
0.614
0.322
0.299
0.669
0.789
0.078
0.101
0.804
0.966
0.085
0.262
0.41
0
0.12
0.639
0.226
0.32
0.94
0.882
0.335
0.216
0.545
0.176
0.443
0.541
0.477
0.282
0.459
0.111
0.8
0.229
0.127
0.121
0.276
0.932
0.633
0.634
0.657
0.191
0.492
0.791
0.446
0.33
0.059
0.379
0.061
0.722
0.817
0.04
0.19
0.476
0.541
0.041
0.095
0.905
0.738
0.236
0.538
0.371
0.047
0.929
0.247
0.074
0.507
0.092
0.036
0.959
0.227
0.539
0.658
0.673
0.734
0.964
0.683
0.968
0.088
0.35
0.008
0.087
0.174
0.602
0.697
0.628
0.905
0.572
0.054
0.639
0.135
0.367
0.285
0.512
0.798
0.434
0.156
0.738
0.069
0.812
0.575
0.762
0.853
0.786
0.372
0.875
0.781
0.449
0.193
0.515
0.959
0.989
0.093
0.491
0.241
0.295
0.849
0.469
0
0.31
0.986
0.413
0.139
0.022
0.106
0.842
0.333
0.512
0.023
0.407
0.335
0.001
0.502
0.739
0.925
0.576
0.41
0.534
0.016
0.308
0.571
0.9
0.492
0.817
0.982
0.366
0.844
0.872
0.501
0.184
0.844
0.448
0.108
0.926
0.199
0.808
0.639
0.398
0.917
0.484
0.068
0.878
0.968
0.782
0.851
0.189
0.068
0.968
0.208
0.021
0.543
0.712
0.792
0.531
0.142
0.819
0.999
0.853
0.465
0.79
0.463
0.796
0.533
0.906
0.663
0.583
0.893
0.428
0.797
0.502
0.11
0.803
0.987
0.4
0.112
0.04
0.987
0.512
0.021
0.264
0.777
0.521
0.6
0.037
0.933
0.815
0.386
0.726
0.511
0.731
0.004
0.882
0.278
0.471
0.119
0.311
0.293
0.786
0.7
0.956
0.196
0.67
0.341
0.837
0.735
0
0.671
0.503
0.583
0.815
0.597
0.523
0.036
0.882
0.893
0.992
0.495
0.615
0.963
0.646
0.049
0.381
0.72
0.268
0.868
0.262
0.367
0.065
0.39
0.643
0.641
0.168
0.808
0.355
0.32
0.146
0.547
0.906
0.284
0.805
0.926
0.669
0.664
0.723
0.696
0.712
0.168
0.039
0.478
0.357
0.398
0.848
0.389
0.983
0.297
0.685
0.191
0.207
0.914
0.151
0.865
0.768
0.741
0.295
0.303
0.889
0.107
0.71
0.543
0.377
0.095
0.536
0.174
0.283
0.981
0.711
0.676
0.488
0.028
0.282
0.638
0.23
0.301
0.991
0.753
0.86
0.416
0.895
0.52
0.498
0.606
0.428
0.229
0.196
0.204
0.322
0.415
0.235
0.515
0.908
0.137
0.412
0.061
0
0.481
0.346
0.66
0.723
0.312
0.624
0.377
0.176
0.725
0.452
0.672
0.392
0.392
0.903
0.431
0.282
0.568
0.303
0.264
0.644
0.965
0.312
0.927
0.691
0.671
0.922
0.513
0.545
0.464
0.332
0.303
0.219
0.338
0.841
0.623
0.151
0.321
0.338
0.087
0.077
0.334
0.088
0.991
0.816
0.1
0.561
0.672
0.253
0.022
0.525
0.4
0.989
0.753
0.824
0.585
0.056
0.747
0.715
0.11
0.088
0.493
0.31
0.212
0.621
0.881
0.885
0.543
0.546
0.611
0.279
0.932
0.58
0.023
0.704
0.446
0.474
0.465
0.398
0.96
0.166
0.821
0.395
0.147
0.831
0.388
0.567
0.444
0.307
0.261
0.932
0.653
0.2
0.96
0.98
0.441
0.529
0.844
0.635
0.054
0.362
0.758
0.984
0.435
0.914
0.136
0.645
0.516
0.618
0.239
0.285
0.534
0.075
0.122
0.774
0.122
0.508
0.007
0.051
0.23
0.929
0.214
0.401
0.485
0.472
0.722
0.665
0.663
0.679
0.154
0.094
0.25
0.611
0.111
0.359
0.188
0.15
0.385
0.861
0.635
0.552
0.582
0.972
0.544
0.864
0.06
0.513
0.61
0.15
0.169
0.872
0.437
0.676
0.021
0.249
0.44
0.433
0.885
0.27
0.55
0.187
0.448
0.399
0.258
0.724
0.34
0.512
0.641
0.502
0.708
0.571
0.424
0.672
0.788
0.263
0.477
0.549
0.42
0.842
0.112
0.774
0.842
0.73
0.332
0.145
0.346
0.656
0.015
0.451
0.178
0.246
0.761
0.646
0.36
0.251
0.647
0.396
0.567
0.466
0.188
0.757
0.198
0.746
0.596
0.777
0.061
0.809
0.761
0.756
0.926
0.503
0.976
0.507
0.777
0.082
0.297
0.444
0.992
0.38
0.642
0.503
0.167
0.831
0.813
0.672
0.506
0.378
0.066
0.863
0.955
0.946
0.334
0.499
0.634
0.046
0.498
0.133
0.331
0.458
0.819
0.035
0.815
0.149
0.247
0.999
0.491
0.918
0.987
0.516
0.415
0.197
0.902
0.995
0.79
0.342
0.833
0.566
0.095
0.149
0.352
0.635
0.194
0.424
0.152
0.246
0.167
0.421
0.785
0.607
0.872
0.861
0.639
0.814
0.095
0.592
0.742
0.812
0.092
0.049
0.921
0.045
0.203
0.11
0.919
0.686
0.524
0.473
1.0
0.774
0.284
0.486
0.474
0.307
0.682
0.458
0.309
0.128
0.751
0.154
0.208
0.892
0.018
0.246
0.839
0.958
0.381
0.6
0.417
0.234
0.937
0.942
0.816
0.056
0.748
0.04
0.945
0.191
0.725
0.166
0.072
0.753
0.59
0.245
0.806
0.666
0.622
0.716
0.493
0.481
0.495
0.647
0.31
0.916
0.109
0.89
0.845
0.651
0.419
0.05
0.063
0.65
0.944
0.488
0.213
0.887
0.53
0.208
0.994
0.119
0.479
0.279
0.995
0.748
0.739
0.321
0.452
0.082
0.261
0.662
0
0.455
0.353
0.792
0.319
0.061
0.973
0.257
0.261
0.672
0.464
0.124
0.27
0.337
0.262
0.774
0.494
0.201
0.321
0.223
0.565
0.996
0.083
0.696
0.712
0.088
0.337
0.212
0.305
0.298
0.996
0.175
0.925
0.656
0.052
0.613
0.627
0.121
0.725
0.293
0.729
0.308
0.913
0.171
0.144
0.657
0.528
0.43
0.949
0.982
0.059
0.826
0.813
0.982
0.649
0.78
0.004
0.531
0.697
0.604
0.571
0.392
0.701
0.407
0.668
0.867
0.291
0.687
0.571
0.659
0.912
0.284
0.006
0.722
0.691
0.081
0.0
0.809
0.148
0.554
0.786
0.152
0.757
0.397
0.256
0.823
0.682
0.597
0.594
0.996
0.367
0.356
0.102
0.289
0.201
0.524
0.002
0.814
0.982
0.996
0.948
0.5
0.655
0.386
0.165
0.319
0.515
0.268
0.711
0.688
0.578
0.569
0.96
0.907
0.875
0.512
0.847
0.353
0.964
0.547
0.411
0.924
0.056
0.182
0.813
0.609
0.77
0.774
0.847
0.871
0.107
0.167
