0.386
0.289
0.916
0.367
0.211
0.12
0.571
0.531
0.381
0.647
0.868
0.933
0.026
0.454
0.782
0.951
0.091
0.048
0.4
0.273
0.088
0.061
0.701
0.269
0.196
0.295
0.623
0.698
0.318
0.315
0.351
0.045
0.071
0.195
0.151
0.023
0.127
0.116
0.671
0.632
0.991
0.734
0.537
0.16
0.164
0.908
0.972
0.029
0.545
0.452
0.287
0.163
0.121
0.269
0.132
0.278
0.163
0.576
0.682
0.766
0.701
0.371
0.32
0.662
0.06
0.141
0.744
0.166
0.842
0.941
0.399
0.325
0.691
0.942
0.785
0.338
0.911
0.149
0.655
0.762
0.622
0.061
0.832
0.769
0.333
0.266
0.545
0.203
0.863
0.54
0.968
0.893
0.959
0.124
0.52
0.149
0.776
0.082
0.464
0.519
0.976
0.725
0.848
0.935
0.759
0.284
0
0.423
0.84
0.002
0.376
0.447
0.568
0.172
0.423
0.238
0.413
0.446
0.707
0.454
0.432
0.821
0.749
0
0.308
0.099
0.877
0.776
0.004
0.745
0.8
0.809
0.379
0.727
0.163
0.592
0.919
0.445
0.693
0.946
0.46
0.884
0.382
0.902
0.167
0.19
0.963
0.129
0.394
0.055
0.583
0.058
0.15
0.796
0.388
0.711
0.556
0.841
0.43
0.336
0.824
0.575
0.679
0.277
0.449
0.109
0.73
0.308
0.165
0.376
0.931
0.44
0.279
0.475
0.293
0.857
0.039
0.918
0.139
0.625
0.957
0.525
0.388
0.768
0.168
0.682
0.373
0.677
0.02
0.318
0.198
0.207
0.479
0.726
0.502
0.174
0.746
0.219
0.695
0.011
0
0.877
0.924
0.006
0.622
0.031
0.64
0.543
0.124
0.684
0.501
0.566
0.347
0.079
0.615
0.538
0.12
0.423
0.657
0.842
0.832
0.712
0.736
0.899
0.315
0.785
0.515
0.333
0.397
0.365
0.673
0.653
0.025
0.827
0.55
0.565
0.73
0.893
0.347
0.534
0.16
0.066
0.748
0.741
0.618
0.477
0.945
0.288
0.94
0.974
0.446
0.026
0.071
0
0.923
0.727
0.31
0.381
0.45
0.541
0.616
0.317
0.366
0.153
0.67
0.036
0.111
0.641
0.432
0.937
0.559
0.345
0.153
0.452
0.798
0.376
0.487
0.595
0.472
0.601
0.986
0.322
0.594
0.025
0.847
0.92
0.429
0.573
0.851
0.313
0.538
0.423
0.389
0.402
0.462
0.286
0.519
0.499
0.542
0.51
0.251
0.867
0.524
0.186
0.934
0.754
0.785
0.932
0.139
0.452
0.527
0.176
0.327
0.549
0.849
0.359
0.981
0.751
0.048
0.63
0.276
0.44
0.694
0.003
0.258
0.887
0.84
0.051
0.651
0.545
0.538
0.889
0.857
0.076
0.758
0.42
0.415
0.552
0.916
0.22
0.535
0.31
0.066
0.807
0.084
0.993
0.264
0.713
0.616
0.319
0.404
0.531
0.89
0.949
0.733
0.234
0.456
0.36
0.103
0.849
0.872
0.736
0.628
0.197
0.102
0.89
0.934
0.79
0.642
0.657
0.387
0.334
0.001
0.629
0.952
0.637
0.273
0.135
0.599
0.532
0.957
0.832
0.891
0.828
0.302
0.739
0.66
0.049
0.125
0.501
0.194
0.988
0.799
0.195
0.998
0.19
0.794
0.366
0.532
0.08
0.621
0.53
0.737
0.222
0.378
0.07
0.745
0.215
0.954
0.758
0.915
0.557
0.204
0.503
0.805
0.117
0.784
0.63
0.839
0.616
0.974
0.435
0.701
0.627
0.768
0.204
0.085
0.519
0.114
0.878
0.098
0.516
0.176
0.487
0.826
0.381
0.05
0.639
0.845
0.725
0.887
0.826
0.517
0.085
0.325
0.16
0.014
0.786
0.333
0.115
0
0.113
0.891
0.476
0.712
0.219
0.936
0.975
0.406
0.144
0.735
0.461
0.721
0.691
0.227
0.332
0.943
0.328
0.794
0.087
0.406
0.994
0.744
0.863
0.215
0.774
0.234
0.46
0.927
0.538
0.342
0.371
0.339
0.89
0.094
0.101
0.318
0.495
0.133
0.651
0.59
0.055
0.587
0.522
0.18
0.494
0.859
0.901
0.274
0.952
0.627
0.683
0.211
0.607
0.551
0.029
0.713
0.587
0.54
0.504
0.16
0.175
0.991
0.897
0.42
0.775
0.008
0
0.167
0.067
0.96
0.234
0.697
0.399
0.053
0.699
0.743
0.011
0.565
0
0.897
0.993
0.727
0.042
0.016
0.198
0.912
0.356
0.228
0.831
0.598
0.788
0.733
0.1
0.071
0.099
0.494
0.784
0.84
0.103
0.493
0.348
0.613
0.623
0.586
0.235
0.375
0.106
0.344
0.468
0.882
0.278
0.433
0.48
0.646
0.638
0.452
0.532
0.153
0.451
0.562
0.471
0.178
0.957
0.332
0.188
0.945
0.712
0.906
0.869
0.43
0.569
0.621
0.696
0.334
0.014
0.093
0.6
0.447
0.04
0.89
0.839
0.793
0.623
0.355
0.555
0.424
0.564
0.79
0.241
0.504
0.853
0.471
0.51
0.44
0.063
0.821
0.985
0.601
0.073
0.105
0.792
0.305
0.371
0.111
0.594
0.348
0.033
0.872
0.644
0.799
0.785
0.294
0.959
0.238
0.454
0.2
0.3
0.326
0.917
0.952
0.972
0.667
0.43
0.849
0.307
0.727
0.286
0.382
0.621
0.978
0.891
0.669
0.838
0.572
0.695
0.729
0.728
0.559
0.27
0.535
0.903
0.41
0.451
0.927
0.655
0.826
0.074
0.835
0.057
0.676
0.639
0.432
0.307
0.972
0.507
0.024
0.974
0.639
0.583
0.328
0.674
0.21
0.256
0.502
0.29
0.707
0.52
0.621
0.435
0.609
0.341
0.368
0.403
0.977
0.145
0.01
0.049
0.359
0.783
0.634
0.662
0.351
0.78
0.336
0.393
0.639
0.141
0.231
0.635
0.155
0.663
0.849
0.689
0
0.97
0.133
0.251
0.054
0.304
0.196
0.602
0.028
0.235
0.018
0.942
0.085
0.986
0.117
0.203
0.02
0.144
0.685
0.886
0.166
0.845
0.735
0.544
0.087
0.437
0.297
0.809
0.335
0.583
0.862
0.444
0.589
0.012
0.944
0.413
0.744
0.458
0.752
0.665
0.449
0.304
0.566
0.218
0.854
0.184
0.772
0.138
0.559
0.572
0.714
0.951
0.856
0.213
0.627
0.772
0.088
0.947
0.366
0.933
0.833
0.059
0.567
0.172
0.952
0.781
0.981
0.702
0.851
0.853
0.752
0.171
0.868
0.322
0.485
0.196
0.271
0.597
0.069
0.265
0.09
0.861
0.934
0.849
0.094
0.753
0.505
0.881
0.293
0.954
0.597
0.638
0.804
0.224
0.38
0.871
0.495
0.823
0.98
0.376
0.37
0.494
0.469
0.407
0.51
0.585
0.619
0.149
0.194
0.168
0.905
0.241
0.717
0.803
0.197
0.435
0.586
0.166
0.459
0.024
0.182
0.978
0.203
0.612
0.313
0.131
0.34
0.926
0.343
0.799
0.712
0.877
0.591
0.067
0.859
0.53
0.871
0.61
0.206
0.622
0.058
0.767
0.722
0.282
0.418
0.114
0.11
0.128
0.597
0.433
0.218
0.736
0.815
0.816
0.054
0.91
0.25
0.882
0.422
0.991
0.276
0.328
0.159
0.807
0.574
0.181
0.764
0.532
0.694
0.927
0.357
0.401
0.318
0.356
0.947
0.126
0.724
0.266
0.757
0.4
0.482
0.107
0.45
0.668
0.092
0.481
0.054
0.688
0.938
0.884
0.595
0.702
0.954
0.683
0.682
0.043
0.331
0.881
0.555
0
0.61
0.519
0.68
0.611
0.77
0.391
0.572
0.821
0.304
0.694
0.862
0.101
0.482
0.245
0.806
0.387
0.948
0.61
0.752
0.804
0.44
0.002
0.577
0.1
0.805
0.378
0.762
0.327
0.447
0.053
0.571
0.693
0.919
0.9
0.015
0.499
0.586
0.975
0.944
0.565
0.972
0.027
0.34
0.257
0.839
0.291
0.12
0.361
0.435
0.054
0.488
0.189
0.535
0.097
0.952
0.853
0.221
0.106
0.195
0.424
0.504
0.968
0.967
0.534
0.349
0.412
0.248
0.337
0.55
0.605
0.012
0.365
0.977
0.345
0.256
0.783
0.473
0.458
0.338
0.439
0.59
0.182
0.391
0.753
0.473
0.785
0.567
0.82
0.403
0.437
0.3
0.814
0.808
0.698
0.846
0.382
