0.482
0.165
0.091
0.587
0.734
0.4
0.096
0.114
0.62
0.713
0.294
0.193
0.884
0.584
0.883
0.05
0.58
0.862
0.278
0.914
0.227
0.775
0.728
0.956
0.398
0.196
0.525
0.358
0.469
0.328
0.032
0.091
0.307
0.552
0.308
0.723
0.548
0.299
0.584
0.304
0.036
0.901
0.146
0.662
0.536
0.534
0.845
0.455
0.407
0.089
0.544
0.283
0.656
0.412
0.378
0.945
0.962
0.08
0.476
0.076
0.573
0.529
0.056
0.467
0.969
0.965
0.901
0.742
0.824
0.959
0.377
0.485
0.25
0.448
0.256
0.431
0.493
0.931
0.749
0.692
0.764
0.198
0.44
0.636
0.233
0.351
0.142
0.793
0.037
0.514
0.374
0.162
0.838
0.047
0.751
0.32
0.436
0.78
0.07
0.295
0.298
0.663
0.848
0.068
0.802
0.95
0.651
0.002
0.442
0.25
0.974
0.707
0.91
0.621
0.793
0.551
0.041
0.007
0.182
0.828
0.113
0.722
0.849
0.212
0.567
0.631
0.19
0.226
0.119
0.48
0.925
0.58
0.425
0.215
0.038
0.879
0.492
0.14
0.356
0.544
0.795
0.335
0.467
0.801
0.246
0.14
0.927
0.085
0.433
0.232
0.955
0.879
0.39
0.308
0.316
0.971
0.47
0.842
0.512
0.579
0.999
0.825
0.738
0.01
0.782
0.464
0.291
0.025
0.007
0.365
0.823
0.166
0.292
0.532
0.673
0.953
0.822
0.579
0.322
0.139
0.426
0.254
0.449
0.466
0.047
0.895
0.575
0.812
0.853
0.593
0.122
0.202
0.185
0.977
0.821
0.344
0.161
0.256
0.524
0.267
0.547
0.095
0.935
0.633
0.648
0.442
0.651
0.5
0.103
0.655
0.722
0.837
0.044
0.809
0.831
0.411
0.633
0.238
0.986
0.835
0.314
0.908
0.09
0.152
0.69
0.295
0.015
0.803
0.47
0.679
0.756
0.361
0.934
0.851
0.964
0.916
0.104
0.491
0.751
0.767
0.208
0.639
0.315
0.302
0.007
0.715
0.584
0.678
0.687
0.064
0.336
0.691
0.212
0.271
0.829
0.119
0.535
0.714
0.817
0.677
0.785
0.678
0.382
0.194
0.138
0.704
0.149
0.263
0.212
0.989
0.835
0.828
0.547
0.739
0.326
0.309
0.141
0.114
0.754
0.514
0.613
0.839
0.28
0.729
0.72
0.598
0.678
0.455
0.466
0.856
0.181
0.382
0.281
0.943
0.8
0.052
0.964
0.46
0.677
0.378
0.101
0.431
0.931
0.366
0.659
0.226
0.888
0.863
0.51
0.663
0.856
0.492
0.131
0.515
0.769
0.87
0.461
0.667
0.717
0.546
0.93
0.153
0.394
0.49
0.449
0.936
0.434
0.879
0.721
0.825
0.806
0.599
0.637
0.966
0.748
0.402
0.836
0.83
0.328
0.333
0.078
0.188
0.02
0.819
0.793
0.433
0.403
0.537
0.105
0.697
0.835
0.7
0.241
0.017
0.336
0.619
0.219
0.817
0.721
0.861
0.058
0.997
0.04
0.5
0.487
0.079
0.934
0.405
0.672
0.134
0.137
0.386
0.931
0.632
0.741
0.626
0.393
0.363
0.651
0.089
0.906
0.295
0.413
0.641
0.136
0.57
0.58
0.712
0.522
0.041
0.692
0.235
0.609
0.016
0.677
0.165
0.156
0.15
0.141
0.313
0.571
0.366
0.817
0.158
0.193
0.69
0.125
0.926
0.737
0.992
0.203
0.907
0.113
0.565
0.337
0.015
0.139
0.303
0.777
0.739
0.266
0.726
0.816
0.133
0.934
0.437
0.046
0.403
0.886
0.319
0.268
0.001
0.881
0.422
0.808
0.605
0.637
0.433
0.487
0.634
0.489
0.124
0.45
0.172
0.132
0.224
0.207
0.222
0.65
0.864
0.013
0.954
0.19
0.406
0.565
0.657
0.687
0.24
0.292
0.297
0.961
0.569
0.89
0.75
0.097
0.76
0.071
0.352
0.694
0.217
0.921
0.874
0.548
0.798
0.965
0.274
0.579
0.385
0.373
0.123
0.141
0.054
0.832
0.73
0.297
0.406
0.885
0.943
0.053
0.425
0.257
0.654
0.029
0.553
0.838
0.116
0.677
0.394
0.817
0.474
0.113
0.228
0.238
0.814
0.821
0.116
0.851
0.245
0.738
0.649
0.044
0.189
0.295
0.208
0.01
0.051
0.93
0.857
0.547
0.58
0.397
0.458
0.825
0.559
0.543
0.768
0.495
0.315
0.522
0.584
0.987
0.078
0.637
0.016
0.034
0.533
0.676
0.667
0.605
0.959
0.598
0.611
0.186
0.764
0.642
0.17
0.75
0.082
0.736
0.476
0.065
0.877
0.484
0.746
0.89
0.95
0.276
0.488
0.113
0.645
0.571
0.216
0.99
0.906
0.148
0.781
0.615
0.603
0.463
0.095
0.015
0.01
0.49
0.999
0.674
0.843
0.841
0.114
1.0
0.177
0.955
0.965
0.209
0.978
0.112
0.724
0.189
0.401
0.927
0.302
0.992
0.723
0.846
0.924
0.042
0.834
0.516
0.07
0.559
0.445
0.107
0.582
0.445
0.173
0.33
0.593
0.144
0.316
0.161
0.047
0.764
0.67
0.978
0.19
0.895
0.736
0.324
0.167
0.827
0.704
0.727
0.007
0.124
0.093
0.097
0.099
0.011
0.767
0.726
0.802
0.641
0.496
0.337
0.862
0.271
0.32
0.774
0.581
0.118
0.549
0.398
0.401
0.05
0.362
0.471
0.96
0.226
0.959
0.565
0.954
0.452
0.065
0.173
0.475
0.06
0.8
0.699
0.08
0.583
0.517
0.677
0.135
0.616
0.827
0.91
0.667
0.56
0.61
0.133
0.486
0.186
0.6
0.933
0.01
0.971
0.564
0.667
0.883
0.187
0.952
0.07
0.103
0.974
0.838
0.284
0.113
0.819
0.003
0.815
0.041
0.238
0.889
0.936
0.37
0.86
0.444
0.492
0.214
0.977
0.18
0.935
0.752
0.608
0.43
0.408
0.454
0.369
0.703
0.446
0.546
0.708
0.309
0.51
0.749
0.716
0.22
0.379
0.764
0.056
0.758
0.354
0.133
0.085
0.486
0.915
0.859
0.566
0.827
0.988
0.978
0.11
0.978
0.895
0.893
0.222
0.566
0.333
0.251
0.934
0.11
0.682
0.634
0.678
0.928
0.756
0.255
0.674
0.797
0.177
0.413
0.908
0.496
0.026
0.59
0.194
0.546
0.967
0.179
0.01
0.817
0.591
0.471
0.12
0.388
0.407
0.697
0.402
0.823
0.054
0.349
0.201
0.228
0.813
0.135
0.371
0.396
0.626
0.638
0.06
0.746
0.978
0.517
0.733
0.805
0.348
0.001
0.422
0.523
0.642
0.619
0.248
0.913
0.394
0.271
0.444
0.696
0.332
0.41
0.938
0.129
0.612
0.629
0.256
0.933
0.507
0.882
0.497
0.482
0.249
0.091
0.025
0.975
0.843
0.269
0.081
0.213
0.269
0.818
0.675
0.749
0.024
0.439
0.383
0.847
0.36
0.011
0.533
0.171
0.366
0.823
0.516
0.725
0.409
0.451
0.941
0.943
0.139
0.755
0.849
0.87
0.71
0.352
0.109
0.058
0.354
0.695
0.007
0.27
0.745
0.743
0.625
0.707
0.109
0.907
0.364
0.93
0.891
0.156
0.66
0.544
0.558
0.702
0.378
0.259
0.712
0.667
0.576
0.228
0.243
0.345
0.829
0.695
0.666
0.466
0.579
0.108
0.39
0.738
0.908
0.908
0.018
0.034
0.606
0.47
0.996
0.803
0.596
0.19
0.889
0.98
0.403
0.842
0.741
0.667
0.694
0.764
0.53
0.594
0.512
0.753
0.831
0.253
0.285
0.812
0.397
0.979
0.901
0.487
0.241
0.267
0.173
0.218
0.948
0.35
0.203
0.002
0.387
0.461
0.128
0.535
0.499
0.273
0.262
0.889
0.686
0.923
0.564
0.074
0.109
0.522
0.262
0.847
0.202
0.581
0.723
0.598
0.509
0.635
0.198
0.381
0.958
0.058
0.402
0.673
0.727
0.84
0.28
0.93
0.554
0.661
0.367
0.469
0.5
0.591
0.921
0.3
0.791
0.552
0.095
0.99
0.983
0.565
0.492
0.176
0.198
0.115
0.079
0.405
0.968
0.351
0.519
0.585
0.18
0.92
0.27
0.25
0.6
0.043
0.565
0.827
0.717
0.182
0.418
0.2
0.913
0.068
0.592
0.357
0.388
0.592
0.505
0.224
0.778
0.842
0.548
0.643
0.203
0.232
0.939
0.33
