0.13
0.998
0.156
0.077
0.415
0.918
0.39
0.379
0.736
0.748
0.472
0.997
0.011
0.696
0.767
0.127
0.025
0.062
0.064
0.063
0.498
0.766
0.34
0.057
0.718
0.612
0.894
0.841
0.929
0.686
0.19
0.992
0.183
0.871
0.935
0.701
0.163
0.433
0.356
0.242
0.363
0.993
0.202
0.153
0.341
0.859
0.993
0.814
0.162
0.787
0.934
0.835
0.127
0.772
0.96
0.994
0.166
0.242
0.337
0.42
0.509
0.0
0.802
0.807
0.932
0.237
0.417
0.574
0.786
0.533
0.388
0.863
0.447
0.808
0.131
0.634
0.382
0.669
0.301
0.718
0.397
0.406
0.549
0.768
0.665
0.273
0.485
0.629
0.725
0.033
0.538
0.801
0.926
0.937
0.123
0.288
0.632
0.383
0.371
0.537
0.12
0.013
0.513
0.924
0.806
0.088
0.335
0.506
0.248
0.827
0.368
0.281
0.263
0.256
0.226
0.177
0.642
0.076
0.106
0.26
0.654
0.821
0.876
0.898
0.622
0.154
0.899
0.253
0.111
0.519
0.588
0.357
0.801
0.254
0.814
0.905
0.003
0.763
0.886
0.734
0.593
0.106
0.791
0.281
0.529
0.55
0.683
0.926
0.847
0.947
0.511
0.426
0.314
0.029
0.418
0.905
0.227
0.051
0.793
0.622
0.664
0.317
0.897
0.193
0.418
0.887
0.789
0.212
0.644
0.646
0.228
0.659
0.016
0.847
0.67
0.062
0.83
0.213
0.356
0.243
0.02
0.727
0.838
0.353
0.11
0.592
0.657
0.905
0.447
0.601
0.678
0.967
0.632
0.138
0.598
0.708
0.372
0.637
0.526
0.189
0.09
0.447
0.44
0.814
0.865
0.614
0.178
0.181
0.295
0.185
0.062
0.084
0.87
0.928
0.1
0.011
0.538
0.919
0.451
0.298
0.757
0.559
0.167
0.199
0.995
0.709
0.983
0.929
0.739
0.973
0.545
0.221
0.336
0.735
0.611
0.777
0.66
0.187
0.603
0.807
0.531
0.176
0.786
0.134
0.921
0.79
0.807
0.412
0.209
0.912
0.288
0.789
0.447
0.023
0.936
0.337
0.688
0.068
0.826
0.359
0.899
0.722
0.745
0.211
0.656
0.424
0.41
0.129
0.758
0.546
0.423
0.131
0.723
0.614
0.066
0.751
0.923
0.827
0.211
0.641
0.66
0.241
0.238
0.413
0.089
0.71
0.171
0.385
0.095
0.787
0.859
0.939
0.835
0.295
0.473
0.741
0.699
0.881
0.704
0.551
0.708
0.655
0.975
0.191
0.762
0.404
0.62
0.422
0.377
0.352
0.244
0.535
0.017
0.442
0.403
0.408
0
0.873
0.901
0.862
0.89
0.289
0.846
0.095
0.58
0.264
0.345
0.325
0.997
0.004
0.872
0.296
0.248
0.322
0.241
0.247
0.565
0.305
0.836
0.095
0.516
0.941
0.538
0.928
0.351
0.257
0.067
0.036
0.823
0.338
0.427
0.362
0.597
0.981
0.927
0.836
0.773
0.827
0.419
0.642
0.098
0.515
0.339
0.693
0.676
0.215
0.805
0.592
0.678
0.445
0.443
0.416
0.706
0.845
0.737
0.932
0.397
0.794
0.513
0.011
0.918
0.891
0.004
0.626
0.905
0.622
0.117
0.334
0.882
0.228
0.053
0.808
0.795
0.4
0.095
0.132
0.738
0.199
0.908
0.967
0.849
0.211
0.728
0.944
0.064
0.25
0.859
0.133
0.762
0.514
0.771
0.96
0.965
0.914
0.244
0.439
0.925
0.035
0.481
0.372
0.203
0.407
0.952
0.675
0.257
0.701
0.259
0.342
0.145
0.86
0.545
0.297
0.262
0.258
0.802
0.901
0.154
0.061
0.774
0.771
0.866
0.092
0.007
0.755
0.844
0.422
0.346
0.088
0.52
0.54
0.545
0.669
0.076
0.972
0.206
0.98
0.365
0.504
0.895
0.18
0.601
0.841
0.911
0.974
0.406
0.283
0.82
0.985
0.814
0.921
0.867
0.013
0.095
0.067
0.305
0.487
0.516
0.31
0.662
0.51
0.97
0.914
0.856
0.163
0.998
0.404
0.12
0.296
0.465
0.916
0.524
0.235
0.071
0.251
0.952
0.197
0.989
0.973
0.086
0.51
0.665
0.449
0.09
0.813
0.779
0.042
0.538
0.63
0.782
0.045
0.889
0.856
0.181
0.641
0.363
0.577
0.892
0.06
0.633
0.851
0.532
0.093
0.327
0.397
0.278
0.123
0.476
0.707
0.51
0.966
0.016
0.2
0.913
0.428
0.795
0.572
0.208
0.134
0.542
0.711
0.122
0.004
0.077
0.364
0.392
0.941
0.943
0.157
0.452
0.82
0.975
0.714
0.25
0.02
0.346
0.516
0.109
0.598
0.48
0.877
0.607
0.135
0.729
0.038
0.393
0.003
0.668
0.278
0.048
0.209
0.75
0.671
0.699
0.077
0.936
0.247
0.087
0.425
0.094
0.539
0.161
0.845
0.091
0.069
0.709
0.664
0.845
0.756
0.488
0.709
0.313
0.368
0.743
0.374
0.804
0.47
0.673
0.951
0.614
0.108
0.225
0.904
0.628
0.813
0.481
0.938
0.94
0.883
0.995
0.94
0.377
0.988
0.922
0.732
0.179
0.923
0.519
0.605
0.141
0.174
0.674
0.71
0.329
0.572
0.11
0.988
0.98
0.837
0.95
0.637
0.107
0.067
0.929
0.379
0.379
0.136
0.249
0.818
0.935
0.813
0.511
0.369
0.342
0.731
0.338
0.312
0.608
0.024
0.457
0.39
0.976
0.3
0.051
0.492
0.198
0.735
0.236
0.728
0.289
0.6
0.831
0.378
0.455
0.334
0.782
0.49
0.642
0.53
0.128
0.084
0.744
0.506
0.675
0.652
0.013
0.663
0.837
0.34
0.196
0.01
0.062
0.072
0.592
0.282
0.895
0.171
0.879
0.612
0.992
0.376
0.594
0.134
0.973
0.476
0.556
0.668
0.035
0.784
0.915
0.764
0.764
0.054
0.009
0.719
0.204
0.503
0.397
0.534
0.969
0.269
0.008
0.184
0.167
0.614
0.088
0.218
0.114
0.015
0.109
0.557
0.087
0.264
0.926
0.357
0.986
0.439
0.344
0.0
0.168
0.167
0.126
0.151
0.475
0.863
0.869
0.111
0.828
0.364
0.64
0.573
0.277
0.975
0.162
0.03
0.346
0.71
0.481
0.894
0.267
0.632
0.164
0.226
0.513
0.831
0.202
0.908
0.698
0.65
0.96
0.816
0.246
0.961
0.898
0.638
0.346
0.176
0.39
0.159
0.128
0.1
0.317
0.659
0.102
0.149
0.41
0.704
0.528
0.911
0.636
0.911
0.613
0.464
0.469
0.835
0.87
0.307
0.08
0.412
0.373
0.267
0.832
0.707
0.453
0.771
0.964
0.37
0
0.755
0.332
0.322
0.252
0.745
0.851
0.912
0.917
0.055
0.95
0.022
0.826
0.681
0.887
0.05
0.951
0.91
0.91
0.815
0.47
0.307
0.382
0.866
0.658
0.914
0.985
0.343
0.014
0.716
0.106
0.399
0.989
0.947
0.902
0.668
0.244
0.614
0.222
0.862
0.611
0.771
0.705
0.083
0.576
0.387
0.106
0.205
0.047
0.488
0.652
0.848
0.219
0.528
0.298
0.44
0.496
0.994
0.295
0.48
0.55
0.605
0.231
0.5
0.281
0.286
0.712
0.976
0.363
0.197
0.083
0.397
0.457
0.561
0.934
0.795
0.44
0.952
0.276
0.444
0.089
0.591
0.647
0.038
0.135
0.821
0.693
0.489
0.24
0.345
0.433
0.427
0.306
0.201
0.023
0.676
0.869
0.654
0.273
0.488
0.657
0.256
0.786
0.393
0.148
0.565
0.353
0.1
0.867
0.69
0.768
0.5
0.038
0.009
0.409
0.052
0.084
0.819
0.889
0.912
0.56
0.316
0.651
0.039
0.996
0.359
0.678
0.092
0.263
0.827
0.031
0.786
0.094
0.921
0.198
0.874
0.472
0.079
0.166
0.743
0.857
0.845
0.357
0.212
0.576
0.219
0.729
0.696
0.833
0.091
0.316
0.335
0.88
0.493
0.569
0.038
0.292
0.798
0.452
0.769
0.54
0.622
0.276
0.85
0.913
0.632
0.043
0.461
0.693
0.298
0.48
0.384
0.031
0.691
0.108
0.386
0.376
0.821
0.962
0.069
0.216
0.459
0.357
0.397
0.774
0.569
0.72
0.091
0.927
0
0.847
0.584
0.665
0.57
0.333
0.701
0.406
0.234
0.942
0.189
0.836
0.174
0.002
0.221
