0.231
0.688
0.159
0.301
0.389
0.029
0.208
0.204
0.07
0.857
0.672
0.031
0.967
0.06
0.557
0.824
0.578
0.747
0.349
0.95
0.189
0.824
0.516
0.753
0.759
0.941
0.393
0.268
0.848
0.908
0.68
0.119
0.257
0.777
0.135
0.606
0.947
0.973
0.518
0.312
0.399
0.787
0.025
0.259
0.841
0.073
0.614
0.691
0.596
0.602
0.477
0.63
0.586
0.244
0.854
0.538
0.72
0.265
0.08
0.72
0.469
0.101
0.117
0.92
0.152
0.259
0.502
0.774
0.768
0.114
0.962
0.402
0.582
0.011
0.593
0.957
0.489
0.173
0.226
0.182
0.355
0.004
0.87
0.615
0.221
0.644
0.376
0.132
0.648
0.443
0.189
0.455
0.312
0.409
0.227
0.87
0.617
0.756
0.914
0.035
0.206
0.385
0.921
0.064
0.959
0.805
0.097
0.269
0.298
0.287
0.484
0.894
0.283
0.983
0.075
0.859
0.6
0.385
0.428
0.35
0.101
0.974
0.08
0.878
0.177
0.9
0.169
0.034
0.26
0.806
0.366
0.54
0.019
0.85
0.812
0.376
0.609
0.592
0.926
0.402
0.439
0.847
0.569
0.072
0.297
0.342
0.578
0.035
0.785
0.367
0.973
0.398
0.766
0.114
0.331
0.551
0.002
0.01
0.835
0.613
0.705
0.105
0.775
0.443
0.191
0.807
0.842
0.429
0.862
0.982
0.999
0.488
0.158
0.764
0.183
0.612
0.536
0.252
0.562
0.877
0.806
0.566
0.755
0.516
0.823
0.791
0.984
0.823
0.22
0.681
0.966
0.954
0.061
0.675
0.306
0.654
0.733
0.384
0.412
0.905
0.957
0.535
0.267
0.957
0.904
0.48
0.502
0.263
0.366
0.683
0.922
0
0.372
0.949
0.925
0.32
0.323
0.61
0.963
0.881
0.063
0.554
0.406
0.666
0.916
0.963
0.958
0.629
0.926
0.591
0.022
0.78
0.279
0.339
0.671
0.331
0.687
0.072
0.638
0.643
0.395
0.545
0.285
0.934
0.884
0.963
0.14
0.728
0.756
0.092
0.515
0.762
0.543
0.899
0.944
0.263
0.274
0.914
0.842
0.436
0.409
0.653
0.087
0.67
0.321
0.08
0.45
0.889
0.105
0.515
0.434
0.4
0.077
0.958
0.791
0.906
0.27
0.622
0.086
0.79
0.128
0.454
0.12
0.905
0.235
0.001
0.143
0.946
0.518
0.038
0
0.939
0.045
0.556
0.998
0.979
0.206
0.464
0.14
0.4
0.817
0.925
0.02
0.675
0.765
0.656
0.622
0.026
0.006
0.194
0.042
0.052
0.459
0.644
0.794
0.389
0.091
0.705
0.567
0.543
0.255
0.691
0.25
0.335
0.336
0.213
0.323
0.315
0.169
0.104
0.286
0.296
0.693
0.985
0.091
0.764
0.217
0.418
0.06
0.426
0.818
0.799
0.593
0.536
0.475
0.809
0.548
0.765
0.216
0.15
0.381
0.347
0.319
0.583
0.875
0.921
0.644
0.393
0.755
0.158
0.609
0.792
0.968
0.718
0.013
0.832
0.515
0.174
0.062
0.49
0.302
0.616
0.691
0.045
0.67
0.136
0.221
0.195
0.233
0.969
0.474
0.438
0.363
0.87
0.047
0.536
0.238
0.837
0.633
0.17
0.351
0.163
0.006
0.393
0.79
0.828
0.571
0.599
0.691
0.439
0.451
0.704
0.604
0.849
0.109
0.62
0.144
0.012
0.369
0.399
0.536
0.164
0.57
0.646
0.132
0.806
0.749
0.261
0.989
0.79
0.346
0.078
0.104
0.277
0.705
0.0
0.86
0.954
0.057
0.548
0.218
0.625
0.544
0.775
0.813
0.844
0.449
0.288
0.682
0.259
0.709
0.905
0.579
0.9
0.587
0.176
0.494
0.993
0.99
0.834
0.617
0.274
0.156
0.182
0.494
0.751
0.951
0.336
0.37
0.673
0.713
0.311
0.18
0.591
0.581
0.349
0.872
0.488
0.594
0.48
0.101
0.76
0.434
0.789
0.148
0.178
0.728
0.173
0.572
0.564
0.873
0.483
0.61
0.477
0.407
0.228
0.635
0.173
0.634
0.587
0.338
0.582
0.541
0.597
0.533
0.171
0.935
0.737
0.422
0.191
0.443
0.681
0.358
0.196
0.58
0.648
0.813
0.038
0.21
0.598
0.255
0.517
0.148
0.065
0.573
0.943
0.46
0.919
0.954
0.842
0.201
0.866
0.277
0.881
0.016
0.375
0.278
0.996
0.5
0.54
0.527
0.403
0.488
0.325
0.607
0.362
0.745
0.196
0.451
0.672
0.832
0.379
0.963
0.587
0.945
0.872
0.383
0.685
0.59
0.949
0.134
0.32
0.379
0.484
0.986
0.162
0.007
0.379
0.271
0.545
0.234
0.233
0.384
0.659
0.921
0.203
0.288
0.086
0.463
0.026
0.654
0.993
0.741
0.855
0.353
0.933
0.652
0.157
0.655
0.569
0.476
0.603
0.101
0.598
0.174
0.94
0.905
0.773
0.748
0.076
0.763
0.894
0.417
0.009
0.338
0.891
0.609
0.868
0.96
0.803
0.818
0.071
0.458
0.374
0.453
0.374
0.513
0.775
0.143
0.307
0.892
0.44
0.81
0.116
0.961
0.323
0.922
0.479
0.265
0.548
0.254
0.118
0.224
0.46
0.364
0.929
0.516
0.418
0.389
0.81
0.645
0.188
0.404
0.234
0.375
0.383
0.899
0.359
0.548
0.323
0.977
0.27
0.904
0.323
0.78
0.348
0.535
0.099
0.717
0.457
0.416
0.435
0.099
0.957
0.275
0.994
0.732
0.765
0.235
0.253
0.243
0.918
0.746
0.026
0.954
0.533
0.643
0.397
0.345
0.047
0.684
0.513
0.886
0.389
0.017
0.373
0.168
0.461
0.706
0.766
0.429
0.148
0.367
0.484
0.218
0.497
0.156
0.381
0.576
0.396
0.854
0.079
0.373
0.081
0.89
0.802
0.291
0.756
0.471
0.345
0.631
0.622
0.429
0.55
0.22
0.306
0.369
0.264
0.761
0.448
0.007
0.852
0.138
0.188
0.857
0.447
0.615
0.355
0.437
0.112
0.102
0.88
0.153
0.368
0.474
0.679
0.412
0.611
0.662
0.454
0.455
0.597
0.959
0.053
0.21
0.995
0.728
0.665
0.742
0.575
0.67
0.632
0.876
0.926
0.33
0.676
0.826
0.629
0.432
0.262
0.467
0.091
0.755
0.177
0.691
0.813
0.025
0.349
0.265
0.142
0.119
0.393
0.198
0.41
0.175
0.986
0.914
0.308
0.252
0.015
0.579
0.741
0.023
0.18
0.238
0.976
0.332
0.125
0.373
0.607
0.711
0.24
0.361
0.629
0.098
0.843
0.9
0.127
0.641
0.197
0.235
0.089
0.114
0.553
0.25
0.787
0.487
0.841
0.364
0.988
0.731
0.307
0.943
0.015
0.799
0.903
0.749
0.397
0.345
0.005
0.836
0.037
0.401
0.33
0.701
0.252
0.69
0.647
0.66
0.255
0.553
0.061
0.593
0.59
0.475
0.746
0.126
0.058
0.461
0.301
0.164
0.283
0.956
0.022
0.636
0.107
0.916
0.288
0.521
0.587
0.799
0.934
0.375
0.522
0.535
0.333
0.806
0.208
0.902
0.652
0.336
0.997
0.725
0.732
0.117
0.879
0.27
0.09
0.116
0.945
0.637
0.506
0.578
0.324
0.337
0.245
0.656
0.386
0.306
0.308
0.337
0.414
0.919
0.825
0.324
0.891
0.775
0.912
0.68
0.478
0.382
0.552
0.002
0.089
0.319
0.171
0.388
0.195
0.277
0.095
0.007
0.415
0.264
0.302
0.388
0.122
0.627
0.168
0.599
0.494
0.243
0.335
0.216
0.563
0.73
0.923
0.647
0.724
0.544
0.544
0.043
0.87
0.603
0.555
0.868
0.652
0.813
0.476
0.31
0.356
0.287
0.977
0.759
0.836
0.382
0.482
0.471
0.674
0.35
0.069
0.603
0.386
0.487
0.839
0.389
0.963
0.512
0.907
0.411
0.695
0.553
0.387
0.461
0.908
0.79
0.802
0.719
0.307
0.503
0.519
0.364
0.087
0.636
0.604
0.601
0.315
0.584
0.835
0.577
0.307
0.375
0.783
0.614
0.268
0.676
0.199
0.59
0.131
0.73
0.202
0.881
0.183
0.932
0.543
0.391
0.479
0.355
0.99
0.794
0.034
0.61
0.175
0.159
0.991
0.122
0.151
0.682
0.115
0.366
0.211
0.411
0.925
0.369
0.452
0.808
0.184
0.038
0.698
0.981
0.009
