0.107
0.138
0.026
0.436
0.671
0.878
0.012
0.789
0.222
0.184
0.337
0.045
0.835
0.839
0.13
0.659
0.151
0.063
0.564
0.47
0.044
0.587
0.751
0.634
0.272
0.949
0.932
0.275
0.243
0.683
0.926
0.473
0.408
0.527
0.324
0.138
0.15
0.45
0.616
0.585
0.918
0.224
0.807
0.237
0.892
0.868
0.366
0.298
0.906
0.834
0.604
0.947
0.081
0.284
0.708
0.044
0.725
0.502
0.179
0.208
0.732
0.592
0.302
0.682
0.946
0.327
0.155
0.257
0.558
0.471
0.995
0.636
0.503
0.793
0.347
0.724
0.945
0.641
0.541
0.671
0.291
0.676
0.111
0.86
0.651
0.744
0.032
0.609
0.397
0.793
0.408
0.826
0.851
0.172
0.614
0.576
0.854
0.146
0.022
0.502
0.784
0.372
0.044
0.285
0.475
0.715
0.076
0.429
0.164
0.825
0.321
0.202
0.293
0.974
0.205
0.706
0.831
0.132
0.677
0.582
0.6
0.164
0.273
0.657
0.764
0.653
0.886
0.879
0.255
0.557
0.254
0.422
0
0.484
0.994
0.707
0.312
0.362
0.039
0.284
0.682
0.076
0.33
0.482
0.161
0.459
0.745
0.981
0.404
0.489
0.616
0.167
0.311
0.74
0.212
0.549
0.464
0.163
0.493
0.314
0.15
0.882
0.585
0.246
0.334
0.58
0.501
0.945
0.227
0.099
0.322
0.252
0.214
0.087
0.298
0.853
0.581
0.584
0.406
0.67
0.319
0.511
0.082
0.342
0.05
0.55
0.269
0.52
0.609
0.782
0.45
0.615
0.346
0.358
0.358
0.704
0.226
0.278
0.822
0.229
0.854
0.394
0.709
0.572
0.578
0.601
0.868
0.223
0.094
0.487
0.998
0.809
0.918
0.774
0.551
0.766
0.357
0.864
0.24
0.001
0.956
0.461
0.37
0.349
0.183
0.911
0.715
0.232
0.277
0.644
0.741
0.575
0.08
0.218
0.938
0.275
0.076
0.307
0.207
0.654
0.671
0.926
0.127
0.175
0.738
0.881
0.666
0.952
0.852
0.966
0.191
0.208
0.908
0.253
0.365
0.007
0.756
0.435
0.368
0.768
0.561
0.314
0.571
0.711
0.269
0.069
0.952
0.36
0.166
0.191
0.431
0.2
0.789
0.195
0.979
0.558
0.41
0.261
0.704
0.09
0.996
0.724
0.903
0.829
0.542
0.203
0.661
0.898
0.116
0.496
0.195
0.047
0.608
0.657
0.69
0.978
0.407
0.722
0.122
0.333
0.68
0.137
0.807
0.757
0.576
0.255
0.56
0.414
0.41
0.344
0.881
0.225
0.546
0.969
0.317
0.589
0.98
0.582
0.51
0.867
0.296
0.845
0.817
0.794
0.989
0.294
0.944
0.951
0.831
0.53
0.558
0.184
0.212
0.86
0.499
0.622
0.648
0.129
0.461
0.001
0.457
0.483
0.617
0.547
0.689
0.752
0.348
0.977
0.629
0.663
0.429
0.319
0.01
0.442
0.011
0.047
0.3
0.905
0.245
0.617
0.079
0.695
0.965
0.832
0.123
0.301
0.061
0.798
0.558
0.05
0.83
0.444
0.345
0.438
0.25
0.875
0.315
0.198
0.51
0.638
0.508
0.885
0.174
0.72
0.732
0.812
0.223
0.16
0.608
0.25
0.513
0.117
0.265
0.717
0.208
0.03
0.487
0.117
0.826
0.952
0.501
0.53
0.132
0.237
0.905
0.157
0.822
0.606
0.88
0.894
0.037
0.379
0.11
0.039
0.69
0.591
0.742
0.545
0.548
0.209
0.053
0.399
0.48
0.192
0.874
0.039
0.451
0.99
0.732
0.516
0.556
0.772
0.392
0.852
0.109
0.374
0.411
0.501
0.584
0.631
0.775
0.29
0.325
0.634
0.594
0.034
0.966
0.248
0.244
0.741
0.69
0.503
0.132
0.278
0.731
0.211
0.386
0.093
0.776
0.559
0.062
0.97
0.149
0.321
0.407
0.738
0.025
0.824
0.151
0.56
0.585
0.501
0.758
0.763
0.542
0.272
0.562
0.537
0.006
0.719
0.65
0.619
0.629
0.334
0.009
0.168
0.169
0.346
0.527
0.98
0.108
0.228
0
0.807
0.311
0.9
0.464
0.156
0.252
0.426
0.326
0.018
0.51
0.488
0.742
0.14
0.914
0.734
0.314
0.8
0.568
0.85
0.969
0.049
0.274
0.05
0.28
0.93
0.286
0.057
0.894
0.842
0.921
0.474
0.486
0.362
0.587
0.631
0.718
0.835
0.702
0.372
0.341
0.401
0.222
0.741
0.375
0.642
0.365
0.722
0.185
0.381
0
0.623
0.426
0.122
0.112
0.841
0.027
0.881
0.999
0.962
0.383
0.985
0.121
0.659
0.478
0.822
0.566
0.835
0.258
0.613
0.51
0.386
0.811
0.775
0.726
0.663
0.42
0.797
0.043
0.329
0.986
0.603
0.527
0.294
0.321
0.41
0.409
0.416
0.586
0.645
0.338
0.787
0.866
0.328
0.909
0.197
0.151
0.497
0.068
0.412
0.8
0.662
0.767
0.866
0.235
0.424
0.003
0.474
0.199
0.685
0.472
0.588
0.491
0.197
0.312
0.564
0.286
0.363
0.258
0.244
0.098
0.923
0.769
0.667
0.703
0.129
0.262
0.416
0.036
0.301
0.333
0.068
0.503
0.088
0.067
0.146
0.513
0.912
0.805
0.499
0.443
0.417
0.152
0.814
0.137
0.69
0.426
0.841
0.308
0.18
0.32
0.617
0.325
0.763
0.374
0.753
0.491
0.667
0.106
0.176
0.227
0.024
0.597
0.034
0.962
0.48
0.869
0.029
0.646
0.659
0.957
0.548
0.529
0.24
0.52
0.286
0.565
0.045
0.947
0.283
0.661
0.846
0.983
0.903
0.446
0.968
0.167
0.353
0.68
0.237
0.204
0.977
0.72
0.579
0.492
0.053
0.818
0.531
0.726
0.02
0.023
0.552
0.266
0.847
0.032
0.425
0.03
0.944
0.499
0.389
0.379
0.702
0.982
0.174
0.217
0.265
0.931
0.794
0.647
0.423
0.467
0.921
0.872
0.451
0.51
0.327
0.895
0.988
0.577
0.634
0.372
0.021
0.712
0.861
0.16
0.139
0.008
0.699
0.605
0.233
0.757
0.786
0.651
0.468
0.428
0.135
0.263
0.41
0.645
0.821
0.526
0.927
0.6
0.056
0.282
0.758
0.41
0.358
0.053
0.262
0.529
0.493
0.88
0.913
0.766
0.998
0.733
0.734
0.336
0.895
0.444
0.473
0.389
0.048
0.555
0.405
0.004
0.371
0.638
0.177
0.556
0.44
0.885
0.359
0.551
0.25
0.698
0.926
0.461
0.483
0.361
0.422
0.524
0.105
0.205
0.504
0.815
0.698
0.557
0.553
0.48
0.217
0.587
0.706
0.905
0.619
0.96
0.289
0.956
0.875
0.673
0.026
0.718
0.762
0.454
0.224
0.851
0.077
0.653
0.534
0.101
0.837
0.191
0.294
0.257
0.107
0.021
0.578
0.838
0.399
0.432
0.857
0.387
0.681
0.925
0.039
0.124
0.781
0.934
0.609
0.443
0.898
0.25
0.957
0.391
0.902
0.024
0.607
0.05
0.05
0.938
0.096
0.885
0.661
0.741
0.648
0.411
0.891
0.524
0.244
0.137
0.082
0.089
0.781
0.808
0.471
0.019
0.867
0
0.119
0.91
0.335
0.006
0.614
0.927
0.966
0.048
0.886
0.397
0.684
0.226
0.259
0.229
0.474
0.17
0.853
0.962
0.214
0.858
0.926
0.01
0.985
0.164
0.253
0.062
0.354
0.668
0.73
0.778
0.485
0.131
0.138
0.677
0.274
0.043
0.478
0.648
0.021
0.919
0.241
0.725
0.922
0.563
0.794
0.696
0.641
0.714
0.868
0.78
0.407
0.908
0.466
0.288
0.169
0.977
0.669
0.084
0.339
0.153
0.041
0.518
0.967
0.263
0.21
0.609
0.746
0.956
0.92
0.202
0.024
0.368
0.604
0.575
0.615
0.807
0.574
0.25
0.144
0.795
0.24
0.503
0.304
0.662
0.189
0.296
0.173
0.043
0.51
0.123
0.204
0.966
0.074
0.608
0.864
0.692
0.443
0.049
0.604
0.336
0.289
0.53
0.98
0.545
0.24
0.101
0.562
0.378
0.774
0.121
0.06
0.912
0.857
0.473
0.315
0.747
0.775
0.682
0.689
0.866
0.998
0.942
0.678
0.349
0.069
0.93
0.601
0.594
0.295
0.669
0.145
0.243
0.789
0.486
0.738
0.246
0.127
0.02
0.507
