0.533
0.28
0.039
0.349
0.919
0.864
0.447
0.758
0.594
0.839
0.252
0.118
0.633
0.323
0.076
0.384
0.335
0.046
0.778
0.32
0.685
0.61
0.154
0.113
0.095
0.828
0.808
0.859
0.459
0.447
0.821
0.655
0.358
0.68
0.322
0.843
0.755
0.307
0.361
0.711
0.294
0.404
0.449
0.481
0.204
0.88
0.377
0.372
0.912
0.115
0.911
0.388
0.308
0.685
0.529
0.897
0.671
0.048
0.317
0.881
0.391
0.442
0.096
0.742
0.156
0.753
0.107
0.368
0.881
0.711
0.016
0.366
0.884
0.466
0.852
0.534
0.438
0.38
0.08
0.912
0.763
0.845
0.227
0.879
0.596
0.83
0.572
0.064
0.57
0.537
0.025
0.844
0.811
0.287
0.386
0.125
0.448
0.982
0.173
0.631
0.866
0.556
0.738
0.333
0.679
0.638
0.442
0.896
0.731
0.321
0.395
0.405
0.838
0.762
0.439
0.028
0.673
0.269
0.115
0.089
0.355
0.48
0.3
0.145
0.986
0.257
0.322
0.745
0.301
0.967
0.274
0.085
0.711
0.673
0.99
0.654
0.241
0.593
0.515
0.48
0.947
0.677
0.911
0.163
0.865
0.725
0.22
0.446
0.795
0.839
0.227
0.781
0.255
0.637
0.277
0.619
0.745
0.195
0.502
0.151
0.545
0.797
0.04
0.607
0.04
0.157
0.294
0.762
0.684
0.69
0.912
0.902
0.965
0.807
0.513
0.707
0.793
0.233
0.125
0.855
0.8
0.407
0.942
0.362
0.863
0.308
0.295
0.524
0.148
0.272
0.456
0.54
0.232
0.19
0.249
0.691
0.627
0.357
0.549
0.356
0.182
0.392
0.192
0.256
0.321
0.812
0.487
0.148
0.509
0.633
0.276
0.152
0.018
0.155
0.366
0.706
0.682
0.376
0.523
0.931
0.894
0.687
0.632
0.508
0.695
0.954
0.598
0.959
0.49
0.998
0.762
0.164
0.181
0.072
0.974
0.051
0.246
0.113
0.084
0.786
0.022
0.718
0.851
0.018
0.132
0.762
0.374
0.43
0.442
0.473
0.099
0.15
0.421
0.489
0.536
0.221
0.287
0.233
0.796
0.434
0.962
0.078
0.528
0.816
0.698
0.861
0.579
0.207
0.139
0.457
0.356
0.059
0.66
0.868
0.632
0.92
0.216
0.963
0.393
0.498
0.117
0.371
0.827
0.228
0.706
0.968
0.64
0.235
0.344
0.241
0.102
0.379
0.121
0.555
0.062
0.294
0.302
0.962
0.412
0.586
0.387
0.936
0.765
0.521
0.13
0.025
0.82
0.407
0.013
0.847
0.983
0.841
0.806
0.971
0.099
0.804
0.273
0.181
0.958
0.918
0.182
0.444
0.114
0.568
0.797
0.183
0.745
0.529
0.963
0
0.71
0.316
0.364
0.498
0.94
0.973
0.047
0.393
0.298
0.131
0.247
0.209
0.001
0.228
0.568
0.13
0.576
0.343
0.37
0.63
0.058
0.493
0.108
0.652
0.767
0.594
0.599
0.722
0.634
0.328
0.081
0.67
0.546
0.44
0.626
0.289
0.553
0.751
0.553
0.379
0.432
0.058
0.429
0.647
0.514
0.25
0.454
0.104
0.586
0.15
0.046
0.46
0.087
0.35
0.156
0.029
0.05
0.488
0.239
0.232
0.339
0.291
0.306
0
0.777
0.639
0.807
0.539
0.282
0.348
0.926
0.147
0.323
0.29
0.605
0.928
0.346
0.546
0
0.026
0.286
0.766
0.834
0.897
0.747
0.549
0.212
0.216
0.208
0.04
0.209
0.111
0.37
0.968
0.341
0.023
0.909
0.754
0.724
0.85
0.369
0.043
0.115
0.687
0.045
0.443
0.317
0.404
0.515
0.095
0.163
0.155
0.027
0.21
0.688
0.998
0.527
0.55
0.484
0.505
0.002
0.126
0.042
0.626
0.934
0.438
0.057
0.336
0.657
0.899
0.035
0.049
0.321
0.286
0.216
0.088
0.064
0.765
0.48
0.994
0.496
0.274
0.743
0.166
0.073
0.784
0.596
0.598
0.662
0.512
0.439
0.045
0.83
0.97
0.256
0.437
0.713
0.018
0.328
1.0
0.768
0.548
0.004
0.344
0.963
0.943
0.519
0.044
0.482
0.116
0.083
0.681
0.219
0.838
0.731
0.148
0.101
0.289
0.428
0.367
0.679
0.05
0.729
0.956
0.025
0.959
0.681
0.879
0.191
0.717
0.492
0.862
0.296
0.504
0.795
0.188
0.037
0.894
0.822
0.047
0.384
0.293
0.591
0.336
0.482
0.723
0.303
0.288
0.199
0.812
0.853
0.718
0.867
0.179
0.376
0.754
0.569
0.16
0.113
0.318
0.846
0.726
0.656
0.039
0.186
0.17
0.364
0.153
0.774
0.416
0.281
0.527
0.211
0.609
0.877
0.424
0.807
0.833
0.519
0.019
0.013
0.862
0.03
0.907
0.621
0.25
0.43
0.438
0.468
0.099
0.697
0.164
0.534
0.03
0.71
0.224
0.732
0.674
0.967
0.691
0.233
0.512
0.053
0.919
0.787
0.787
0.411
0.644
0.407
0.305
0.936
0.865
0.368
0.572
0.37
0.031
0.212
0.791
0.889
0.45
0.705
0.743
0.729
0.076
0.967
0.609
0.129
0.079
0.073
0.735
0.324
0.145
0.955
0.886
0.02
0.294
0.926
0.678
0.823
0.28
0.819
0.456
0.416
0.942
0.04
0.149
0.456
0.593
0.225
0.679
0.69
0.728
0.513
0.614
0.907
0.925
0.93
0.007
0.989
0.674
0.651
0.535
0.842
0.103
0.246
0.585
0.345
0.324
0.847
0.189
0.957
0.262
0.597
0.731
0.446
0.151
0.481
0.142
0.119
0.158
0.445
0.235
0.622
0.319
0.037
0.748
0.519
0.332
0.244
0.459
0.688
0.162
0.292
0.388
0.024
0.326
0.487
0.551
0.351
0.093
0.745
0.426
0.978
0.562
0.835
0.218
0.87
0.471
0.335
0.412
0.256
0.914
0.416
0.722
0.06
0.434
0.548
0.582
0.847
0.425
0.99
0.224
0.828
0.348
0.311
0.674
0.92
0.891
0.852
0.823
0.059
0.927
0.061
0.362
0.23
0.619
0.331
0.811
0.286
0.708
0.709
0.279
0.664
0.643
0.095
0.118
0.427
0.484
0.283
0.585
0.09
0.756
0.164
0.989
0.975
0.553
0.531
0.294
0.458
0.427
0.44
0.284
0.481
0.548
0.397
0.225
0.222
0.34
0.036
0.642
0.351
0.384
0.121
0.782
0.76
0.512
0.439
0.922
0.211
0.77
0.963
0.452
0.167
0.8
0.023
0.26
0.268
0.17
0.644
0.199
0.042
0.516
0.539
0.925
0.136
0.43
0.57
0.841
0.52
0.367
0.632
0.653
0.211
0.293
0.12
0.902
0.316
0.149
0.386
0.197
0.486
0.343
0.964
0.55
0.848
0.642
0.857
0.835
0.729
0.461
0.165
0.293
0.283
0.109
0.262
0.496
0.603
0.443
0.289
0.264
0.027
0.512
0.881
0.736
0.371
0.067
0.109
0.974
0.769
0.861
0.112
0.825
0.398
0.651
0.447
0.282
0.105
0.936
0
0.294
0.633
0.722
0.948
0.676
0.17
0.544
0.973
0.897
0.061
0.672
0.636
0.428
0.733
0.177
0.508
0.669
0.481
0.428
0.84
0.515
0.77
0.211
0.073
0.682
0.923
0.036
0.804
0.745
0.653
0.047
0.575
0.814
0.596
0.739
0.056
0.728
0.156
0.001
0.835
0.403
0.116
0.398
0.114
0.349
0.502
0.898
0.686
0.872
0.781
0.764
0.528
0.736
0.495
0.704
0.558
0.222
0.389
0.067
0.936
0.182
0.68
0.985
0.113
0.207
0.718
0.7
0.282
0.079
0.901
0.441
0.916
0.712
0.844
0.356
0.504
0.637
0.517
0.444
0.1
0.027
0.207
0.378
0.685
0.835
0.221
0.105
0.59
0.649
0.005
0.903
0.857
0.802
0.684
0.346
0.705
0.595
0.806
0.404
0.376
0.223
0.371
0.473
0.688
0.186
0.682
0.568
0.955
0.617
0.102
0.933
0.005
0.263
0.59
0.716
0.216
0.812
0.487
0.375
0.758
0.944
0.363
0.886
0.528
0.438
0.28
0.613
0.937
0.856
0.033
0.199
0.412
0.196
0.594
0.136
0.331
0.581
0.753
0.546
0.547
0.751
0.523
0.285
0.066
0.033
0.141
0.142
0.333
0.268
0.442
0.973
0.936
0.714
0.073
0.322
0.035
0.282
0.691
0.728
0.492
0.194
