0.145
0.978
0.653
0.456
0.097
0.836
0.534
0.672
0.001
0.823
0.417
0.621
0.436
0.699
0.856
0.327
0.651
0.236
0.566
0.015
0.074
0.677
0.394
0.566
0.141
0.853
0.446
0.259
0.312
0.055
0.34
0.858
0.708
0.688
0.4
0.889
0.505
0.422
0.422
0.623
0.866
0.457
0.898
0.415
0.075
0.501
0.79
0.366
0.968
0.355
0.65
0.586
0.319
0.174
0.155
0.216
0.688
0.309
0.491
0.724
0.392
0.57
0.766
0.656
0.33
0.974
0.865
0.556
0.822
0.779
0.803
0.59
0.93
0.327
0.711
0.787
0.974
0.678
0.536
0.042
0.67
0.867
0.449
0.259
0.85
0.287
0.482
0.317
0.174
0.993
0.463
0.517
0.814
0.829
0.601
0.479
0.602
0.266
0.2
0.125
0.095
0.097
0.03
0.102
0.774
0.477
0.113
0.707
0.257
0.984
0.39
0.396
0.406
0.07
0.681
0.287
0.868
0.126
0.048
0.697
0.185
0.931
0.541
0.841
0.112
0.737
0.976
0.376
0.762
0.731
0.362
0.567
0.592
0.056
0.227
0.54
0.42
0.879
0.782
0.66
0.196
0.476
0.707
0.435
0.208
0.634
0.53
0.791
0.031
0.901
0.954
0.246
0.216
0.951
0.676
0.143
0.858
0.891
0.278
0.65
0.278
0.433
0.375
0.705
0.398
0.601
0.281
0.673
0.865
0.357
0.863
0.432
0.844
0.161
0.223
0.355
0.734
0.749
0.868
0.154
0.537
0.649
0.74
0.958
0.645
0.504
0.418
0.865
0.672
0.847
0.315
0.434
0.978
0.005
0.242
0.152
0.209
0.074
0.455
0.186
0.706
0.662
0.68
0.248
0.819
0.412
0.638
0.29
0.664
0.146
0.624
0.992
0.555
0.115
0.332
0.705
0.325
0.301
0.177
0.37
0.523
0.252
0.688
0.295
0.037
0.272
0.081
0.863
0.16
0.145
0.762
0.361
0.163
0.189
0.983
0.563
0.771
0.098
0.129
0.744
0.725
0.932
0.489
0.048
0.133
0.543
0.575
0.277
0.563
0.085
0.502
0.068
0.798
0.567
0.734
0.905
0.891
0.866
0.588
0.399
0.532
0.904
0.993
0.875
0.925
0.689
0.525
0.592
0.732
0.622
0.326
0.003
0.135
0.185
0.506
0.017
0.901
0.645
0.056
0.629
0.358
0.75
0.502
0.058
0.04
0.938
0.248
0.738
0.043
0.495
0.274
0.375
0.341
0.1
0.536
0.099
0
0.249
0.871
0.825
0.208
0.678
0.929
0.108
0.712
0.719
0.201
0.695
0.147
0.688
0.804
0.761
0.51
0.302
0.448
0.564
0.896
0.808
0.203
0.521
0.815
0.811
0.451
0.406
0.279
0.311
0.782
0.513
0.701
0.632
0.298
0.268
0.821
0.407
0.169
0.189
0.825
0.603
0
0.44
0.636
0.221
0.168
0.728
0.421
0.974
0.663
0.715
0.553
0.779
0.015
0.198
0.688
0.176
0.377
0.24
0.059
0.882
0.827
0.016
0.393
0.839
0.784
0.443
0.863
0.33
0.265
0.531
0.626
0.483
0.624
0.931
0.243
0.763
0.646
0.921
0.151
0.579
0.511
0.049
0.667
0.334
0.117
0.894
0.321
0.043
0.799
0.343
0.962
0.583
0.271
0.47
0.632
0.737
0.257
0.857
0.695
0.459
0.576
0.82
0.043
0.582
0.353
0.897
0.089
0.134
0.294
0.946
0.509
0.831
0.284
0.914
0.814
0.531
0.043
0.082
0.545
0.47
0.697
0.382
0.368
0.701
0.519
0.844
0.179
0.629
0.819
0.965
0.911
0.885
0.514
0.245
0.648
0.903
0.839
0.268
0.815
0.933
0.61
0.944
0.164
0.45
0.64
0.072
0.31
0.19
0.478
0.887
0.277
0.288
0.271
0.315
0.17
0.158
0.707
0.229
0.737
0.279
0.312
0.575
0.375
0.328
0.912
0.325
0.672
0.005
0.748
0.032
0.698
0.78
0.358
0.195
0.446
0.556
0.348
0.606
0.749
0.158
0.282
0.003
0.901
0.824
0.943
0.092
0.757
0.029
0.54
0.508
0.527
0.008
0.905
0.753
0.146
0.976
0.082
0.558
0.204
0.956
0.27
0.034
0.204
0.315
0.346
0.017
0.68
0.239
0.541
0.384
0.781
0.725
0.511
0.135
0.754
0.995
0.332
0.015
0.229
0.226
0.721
0.167
0.874
0.231
0.428
0.13
0.912
0.327
0.055
0.161
0.215
0.484
0.803
0.967
0.346
0.217
0.526
0.698
0.466
0.774
0.306
0.065
0.827
0.24
0.987
0.652
0.055
0.458
0.409
0.219
0.544
0.994
0.301
0.121
0.973
0.135
0.287
0.729
0.438
0.746
0.901
0.934
0.46
0.814
0.496
0.287
0.556
0.216
0.432
0.001
0.841
0.877
0.223
0.725
0.68
0.598
0.512
0.741
0.658
0.348
0.646
0.285
0.709
0.277
0.562
0.085
0.753
0.718
0.821
0.937
0.068
0.319
0.057
0.111
0.6
0.561
0.456
0.494
0.822
0.496
0.54
0.036
0.242
0.097
0.924
0.304
0.597
0.564
0.677
0.538
0.74
0.435
0.394
0.586
0.307
0.606
0.09
0.717
0.09
0.392
0.945
0.761
0.07
0
0.563
0.834
0.091
0.851
0.547
0.195
0.541
0.396
0.364
0.557
0.507
0.242
0.318
0.001
0.736
0.269
0.307
0.478
0.423
0.817
0.714
0.347
0.565
0.784
0.673
0.029
0.108
0.872
0.339
0.831
0.08
0.574
0.532
0.738
0.078
0.899
0.366
0.179
0.756
0.682
0.425
0.024
0.258
0.905
0.387
0
0.068
0.319
0.136
0.098
0.152
0.648
0.268
0.353
0.749
0.89
0.788
0.102
0.274
0.713
0.632
0.209
0.465
0.063
0.07
0.842
0.458
0.985
0
0.038
0.652
0.258
0.948
0.363
0.447
0.186
0.25
0.17
0.659
0.812
0.29
0.273
0.923
0.174
0.075
0.451
0.678
0.993
0.743
0.535
0.631
0.387
0.283
0.678
0.204
0.663
0.054
0.021
0.269
0.685
0.452
0.903
0.693
0.617
0.044
0.388
0.237
0.046
0.974
0.343
0.558
0.933
0.093
0.808
0.003
0.365
0.295
0.493
0.275
0.043
0.42
0.155
0.211
0.027
0.928
0.358
0.181
0.921
0.563
0.407
0.824
0.97
0.707
0.549
0.502
0.823
0.352
0.436
0.688
0.36
0.405
0.637
0.709
0.87
0.82
0.652
0.476
0.671
0.28
0.075
0.796
0.867
0.923
0.81
0.237
0.637
0.127
0.033
0.911
0.74
0.635
0.691
0.285
0.926
0.157
0.157
0.793
0.077
0.364
0.25
0.656
0.909
0.68
0.114
0.802
0.135
0.773
0.674
0.642
0.985
0.313
0.953
0.218
0.971
0.588
0.279
0.984
0.266
0.083
0.185
0.241
0.622
0.27
0.902
0.094
0.777
0.049
0.374
0.848
0.691
0.53
0.754
0.571
0.21
0.325
0.402
0.761
0.535
0.952
0.187
0.855
0.571
0.905
0.886
0.605
0.095
0.399
0.228
0.191
0.247
0.071
0.175
0.024
0.808
0.978
0.62
0.088
0.072
0.502
0.244
0.971
0.293
0.009
0.327
0.081
0.448
0.598
0.348
0.396
0.409
0.019
0.201
0.73
0.999
0.417
0.414
0.061
0.344
0.11
0.198
0.696
0.739
0.166
0.04
0.391
0.372
0.441
0.458
0.053
0.489
0.812
0.6
0.957
0.025
0.001
0.545
0.058
0.505
0.635
0.627
0.222
0.077
0.286
0.323
0.445
0.65
0.391
0.019
0.194
0.712
0.008
0.191
0.633
0.356
0.226
0.888
0.076
0.483
0.26
0.251
0.081
0.123
0.182
0.255
0.822
0.218
0.406
0.52
0.713
0.49
0.598
0.761
0.984
0.029
0.25
0.401
0.974
0.606
0.264
0.823
0.53
0.008
0.478
0.957
0.238
0.212
0.425
0.989
0.342
0.624
0.785
0.025
0
0.503
0.463
0.094
0.004
0.282
0.788
0.511
0.227
0.932
0.968
0.185
0.438
0.44
0.155
0.689
0.418
0.955
0.533
0.675
0.089
0.991
0.229
0.333
0.961
0.725
0.956
0.918
0.052
0.908
0.702
0.933
0.119
0.617
0.886
0.771
0.852
0.769
0.47
0.545
0.096
0.48
0
0.302
0.649
0.634
0.258
0.329
0.14
0.728
0.553
0.267
0.939
0.765
0.337
0.867
