0.423
0.705
0.723
0.626
0.758
0.368
0.373
0.443
0.033
0.81
0.864
0.357
0.677
0.164
0.007
0.745
0.837
0.523
0.615
0.292
0.951
0.468
0.726
0.025
0.296
0.489
0.298
0.386
0.926
0.346
0.867
0.132
0.492
0.528
0.59
0.619
0.505
0.373
0.97
0.8
0.475
0.774
0.856
0.2
0.238
0.434
0.433
0.855
0.83
0.668
0.874
0.841
0.148
0.623
0.37
0.591
0.791
0.176
0.283
0.305
0.059
0.366
0.577
0.756
0.224
0.546
0.12
0.372
0.809
0.297
0.793
0.803
0.453
0.476
0.91
0.102
0.731
0.995
0.013
0.659
0.018
0.235
0.302
0.365
0.998
0.748
0.327
0.257
0.106
0.644
0.923
0.794
0.794
0.19
0.415
0.977
0.467
0.213
0.508
0.806
0.94
0.662
0.888
0.576
0.119
0.577
0.271
0.958
0.828
0.702
0.303
0.884
0.77
0.185
0.602
0.153
0.604
0.023
0.732
0.367
0.491
0.259
0.551
0.448
0.658
0.31
0.926
0.57
0.72
0.765
0.491
0.113
0.748
0.385
0.811
0.32
0.467
0.44
0.892
0.081
0.843
0.147
0.975
0.423
0.607
0.145
0.216
0.211
0.102
0.745
0.38
0.544
0
0.609
0.846
0.159
0.151
0.908
0.112
0.705
0.403
0.885
0.651
0.992
0.128
0.372
0.681
0.381
0.954
0.148
0.524
0.376
0.198
0.027
0.337
0.438
0.587
0.592
0.938
0.57
0.715
0.645
0.791
0.976
0.146
0.725
0.454
0.127
0.835
0.219
0.83
0.867
0.671
0.719
0.158
0.494
0.384
0.957
0.201
0.621
0.784
0.213
0.756
0.853
0.556
0.627
0.495
0.175
0.864
0.72
0.217
0.306
0.983
0.996
0.738
0.418
0.933
0.198
0.51
0.303
0.851
0.48
0.823
0.567
0.868
0.942
0.308
0.547
0.616
0.693
0.583
0.15
0.722
0.267
0.497
0.928
0.726
0.152
0.902
0.836
0.41
0.424
0.711
0.67
0.744
0.173
0.694
0.096
0.71
0.064
0.712
0.16
0.289
0.908
0.348
0.209
0.158
0.601
0.845
0.767
0.716
0.956
0.527
0.112
0.001
0.964
0.194
0.988
0.707
0.748
0.36
0.799
0.265
0.029
0.676
0.494
0.773
0.323
0.395
0.018
0.734
0.325
0.955
0.406
0.995
0.303
0.362
0.568
0.127
0.003
0.151
0.162
0.13
0.943
0.079
0.603
0.8
0.868
0.594
0.484
0.631
0.183
0.056
0.449
0.357
0.497
0.762
0.234
0.806
0.066
0.87
0.201
0.603
0.415
0.364
0.873
0.318
0.309
0.134
0.335
0.066
0.789
0.688
0.776
0.387
0.964
0.631
0.581
0.689
0.034
0.334
0.43
0.2
0.132
0.797
0.757
0.089
0.778
0.604
0.265
0.479
0.698
0.381
0.67
0.923
0.533
0.329
0.584
0.043
0.523
0.334
0.324
0.477
0.452
0.466
0.06
0.507
0.952
0.891
0.55
0.869
0.807
0.253
0.544
0.024
0.395
0.991
0.541
0.426
0.36
0.802
0.183
0.983
0.256
0.634
0.079
0.587
0.207
0
0.083
0.144
0.505
0.71
0.734
0.001
0.692
0.978
0.215
0.107
0.677
0.412
0.125
0.753
0.231
0.511
0.549
0.169
0.84
0.438
0.121
0.926
0.125
0.598
0.622
0.192
0.365
0.873
0.231
0.903
0.475
0.182
0.133
0.144
0.23
0.662
0.5
0.881
0.372
0.54
0.82
0.64
0.258
0.587
0.356
0.927
0.746
0.853
0.175
0.021
0.78
0.586
0.518
0.269
0.091
0.022
0.879
0.062
0.844
0.971
0.647
0.362
0.13
0.632
0.279
0.851
0.979
0.141
0.439
0.004
0.324
0.208
0.119
0.653
0.297
0.335
0.498
0.1
0.941
0.887
0.229
0.646
0.771
0.801
0.241
0.36
0.545
0.919
0.399
0.946
0.744
0.5
0.881
0.244
0.357
0.726
0.944
0.987
0.179
0.826
0.456
0.816
0.371
0.959
0.068
0.702
0.981
0.183
0.887
0.886
0.288
0.477
0.137
0.45
0.47
0.258
0.187
0.358
0.061
0.372
0.565
0.242
0.855
0.379
0.514
0.568
0.915
0.614
0.22
0.183
0.688
0.858
0.687
0.206
0.976
0.225
0.348
0.013
0.808
0.386
0.406
0.067
0.459
0.848
0.588
0.241
0.24
0.861
0.997
0.875
0.98
0.303
0.289
0.024
0.671
0
0.364
0.608
0.25
0.024
0.202
0.54
0.741
0.102
0.756
0.067
0.985
0.991
0.839
0.296
0.693
0.378
0.715
0.933
0.162
0.511
0.226
0.709
0.147
0.552
0.969
0.77
0.401
0.848
0.101
0.949
0.736
0.102
0.275
0.679
0.43
0.031
0.999
0.13
0.937
0.667
0.452
0.741
0.509
0.174
0.635
0.569
0.137
0.749
0.432
0.356
0.76
0.138
0.204
0.727
0.459
0.78
0.105
0.08
0.192
0.068
0.158
0.742
0.603
0.009
0.052
0.91
0.319
0.977
0.543
0.92
0
0.771
0.557
0.103
0.899
0.687
0.243
0.206
0.22
0.364
0.351
0.566
0.437
0.575
0.559
0.09
0.175
0.092
0.973
0.222
0.094
0.988
0.267
0.31
0.431
0.725
0.732
0.04
0.502
0.015
0.811
0.782
0.86
0.447
0.748
0.588
0.773
0.688
0.13
0.02
0.136
0.87
0.289
0.685
0.741
0.94
0.796
0.986
0.765
0.539
0
0.824
0.406
0.481
0.796
0.229
0.763
0.692
0.295
0.544
0.597
0.121
0.735
0.421
0.092
0.091
0.495
0.381
0.429
0.082
0.796
0.199
0.586
0.113
0.16
0.961
0.117
0.399
0.643
0.853
0.816
0.541
0.868
0.721
0.299
0.585
0.257
0.082
0.8
0.336
0.76
0.905
0.034
0.439
0.963
0.115
0.929
0.037
0.4
0.292
0.429
0.378
0.062
0.808
0.76
0.681
0.386
0.425
0.283
0.483
0.432
0.56
0.409
0.283
0.235
0.118
0.569
0.13
0.814
0.37
0.874
0.044
0.39
0.416
0.325
0.885
0.828
0.393
0.535
0.039
0.136
0.216
0.164
0.395
0.734
0.61
1.0
0.944
0.358
0.517
0.79
0.813
0.805
0
0.762
0.316
0.501
0.963
0.838
0.901
0.522
0.707
0.571
0.265
0.049
0.994
0.731
0.897
0.504
0.713
0.509
0.245
0.548
0.919
0.705
0.742
0.216
0.669
0.807
0.002
0.233
0.004
0.551
0.714
0.708
0.025
0.626
0.39
0.646
0.71
0.712
0.234
0.758
0.363
0.414
0.502
0.027
0.982
0.097
0.748
0.839
0.02
0.962
0.852
0.134
0.311
0.987
0.649
0.455
0.911
0.885
0.212
0.943
0.196
0.621
0.424
0.006
0.069
0.221
0.843
0.678
0.097
0.706
0.953
0.215
0.215
0.209
0.023
0.133
0.944
0.235
0.728
0.073
0.982
0.919
0.825
0.35
0.599
0.982
0.397
0.889
0.355
0.224
0.374
0.92
0.209
0.372
0.451
0.572
0.063
0.06
0.488
0.382
0.211
0.639
0.422
0.948
0.959
0.387
0.805
0.736
0.364
0.12
0.451
0.592
0.825
0.744
0.221
0.913
0.966
0.438
0.778
0.153
0.442
0.415
0.056
0.037
0.109
0.946
0.638
0.318
0.069
0.325
0.451
0.898
0.728
0.867
0.537
0.044
0.567
0.266
0.457
0.357
0.535
0.168
0.117
0.868
0.595
0.757
0.595
0.829
0.69
0.602
0.672
0.778
0.936
0.395
0.718
0.747
0.296
0.772
0.222
0.871
0.406
0.6
0.221
0.103
0.682
0.784
0.848
0.306
0.035
0.208
0.326
0.47
0.687
0.083
0
0.519
0.417
0.425
0.43
0.11
0.22
0.287
0.574
0.375
0.378
0.359
0.383
0.45
0.124
0.23
0.89
0.486
0.766
0.079
0.009
0.117
0.757
0.707
0.223
0.563
0.233
0.266
0.614
0.594
0.779
0.159
0.941
0.658
0.743
0.842
0.292
0.21
0.903
0.946
0.013
0.655
0.758
0.192
0.006
0.173
0.493
0.693
0.661
0.856
0.856
0.841
0.968
0.266
0.073
0.148
0.329
0.941
0.709
0.398
0
0.038
0.199
0.336
0.777
0.374
0.442
0.912
0.34
0.285
0.512
0.138
0.64
0.195
0.889
0.374
0.395
0.86
