0.754
0.713
0.688
0.684
0.611
0.552
0.589
0.663
0.289
0.331
0.562
0.403
0.337
0.484
0.801
0.868
0.649
0.206
0.626
0.807
0.483
0.511
0.537
0.563
0.426
0.348
0.519
0.551
0.801
0.084
0.686
0.492
0.051
0.409
0.492
0.002
0.225
0.477
0.742
0
0.657
0.439
0.613
0.105
0.633
0.167
0.667
0.125
0
0.407
0.998
0.334
0.458
0.355
0.715
0.227
0.782
0.133
0.521
0.094
0.11
0.386
0.574
0.457
0.136
0.293
0.773
0.728
0.334
0.758
0.229
0.932
0.817
0.65
0.323
0.699
0.37
0.838
0.934
0.134
0.093
0.659
0.77
0.625
0.686
0.253
0.846
0.26
0.802
0.494
0.452
0.095
0.042
0.986
0.972
0.456
0.032
0.315
0.924
0.338
0.149
0.262
0.731
0.899
0.937
0.932
0.296
0.806
0.276
0.276
0.168
0.559
0.715
0.096
0.564
0.037
0.705
0.523
0.28
0.824
0.824
0.324
0.544
0.337
0.252
0.284
0.018
0.044
0.765
0.492
0.742
0.901
0.383
0.043
0.791
0.867
0.172
0.463
0.232
0.716
0.011
0.03
0.88
0.457
0.089
0.457
0.947
0.271
0.039
0.769
0.047
0.114
0.158
0.319
0.544
0.183
0.315
0.679
0.283
0.831
0.693
0.672
0.655
0.964
0.684
0.171
0.769
0.751
0.413
0.104
0.701
0.012
0.831
0.617
0.241
0.508
0.549
0.953
0.388
0.369
0.678
0.171
0.564
0.711
0.911
0
0.653
0.396
0.014
0.507
0.146
0.481
0.704
0.048
0.968
0.002
0.777
0.266
0.157
0.06
0.011
0.203
0.514
0.326
0.714
0.332
0.097
0.058
0.016
0.595
0.718
0.758
0.328
0.994
0.312
0.891
0.379
0.519
0.799
0.503
0.246
0.086
0.761
0.816
0
0.419
0.63
0.572
0.585
0.528
0.755
0.307
0.177
0.912
0.576
0.043
0.825
0.707
0.071
0.338
0.414
0.976
0.942
0.985
0.983
0.156
0.374
0.575
0.482
0.416
0.267
0.274
0.588
0.822
0.072
0.114
0.242
0.074
0.894
0.359
0.194
0.761
0.668
0.905
0.025
0.02
0.189
0.382
0.463
0.234
0.878
0.064
0.932
0.783
0.188
0.188
0.364
0.428
0.35
0.595
0.416
0.626
0.487
0.24
0.291
0.712
0.947
0.721
0.458
0.955
0.841
0.013
0.433
0.048
0.901
0.384
0.84
0.163
0.594
0.613
0.309
0.02
0.341
0.086
0.334
0.586
0.796
0.411
0.133
0.224
0.139
0.903
0.508
0.548
0.701
0.395
0.978
0.223
0.868
0.807
0.678
0.444
0.425
0.396
0.844
0.426
0.437
0.835
0.816
0.203
0.746
0.399
0.039
0.234
0.42
0.719
0.2
0.772
0.927
0.08
0.834
0
0.039
0.858
0.324
0.825
0.767
0.431
0.43
0.826
0.133
0.323
0.884
0.667
0.892
0.52
0.539
0.554
0.786
0.065
0.652
0.158
0.16
0.339
0.192
0.097
0.117
0.476
0.714
0.606
0.463
0.931
0.569
0.346
0.958
0.379
0.571
0.568
0.68
0.716
0.837
0.404
0.802
0.603
0.166
0.092
0.172
0.849
0.406
0.052
0.668
0.13
0.137
0.158
0.156
0.298
0.319
0.96
0.499
0.033
0.214
0.963
0.597
0.318
0.977
0.212
0.868
0.725
0.804
0.278
0.792
0.919
0.944
0.733
0.368
0.93
0.642
0.746
0.528
0.278
0.44
0.344
0.087
0.965
0.359
0.422
0.876
0.887
0.696
0.119
0.34
0.943
0.73
0.603
0.318
0.315
0.153
0.1
0.706
0.343
0.968
0.26
0.305
0.318
0.544
0.574
0.097
0.671
0.608
0.904
0.363
0.121
0.258
0.396
0.794
0.236
0.882
0.98
0.037
0.418
0.657
0.495
0.697
0.465
0.969
0.757
0.542
0.875
0.625
0.704
0.744
0.918
0.696
0.557
0.921
0.264
0.145
0.319
0.436
0.63
0.594
0
0.614
0.253
0.414
0.382
0.122
0.144
0.319
0.36
0.462
0.825
0.564
0.719
0.166
0.057
0.701
0.999
0.668
0.465
0.471
0.702
0.219
0.68
0.021
0.018
0.584
0.585
0.741
0.594
0.248
0.899
0.001
0.643
0.042
0.656
0.122
0.961
0.826
0.938
0.283
0.501
0.712
0.133
0.252
0.496
0.034
0.624
0.027
0.883
0.65
0.989
0.44
0.572
0
0.068
0.233
0.274
0.082
0.597
0.292
0.535
0.011
0.41
0.392
0.947
0.967
0.497
0.469
0.771
0.139
0.444
0.144
0.518
0.361
0.707
0.899
0.231
0.312
0.064
0.992
0.083
0.552
0.969
0.072
0.516
0.995
0.477
0.889
0.028
0.895
0.201
0.181
0.724
0.869
0.231
0.692
0.394
0.018
0
0.223
0.573
0.461
0.27
0.772
0.916
0.335
0.735
0.835
0.738
0.758
0.517
0.348
0.25
0.711
0.305
0.474
0.287
0.967
0.739
0.316
0.974
0.035
0.364
0.126
0.557
0.673
0.811
0.257
0.35
0.442
0.329
0.495
0.171
0.102
0.222
0.596
0.873
0.195
0.719
0.081
0.665
0.317
0.568
0.463
0.298
0.044
0.507
0.131
0.536
0.928
0.988
0.995
0.228
0.011
0.472
0.95
0.937
0.141
0.641
0.379
0.955
0.288
0.84
0.934
0.108
0.36
0.213
0.686
0.188
0.795
0.029
0.972
0.178
0.716
0.774
0.922
0.984
0.963
0.399
0.198
0.153
0
0.671
0.488
0.741
0.066
0.816
0.574
0.036
0.16
0.039
0.121
0.119
0.757
0.645
0.463
0.636
0.24
0.927
0.014
0.754
0.426
0.279
0.203
0.801
0.075
0.04
0.569
0.925
0.441
0.832
0.873
0.666
0.34
0.201
0.65
0.96
0.42
0.614
0.956
0.948
0.081
0.411
0.942
0.404
0.541
0.544
0.955
0.756
0.475
0.938
0.769
0.466
0.401
0.329
0.172
0.057
0.198
0.634
0.43
0.29
0.707
0.308
0.273
0.875
0.148
0.46
0.013
0.126
0.552
0.779
0.326
0.832
0.842
0.634
0.639
0.099
0.147
0.26
0.503
0.058
0.768
0.452
0.339
0.025
0.012
0.597
0.547
0.841
0.886
0.822
0.749
0.3
0.145
0.632
0.177
0.334
0.845
0.47
0.246
0.985
0.596
0.178
0.278
0.654
0.554
0.01
0.353
0.025
0.969
0.497
0.23
0.215
0.494
0.466
0.918
0.143
0.624
0.47
0.521
0.18
0.349
0.996
0.737
0.508
0.292
0.849
0.048
0.926
0.321
0.089
0.289
0.729
0.196
0.844
0.062
0.077
0.937
0.318
0.056
0.243
0.481
0.273
0.257
0.901
0.78
0.116
0.463
0.924
0.58
0.711
0.32
0.304
0.702
0.231
0.23
0.754
0.591
0.419
0.021
0.319
0.062
0.964
0.96
0.423
0.363
0.204
0.767
0.808
0.89
0.482
0.251
0.835
0.715
0.09
0.738
0.944
0.721
0.526
0.722
0.162
0.767
0.825
0.603
0.703
0.331
0.976
0.838
0.976
0.83
0.626
0.264
0.632
0.094
0.215
1.0
0.102
0.429
0.456
0.585
0.284
0.308
0.799
0.813
0.023
0.134
0.542
0.706
0.178
0.976
0.872
0.626
0.827
0.022
0.79
0.996
0.918
0.224
0.2
0.413
0.252
0.967
0.485
0.925
0.274
0.175
0.311
0.864
0.724
0.651
0.155
0.441
0.568
0.465
0.87
0.887
0.863
0.575
0.791
0.792
0.049
0.968
0.503
0.742
0.09
0.873
0.061
0.282
0.315
0.843
0.68
0.088
0.961
0.001
0.84
0.469
0.051
0.055
0.084
0.523
0.744
0.328
0.118
0.21
0.142
0.385
0.665
0.421
0.027
0.267
0.67
0.658
0.257
0.493
0.756
0.524
0.377
0.233
0.398
0.639
0.443
0.455
0.415
0.899
0.929
0.85
0.74
0.931
0.992
0.96
0.054
0.599
0.162
0.794
0.897
0.38
0.841
0.202
0.454
0.657
0.269
0.687
0.604
0.203
0.115
0.171
0.652
0.541
0.128
0.467
0.647
0.707
0.457
0.402
0.634
0.015
0.162
0.317
0.017
0.689
0.497
0.073
0.753
0.227
0.203
0.821
0.049
0.87
0.579
0.321
0.67
0.632
0.928
0.38
0.25
0.352
0.817
0.753
0.464
