0.734
0.904
0.454
0.519
0.346
0.228
0.099
0.05
0.431
0.881
0.704
0.579
0.447
0.311
0.195
0.422
0.918
0.515
0.339
0.885
0.682
0.46
0.409
0.223
0.438
0.341
0.464
0.352
0.699
0.835
0.879
0.167
0.814
0.901
0.574
0.842
0.157
0.061
0.586
0.218
0.607
0.219
0.727
0.691
0.167
0.345
0.531
0.832
0.779
0.377
0.508
0.703
0.686
0.168
0.383
0.049
0.545
0.843
0.271
0.289
0.319
0.263
0.115
0.978
0.45
0.092
0.576
0.203
0.394
0.242
0.377
0.488
0.814
0.633
0.456
0.342
0.93
0.943
0.836
0.034
0.772
0.279
0.653
0.982
0.013
0.752
0.432
0.687
0.115
0.116
0.428
0.481
0.983
0.004
0.133
0.141
0.376
0.56
0.726
0.727
0.203
0.748
0.547
0.66
0.572
0.303
0.299
0.637
0.696
0.498
0.38
0.364
0.436
0.663
0.479
0.29
0.194
0.138
0.434
0.245
0.259
0.397
0.483
0.137
0.94
0.116
0.154
0.806
0.568
0.541
0.022
0.495
0.847
0.444
0.416
0.245
0.313
0.247
0.389
0.784
0.99
0.916
0.661
0.449
0.46
0.302
0.758
0.978
0.569
0.222
0.88
0.177
0.946
0.621
0.617
0.272
0.211
0.886
0.891
0.707
0.463
0.89
0.958
0.178
0.87
0.617
0.026
0.187
0.198
0.678
0.098
0.049
0.796
0.264
0.22
0.858
0.833
0.305
0.806
0.786
0.182
0.883
0.58
0.241
0.57
0.752
0.223
0.425
0.874
0.122
0.667
0.912
0.656
0.981
0.163
0.701
0.928
0.444
0.851
0.238
0.737
0.359
0.269
0.192
0.817
0.531
0.002
0.766
0.827
0.587
0.159
0.336
0.464
0.389
0.133
0.465
0.383
0.585
0.245
0.58
0.861
0.612
0.168
0.601
0.996
0.764
0.306
0.277
0.804
0.996
0.182
0.291
0.43
0.387
0.325
0.082
0.596
0.266
0.149
0.595
0.342
0.077
0.245
0.801
0.697
0.507
0.458
0.995
0.727
0.982
0.042
0.35
0.247
0.137
0.595
0.292
0.61
0.311
0.695
0.809
0.246
0.105
0.506
0.518
0.837
0.242
0.274
0.61
0.206
0.206
0.542
0.003
0.628
0.949
0.462
0.844
0.435
0.933
0.365
0.3
0.048
0.178
0.619
0.082
0.548
0.462
0.212
0.746
0.131
0.263
0.297
0.605
0.08
0.767
0.597
0.382
0.461
0.622
0.366
0.096
0.322
0.081
0.33
0.902
0.2
0.765
0.75
0.232
0.802
0.54
0.038
0.317
0.067
0.849
0.772
0.366
0.986
0.665
0.226
0
0.45
0.902
0.116
0.153
0.307
0.931
0.621
0.098
0.174
0.577
0.692
0.932
0.241
0.963
0.292
0.856
0.886
0.897
0.007
0.452
0.061
0.298
0.193
0.778
0.29
0.675
0.186
0.379
0.303
0.688
0.938
0.31
0.081
0.257
0.267
0.829
0.029
0.577
0.662
0.121
0.722
0.502
0.457
0.077
0.194
0.382
0.103
0.64
0.914
0.453
0.838
0.38
0.636
0.034
0.179
0.847
0.851
0.169
0.167
0.787
0.891
0.18
0.51
0.533
0.645
0.864
0.582
0.752
0.589
0.564
0.03
0.416
0.077
0.126
0.346
0.251
0.524
0.092
0.07
0.146
0.471
0.932
0.036
0.349
0.26
0.441
0.253
0.08
0.26
0.112
0.693
0.107
0.612
0.058
0.976
0.67
0.334
0.475
0.736
0.039
0.972
0.334
0.908
0.145
0.993
0.44
0.864
0.061
0.477
0.361
0.924
0.582
0.293
0.608
0.413
0.873
0.155
0.921
0.963
0.993
0.982
0.056
0.478
0.468
0.032
0.519
0.65
0.452
0.511
0.911
0.021
0.277
0.105
0.598
0.483
0.547
0.867
0.391
0.401
0.012
0.35
0.882
0.798
0.818
0.6
0.092
0.118
0.703
0.879
0.91
0.563
1.0
0.179
0.094
0.472
0.29
0.918
0.774
0.658
0.376
0.066
0.461
0.098
0.061
0.09
0.342
0.787
0.294
0.504
0.998
0.995
0.796
0.378
0.915
0.236
0.58
0.883
0.798
0.983
0.112
0.739
0.691
0.347
0.425
0.886
0.038
0.499
0.543
0.197
0.112
0.688
0.304
0.927
0.894
0.049
0.152
0.563
0.743
0.302
0.392
0.377
0.35
0.996
0.289
0.397
0.746
0.074
0.033
0.402
0.573
0.893
0.648
0.161
0.789
0.751
0.771
0.865
0.326
0.193
0.709
0.665
0.494
0.81
0.209
0.318
0.377
0.958
0.186
0.938
0.221
0.407
0.646
0.114
0.449
0.313
0.241
0.691
0.671
0.891
0.119
0.849
0.967
0.188
0.248
0.34
0.304
0.841
0.738
0.282
0.106
0.351
0.595
0.175
0.586
0.78
0.529
0.972
0.323
0.504
0.657
0.628
0.246
0.147
0.316
0.278
0.145
0.988
0.405
0.533
0.133
0.474
0.625
0.878
0.899
0.18
0.179
0.333
0.752
0.928
0.26
0.792
0.996
0.194
0.808
0.055
0.474
0.431
0.179
0.601
0.878
0.331
0.243
0.707
0.528
0.569
0.781
0.048
0.153
0.612
0.025
0.304
0.839
0.055
0.365
0.365
0.596
0.097
0.222
0.575
0.793
0.621
0.025
0.247
0.646
0.632
0.647
0.122
0.897
0.549
0.685
0.128
0.832
0.504
0.458
0.828
0.086
0.938
0.246
0.614
0.633
0.031
0.115
0.063
0.892
0.125
0.205
0.799
0.992
0.628
0.945
0.277
0.457
0.444
0.681
0.762
0.954
0.103
0.693
0.848
0.126
0.341
0.495
0.964
0.817
0.888
0.966
0.18
0.352
0.378
0.549
0.309
0.385
0.657
0.108
0.781
0.101
0.957
0.084
0.872
0.95
0.33
0.73
0.97
0.985
0.533
0.441
0.18
0.439
0.101
0.254
0.986
0.091
0.466
0.817
0.627
0.347
0.838
0.599
0.972
0.476
0.924
0.46
0.141
0.809
0.78
0.127
0.272
0.663
0.408
0.276
0.474
0.643
0.13
0.281
0.701
0.35
0.757
0.765
0.202
0.608
0.525
0.853
0.659
0.714
0.867
0.734
0.116
0.056
0.475
0.068
0.295
0.54
0.607
0.372
0.915
0.987
0.181
0.962
0.843
0.694
0.956
0.6
0.572
0.132
0.934
0.484
0.989
0.595
0.704
0.878
0.313
0.865
0.991
0.969
0.104
0.392
0.31
0.074
0.486
0.324
0.522
0.371
0.903
0.906
0.009
0.924
0.881
0.522
0.794
0.046
0.698
0.811
0.491
0.563
0.722
0.032
0.267
0.138
0.396
0.23
0.265
0.608
0.442
0.042
0.551
0.072
0.41
0.208
0.472
0.354
0.301
0.872
0.617
0.894
0.851
0.574
0.533
0.794
0.889
0.304
0.589
0.815
0.23
0.182
0.15
0.472
0.638
0.087
0.336
0.297
0.586
0.675
0.379
0.498
0.933
0.431
0.444
0.939
0.119
0.09
0.032
0.16
0.53
0.481
0.251
0.904
0.955
0.371
0.002
0.631
0.03
0.487
0.066
0.285
0.166
0.351
0.46
0.806
0.436
0.356
0.525
0.34
0.186
0.807
0.998
0.582
0.09
0.71
0.492
0.14
0.56
0.746
0.345
0.607
0.45
0.977
0.785
0.45
0.273
0.082
0.729
0.081
0.388
0.045
0.985
0.005
0.045
0.323
0.781
0.141
0.821
0.518
0.517
0.069
0.291
0.507
0.209
0.368
0.859
0.799
0.596
0.975
0.723
0.375
0.587
0.045
0.921
0.124
0.038
0.703
0.933
0.077
0.69
0.672
0.326
0.206
0.302
0.807
0.29
0.868
0.674
0.114
0.27
0.889
0.026
0.0
0.436
0.601
0.614
0.856
0.325
0.241
0.962
0.53
0.702
0.744
0.57
0.819
0.307
0.276
0.43
0.426
0.05
0.594
0.83
0.401
0.665
0.8
0.88
0.57
0.74
0.806
0.073
0.303
0.862
0.482
0.334
0.363
0.764
0.031
0.997
0.573
0.55
0.445
0.159
0.692
0.495
0.272
0.779
0.134
0.467
0.207
0.793
0.63
0.737
0.343
0.242
0.643
0.013
0.759
0.083
0.762
0.514
0.722
0.902
0.482
0.87
0.366
0.265
0.309
0.998
0.73
0.524
0.718
0.757
0.782
0.947
0.91
0.139
0.84
0.903
0.074
0.788
0.042
0.265
0.081
0.201
0.624
0.035
0.383
