0.858
0.897
0.97
0.796
0.015
0.87
0.867
0.969
0.2
0.789
0.115
0.081
0.889
0.042
0.328
0.312
0.965
0.036
0.142
0.644
0.49
0.254
0.728
0.169
0.841
0.117
0.038
0.775
0.78
0.356
0.099
0.631
0.619
0.933
0.134
0.159
0.173
0.033
0.521
0.883
0.489
0.039
0.953
0.04
0.147
0.803
0.387
0.832
0.985
0.59
0.172
0.83
0.912
0.077
0.175
0.428
0.696
0.081
0.777
0.844
0.395
0.145
0.975
0.1
0.527
0.83
0.717
0.444
0.312
0.06
0.356
0.837
0.355
0.269
0.629
0.437
0.553
0.693
0.479
0.085
0.301
0.516
0.735
0.566
0.065
0.306
0.901
0.748
0.923
0.862
0.621
0.244
0.176
0.661
0.05
0.057
0.809
0
0.574
0.082
0.357
0.47
0.543
0.392
0.605
0.264
0.983
0.323
0.71
0.017
0.097
0.591
0.254
0.144
0.36
0.43
0.539
0.346
0.755
0.687
0.794
0.135
0.896
0.654
0.255
0.014
0.647
0.178
0.984
0.519
0.477
0.442
0.0
0.2
0.904
0.281
0.353
0.243
0.117
0.459
0.817
0.751
0.152
0.511
0.892
0.493
0.4
0.291
0.209
0.139
0.443
0.936
0.174
0.208
0.047
0.881
0.357
0.205
0.965
0.846
0.428
0.874
0.457
0.255
0.545
0.277
0.777
0.192
0.249
0.091
0.214
0.163
0.621
0.796
0.779
0.014
0.649
0.79
0.766
0.347
0.548
0.318
0.35
0.906
0.844
0.579
0.185
0.543
0.404
0.602
0.66
0.735
0.008
0.428
0.534
0.125
0.411
0.03
0.473
0.349
0.922
0.284
0.098
0.042
0.142
0.932
0.061
0.802
0.764
0.513
0.529
0.956
0.273
0.897
0.519
0.785
0.674
0.49
0.991
0.35
0.947
0.214
0.45
0.866
0.124
0.634
0.529
0.099
0.31
0.986
0.526
0.894
0.918
0.986
0.732
0.235
0.858
0.807
0.1
0.255
0.415
0.313
0.16
0.169
0.809
0.83
0.188
0.897
0.638
0.324
0.976
0.808
0.319
0.932
0.503
0.71
0.136
0.773
0
0.612
0.497
0.645
0.912
0.723
0.648
0.706
0.876
0.56
0.063
0.999
0.561
0.412
0.815
0.367
0.388
0.295
0.666
0.723
0.044
0.999
0.607
0.6
0.649
0.977
0.517
0.219
0.521
0.693
0.731
0.633
0.958
0.714
0.142
0.67
0.656
0.271
0.921
0.355
0.821
0.126
0.268
0.87
0.612
0.302
0.418
0.882
0.758
0.943
0.413
0.915
0.58
0.614
0.315
0.714
0.011
0.765
0.194
0.302
0.915
0.597
0.176
0.866
0.122
0.797
0.971
0.821
0.119
0.365
0.251
0.429
0.077
0.685
0.466
0.307
0.655
0.045
0.397
0.006
0.343
0.061
0.684
0.266
0.97
0.446
0.834
0.151
0.382
0.042
0.01
0.057
0.725
0.207
0.893
0.872
0.119
0.983
0.2
0.348
0.836
0.062
0.268
0.61
0.328
0.801
0.731
0.206
0.735
0.579
0.342
0.435
0.917
0.76
0.177
0.644
0.699
0.259
0.462
0.035
0.297
0.907
0.661
0.224
0.566
0.664
0.173
0.204
0.591
0.53
0.436
0.588
0.6
0.096
0.564
0.507
0.173
0.648
0.071
0.068
0.132
0.071
0.749
0.558
0.118
0.381
0.82
0.531
0.601
0.803
0.528
0.895
0.284
0.727
0.08
0.777
0.436
0.108
0.227
0.329
0.11
0.677
0.537
0.281
0.085
0.004
0.876
0.238
0.862
0.924
0.683
0.683
0.908
0.195
0.62
0.885
0.278
0.079
0.719
0.33
0.914
0.392
0.698
0.014
0.033
0.625
0.315
0.28
0.767
0.848
0.687
0.344
0.071
0.554
0.639
0.828
0.976
0.843
0.992
0.521
0.808
0.767
0.164
0.91
0.79
0.978
0.663
0.775
0.855
0.858
0.293
0.541
0.834
0.315
0.988
0.634
0.968
0.018
0.38
0.595
0.443
0.277
0.21
0.384
0.021
0.226
0.068
0.755
0.52
0.253
0.312
0.226
0.534
0.992
0.282
0.986
0.091
0.055
0.591
0.077
0.264
0.362
0.725
0.048
0.114
0.829
0.76
0.491
0.395
0.869
0.142
0.86
0.433
0.115
0.987
0.725
0.835
0.725
0.998
0.648
0.447
0.169
0.008
0.104
0.023
0.661
0.528
0.473
0.351
0.601
0.47
0.841
0.651
0.778
0.059
0.721
0.789
0.418
0.231
0.23
0.824
0.077
0.457
0.102
0.968
0.66
0.051
0.591
0.35
0.277
0.353
0.924
0.162
0.31
0.721
0.044
0.62
0.255
0.703
0.227
0.295
0.561
0.647
0.192
0.327
0.648
0.974
0.479
0.332
0.748
0.611
0.236
0.524
0.754
0.747
0.192
0.141
0.694
0.338
0.589
0.306
0.747
0.914
0.338
0.141
0.689
0.9
0.212
0.751
0.399
0.4
0.478
0.491
0.302
0.012
0.581
0.365
0.321
0.0
0.794
0.761
0.853
0.145
0.637
0.643
0.664
0.78
0.546
0.221
0.108
0.327
0.764
0.469
0.979
0.582
0.209
0.936
0.442
0.292
0.438
0.783
0.234
0.861
0.41
0.727
0.421
0.976
0.063
0.944
0.002
0.306
0.471
0.081
0.119
0.878
0.924
0.372
0.438
0.276
0.467
0.691
0.744
0.223
0.036
0.484
0.676
0.919
0.448
0.792
0.832
0.499
0.559
0.365
0.208
0.366
0.522
0.714
0.623
0.93
0.354
0.665
0.862
0.669
0.567
0.148
0.604
0.348
0.887
0.927
0.835
0.955
0.776
0.644
0.779
0.6
0.876
0.884
0.148
0.518
0.01
0.665
0.929
0.022
0.627
0.564
0.36
0.318
0.085
0.874
0.142
0.841
0.159
0.952
0.8
0.897
0.531
0.528
0.089
0.752
0.664
0.415
0.379
0.53
0.648
0.977
0.774
0.212
0.894
0.166
0.979
0.643
0.572
0.47
0.891
0.79
0.388
0.781
0.934
0.984
0.049
0.334
0.441
0.593
0.586
0.015
0.285
0.127
0.963
0.762
0.46
0.606
0.103
0.497
0.589
0.978
0.437
0
0.802
0.441
0.8
0.94
0.9
0.569
0.918
0.802
0.108
0.026
0.091
0.272
0.701
0.694
0.682
0.936
0.809
0.197
0.988
0.888
0.607
0.466
0.032
0.949
0.393
0.658
0.601
0.032
0.303
0.721
0.015
0.51
0.392
0.059
0.418
0.808
0.255
0.814
0.244
0.987
0.097
0.006
0.066
0.639
0
0.849
0.288
0.241
0.123
0.427
0.47
0.398
0.419
0.218
0.765
0.216
0.502
0.381
0.478
0.326
0.118
0.379
0.264
0.397
0.382
0.526
0.098
0.473
0.098
0.649
0.969
0.066
0
0.626
0.241
0.63
0.051
0.03
0.903
0.95
0.37
0.444
0.742
0.482
0.782
0.099
0.702
0.31
0.786
0.508
0.464
0.887
0.216
0.752
0.169
0.6
0.005
0.671
0.437
0.348
0.097
0.749
0.696
0.363
0.049
0.651
0.954
0.56
0.871
0.813
0.291
0.247
0.247
0.343
0.952
0.679
0.011
0.569
0.271
0.44
0.727
0.224
0.313
0.316
0.792
0.201
0.821
0.766
0.726
0.344
0.963
0.57
0.838
0.662
0.049
0.056
0.23
0.948
0.225
0.515
0.151
0.931
0.134
0.86
0.415
0.429
0.339
0.656
0.519
0.441
0.859
0.492
0.131
0.193
0.072
0.582
0.248
0.862
0.755
0.201
0.806
0.846
0.136
0.029
0.526
0.396
0.296
0.165
0.167
0.965
0.206
0.483
0.465
0.085
0.663
0.069
0.843
0.15
0.333
0.372
0.023
0.535
0.493
0.74
0.93
0.232
0.611
0.577
0.005
0.802
0.86
0.195
0.251
0.453
0.526
0.287
0.106
0.495
0.107
0.307
0.622
0.351
0.742
0.542
0.181
0.948
0.467
0.968
0.649
0.855
0.548
0.718
0.301
0.869
0.348
0.091
0.477
0.356
0.131
0.018
0.963
0.83
0.599
0.914
0.257
0.302
0.73
0.535
0.162
0.352
0.4
0.519
0.851
0.355
0.14
0.144
0.812
0.556
0.015
0.5
0.291
0.34
0.714
0.917
0.784
0.677
0.088
0.031
0.768
0.637
0.089
0.372
0.421
0.995
0.082
0.902
0.227
0.564
0.04
0.194
0.234
0.117
0.942
0.92
0.82
