0.677
0.696
0.03
0.806
0.363
0.893
0.396
0.856
0.948
0.019
0.905
0.052
0.893
0.365
0.531
0.332
0.254
0.064
0.339
0.859
0.976
0.444
0.43
0.876
0.927
0.44
0.48
0.263
0.735
0.978
0.292
0.354
0.965
0.347
0.996
0.216
0.439
0.055
0.739
0.951
0.019
0.268
0.394
0.201
0.352
0.505
0.952
0.51
0.347
0.835
0.489
0.199
0.153
0.5
0.095
0.269
0.266
0.836
0.606
0.665
0.974
0.455
0.063
0.031
0.525
0.629
0.54
0.157
0.235
0.653
0.096
0.734
0.684
0.066
0.498
0.497
0.998
0.586
0.947
0.427
0.773
0.91
0.999
0.799
0.886
0.86
0.372
0.272
0.85
0.451
0.929
0.586
0.421
0.842
0.377
0.493
0.188
0.09
0.099
0.026
0.197
0.867
0.427
0.99
0.904
0.487
0.511
0.966
0.218
0.423
0.908
0.186
0.911
0.812
0.933
0.568
0.713
0.422
0.5
0.097
0.472
0.544
0.311
0.21
0.4
0.654
0.859
0.056
0.218
0.977
0.585
0.118
0.864
0.835
0.014
0.046
0.066
0.96
0.945
0.908
0.809
0.716
0.809
0.276
0.47
0.028
0.985
0.246
0.765
0.12
0.698
0.865
0.005
0.484
0.088
0.089
0.953
0.955
0
0.136
0.508
0.397
0.499
0.784
0.658
0.881
0.073
0.796
0.42
0.007
0.702
0.169
0.504
0.821
0.995
0.713
0.162
0.122
0.512
0.713
0.812
0.152
0.693
0.69
0.094
0.122
0.991
0.345
0.062
0.743
0.398
0.766
0.286
0.557
0.269
0.921
0.333
0.531
0.588
0.3
0.662
0.051
0.002
0.868
0.315
0.03
0.003
0.439
0.758
0.405
0.213
0.044
0.918
0.75
0.261
0.939
0.742
0.157
0.271
0.48
0.581
0.949
0.252
0.471
0.21
0.414
0.859
0.122
0.011
0.073
0.023
0.878
0.302
0.835
0.934
0.374
0.332
0.968
0.626
0.876
0.793
0.507
0.65
0.775
0.774
0.085
0.568
0.167
0.583
0.004
0.907
0.161
0.821
0.004
0.052
0.723
0.566
0.805
0.189
0.922
0.632
0.872
0.139
0.643
0.055
0.663
0.876
0.862
0.63
0.293
0.684
0.554
0.221
0.372
0.594
0.906
0.6
0.979
0.766
0.595
0.356
0.089
0.918
0.309
0.716
0.347
0.545
0.771
0.505
0.308
0.47
0.637
0.217
0.168
0.451
0.752
0.885
0.941
0.528
0.222
0.846
0.131
0.841
0.835
0.165
0.27
0.907
0.942
0.367
0.705
0.431
0.793
0.335
0.523
0.556
0.879
0.648
0.111
0.055
0.176
0.596
0.061
0.795
0.371
0.912
0.925
0.883
0.403
0.007
0.596
0.412
0.405
0.992
0.44
0.618
0.293
0.82
0.295
0.438
0.607
0.91
0.497
0.914
0.772
0.91
0.308
0.663
0.73
0.353
0.423
0.466
0.719
0.306
0.826
0.31
0.419
0.467
0.883
0.557
0.944
0.119
0.619
0.434
0.258
0.688
0.443
0.613
0.672
0.605
0.87
0.967
0.163
0.904
0.368
0.578
0.319
0.655
0.838
0.242
0.816
0.989
0.559
0.702
0.136
0.813
0.148
0.439
0.586
0.056
0.228
0.448
0.105
0.361
0.602
0.729
0.761
0.144
0.78
0.67
0.952
0.891
0.067
0.581
0.348
0.316
0.113
0.071
0.993
0.634
0.098
0.96
0.269
0.944
0.267
0.779
0.766
0.207
0.916
0.331
0.812
0.096
0.784
0.101
0.173
0.008
0.166
0.888
0.103
0.194
0.074
0.649
0.074
0.715
0.852
0.656
0.08
0.774
0.633
0.702
0.791
0.243
0.694
0.52
0.463
0.116
0.549
0.51
0.022
0.851
0.191
0.823
0.429
0.516
0.653
0.064
0.119
0.359
0.119
0.679
0.473
0.945
0.769
0.061
0.695
0.779
0.497
0.567
0.957
0.89
0.808
0.141
0.149
0.137
0.374
0.48
0.977
0.212
0.76
0.815
0.75
0.6
0.248
0.303
0.23
0.766
0.619
0.412
0.295
0.609
0.715
0.379
0.536
0.656
0.752
0.221
0.676
0.923
0.271
0.588
0.428
0.623
0.735
0.383
0.754
0.904
0
0.861
0.701
0.574
0.631
0.113
0.27
0.125
0.143
0.256
0.226
0.014
0.526
0.871
0.58
0.303
0.708
0.718
0.289
0.916
0.479
0.396
0.223
0.801
0.015
0.697
0.21
0.532
0.46
0.732
0.489
0.996
0.823
0.39
0.621
0.274
0.518
0.191
0.26
0.717
0.157
0.98
0.94
0.224
0.124
0.146
0.17
0.554
0.927
0.148
0.707
0.448
0.859
0.183
0
0.586
0.386
0.422
0.307
0.772
0.533
0.818
0.273
0.811
0.322
0.991
0.235
0.149
0.595
0.604
0.959
0.688
0.332
0.078
0.051
0.819
0.883
0.963
0.264
0.127
0.105
0.255
0.147
0.653
0.33
0.387
0.571
0.869
0.947
0.986
0.593
0.446
0.96
0.872
0.44
0.335
0.531
0.648
0.854
0.467
0.088
0.927
0.204
0.938
0.762
0.714
0.398
0.069
0.747
0.101
0.46
0.889
0.014
0.11
0.129
0.822
0.571
0.898
0.217
0.208
0.906
0.024
0.887
0.457
0.355
0.368
0.459
0.368
0.306
0.8
0.061
0.657
0.427
0.67
0.78
0.888
0.475
0.154
0.383
0.41
0.877
0.339
0.083
0.607
0.585
0.936
0.52
0.78
0.091
0.966
0.399
0.064
0.016
0.57
0.757
0.296
0.571
0.952
0.513
0.008
0.02
0.017
0.877
0.102
0.399
0.418
0.674
0.667
0.316
0.191
0.712
0.605
0.406
0.484
0.301
0.755
0.704
0.187
0.52
0.191
0.287
0.331
0.04
0.054
0.433
0.035
0.998
0.592
0.373
0.602
0.331
0.335
0.698
0.416
0.962
0.91
0.1
0.31
0.294
0.862
0.881
0.76
0.26
0.486
0.215
0.917
0.555
0.538
0.031
0.531
0.449
0.553
0.398
0.061
0.347
0.356
0.112
0.584
0.404
0.855
0.543
0.9
0.521
0.576
0.785
0.451
0.428
0.883
0.567
0.353
0.215
0.75
0.271
0.522
0.641
0.53
0.938
0.757
0.414
0.279
0.075
0.757
0.967
0.267
0.918
0.713
0.081
0.854
0.786
0.418
0.62
0.565
0.203
0.015
0.803
0.889
0.727
0.507
0.094
0.539
0.291
0.828
0.422
0.089
0.202
0.3
0.19
0.598
0.415
0.6
0.24
0.152
0.833
0.435
0.207
0.829
0.23
0.757
0.015
0.761
0.738
0.295
0.43
0.189
0.801
0.104
0.489
0.035
0.186
0.349
0.965
0.1
0.037
0.754
0.933
0.705
0.035
0.934
0.269
0.146
0.976
0.503
0.11
0.142
0.233
0.968
0.904
0.128
0.904
0.546
0.42
0.082
0.873
0.374
0.737
0.86
0.016
0.5
0.261
0.673
0.831
0.273
0.871
0.346
0.39
0.286
0.825
0.173
0.214
0.833
0.789
0.16
0.795
0.249
0.749
0.326
0.495
0.989
0.144
0.279
0.832
0.143
0.082
0.1
0.061
0.962
0.833
0.953
0.068
0.15
0.692
0.46
0.018
0.281
0.995
0.704
0.855
0.892
0.638
0.784
0.323
0.835
0.615
0.321
0.533
0.101
0.235
0.173
0.455
0.534
0.605
0.607
0.344
0.008
0.009
0.175
0.249
0.623
0.34
0.059
0.397
0.005
0.958
0.207
0.873
0.588
0.281
0.936
0.131
0.553
0.624
0.339
0.411
0.488
0.21
0.353
0.741
0.946
0.307
0.24
0.66
0.579
0.286
0.118
0.78
0.173
0.935
0.012
0.746
0.81
0.881
0.447
0.599
0.83
0.215
0.286
0.734
0.196
0.515
0.503
0.325
0.475
0.927
0.846
0.353
0.272
0.237
0.49
0.499
0.845
0.015
0.941
0.738
0.985
0.366
0.855
0.804
0.216
0.383
0.854
0.118
0.473
0.481
0.719
0.085
0.673
0.4
0.521
0.967
0.678
0.725
0.271
0.063
0.539
0.194
0.222
0.669
0.127
0.223
0.555
0.7
0.911
0.381
0.134
0.17
0.195
0.091
0.135
0.842
0.595
0.784
0.551
0.373
0.12
0.796
0.955
0.5
0.526
0.507
0.67
0.937
0.229
0.74
0.239
0.185
0.295
0.418
0.825
0.274
0.071
0.206
0.109
0.634
0.992
0.617
