0.868
0.847
0.319
0.828
0.534
0.789
0.249
0.568
0.607
0.054
0.208
0.287
0.034
0.156
0.357
0.148
0.636
0.389
0.946
0.927
0.333
0.86
0.878
0.083
0.328
0.396
0.283
0.834
0.568
0.733
0.968
0.292
0.237
0.724
0.879
0.489
0.755
0.488
0.656
0.411
0.328
0.64
0.178
0.277
0.573
0.967
0.351
0.607
0.424
0.772
0.559
0.238
0.761
0.591
0.781
0.745
0.282
0.183
0.409
0.504
0.418
0.608
0.933
0.462
0.017
0.963
0.576
0.006
0.126
0.129
0.36
0.596
0.932
0.763
0.913
0.132
0.402
0.026
0.101
0.038
0.537
0.828
0.185
0.445
0.822
0.708
0.223
0.447
0.594
0.165
0.308
0.274
0.556
0.236
0.858
0.853
0.039
0.845
0.438
0.61
0.738
0.743
0.784
0.521
0.046
0.77
0.031
0.543
0.83
0.223
0.671
0.016
0.392
0.271
0.699
0.855
0.452
0.753
0.895
0.312
0.669
0.517
0.185
0.845
0.874
0.545
0.139
0.337
0.316
0.853
0.051
0.986
0.943
0.543
0.129
0.778
0.794
0.195
0.875
0.513
0.273
0.669
0.216
0.567
0.249
0.903
0.55
0.649
0.064
0.194
0.647
0.372
0.112
0.488
0.428
0.0
0.005
0.847
0.399
0.394
0.095
0.653
0.722
0.869
0.687
0.503
0.736
0.791
0.283
0.448
0.203
0.695
0.635
0.646
0.582
0.683
0.55
0.358
0.137
0.876
0.108
0.353
0.575
0.048
0.511
0.546
0.854
0.256
0.789
0.953
0.824
0.919
0.674
0.756
0.849
0.808
0.81
0.639
0.53
0.375
0.865
0.921
0
0.817
0.729
0.444
0.271
0.826
0.885
0.416
0.788
0.951
0.245
0.877
0.419
0.159
0.616
0.427
0.433
0.378
0.443
0.238
0.653
0.278
0.645
0.311
0.539
0.71
0.837
0.851
0.815
0.369
0.786
0.481
0.489
0.734
0.347
0.925
0.969
0.981
0.5
0.73
0.049
0.847
0.778
0.089
0.425
0.975
0.631
0.705
0.802
0.499
0.657
0.594
0.106
0.522
0.624
0.358
0.857
0.077
0.497
0.771
0.208
0.164
0.149
0.933
0.422
0.441
0.198
0.446
0.053
0.918
0.467
0.589
0.151
0.241
0.35
0.347
0.968
0.802
0.969
0.401
0.242
0.676
0.246
0.61
0.065
0.893
0.647
0.522
0.841
0.322
0.399
0.919
0.77
0.015
0.093
0.194
0.381
0.899
0.505
0.649
0.735
0.679
0.284
0.592
0.791
0.655
0.118
0.959
0.743
0.177
0.423
0.801
0.685
0.185
0.654
0.124
0.722
0.392
0.837
0.858
0.368
0.988
0.979
0.152
0.691
0.247
0.655
0.291
0.706
0.93
0.524
0.575
0.635
0.205
0.812
0.95
0.122
0.875
0.943
0.409
0.805
0.318
0.657
0.53
0.727
0.905
0.562
0.763
0.416
0.96
0.392
0.059
0.199
0.056
0.814
0.673
0.764
0.766
0.093
0.835
0.21
0.844
0.564
0.709
0.338
0.612
0.779
0.087
0.475
0.932
0.836
0.008
0.137
0.679
0.835
0.541
0.397
0.717
0.954
0.257
0.692
0.386
0.304
0.883
0.821
0.634
0.562
0.781
0.442
0.987
0.087
0.383
0.47
0.114
0.307
0.673
0.656
0.969
0.179
0.855
0.546
0.019
0.307
0.571
0.399
0.296
0.067
0.119
0.95
0.998
0.496
0.433
0.755
0.167
0.435
0.219
0.591
0.156
0.588
0.582
0.394
0.798
0.487
0.365
0.877
0.808
0.86
0.945
0.937
0.516
0.908
0.209
0.337
0.364
0.197
0.994
0.783
0.206
0.316
0.742
0.901
0.542
0.297
0.963
0.778
0.87
0.238
0.366
0.707
0.757
0.988
0.919
0.982
0.355
0.725
0.848
0.926
0.261
0.459
0.888
0.139
0.413
0.899
0.653
0.975
0.182
0.979
0.941
0.01
0.727
0.288
0.806
0.848
0.317
0.124
0.686
0.645
0.944
0.608
0.192
0.222
0.795
0.957
0.037
0.237
0.76
0.028
0.709
0.261
0.769
0.008
0.521
0.767
0.295
0.379
0.086
0.671
0.038
0.987
0.958
0.864
0.537
0.241
0.439
0.868
0.389
0.518
0.455
0.288
0.585
0.889
0.015
0.081
0.298
0.023
0.384
0.336
0.572
0.77
0.365
0.101
0.339
0.972
0.603
0.81
0.77
0.266
0.988
0.243
0.09
0.651
0.97
0.745
0.143
0.761
0.629
0.611
0.968
0.068
0.268
0.911
0.659
0.232
0.695
0.472
0.272
0.722
0.518
0.746
0.609
0.645
0.006
0.61
0.616
0.751
0.762
0.542
0.419
0.083
0.858
0.283
0.382
0.524
0.412
0.8
0.332
0.33
0.127
0.558
0.253
0.666
0.173
0.94
0.347
0.299
0.076
0.375
0.645
0.934
0.75
0.402
0.88
0.912
0.153
0.771
0.193
0.497
0.096
0.259
0.231
0.329
0.253
0.436
0.252
0.533
0.157
0.521
0.015
0.192
0.33
0.174
0.406
0.812
0.629
0.09
0.725
0.757
0.122
0.588
0.954
0.453
0.608
0.933
0.037
0.455
0.145
0.377
0.737
0.357
0.45
0.494
0.94
0.279
0.895
0.798
0.292
0.588
0.017
0.99
0.62
0.673
0.488
0.914
0.295
0.092
0.904
0.026
0.023
0.996
0.712
0.51
0.652
0.575
0.5
0.244
0.618
0.903
0.487
0.212
0.059
0.781
0.163
0.41
0.355
0.123
0.696
0.8
0.959
0.108
0.891
0.056
0.252
0.34
0.952
0.015
0.352
0.32
0.701
0.985
0.787
0.635
0.223
0.958
0.187
0.036
0.902
0.917
0.709
0.674
0.089
0.36
0.386
0.748
0.149
0.142
0.936
0.738
0.578
0.735
0.559
0.873
0.686
0.636
0.791
0.626
0.89
0.137
0.863
0.689
0.782
0.63
0.071
0.889
0.478
0.82
0.794
0.417
0.209
0.869
0.225
0.374
0.054
0.52
0.607
0.921
0.113
0.996
0.501
0.498
0.313
0.584
0.922
0.484
0.803
0.565
0.417
0.782
0.357
0.918
0.064
0.676
0.873
0.231
0.086
0.088
0.496
0.24
0.996
0.501
0.097
0.133
0.035
0.323
0.222
0.365
0.29
0.441
0.637
0.661
0.759
0.691
0.357
0.045
0.297
0.872
0.792
0.874
0.643
0.486
0.822
0.935
0.315
0.755
0.632
0.963
0.351
0.28
0.991
0.46
0.171
0.557
0.135
0.77
0.89
0.401
0.028
0.147
0.15
0.665
0.168
0.857
0.104
0.069
0.223
0.689
0.0
0.277
0.456
0.023
0.993
0.648
0.191
0.749
0.219
0.98
0.311
0.973
0.301
0.255
0.841
0.691
0.116
0.018
0.654
0.194
0.277
0.536
0.935
0.08
0.174
0.576
0.85
0.02
0.676
0.274
0.482
0.031
0.432
0.538
0.583
0.721
0.994
0.549
0.872
0.66
0.465
0.214
0.971
0.278
0.926
0.669
0.24
0.517
0.184
0.734
0.442
0.281
0.094
0.42
0.11
0.696
0.213
0.715
0.248
0.842
0.236
0.463
0.235
0.672
0.408
0.939
0.23
0.856
0.47
0.544
0.477
0.899
0.146
0.177
0.397
0.935
0.226
0.926
0.911
0.811
0.97
0.104
0.742
0.904
0.687
0.659
0.306
0.444
0.654
0.033
0.216
0.213
0.497
0.285
0.69
0.847
0.768
0.319
0.133
0.212
0.876
0.02
0.985
0.515
0.161
0.065
0.761
0.5
0.772
0.687
0.534
0.98
0.452
0.192
0.16
0.172
0.4
0.513
0.164
0.369
0.375
0.311
0.551
0.616
0.014
0.722
0.527
0.74
0.484
0.92
0.053
0.151
0.027
0.943
0.592
0.23
0.324
0.972
0.529
0.305
0.822
0.879
0.146
0.601
0.667
0.396
0.578
0.991
0.052
0.187
0.789
0.266
0.13
0.354
0.444
0.53
0.884
0.366
0.764
0.859
0.857
0.259
0.68
0.834
0.528
0.712
0.371
0.698
0.008
0.266
0.239
0.866
0.307
0.148
0.24
0.597
0.325
0.448
0.435
0.519
0.347
0.508
0.893
0.872
0.001
0.144
0.215
0.545
0.494
0.865
0.919
0.35
0.814
0.353
0.126
0.74
0.992
0.981
0.519
0.87
0.955
0.259
0.116
0.124
0.703
0.913
0.65
0.703
0.844
0.946
0.157
0.214
0.463
