0.124
0.696
0.529
0
0.883
0.442
0.75
0.874
0.406
0.431
0.377
0.486
0.899
0.317
0.585
0.099
0.421
0.22
0.545
0.462
0.972
0.519
0.117
0.993
0.712
0.723
0.36
0.523
0.919
0.663
0.917
0.474
0.392
0.106
0.092
0.295
0.103
0.735
0.968
0.972
0.234
0.843
0.262
0.76
0.964
0.449
0.13
0.156
0.704
0.661
0.404
0.813
0.563
0.571
0.675
0.098
0.649
0.882
0.441
0.224
0.018
0.427
0.966
0.138
0.652
0.466
0.78
0.847
0.92
0.477
0.251
0.506
0.225
0.098
0.604
0.828
0.494
0.719
0.691
0.053
0.639
0.741
0.413
0.236
0.325
0.757
0.887
0.783
0.146
0.403
0.681
0.017
0.753
0.105
0.939
0.333
0.007
0.447
0.465
0.829
0.784
0.787
0.236
0.188
0.482
0.0
0.067
0.267
0.598
0.309
0.072
0.872
0.307
0.753
0.587
0.412
0.312
0.554
0.539
0.475
0.561
0.279
0.646
0.691
0.322
0.163
0.871
0.911
0.288
0.869
0.404
0.044
0.311
0.005
0.35
0.7
0.806
0.725
0.923
0.66
0.126
0.66
0.494
0.158
0.502
0.175
0.731
0.424
0.88
0.567
0.668
0.869
0.082
0.602
0.005
0.377
0.427
0.258
0.478
0.157
0.046
0.446
0.226
0.908
0.228
0.967
0.324
0.245
0.957
0.204
0.419
0.29
0.253
0.148
0.839
0.574
0.19
0.838
0.021
0.725
0.117
0.605
0.209
0.02
0.513
0.973
0.874
0.524
0.442
0.878
0.04
0.829
0.741
0.462
0.818
0.921
0.014
0.664
0.862
0.018
0.723
0.442
0.245
0.934
0.691
0.838
0.212
0.229
0.15
0.398
0.372
0.748
0.098
0.261
0.146
0.106
0.162
0.174
0.503
0.215
0.072
0.432
0.44
0.255
0.46
0.643
0.448
0.091
0.126
0.607
0.116
0.127
0.724
0.928
0.009
0.092
0.972
0.973
0.812
0.52
0.746
0.804
0.15
0.001
0.944
0.693
0.513
0.009
0.392
0.072
0.783
0.546
0.565
0.367
0.629
0.361
0.755
0.953
0.755
0.372
0.876
0.366
0.351
0.04
0.83
0.864
0.649
0.844
0.699
0.514
0.392
0.296
0.438
0.261
0.049
0.594
0.855
0.792
0.38
0.745
0.42
0.665
0.172
0.768
0.974
0.253
0.654
0.416
0.885
0.809
0.559
0.534
0.731
0.924
0.382
0.591
0.969
0.338
0.541
0.269
0.873
0.404
0.58
0.863
0.787
0.262
0.327
0.237
0.639
0.609
0.887
0.434
0.484
0.943
0.503
0.193
0.686
0.728
0.882
0.079
0.106
0.965
0.833
0.881
0
0.202
0.771
0.552
0.294
0.848
0.026
0.225
0.688
0.194
0.101
0.069
0.151
0.196
0.119
0.042
0.195
0.815
0.062
0.007
0.098
0.818
0.005
0.305
0.063
0.804
0.566
0.685
0.763
0.589
0.235
0.844
0.117
0.002
0.005
0.337
0.871
0.498
0.51
0.019
0.971
0.946
0.528
0.57
0.822
0.588
0.749
0.339
0.525
0.133
0.578
0.053
0.191
0.788
0.119
0.838
0.813
0.649
0.875
0.276
0.822
0.564
0.659
0.762
0.928
0.701
0.001
0.201
0.481
0.278
0.7
0.095
0.214
0.275
0.694
0.948
0.695
0.192
0.156
0.607
0.534
0.553
0.023
0.418
0.344
0.796
0.483
0.131
0.251
0.416
0
0.056
0.178
0.484
0.26
0.94
0
0.815
0.993
0.861
0.272
0.839
0.301
0.601
0.029
0.339
0.467
0.979
0.457
0.004
0.727
0.366
0.821
0.65
0.42
0.257
0.185
0.905
0.284
0.294
0.425
0.488
0.374
0.033
0.638
0.693
0.414
0.595
0.738
0.806
0.165
0.018
0.679
0.027
0.577
0.833
0.209
0.964
0.742
0.941
0.343
0.976
0.276
0.246
0.192
0.561
0.258
0.661
0.817
0.502
0.252
0.551
0.888
0.392
0.79
0.15
0.468
0.009
0.601
0.427
0.513
0.522
0.922
0.344
0.001
0.759
0.763
0.543
0.119
0.039
0.649
0.982
0.215
0.566
0.442
0.144
0.272
0.67
0.114
0.343
0.756
0.325
0.73
0.158
0.896
0.456
0.107
0.965
0.979
0.421
0.365
0.026
0.107
0.841
0.043
0.126
0.9
0.074
0.325
0.765
0.667
0.463
0.753
0.722
0.488
0.4
0.205
0.434
0.649
0.579
0.711
0.14
0.462
0.392
0.278
0.524
0.298
0.834
0.955
0.851
0.802
0.101
0.689
0.973
0.584
0.832
0.07
0.793
0.539
0.804
0.154
0.907
0.932
0.036
0.149
0.531
0.399
0.946
0.034
0.646
0.091
0.872
0.417
0.666
0.128
0.872
0.853
0.583
0.848
0.241
0.138
0.489
0.573
0.226
0.668
0.613
0.81
0.758
0.062
0.901
0.696
0.813
0.078
0.351
0.294
0.409
0.757
0.948
0.675
0.051
0.363
0.03
0.022
0.175
0.496
0.697
0.786
0.481
0.249
0.241
0.279
0.799
0.765
0.098
0.92
0.952
0.639
0.98
0.76
0.287
0.496
0.263
0.307
0.668
0.281
0.264
0.214
0.592
0.099
0.638
0.116
0.586
0.383
0.01
0.64
0.786
0.617
0.674
0.775
0.655
0.758
0.172
0.946
0.362
0.898
0.669
0.155
0.199
0.976
0.513
0.307
0.042
0.23
0.603
0
0.479
0.638
0.894
0.913
0.321
0.051
0.94
0.727
0.694
0.125
0.472
0.616
0.132
0.367
0.143
0.939
0.481
0.498
0.266
0.967
0.436
0.621
0.766
0.19
0.334
0.056
0.244
0.845
1.0
0.097
0.624
0.492
0.587
0.361
0.123
0.177
0.654
0.868
0.507
0.097
0.583
0.318
0.574
0.741
0.963
0.248
0.464
0.508
0.796
0.296
0.706
0.368
0.728
0.655
0.946
0.808
0.727
0.168
0.573
0.803
0.675
0.702
0.092
0.792
0.293
0.214
0.528
0.329
0.787
0.428
0.951
0.96
0.446
0.084
0.181
0.358
0.196
0.158
0.483
0.702
0.923
0.534
0.931
0.449
0.117
0.32
0.008
0
0.357
0.709
0.423
0.293
0.994
0.53
0.088
0.595
0.678
0.779
0.703
0.887
0.841
0.146
0.593
0.841
0.941
0.67
0.799
0.715
0.923
0.37
0.177
0.699
0.196
0.074
0.553
0.662
0.659
0.321
0.876
0.112
0.511
0.05
0.045
0.661
0.614
0.711
0.75
0.819
0.839
0.088
0.201
0.024
0.103
0.416
0.239
0.141
0.67
0.939
0.303
0.41
0.801
0.159
0.482
0.672
0.494
0.411
0.361
0.339
0.84
0.717
0.979
0.253
0.893
0.027
0.388
0.683
0.207
0.058
0.76
0.167
0.071
0.305
0.22
0.09
0.24
0.075
0.569
0.427
0.194
0.746
0.954
0.272
0.617
0.857
0.451
0.404
0.51
0.778
0.593
0.157
0.063
0.135
0.609
0.306
0.192
0.679
0.815
0.006
0.057
0.591
0.891
0.889
0.724
0.057
0.254
0.732
0.714
0.232
0.495
0.606
0.122
0.688
0.248
0.05
0.997
0.415
0.776
0.996
0.567
0.746
0.924
0.782
0.168
0.765
0.707
0.744
0.866
0.565
0.323
0.583
0.188
0.948
0.602
0.487
0.507
0.548
0.11
0.321
0.091
0.835
0.49
0.938
0.891
0.561
0.807
0.419
0.988
0.493
0.147
0.943
0.668
0.371
0.906
0.694
0.0
0.101
0.598
0.994
0.304
0.351
0.164
0.193
0.469
0.422
0.245
0.833
0.288
0.739
0.538
0.024
0.194
0.665
0.672
0.903
0.865
0.82
0.652
0.597
0.498
0.401
0.086
0.712
0.893
0.021
0.282
0.237
0.9
0.111
0.474
0.876
0.728
0.01
0.427
0.362
0.012
0.387
0.574
0.365
0.093
0.378
0.268
0
0.603
0.368
0.852
0.642
0.96
0.517
0.276
0.639
0.267
0.965
0.353
0.551
0.45
0.784
0.834
0.352
0.906
0.279
0.278
0.432
0.333
0.033
0.124
0.933
0.685
0.995
0.17
0.532
0.489
0.626
0.246
0.42
0.061
0.168
0.084
0.739
0.295
0.863
0.243
0.082
0.762
0.657
0.13
0.315
0.762
0.327
0.609
0.584
0.481
0.965
0.388
0
0.273
0.328
0.923
0.481
0.636
0.105
0.19
