0.363
0.793
0.327
0.032
0.072
0.849
0.979
0.34
0.176
0.822
0.686
0.16
0.219
0.285
0.805
0.855
0.065
0.671
0.51
0.45
0.323
0.579
0.101
0.784
0.935
0.152
0.507
0.392
0.879
0.962
0.65
0.061
0.802
0.987
0.492
0.166
0.819
0.789
0.477
0.982
0.124
0.166
0.255
0.234
0.838
0.576
0.375
0.085
0.922
0.189
0.566
0.34
0.418
0.392
0.021
0.378
0.178
0.075
0
0.424
0.729
0.535
0.802
0.947
0.166
0.564
0.409
0.164
0.582
0.835
0.496
0.71
0.063
0.302
0.11
0.294
0.551
0.355
0.27
0.734
0.051
0.357
0.929
0.664
0.927
0.054
0.526
0.386
0.862
0.967
0.283
0.55
0.156
0.901
0.828
0.633
0.744
0.839
0.28
0.705
0.404
0.97
0.639
0.201
0.662
0.965
0.478
0.418
0.686
0.468
0.742
0.559
0.744
0.166
0.091
0.51
0.89
0.919
0.999
0.26
0.499
0.25
0.054
0.082
0.595
0.241
0.395
0.229
0.277
0.458
0.003
0.549
0.733
0.53
0.858
0.036
0.661
0.858
0.634
0.147
0
0.335
0.637
0.004
0.983
0.665
0.868
0.752
0.66
0.941
0.097
0.961
0.122
0.256
0.002
0.405
0.595
0.869
0.899
0.351
0.643
0.632
0.081
0.772
0.453
0.05
0.575
0.09
0.855
0.65
0.076
0.184
0.556
0.582
0.864
0.295
0.687
0.737
0.602
0.157
0.415
0.099
0.175
0.893
0.632
0.956
0.173
0.501
0.355
0.35
0.376
0.02
0.379
0.134
0.827
0.38
0.016
0.634
0.053
0.348
0.46
0.317
0.349
0.422
0.993
0.014
0.133
0.277
0.189
0.109
0.416
0.558
0.675
0.393
0.067
0.177
0.107
0.66
0.329
0.665
0.42
0.193
0.863
0.196
0.211
0.284
0.379
0.745
0.527
0.442
0.295
0.932
0.651
0.346
0.063
0.01
0.249
0.968
0.644
0.976
0.082
0.919
0.397
0.691
0.917
0.692
0.072
0.198
0.827
0.031
0.504
0.563
0.286
0.106
0.978
0.606
0.658
0.778
0.109
0.564
0.553
0.095
0
0.007
0.761
0.705
0.524
0.924
0.554
0.71
0.835
0.413
0.783
0.154
0.004
0.525
0.816
0.689
0.537
0.79
0.408
0.989
0.189
0.68
0.107
0.836
0.315
0.943
0.347
0.05
0.41
0.092
0.164
0.784
0.779
0.598
0.027
0.137
0.771
0.833
0.859
0.184
0.383
0.504
0.83
0.784
0.85
0.205
0.08
0.269
0.136
0.015
0.116
0.463
0.582
0.606
0.95
0.489
0.656
0.271
0.118
0.508
0.856
0.194
0.72
0.259
0.742
0.584
0.283
0.83
0.699
0.358
0.064
0.391
0.517
0.521
0.196
0.034
0.563
0.926
0.815
0.402
0.175
0.757
0.767
0.511
0.239
0.121
0.282
0.04
0.356
0.737
0.474
0.751
0.96
0.125
0.588
0.234
0.847
0.897
0.206
0.44
0.424
0.832
0.819
0.152
0.179
0.109
0.853
0.574
0.837
0.604
0.84
0.906
0.129
0.009
0.396
0.939
0.841
0.782
0.84
0.705
0.469
0.049
0.912
0.915
0.342
0.985
0.358
0.58
0.854
0.693
0.227
0.971
0.61
0.308
0.421
0.63
0.791
0.33
0.853
0.856
0
0.106
0.387
0.59
0.232
0.784
0.518
0.446
0.711
0.929
0.57
0.497
0.495
0.814
0.732
0.113
0.332
0.595
0.927
0.377
0.674
0.154
0.049
0.722
0.932
0.508
0.139
0.3
0.774
0.411
0.423
0.033
0.376
0.999
0.626
0.573
0.77
0.091
0.683
0.659
0.624
0.079
0.587
0.125
0.463
0.484
0.134
0.682
0.216
0.901
0.401
0.466
0.646
0.125
0.453
0.286
0.819
0.105
0.961
0.64
0.045
0.167
0.268
0.316
0.644
0.307
0.898
0.211
0.954
0.988
0.309
0.71
0.328
0.493
0.413
0.214
0.698
0
0.561
0.207
0.361
0.979
0.574
0.281
0.108
0.617
0.764
0.28
0.4
0.559
0.79
0.692
0.515
0.825
0.67
0.423
0.561
0.533
0.394
0.184
0.851
0.316
0.805
0.222
0.239
0.346
0.658
0.321
0.396
0.905
0.094
0.069
0.673
0.75
0.409
0.725
0.912
0.229
0.045
0.525
0.028
0.539
0.724
0.905
0.125
0.442
0.617
0.413
0.618
0.493
0.625
0.418
0.671
0.793
0.724
0.67
0.604
0.0
0.496
0.038
0.118
0.744
0.892
0.149
0.686
0.221
0.429
0.641
0.921
0.684
0.464
0.227
0.292
0.819
0.961
0.437
0.983
0.504
0.257
0.003
0.128
0.378
0.684
0.703
0
0.667
0.986
0.738
0.529
0.6
0.393
0.612
0.71
0.456
0.859
0.874
0.831
0.65
0.438
0.129
0.326
0.072
0.959
0.95
0.956
0.98
0.759
0.037
0.726
0.293
0.916
0.101
0.601
0.434
0.356
0.374
0.821
0.894
0.061
0.179
0.603
0.781
0.36
0.928
0.888
0.432
0.995
0.82
0.431
0.898
0.978
0.417
0.829
0.347
0.136
0.305
0.902
0.563
0.94
0.294
0.335
0.983
0.177
0.882
0.204
0.358
0.414
0.864
0.652
0.994
0.605
0.179
0.556
0.586
0.467
0.004
0.867
0.153
0.511
0.601
0.282
0.954
0.979
0.442
0.107
0.164
0.373
0.135
0.107
0.552
0.713
0.556
0.881
0.713
0.029
0.284
0.349
0.151
0.685
0.861
0.218
0.107
0.859
0.587
0.366
0.398
0.968
0.515
0.617
0.011
0.54
0.333
0.594
0.933
0.723
0.044
0.833
0.591
0.196
0.563
0.858
0.375
0.584
0.054
0.624
0.066
0.233
0.954
0.281
0.361
0.693
0.93
0.855
0.233
0.665
0.516
0.686
0.659
0.686
0.798
0.333
0.37
0.107
0.086
0.922
0.328
0.762
0.886
0.18
0.57
0.541
0.619
0.086
0.459
0.184
0.536
0.168
0.447
0.57
0.281
0.606
0.816
0.348
0.34
0.192
0.939
0.574
0.039
0.583
0.479
0.791
0.378
0.051
0.849
0.386
0.671
0.359
0.093
0.705
0.951
0.449
0.633
0.157
0.975
0.954
0.028
0.454
0.079
0.468
0.551
0.679
0.624
0.258
0.61
0.79
0.07
0.928
0.494
0.658
0.78
0.031
0.489
0.727
0.952
0.652
0.401
0.639
0.894
0.113
0.297
0.411
0.153
0.788
0.477
0.076
0.333
0.24
0.197
0.644
0.15
0.652
0.696
0.612
0.073
0.822
0.762
0.144
0.799
0.979
0.728
0.934
0.538
0.575
0.575
0.184
0.543
0.523
0.61
0.398
0.137
0.528
0.828
0.712
0.577
0.257
0.232
0.025
0.736
0.807
0.21
0.671
0.221
0.124
0.764
0.146
0.398
0.512
0.849
0.786
0.924
0.273
0.345
0.112
0.408
0.624
0.411
0.286
0.328
0.631
0.81
0.926
0.238
0.158
0.152
0.847
0.12
0.915
0.67
0.233
0.314
0.803
0.89
0.936
0.286
0.743
0.057
0.391
0.204
0.329
0.576
0.157
0.573
0.251
0.46
0.698
0.054
0.304
0.029
0.867
0.851
0.95
0.603
0.938
0.71
0.904
0.931
0.894
0.824
0.723
0.341
0.319
0.326
0.282
0.708
0.009
0.368
0.974
0.002
0.509
0.715
0.275
0
0.667
0.95
0.0
0.061
0.707
0.06
0.675
0.934
0.695
0.813
0.388
0.288
0.536
0.003
0.154
0.048
0.16
0.478
0.374
0.09
0.645
0.18
0.498
0.411
0.234
0.212
0.676
0.532
0.222
0.701
0.015
0.971
0.495
0.301
0.098
0.148
0.857
0.181
0.408
0.677
0.393
0.139
0.551
0.524
0.143
0.202
0.359
0.693
0.912
0.455
0.573
0.725
0.421
0.677
0.032
0.727
0.092
0.34
0
0.897
0.369
0.109
0.347
0.341
0.298
0.208
0.494
0.292
0.883
0.787
0.546
0.193
0.896
0.05
0.006
0.76
0.509
0.263
0.674
0.508
0.809
0.511
0.413
0.491
0.806
0.976
0.146
0.498
0.744
0.307
0.188
0.884
0.324
0.26
0.565
0.496
0.368
0.413
0.19
0.501
0.736
0.919
0.13
0.074
0.705
0.578
0.71
0.278
0.963
0.85
0.204
0.644
0.831
0.004
0.314
0.125
