0.242
0.501
0.995
0.983
0.391
0.997
0.016
0.05
0.113
0.52
0.821
0.185
0.353
0.635
0.466
0.446
0.147
0.931
0.651
0.73
0.187
0.827
0.288
0.289
0.104
0.302
0.078
0.963
0.575
0.577
0.263
0.919
0.643
0.177
0.678
0.606
0.268
0.208
0.965
0.296
0.29
0.485
0.035
0.726
0.78
0.638
0.019
0.141
0.527
0.593
0.73
0.454
0.749
0.662
0.133
0.273
0.457
0.38
0.4
0.139
0.38
0.55
0.908
0.034
0.563
0.035
0.289
0.341
0.553
0.523
0.7
0.137
0.149
0.227
0.878
0.786
0.816
0.258
0.212
0.421
0.565
0.895
0.358
0.417
0.445
0.926
0.375
0.238
0.932
0.643
0.74
0.152
0.462
0.516
0.653
0.957
0.18
0.179
0.391
0.028
0.783
0.823
0.143
0.433
0.427
0.821
0.194
0.829
0.833
0.18
0.863
0.293
0.358
0.876
0.179
0.653
0.052
0.539
0.019
0.886
0.828
0.341
0.678
0.679
0.788
0.123
0.489
0.974
0.235
0.783
0.88
0.142
0.649
0.063
0.907
0.659
0.335
0.934
0.963
0.837
0.995
0.216
0.093
0.632
0.918
0.985
0.332
0.696
0.808
0.354
0.18
0.169
0.083
0.66
0.354
0.517
0.412
0.019
0.513
0.8
0.537
0.13
0.202
0.492
0.145
0.369
0.093
0.126
0.911
0.708
0.304
0.072
0.715
0.855
0.878
0.382
0.276
0.73
0.934
0.792
0.431
0.125
0.1
0.678
0.985
0.694
0.897
0.691
0.168
0.669
0.887
0.69
0.999
0.214
0.503
0.154
0.288
0.576
0.477
0
0.397
0.716
0.964
0.82
0.691
0.74
0.485
0.267
0
0.514
0.061
0.698
0.281
0.861
0.67
0.42
0.1
0.959
0.857
0.037
0.174
0.398
0.55
0.185
0.088
0.838
0.63
0.627
0.859
0.309
0.738
0.557
0.653
0.103
0.481
0.304
0.367
0.833
0.106
0.661
0.52
0.473
0.448
0.549
0.001
0.423
0.129
0.842
0.177
0.796
0.567
0.943
0.642
0.86
0.532
0.876
0.31
0.526
0.675
0.271
0.366
0.948
0.528
0.312
0.63
0.976
0.11
0.584
0.064
0.9
0.747
0.153
0.905
0.137
0.809
0.066
0.652
0.962
0.642
0.571
0.891
0.5
0.727
0.683
0.781
0.557
0.158
0.501
0.781
0.238
0.637
0.045
0.966
0.809
0.144
0.025
0.174
0.789
0.167
0.624
0.96
0.668
0.402
0.463
0.596
0.793
0.017
0.739
0.852
0.629
0.082
0.51
0.548
0.435
0.659
0.413
0.509
0.224
0.559
0.858
0.174
0.44
0.309
0.425
0.288
0.04
0.24
0.958
0.627
0.171
0.43
0.149
0.03
0.907
0.424
0.639
0.825
0.627
0.132
0.726
1.0
0.942
0.262
0.85
0.759
0.378
0.56
0.014
0.31
0.704
0.432
0.323
0.045
0.086
0.154
0.166
0.982
0.89
0.559
0.317
0.284
0.764
0.756
0.984
0.865
0.5
0.495
0.66
0.492
0.684
0.091
0.936
0.168
0.688
0.49
0.451
0.079
0.426
0.061
0.397
0.099
0.339
0.335
0.578
0.317
0.307
0.389
0.939
0.037
0.592
0.397
0.479
0.447
0.517
0.673
0.557
0.419
0.03
0.527
0.014
0.469
0.468
0.745
0.098
0.167
0.166
0.616
0.328
0.954
0.779
0.655
0.337
0.953
0.716
0.618
0.984
0.915
0.689
0.108
0.003
0.984
0.37
0.729
0.915
0.365
0.328
0.283
0.242
0.166
0.025
0.698
0.676
0.201
0.059
0.077
0.288
0.654
0.622
0.92
0.645
0.858
0.008
0.137
0.757
0.461
0.828
0.627
0.206
0.87
0.669
0.84
0.304
0.215
0.441
0.819
0.288
0.939
0.588
0.373
0.391
0.806
0.512
0.144
0.462
0.308
0.965
0.452
0.492
0.021
0.088
0.023
0.345
0.493
0.628
0.068
0.596
0.935
0.444
0.846
0.439
0.018
0.755
0.465
0.425
0.892
0.311
0.022
0.857
0.053
0.423
0.458
0.427
0.837
0.369
0.998
0.004
0.136
0.763
0.841
0.826
0.982
0.21
0.772
0.708
0.737
0.636
0.324
0.492
0.069
0.1
0.127
0.617
0.215
0.239
0.111
0.466
0.846
0.71
0.869
0.817
0.593
0.97
0.316
0.634
0.427
0.797
0.559
0.629
0.816
0.95
0.744
0.894
0.727
0.837
0.728
0.729
0.038
0.078
0.456
0.53
0.352
0.253
0.401
0.324
0.882
0.589
0.408
0.842
0.996
0.674
0.474
0.774
0.961
0.476
0.976
0.256
0.974
0.373
0.392
0.262
0.048
0.186
0.552
0.599
0.593
0.917
0.906
0.784
0.784
0.176
0.021
0.834
0.933
0.077
0.609
0.509
0.836
0.418
0.086
0.116
0.767
0.214
0.633
0.097
0.009
0.968
0.975
0.049
0.802
0.689
0.437
0.787
0.686
0.861
0.638
0.441
0.583
0.197
0.074
0.254
0.474
0.503
0.64
0.603
0.563
0.97
0.322
0.743
0.945
0.909
0.331
0.692
0.015
0.487
0.672
0.42
0.369
0.528
0.422
0.905
0.01
0.287
0.698
0.988
0.255
0.219
0.073
0.311
0.578
0.802
0.698
0.886
0.354
0.067
0.257
0.621
0.207
0.977
0.739
0.846
0.657
0.267
0.373
0.54
0.511
0.31
0.458
0.497
0.426
0.005
0.684
0.125
0.504
0.96
0.995
0.954
0.799
0.741
0.998
0.019
0.966
0.503
0.082
0.552
0.71
0.654
0.732
0.964
0.909
0.214
0.797
0.102
0.078
0.908
0.572
0.358
0.544
0.17
0.235
0.951
0.76
0.357
0.536
0.422
0.54
0.609
0.1
0.65
0.01
0.695
0.33
0.928
0.081
0.569
0.207
0.942
0.013
0.902
0.809
0.283
0.528
0.423
0.471
0.765
0.602
0.993
0.578
0.726
0.194
0.85
0.728
0.438
0.582
0.462
0.094
0.596
0.122
0.735
0.788
0.627
0.001
0.208
0.947
0.409
0.366
0.056
0.641
0.263
0.471
0.656
0.536
0.128
0.732
0.8
0.173
0.23
0.418
0.215
0.072
0.165
0.372
0.298
0.414
0.863
0.973
0.729
0.038
0.172
0.323
0.874
0.765
0.965
0.474
0.934
0.658
0.556
0.759
0.06
0.67
0.903
0.214
0.325
0.466
0.678
0.029
0.477
0.952
0.839
0.763
0.252
0.786
0.986
0.63
0.061
0.426
0.335
0.862
0.889
0.749
0.277
0.716
0.356
0.736
0.961
0.754
0.897
0.678
0.425
0.195
0.549
0.826
0.019
0.51
0.97
0.867
0.013
0.053
0.064
0.069
0.157
0.656
0.936
0.46
0.681
0.818
0.502
0.228
0.658
0.601
0.622
0.535
0.734
0.912
0.364
0.408
0.872
0.215
0.365
0.747
0.941
0.041
0.127
0.359
0.743
0.819
0.293
0.685
0.89
0.269
0.815
0.629
0.141
0.708
0.558
0.093
0.469
0.176
0.317
0.131
0.737
0.304
0.537
0.48
0.503
0.295
0.55
0.596
0.528
0.778
0.021
0.75
0.355
0.101
0.05
0
0.113
0.524
0.263
0.224
0.878
0.72
0.893
0.262
0.914
0.355
0.107
0.279
0.701
0.583
0.728
0.322
0.685
0.71
0.101
0.382
0.459
0.822
0.181
0.129
0.095
0.467
0.77
0.211
0.285
0.04
0.403
0.2
0.558
0.443
0.092
0.396
0.071
0.715
0.146
0.425
0.514
0.22
0.74
0.564
0.239
0.92
0.96
0.818
0.469
0.286
0.261
0.969
0.447
0.834
0.097
0.158
0.783
0.485
0.141
0.041
0.803
0.641
0.234
0.095
0.081
0.819
0.725
0.85
0.414
0.547
0.168
0.721
0.517
0.778
0
0.971
0.192
0.203
0.019
0.164
0.994
0.733
0.171
0.115
0.625
0.491
0.877
0.212
0.583
0.357
0.176
0.574
0.068
0.771
0.557
0.666
0.037
0.015
0.419
0.741
0.268
0.789
0.459
0.126
0.554
0.056
0.065
0.593
0.94
0.432
0.816
0.907
0.227
0.238
0.229
0.639
0.76
0.123
0.353
0.997
0.52
0.199
0.243
0.002
0.969
0.608
0.975
0.498
0.826
0.75
0.941
0.102
0.559
0.139
0.883
0.547
0.925
0.586
0.922
0.734
0.802
0.665
0.84
0.916
0.721
