0.946
0.765
0.515
0.057
0.574
0.277
0.933
0.787
0.21
0.533
0.25
0.45
0.542
0.108
0.429
0.796
0.042
0.466
0.885
0.286
0.266
0.328
0.539
0.049
0.348
0.987
0.7
0.916
0.239
0.211
0.318
0.527
0.217
0.361
0.163
0.65
0.893
0.726
0.968
0.96
0.58
0.964
0.531
0.047
0.986
0.092
0.643
0.772
0.82
0.428
0.141
0.877
0.094
0.4
0.204
0.882
0.977
0.752
0.002
0.443
0.359
0.6
0.767
0.496
0.238
0.488
0.53
0.412
0.224
0.027
0.079
0.489
0.318
0.984
0.952
0.382
0.164
0.46
0.379
0.016
0.335
0.881
0.604
0.821
0.634
0.55
0.557
0.279
0.405
0.96
0.424
0.758
0.016
0.462
0.396
0.707
0.119
0.546
0.813
0.767
0.041
0.174
0.16
0.401
0.153
0.287
0.428
0.22
0.971
0.443
0.167
0.418
0.733
0.722
0.716
0.652
0.403
0.334
0.456
0.567
0.096
0.21
0.228
0.587
0.343
0.714
0.933
0.6
0.155
0.253
0.644
0.131
0.746
0.88
0.837
0.16
0.708
0.497
0.794
0.464
0.306
0.02
0.254
0.335
0.624
0.794
0.217
0.094
0.278
0.8
0.86
0.084
0.155
0.895
0.796
0.875
0.346
0.269
0.451
0.101
0.39
0.361
0.789
0.806
0.86
0.466
0.229
0.802
0.201
0.62
0.963
0.374
0.719
0.723
0.756
0.89
0.154
0.021
0.328
0.846
0.3
0.095
0.14
0.652
0
0.877
0.496
0.598
0.312
0.171
0.237
0.64
0.428
0.443
0.442
0.638
0.183
0.343
0.248
0.43
0.891
0.354
0.225
0.858
0.356
0.981
0.386
0.651
0.788
0.772
0.094
0.467
0.707
0.586
0.733
0.072
0.496
0.583
0.688
0.4
0.71
0.583
0.307
0.118
0.024
0.222
0.772
0.09
0.648
0.524
0.566
0.589
0.878
0.61
0.943
0.859
0.986
0.591
0.69
0.615
0.674
0.865
0.694
0.809
0.812
0.198
0.912
0.044
0.702
0.132
0.538
0.021
0.765
0.733
0.243
0.79
0.416
0.539
0.733
0.416
0.06
0
0.321
0.402
0.31
0.286
0.987
0.946
0.013
0.279
0.828
0.731
0.639
0.561
0.225
0.96
0.921
0.182
0.852
0.878
0.213
0.331
0.493
0.987
0.091
0.627
0.521
0.149
0.634
0.344
0.347
0.268
0.174
0.737
0.553
0.889
0.106
0.736
0.652
0.823
0.26
0.324
0.475
0.433
0.714
0.204
0.95
0.217
0.629
0.077
0.211
0.706
0.788
0.253
0.191
0.302
0.783
0.561
0.232
0.34
0.13
0.371
0.452
0.308
0.895
0.091
0.46
0.068
0.402
0.75
0.118
0.169
0.569
0.445
0.517
0.749
0.572
0.63
0.995
0.145
0.823
0.785
0.456
0.394
0.871
0.853
0.295
0.403
0.278
0.47
0.482
0.934
0.649
0.902
0.995
0.761
0.249
0.349
0.407
0.693
0.95
0.66
0.244
0.693
0.513
0.606
0.548
0.784
0.894
0.512
0.794
0.852
0.398
0.422
0.31
0.147
0.376
0.768
0.961
0.457
0.694
0.822
0.375
0.101
0.077
0.321
0.922
0.141
0.75
0.413
0.344
0.19
0.176
0.0
0.87
0.104
0.119
0.023
0.089
0.083
0.707
0.471
0.767
0.61
0.085
0.668
0.59
0.63
0.696
0.085
0.691
0.922
0.022
0.889
0.353
0.431
0.399
0.156
0.134
0.343
0.823
0.356
0.488
0.375
0.341
0.473
0.916
0.232
0.358
0.949
0.226
0.795
0.693
0.853
0.887
0.658
0.083
0.998
0.333
0.6
0.781
0.523
0.229
0.725
0.866
0.866
0.843
0.908
0.907
0.793
0.776
0.365
0.415
0.143
0.19
0.311
0.767
0.322
0.387
0.125
0.997
0.679
0.308
0.151
0.386
0.138
0.075
0.102
0.75
0.351
0.205
0.863
0.398
0.088
0.579
0.752
0.96
0.05
0.436
0.839
0.853
0.133
0.131
0.951
0.798
0.534
0.796
0.88
0.671
0.01
0.777
0.539
0.808
0.091
0.588
0
0.313
0.379
0.595
0.515
0.396
0.526
0.888
0.089
0.333
0.099
0.168
0.616
0.394
0.783
0.955
0.815
0.076
0.325
0.318
0.811
0.946
0.171
0.539
0.476
0.44
0.457
0.746
0.696
0.554
0.958
0.074
0.537
0.766
0.958
0.021
0.902
0.122
0.121
0.358
0.765
0.942
0.372
0.506
0.59
0.124
0.767
0.878
0.354
0.258
0.181
0.075
0.324
0.208
0.201
0.169
0.787
0.009
0.784
0.068
0.777
0.77
0.801
0.095
0.275
0.062
0.223
0.946
0.737
0.202
0.843
0.6
0.749
0.645
0.213
0.462
0.2
0.897
0.434
0.241
0.041
0.987
0.642
0.608
0.523
0.346
0.11
0.126
0.777
0.715
0.661
0.411
0.04
0.869
0.291
0.726
0.451
0.698
0.64
0.798
0.014
0.336
0.869
0.544
0.512
0.286
0.511
0.113
0.666
0.641
0.392
0.024
0.922
0.043
0.376
0.386
0.793
0.466
0.929
0.656
0.556
0.29
0.704
0.048
0.247
0.983
0.03
0.716
0.862
0.432
0.233
0.421
0.38
0.455
0.019
0.173
0.476
0.814
0.888
0.575
0.411
0.699
0.635
0.199
0.083
0.593
0.376
0.881
0.508
0.186
0.067
0.038
0.127
0.046
0.031
0.315
0.282
0.33
0.21
0.073
0
0.61
0.08
0.382
0.699
0.129
0.683
0.378
0.597
0.805
0.763
0.936
0.648
0.971
0.606
0.123
0.602
0.528
0.158
0.663
0.122
0.696
0.478
0.684
0.272
0.532
0.339
0.501
0.758
0.711
0.565
0.14
0.402
0.8
0.945
0.936
0.68
0.671
0.024
0.311
0.808
0.37
0.69
0.231
0.682
0.876
0.164
0.668
0.152
0.526
0.409
0.193
0.359
0.272
0.194
0.834
0.438
0.907
0.656
0.861
0.074
0.028
0.776
0.58
0.24
0.719
0.494
0.431
0.354
0.819
0.906
0.822
0.111
0.373
0.115
0.673
0.504
0.193
0.638
0.669
0.105
0.062
0.955
0.692
0.093
0.237
0.58
0.812
0.258
0.259
0.324
0.51
0.07
0.914
0.091
0.088
0.795
0.25
0.893
0.278
0.492
0.201
0.184
0.169
0.345
0.146
0.104
0.312
0.161
0.787
0.67
0.796
0.632
0.375
0.969
0.4
0.645
0.728
0.496
0.227
0.566
0.495
0.926
0.991
0.443
0.033
0.46
0.317
0.405
0.944
0.502
0.693
0.147
0.571
0.402
0.589
0.118
0.871
0.038
0.125
0.126
0.85
0.918
0.03
0.78
0.999
0.33
0.18
0.952
0.279
0.976
0.892
0.41
0.372
0.682
0.541
0.749
0.876
0.371
0.526
0.664
0.33
0.051
0.604
0.272
0.564
0.166
0.286
0.913
0.497
0.348
0.318
0.256
0.465
0.586
0.322
0.54
0.301
0.501
0.888
0.613
0.523
0.472
0.257
0.776
0.339
0.163
0.638
0.775
0.567
0.581
0.223
0.243
0.727
0.452
0.947
0.495
0.701
0.467
0.38
0.871
0.64
0.663
0.757
0.932
0.272
0.069
0.808
0.393
0.023
0.225
0.76
0.181
0.614
0.995
0.942
0
0.957
0.27
0.661
0.508
0.048
0.241
0.021
0.966
0.802
0.195
0.53
0.663
0.356
0.213
0.232
0.497
0.026
0.042
0.539
0.273
0.517
0.338
0.066
0.118
0.741
0.501
0.841
0.666
0.642
0.373
0.752
0.324
0.923
0.893
0.563
0.585
0.482
0.155
0.561
0.771
0.477
0.278
0.987
0.114
0.476
0.699
0.24
0.69
0.805
0.645
0.1
0.982
0.553
0.09
0.443
0.14
0.83
0.985
0.314
0.248
0.466
0.884
0.519
0.935
0.727
0.105
0.011
0.703
0.727
0.347
0.956
0.018
0.306
0.264
0.569
0.047
0.434
0.16
0.701
0.218
0.443
0.529
0.75
0.41
0.786
0.568
0.41
0.67
0.29
0.384
0.124
0.188
0.903
0.069
0.935
0
0.361
0.218
0.471
0.218
0.818
0.207
0.885
0.527
0.665
0.257
0.334
0.636
0.777
0.026
0.043
0.99
0.161
0.845
0.991
0.405
0.452
0.531
0.945
0.637
0.64
0.936
0.731
0.233
0.083
0.457
0.487
0.796
