0.657
0.304
0.981
0.091
0.707
0.614
0.344
0.232
0.869
0.924
0.266
0.209
0.713
0.452
0.036
0.328
0.632
0.337
0.067
0.869
0.888
0.025
0.087
0.904
0.286
0.409
0.134
0.097
0.289
0.428
0.757
0.781
0
0.6
0.984
0.179
0.886
0.392
0.147
0.532
0.8
0.768
0.474
0.148
0.259
0.083
0.197
0.487
0.166
0.538
0.558
0.106
0.564
0.224
0.874
0.919
0.866
0.825
0.055
0.615
0.442
0.575
0.696
0.083
0.349
0.407
0.964
0.8
0.57
0.733
0.805
0.819
0.383
0.147
0.079
0.468
0.42
0.646
0.145
0.216
0.799
0.482
0
0.748
0.35
0.111
0.731
0.357
0.972
0.532
0.354
0.847
0
0.036
0.331
0.732
0.607
0.609
0.883
0.008
0.991
0.173
0.256
0.527
0.133
0.731
0.803
0.925
0.985
0.135
0.826
0.832
0.327
0.074
0.594
0.709
0.756
0.93
0.131
0.319
0.638
0.86
0.102
0.566
0.684
0.851
0.309
0.989
0.13
0.676
0.706
0.273
0.226
0.873
0
0.734
0.317
0.841
0.722
0.204
0.892
0.84
0.264
0.368
0.087
0.398
0.056
0.687
0.642
0.382
0.643
0.246
0.554
0.471
0.338
0.775
0.454
0.819
0.902
0.008
0.305
0.791
0.058
0.351
0.295
0.085
0.265
0.702
0.527
0.367
0.938
0.954
0.0
0.042
0.897
0.233
0.624
0.223
0.222
0.766
0.185
0.412
0.133
0.508
0.519
0.246
0.27
0.771
0.362
0.14
0.694
0.148
0.236
0.361
0.607
0.501
0.976
0.199
0.191
0.367
0.776
0.967
0.975
0.453
0.925
0.836
0.676
0.836
0.786
0.369
0.187
0.551
0.647
0.116
0.721
0.341
0.919
0.55
0.101
0.738
0.239
0.256
0.064
0.439
0.701
0.737
0.211
0.589
0.51
0.928
0.229
0.347
0.727
0.822
0.067
0.359
0.555
0.664
0.141
0.41
0.663
0.115
0.108
0.682
0.829
0.104
0.221
0.047
0.222
0.333
0.69
0.161
0.056
0.361
0.509
0.722
0.9
0.793
0.596
0.777
0.911
0.392
0.921
0.49
0.97
0.642
0.238
0.806
0.133
0.407
0.291
0.009
0.235
0.811
0.582
0.785
0.733
0.285
0.152
0.458
0.248
0.76
0.096
0.177
0.244
0.646
0.183
0.597
0.06
0.478
0.572
0.857
0.889
0.824
0.737
0.268
0.409
0.768
0.532
0.752
0.673
0.209
0.013
0.517
0.03
0.888
0.463
0.997
0.169
0.177
0.418
0.423
0.952
0.315
0.732
0.278
0.066
0.205
0.816
0.455
0.836
0.441
0.335
0.163
0.927
0.18
0.557
0.574
0.39
0.45
0.099
0.297
0.179
0.758
0.423
0.239
0.707
0.494
0.406
0.202
0.241
0.228
0.297
0.16
0.754
0.877
0.769
0.861
0.011
0.293
0.2
0.924
0.495
0.162
0.901
0.703
0.23
0.182
0.075
0.693
0.707
0.387
0.63
0.92
0.424
0.14
0.268
0.109
0.128
0.726
0.353
0.649
0.441
0.477
0.12
0.242
0.691
0.102
0.169
0.644
0.243
0.639
0.101
0.314
0.541
0.396
0.484
0.382
0.047
0.84
0.583
0.507
0.763
0.279
0.615
0.653
0.391
0.209
0.423
0.683
0.469
0.464
0.12
0.74
0.031
0.107
0.471
0.112
0.865
0.109
0.841
0.012
0.127
0.777
0.02
0.004
0.635
0.032
0.621
0.103
0.731
0.87
0.167
0.242
0.208
0.453
0.042
0.683
0.01
0.388
0.378
0.748
0.75
0.258
0.058
0.378
0.746
0.334
0.459
0.295
0.392
0.358
0.672
0.652
0.989
0.239
0.813
0.844
0.369
0.167
0.87
0.18
0.753
0.526
0.084
0.361
0.271
0.269
0.24
0.474
0.361
0.227
0.998
0.441
0.419
0.015
0.342
0.716
0.299
0.153
0.526
0.296
0.786
0.209
0.824
0.934
0.162
0.03
0.627
0.245
0.151
0.573
0.626
0.24
0.778
0.58
0.893
0.063
0.589
0.387
0.244
0.091
0.943
0.355
0.25
0.465
0.263
0.576
0.776
0.628
0.603
0.945
0.27
0.666
0.748
0.941
0.258
0.297
0.259
0.35
0.494
0.537
0.11
0.241
0.461
0.295
0.472
0.037
0.008
0.607
0.471
0.263
0.695
0.298
0.261
0.247
0.501
0.921
0.008
0.395
0.778
0.956
0.812
0.671
0.672
0.207
0.804
0.738
0.527
0.201
0.333
0.737
0.909
0.986
0.018
0.662
0.881
0.18
0.278
0.418
0.552
0.359
0.581
0.494
0.413
0.985
0.692
0.622
0.93
0.85
0.016
0.542
0.202
0.848
0.501
0.194
0.205
0.004
0.157
0.746
0.14
0.705
0.685
0.121
0.131
0.144
0.762
0.031
0.877
0.281
0.145
0.339
0.382
0.141
0.125
0.847
0.31
0.705
0.167
0.582
0.355
0.129
0.55
0.353
0.203
0.348
0.365
0.065
0.828
0.106
0.808
0.939
0.626
0.164
0.741
0.464
0.319
0.466
0.588
0.443
0.038
0.58
0.697
0.803
0.342
0.624
0.116
0.796
0.391
0.971
0.424
0.045
0.716
0.284
0.854
0.191
0.563
0.399
0.147
0.883
0.766
0.948
0.506
0.915
0.805
0.527
0.088
0.263
0.015
0.951
0.783
0.998
0.034
0.002
0.926
0.229
0.53
0.291
0.856
0.743
0.975
0.442
0.662
0.517
0.986
0.889
0.956
0.638
0.272
0.323
0.387
0.534
0.837
0.356
0.274
0.276
0.619
0
0.805
0.616
0.945
0.668
0.284
0.973
0.393
0.923
0.879
0
0.493
0.126
0.989
0.787
0.752
0.516
0.422
0.052
0.463
0.297
0.55
0.948
0.027
0.682
0.733
0.885
0.247
0.852
0.347
0.35
0.46
0.119
0.164
0.826
0.068
0.949
0.063
0.031
0.926
0.609
0.563
0.216
0.204
0.359
0.637
0.193
0.797
0.189
0.479
0.728
0.311
0.055
0.478
0.35
0.671
0.806
0.833
0.51
0.83
0.097
0.657
0.452
0.996
0.791
0.152
0.096
0.922
0.52
0.446
0.575
0.857
0.495
0.536
0.622
0.296
0.794
0.634
0.908
0.283
0.658
0.465
0.66
0.42
0.753
0.263
0.129
0.873
0.385
0.364
0.161
0.88
0.801
0.536
0.22
0.989
0.148
0.9
0.121
0.283
0.49
0.847
0.874
0.475
0.594
0.708
0.215
0.791
0.226
0.033
0.78
0.569
0.333
0.294
0.021
0.838
0.72
0.312
0.472
0.23
0.898
0.043
0.113
0.187
0.669
0.168
0.808
0.507
0.742
0.37
0.24
0.695
0.538
0.259
0.169
0.402
0.231
0.067
0.248
0.926
0.339
0.304
0.359
0.187
0.342
0.299
0.188
0.045
0.157
0.517
0.748
0.092
0.693
0.948
0.272
0.46
0.14
0.521
0.145
0.192
0.347
0.273
0.52
0.845
0.626
0.498
0.685
0.165
0.282
0.6
0.213
0.847
0.257
0.668
0.8
0.836
0.918
0.258
0.078
0.581
0.141
0.596
0.506
0.044
0
0.805
0.913
0.592
0.773
0.47
0.445
0.945
0.138
0.781
0.707
0.059
0.262
0.942
0.344
0.052
0.432
0.611
0.678
0.576
0.63
0.631
0.087
0.15
0.191
0.594
0.839
0.256
0.61
0.806
0.172
0.061
0.296
0.554
0.684
0.599
0.229
0.755
0.006
0.376
0.293
0.962
0.01
0.081
0.644
0.086
0.831
0.855
0
0.049
0.016
0.511
0.388
0.36
0.134
0.212
0.557
0.92
0.793
0.968
0.18
0.367
0.024
0.129
0.498
0.007
0
0.161
0.037
0.246
0.58
0.807
0.844
0.9
0.229
0.82
0.469
0.818
0.026
0.898
0.308
0.704
0.533
0.973
0.32
0.854
0.991
0.336
0.5
0.752
0.455
0.185
0.777
0.106
0.454
0.746
0.812
0.956
0.679
0.138
0.517
0.359
0.633
0.061
0.774
0.901
0.386
0.377
0.369
0.904
0.406
0.983
0.26
0.13
0.024
0.323
0.673
0.669
0.093
0.347
0.14
0.466
0.608
0.058
0.995
0.371
0.486
0.804
0.271
0.296
0.883
0.86
0.152
0.202
0.697
0.871
0.589
0.907
0.772
0.378
0.635
0.883
0.066
0.318
0.494
0.858
0.122
0.192
0.81
