0.088
0.704
0.807
0.13
0.823
0.678
0.387
0.274
0.852
0.433
0.066
0.845
0.817
0.056
0.6
0.06
0.393
0.233
0.492
0.683
0.818
0.001
0.959
0.854
0.984
0.352
0.414
0.755
0.725
0.3
0.224
0.561
0.868
0.216
0.661
0.329
0.802
0.45
0.15
0.282
0.515
0.171
0.183
0.53
0.038
0.024
0.423
0.483
0.989
0.424
0.891
0.589
0.492
0.205
0.514
0.849
0.624
0.232
0.015
0.522
0.547
0.347
0.531
0.76
0.107
0.208
0.657
0.752
0.805
0.062
0.745
0.507
0.397
0.216
0.328
0.003
0.352
0.626
0.053
0.25
0.963
0.043
0.911
0.506
0.357
0.35
0.146
0.554
0.714
0.345
0.453
0.675
0.345
0.706
0.237
0.228
0.047
0.024
0.119
0.231
0.717
0.24
0.235
0.181
0.015
0.318
0.056
0.038
0.426
0.191
0.045
0.319
0.838
0.595
0.646
0.923
0.298
0.817
0.419
0.696
0.623
0.872
0.767
0.71
0.633
0.973
0.488
0.783
0.367
0.353
0.55
0.627
0.971
0.058
0.84
0.995
0.511
0.526
0.226
0.296
0.15
0.749
0.029
0.422
0.765
0.308
0.849
0.91
0.711
0.018
0.007
0.953
0.801
0.109
0.783
0.999
0.331
0.608
0.586
0.571
0.634
0.516
0.513
0.578
0.877
0.525
0.78
0.504
0.204
0.945
0.625
0.235
0.779
0.546
0.317
0.14
0.943
0.909
0.991
0.757
0.466
0.031
0.86
0.063
0.505
0.477
0.645
0.851
0.086
0.389
0.579
0.327
0.176
0.839
0.131
0.245
0.46
0.212
0.87
0.368
0.079
0.867
0.171
0.661
0.745
0.897
0.633
0.37
0.004
0.944
0.141
0.225
0.805
0.601
0.716
0.478
0.295
0.747
0.137
0.269
0.425
0.666
0.209
0.926
0.771
0.608
0.559
0.224
0.754
0.033
0.847
0.068
0.531
0.307
0.36
0.132
0.803
0.191
0.973
0.966
0.076
0.639
0.46
0.879
0.836
0.318
0.365
0.407
0.398
0.427
0.104
0.659
0.558
0.359
0.981
0.099
0.05
0.67
0.799
0.173
0.891
0.717
0.256
0.543
0.363
0.529
0.566
0.272
0.317
0.433
0.346
0.167
0.047
0.26
0.222
0.445
0.558
0.425
0.347
0.901
0.392
0.466
0.081
0.098
0.399
0.575
0.043
0.946
0.922
0.309
0.251
0.689
0.009
0.956
0.99
0.666
0.448
0.826
0.213
0.131
0.155
0.563
0.951
0.884
0.235
0.863
0.459
0.662
0.152
0.315
0.879
0.297
0.163
0.093
0.178
0.771
0.308
0.681
0.875
0.319
0.163
0.845
0.974
0.846
0.261
0.383
0.495
0.043
0.969
0.742
0.67
0.542
0.857
0.446
0.225
0.361
0.862
0.121
0.035
0.75
0.742
0.508
0.659
0.756
0.051
0.1
0.09
0.675
0.938
0.728
0.164
0.548
0.18
0.595
0.835
0.615
0.601
0.696
0.687
0.372
0.938
0.803
0.23
0.327
0.174
0.98
0.223
0.199
0.752
0.672
0.709
0.027
0.565
0.092
0.781
0.668
0.193
0.471
0.408
0.051
0.988
0.769
0.03
0.054
0.471
0.545
0.922
0.518
0.264
0.778
0.51
0.664
0.758
0.294
0.539
0.036
0.341
0.79
0.726
0.611
0.414
0.757
0.523
0.907
0.573
0.141
0.846
0.725
0.773
0.768
0.842
0.344
0.071
0.744
0.197
0.929
0.195
0.283
0.884
0.319
0.558
0.483
0.025
0.324
0.331
0.684
0.568
0.515
0.076
0.338
0.316
0.657
0.47
0.73
0.412
0.07
0.061
0.507
0.799
0.524
0.599
0.999
0.155
0.578
0.61
0.614
0.099
0.429
0.14
0.9
0.625
0.187
0.685
0.405
0.096
0.318
0.59
0.457
0.495
0.442
0.451
0.946
0.697
0.698
0.643
0.547
0.992
0.949
0.429
0.334
0.591
0.5
0.585
0.197
0.39
0.198
0.084
0.658
0.246
0.393
0.77
0.862
0.51
0.601
0.579
0.534
0.853
0.373
0.14
0.764
0.299
0.827
0.369
0.204
0.415
0.282
0.621
0.598
0.102
0.379
0.843
0.425
0.145
0.411
0.174
0.875
0.901
0.24
0.372
0.831
0.366
0.677
0.753
0.503
0.533
0.404
0.574
0.423
0.934
0.318
0.272
0.571
0.307
0.212
0.633
0.95
0.942
0.192
0.009
0.172
0.377
0.42
0.619
0.943
0.819
0.289
0.577
0.861
0.01
0.546
0.764
0.593
0.951
0.197
0.809
0.467
0.089
0.701
0.107
0.103
0.109
0.648
0.251
0.715
0.637
0.112
0.442
0.432
0.35
0.026
0.335
0.143
0.622
0.187
0.885
0.692
0.136
0.234
0.241
0.596
0.737
0.033
0.788
0.207
0.175
0.961
0.697
0.559
0.077
0.722
0.372
0.675
0.402
0.551
0.188
0.547
0.39
0.043
0.703
0.298
0.156
0.912
0.397
0.728
0.163
0.074
0.804
0.441
0.217
0.694
0.291
0.971
0.157
0.006
0.353
0.098
0.87
0.518
0.069
0.722
0.21
0.705
0.178
0.419
0.451
0.976
0.861
0.288
0.525
0.689
0.728
0.212
0.323
0.967
0.083
0.81
0.309
0.345
0.015
0.187
0.795
0.624
0.997
0.817
0.959
0.842
0.171
0.609
0.401
0.375
0.507
0.165
0.035
0.276
0.272
0.26
0.552
0.398
0.526
0.74
0.023
0.13
0.882
0.466
0.785
0.915
0.373
0.022
0.817
0.951
0.409
0.986
0.76
0.035
0.098
0.387
0.314
0.984
0.276
0.481
0.977
0.963
0.697
0.155
0.956
0.585
0.886
0.267
0.176
0.211
0.382
0.685
0.455
0.724
0.518
0.62
0.386
0.86
0.573
0.506
0.568
0.111
0.784
0.349
0.22
0.846
0.143
0.47
0.425
0.04
0.399
0.615
0.214
0.528
0.89
0.972
0.492
0.653
0.764
0.456
0.64
0.703
0.885
0.031
0.573
0.507
0.935
0.651
0.624
0.299
0.774
0.529
0.097
0.177
0.087
0.023
0.106
0.545
0.119
0.642
0.094
0.104
0.282
0.309
0.841
0.983
0.796
0.798
0.136
0.624
0.214
0.681
0.341
0.444
0.338
0.884
0.867
0.212
0.954
0.744
0.096
0.214
0.954
0.804
0.704
0.999
0.605
0.988
0.414
0.361
0.895
0.541
0.407
0.327
0.339
0.55
0.534
0.111
0.351
0.328
0.032
0.625
0.228
0.123
0.908
0.695
0.534
0.958
0.872
0.513
0.477
0.703
0.031
0.637
0.767
0.392
0.33
0.008
0.448
0.275
0.083
0.389
0.324
0.196
0.551
0.42
0.978
0.596
0.243
0.144
0.788
0.7
0.82
0.045
0.465
0.873
0.388
0.235
0.019
0.99
0.749
0.971
0.264
0.543
0.284
0.29
0.666
0.458
0.459
0.727
0.603
0.684
0.485
0.954
0.992
0.749
0.706
0.629
0.341
0.922
0.576
0.238
0.824
0.077
0.325
0.954
0.338
0.848
0.111
0.183
0.297
0.633
0.023
0.123
0.178
0.501
0.077
0.119
0.061
0.086
0.775
0.758
0.296
0.331
0.63
0.117
0.401
0.66
0.092
0.029
0.292
0.52
0.901
0.766
0.393
0.312
0.5
0.518
0.87
0.386
0.354
0.952
0.636
0.889
0.415
0.445
0.761
0.883
0.484
0.829
0.298
0.337
0.265
0.144
0.37
0.83
0.124
0.24
0.343
0.496
0.557
0.635
0.259
0.324
0.058
0.555
0.629
0.056
0.425
0.483
0.013
0.807
0.247
0.675
0.527
0.331
0.216
0.594
0.13
0.631
0.318
0.006
0.414
0.402
0.828
0.345
0.597
0.068
0.436
0.09
0.389
0.157
0.888
0.488
0.741
0.774
0.897
0.954
0.841
0.313
0.345
0.028
0.381
0.263
0.25
0.577
0.473
0.624
0.521
0.592
0.605
0.953
0.679
0.734
0.579
0.065
0.195
0.421
0.994
0.509
0.208
0.651
0.76
0.926
0.086
0.385
0.771
0.602
0.791
0.547
0.684
0.002
0.056
0.281
0.685
0.183
0.967
0.801
0.571
0.896
0.799
0.884
0.767
0.362
0.16
0.474
0.038
0.197
0.497
0.399
0.018
0.092
0.56
0.592
0.188
0.433
0.325
0.781
0.413
0.343
0.324
0.22
0.147
0.85
0.456
0.022
0.646
0.955
0.999
0.775
