0.569
0.025
0.958
0.391
0.256
0.485
0.032
0.219
0.816
0.87
0.937
0.094
0.541
0.693
0.153
0.98
0.902
0.664
0.122
0.654
0.09
0.436
0.8
0.833
0.223
0.786
0.327
0.669
0.657
0.768
0.888
0.136
0.522
0.756
0.718
0.835
0.551
0.116
0.738
0.099
0.716
0.778
0.596
0.497
0.973
0.271
0.962
0.526
0.564
0.527
0.791
0.78
0.889
0.885
0.561
0.673
0.199
0.243
0.945
0.298
0.913
0.566
0.133
0.057
0.322
0.293
0.85
0.647
0.67
0.786
0.182
0.395
0.36
0.6
0.223
0.872
0.854
0.754
0.265
0.441
0.135
0.757
0.082
0.221
0.672
0.639
0.982
0.427
0.244
0.131
0.998
0.599
0.391
0.53
0.026
0.554
0.28
0.141
0.331
0.309
0.366
0.644
0.906
0.817
0.275
0.248
0.568
0.307
0.784
0.743
0.966
0.995
0.384
0.722
0.577
0.752
0.881
0.206
0.519
0.166
0.209
0.468
0.298
0.149
0.726
0.119
0.083
0.697
0.08
0.589
0.565
0.946
0.841
0.264
0.375
0.992
0.888
0.709
0.871
0.945
0.02
0.633
0.801
0.822
0.057
0.642
0.385
0.749
0.48
0.741
0.14
0.592
0.656
0.221
0.856
0.218
0.265
0.124
0.315
0.788
0.697
0.408
0.071
0.831
0.459
0.565
0.716
0.922
0.291
0.074
0.229
0.031
0.515
0.205
0.193
0.236
0.309
0.932
0.594
0.867
0.213
0.962
0.381
0.686
0.175
0.515
0.813
0.78
0.248
0.335
0.042
0.42
0.7
0.241
0.434
0.154
0.986
0.013
0.213
0.897
0.054
0.651
0.17
0.268
0.532
0.435
0.342
0.411
0.918
0.212
0.643
0.597
0.616
0.257
0.107
0.042
0.103
0.486
0.163
0.788
0.83
0.986
0.824
0.575
0.174
0.569
0.205
0.202
0.162
0.574
0.506
0.802
0.254
0.378
0.114
0.644
0.647
0.548
0.758
0.258
0.787
0.499
0.35
0.428
0.471
0.017
0.545
0.745
0.103
0.445
0.78
0.249
0.206
0.588
0.34
0.368
0.27
0.794
0.224
0.53
0.438
0.849
0.209
0.311
0.73
0.778
0.826
0.798
0.273
0.272
0.34
0.004
0.759
0.27
0.916
0.126
0.8
0.667
0.067
0.396
0.621
0.705
0.563
0.287
0.081
0.262
0.558
0.112
0.381
0.174
0.534
0.698
0.882
0.502
0.222
0.535
0.321
0.567
0.395
0.154
0.168
0.922
0.097
0.001
0.77
0.162
0.974
0.026
0.557
0.464
0.168
0.304
0.637
0.332
0.491
0.847
0.151
0.286
0.263
0.124
0.986
0.897
0.249
0.237
0.931
0.179
0.031
0.335
0.898
0.037
0.761
0.138
0.805
0.201
0.738
0.159
0.435
0.298
0.836
0.492
0.741
0.047
0.39
0.39
0.032
0.182
0.438
0.718
0.383
0.987
0.516
0.923
0.215
0.833
0.75
0.527
0.714
0.016
0.217
0.325
0.29
0.646
0.998
0.956
0.244
0.572
0.904
0.95
0.176
0.482
0.981
0.983
0.79
0.432
0.806
0.775
0.22
0.715
0.065
0.533
0.27
0.385
0.679
0.876
0.701
0.61
0.282
0.805
0.61
0.278
0.908
0.291
0.085
0.509
0.122
0.352
0.432
0.971
0.952
0.035
0.9
0.946
0.522
0.008
0.068
0.954
0.138
0.119
0.787
0.081
0.788
0.126
0.034
0.224
0.604
0.963
0.458
0.438
0.565
0.897
0.926
0.8
0.852
0.62
0.401
0.042
0.644
0.182
0.551
0.296
0.687
0.217
0.591
0.563
0.263
0.647
0.455
0.342
0.625
0.602
0.997
0.778
0.979
0.484
0.017
0.99
0.772
0.362
0.418
0.832
0.558
0.943
0.281
0.451
0.712
0.763
0.969
0.191
0.563
0.156
0.285
0.172
0.309
0.265
0.7
0.053
0.127
0.483
0.322
0.831
0.653
0.409
0.563
0.69
0.628
0.692
0.382
0.995
0.854
0.303
0.292
0.168
0.861
0.276
0.916
0.121
0.754
0.239
0.237
0.261
0.185
0.947
0.827
0.196
0.602
0.657
0.296
0.581
0.878
0.689
0.743
0.415
0.597
0.241
0.14
0.039
0.231
0.227
0.163
0.681
0.402
0.154
0.538
0.128
0.167
0.945
0.865
0.952
0.938
0.686
0.973
0.992
0.023
0.227
0.159
0.478
0.031
0.504
0.366
0.478
0.385
0.17
0.007
0.858
0.829
0.319
0.479
0.326
0.798
0.647
0.465
0.695
0.599
0.231
0.517
1.0
0.99
0.641
0.049
0.621
0.65
0.823
0.583
0.789
0.558
0.729
0.795
0.367
0.53
0.901
0.051
0.348
0.359
0.44
0.789
0.477
0.216
0.156
0.589
0.216
0.402
0.873
0.079
0.592
0.852
0.344
0.361
0.721
0.077
0.311
0.368
0.99
0.209
0.847
0.784
0.36
0.55
0.929
0.573
0.82
0.685
0.306
0.995
0.182
0.022
0.407
0.52
0.257
0.048
0.39
0.226
0.478
0.508
0.757
0.35
0.868
0.36
0.206
0.458
0.367
0.5
0.837
0.866
0.161
0.224
0.555
0.482
0.962
0.671
0.159
0.875
0.874
0.442
0.158
0.023
0.639
0.153
0.92
0.011
0.965
0.08
0.37
0.428
0.108
0.312
0.429
0.88
0.962
0.778
0.192
0.72
0.76
0.54
0.892
0.91
0.158
0.194
0.009
0.255
0.821
0.033
0.849
0.977
0.07
0.454
0.612
0.62
0.42
0.742
0.884
0.697
0.13
0.633
0.237
0.168
0.982
0.119
0.873
0.444
0.937
0.081
0.109
0.997
0.215
0.063
0.108
0.674
0.599
0.383
0.926
0.545
0.106
0.819
0.471
0.331
0.318
0.448
0.468
0.421
0.071
0.254
0.014
0.001
0.825
0.487
0.592
0.399
0.731
0.027
0.599
0.813
0.439
0.801
0.541
0.604
0.588
0.394
0.9
0.022
0.924
0.248
0.299
0.507
0.101
0.0
0.654
0.414
0.632
0.086
0.106
0.576
0.717
0.663
0.847
0.041
0.17
0.857
0.014
0.597
0.416
0.829
0.183
0.332
0.662
0.75
0.976
0.722
0.852
0.529
0.472
0.029
0.046
0.226
0.27
0.406
0.998
0.942
0.331
0.335
0.546
0.004
0.287
0.485
0.609
0.778
0.755
0.125
0.943
0.973
0.308
0.635
0.063
0.072
0.536
0.001
0.689
0.519
0.86
0.753
0.782
0.978
0.4
0.931
0.488
0.821
0.365
0.853
0.269
0.21
0.169
0.318
0.827
0.692
0.114
0.397
0.756
0.087
0.507
0.815
0.154
0.361
0.672
0.646
0.383
0.423
0.789
0.779
0.905
0.541
0.616
0.31
0.205
0.996
0.841
0.13
0.718
0.004
0.572
0.462
0.3
0.403
0.873
0.01
0.586
0.714
0.255
0.517
0.909
0.184
0.172
0.988
0.127
0.325
0.248
0.904
0.127
0.743
0.492
0.633
0.973
0.002
0.052
0.051
0.827
0.303
0.02
0.766
0.749
0.729
0.615
0.016
0.035
0.304
0.036
0.068
0.53
0.865
0.716
0.101
0.853
0.878
0.919
0.959
0.608
0.462
0.941
0.089
0.488
0.033
0.663
0.984
0.894
0.706
0.037
0.376
0.615
0.459
0.218
0.312
0.674
0.677
0.633
0.373
0.098
0.338
0.105
0.828
0.518
0.174
0.052
0.002
0.539
0.053
0.29
0.389
0.392
0.95
0.299
0.011
0.957
0.483
0.406
0.39
0.735
0.098
0.304
0.774
0.504
0.401
0.038
0.539
0.576
0.339
0.864
0.6
0.408
0.765
0.402
0.732
0.397
0.298
0.19
0.643
0.884
0.05
0.599
0.461
0.022
0.995
0.591
0.541
0.546
0.708
0.202
0.871
0.145
0.733
0.265
0.871
0.863
0.048
0.8
0.486
0.052
0.297
0.914
0.196
0.456
0.594
0.014
0.957
0.748
0.082
0.402
0.517
0.245
0.049
0.29
0.071
0.046
0.388
0.049
0.667
0.458
0.341
0.897
0.154
0.477
0.813
0.163
0.707
0.187
0.305
0.057
0.002
0.822
0.795
0.926
0.805
0.282
0.707
0.163
0.358
0.001
0.544
0.99
0.201
0.296
0.484
0.681
0.838
0.402
0.625
0.95
0.05
0.123
0.304
0.75
0.386
0.342
0.875
0.608
0.008
0.67
0.406
0.546
0.708
0.86
0.878
0.494
