0.87
0.351
0.091
0.015
0.173
0.915
0.833
0.798
0.369
0.848
0.35
0.309
0.743
0.803
0.102
0.51
0.069
0.199
0.827
0.375
0.394
0.925
0.341
0.697
0.499
0.993
0.837
0.535
0.746
0.198
0.87
0.873
0.398
0.571
0.323
0.457
0.172
0.291
0.462
0.745
0.966
0.051
0.429
0.819
0.576
0.481
0.433
0.441
0.255
0.369
0.72
0.2
0.009
0.212
0.513
0.489
0.471
0.172
0.469
0.258
0.396
0.548
0.619
0.738
0.795
0.753
0.58
0.139
0.693
0.92
0.731
0.74
0.486
0.523
0.09
0.569
0.858
0.479
0.976
0.12
0.548
0.563
0.01
0.278
0.564
0.238
0.778
0.502
0.841
0.224
0.942
0.86
0.103
0.947
0.537
0.157
0.312
0.479
0.812
0.117
0.816
0.211
0.459
0.81
0.838
0.301
0.128
0.119
0.365
0.229
0.581
0.117
0.116
0.923
0.234
0.276
0.906
0.499
0.737
0.492
0.582
0.848
0.332
0.159
0.845
0.235
0.077
0.481
0.394
0.617
0.21
0.621
0.427
0.684
0.173
0.705
0.39
0.32
0.678
0.394
0.858
0.223
0.447
0.751
0.765
0.942
0.466
0.236
0.736
0.891
0.658
0.16
0.068
0.796
0.364
0.911
0.728
0.972
0.813
0.772
0.983
0.365
0.256
0.95
0.921
0.089
0.415
0.214
0.828
0.853
0.48
0.562
0.558
0.536
0.725
0.583
0.301
0.273
0.738
0.96
0.705
0.865
0.862
0.706
0.207
0.673
0.596
0.407
0.453
0.5
0.927
0.103
0.523
0.328
0.672
0.906
0.047
0.212
0.829
0.335
0.634
0.403
0.118
0.492
0.498
0.772
0.206
0.176
0.616
0.178
0.927
0.729
0.041
0.828
0.163
0.591
0.556
0.145
0.228
0.924
0.081
0.915
0.166
0.598
0.393
0.791
0.988
0.827
0.387
0.362
0.421
0.484
0.78
0.83
0.348
0.955
0.556
0.406
0.372
0.649
0.334
0.936
0.354
0.084
0.124
0.053
0.887
0.454
0.743
0.546
0.363
0.95
0.564
0.623
0.197
0.25
0.746
0.702
0.564
0.747
0.192
0.586
0.113
0.018
0.69
0.657
0.543
0.297
0.246
0.895
0.402
0.352
0.238
0.169
0.846
0.361
0.102
0.947
0.72
0.059
0.545
0.485
0.334
0.948
0.734
0.948
0.193
0.556
0.828
0.062
0.216
0.138
0.719
0.979
0.471
0.047
0.635
0.399
0.958
0.801
0.177
0.589
0.658
0.73
0.121
0.395
0.325
0.599
0.87
0.18
0.943
0.173
0.915
0.517
0.611
0.893
0.129
0.809
0.618
0.402
0.345
0.867
0.6
0.025
0.331
0.819
0.298
0.644
0.72
0.426
0.318
0.786
0.659
0.433
0.358
0.561
0.773
0.479
0.035
0.407
0.619
0.784
0.177
0.418
0.476
0.571
0.181
0.657
0.727
0.026
0.765
0.181
0.736
0.457
0.65
0.187
0.399
0.317
0.879
0.023
0.73
0.271
0.332
0.554
0.433
0.061
0.521
0.922
0.713
0.795
0.085
0.65
0.376
0.003
0.188
0.543
0.311
0.695
0.003
0.361
0.592
0.96
0.321
0.737
0.063
0.498
0.359
0.853
0.661
0.472
0.259
0.891
0.713
0.184
0.45
0.355
0.661
0.962
0.662
0.845
0.677
0.711
0.418
0.957
0.853
0.746
0.644
0.304
0.495
0.752
0.492
0.861
0.28
0.529
0.756
0.934
0.794
0.14
0.893
0.571
0.712
0.349
0.499
0
0.552
0.266
0.866
0.729
0.442
0.824
0.936
0.665
0.002
0.694
0.034
0.901
0.6
0.009
0.69
0.756
0.499
0.568
0.255
0.483
0.277
0.26
0.967
0.275
0.475
0.109
0.102
0.652
0.746
0.532
0.427
0.29
0.881
0.106
0.6
0.384
0.758
0.422
0.897
0.3
0.428
0.79
0.688
0.704
0.066
0.684
0.479
0.814
0.216
0.855
0.839
0.903
0.056
0.108
0.005
0.741
0.436
0.627
0.962
0.705
0.477
0.723
0.275
0.091
0.222
0.337
0.577
0.555
0.852
0.326
0.626
0.499
0.273
0.871
0.7
0.161
0.161
0.677
0.255
0.518
0.097
0.247
0.12
0.284
0.167
0.762
0.38
0.347
0.36
0.207
0.154
0.729
0.374
0.16
0.631
0.281
0.78
0.954
0.219
0.594
0.815
0.001
0.454
0.896
0.209
0.587
0.768
0.471
0.963
0.715
0.906
0.047
0.855
0.844
0.99
0.737
0.215
0.285
0.654
0.3
0.228
0.29
0.326
0.994
0.951
0.268
0.489
0.466
0.285
0.712
0.318
0.669
0.364
0.524
0.491
0.043
0.456
0.549
0.495
0.779
0.841
0.264
0.634
0.878
0.979
0.523
0.858
0.538
0.024
0.594
0.087
0.91
0.907
0.057
0.961
0.611
0.435
0.287
0.448
0.977
0.603
0.323
0.275
0.615
0.294
0.132
0.135
0.046
0.481
0.375
0.445
0.631
0.451
0.046
0.499
0.876
0.48
0.299
0.514
0.964
0.488
0.166
0.82
0.965
0.732
0.766
0.483
0.909
0.982
0.763
0.945
0.534
0.516
0.817
0.955
0.987
0.724
0.027
0.102
0.181
0.188
0.03
0.834
0.206
0.367
0.405
0.977
0.609
0.737
0.339
0.653
0.374
0.711
0.067
0.187
0.533
0.034
0.069
0.893
0.734
0.323
0.535
0.745
0.807
0.055
0.367
0.873
0.956
0.22
0.857
0.105
0.405
0.156
0.711
0.247
0.389
0.313
0.171
0.131
0.679
0.168
0.173
0.685
0.93
0.175
0.662
0.315
0.16
0.226
0.033
0.896
0.811
0.601
0.519
0.579
0.726
0.595
0.655
0.303
0.431
0.082
0.135
0.871
0.025
0.851
0.271
0.464
0.909
0.25
0.067
0.213
0.155
0.395
0.07
0.659
0.901
0.445
0.154
0.818
0.374
0.752
0.875
0.473
0.482
0.778
0.485
0.798
0.061
0.322
0.993
0.478
0.911
0.549
0.855
0.74
0.324
0.233
0.586
0.537
0.782
0.286
0.952
0.109
0.221
0.881
0.932
0.562
0.232
0.113
0.057
0.098
0.605
0.08
0.719
0
0.698
0.413
0.584
0.0
0.451
0.748
0.551
0.141
0.3
0.078
0.935
0.46
0.45
0.345
0.22
0.334
0.696
0.324
0.576
0.967
0.49
0.082
0.972
0.651
0.927
0.506
0.874
0.871
0.319
0.255
0.075
0.087
0.142
0.569
0.903
0.842
0.46
0.08
0.608
0.935
0.762
0.371
0.738
0.395
0.611
0.3
0.444
0.694
0.519
0.033
0.32
0.28
0.893
0.869
0.514
0.73
0.699
0.882
0.864
0.72
0.88
0.076
0.037
0.676
0.734
0.537
0.207
0.721
0.724
0.851
0.394
0.195
0.695
0.093
0.929
0.947
0.266
0.296
0.003
0.05
0.598
0.354
0.832
0.534
0.145
0.577
0.618
0.73
0.986
0.521
0.271
0.043
0.26
0.04
0.863
0.965
0.67
0.236
0.037
0.812
0.758
0.71
0.303
0.598
0.708
0.193
0.095
0.158
0.076
0.206
0.58
0.412
0.626
0.888
0.446
0.786
0.026
0.461
0.217
0.059
0.523
0.901
0.807
0.362
0.447
0.63
0.196
0.718
0.283
0.735
0.84
0.634
0.947
0.639
0.467
0.16
0.605
0.45
0.537
0.712
0.595
0.211
0.089
0.546
0.251
0.324
0.772
0.397
0.688
0.539
0.849
0.054
0.991
0.158
0.375
0.778
0.137
0.18
0.131
0.827
0.982
0.904
0.266
0.107
0.054
0.322
0.965
0.862
0.578
0.255
0.422
0.666
0.117
0.243
0.843
0.723
0.122
0.554
0.392
0.995
0.563
0.075
0.903
0.215
0.524
0.517
0.777
0.365
0.182
0.619
0.11
0.297
0.571
0.687
0.819
0.489
0.292
0.459
0.855
0.784
0.297
0.413
0.365
0.019
0.608
0.76
0.195
0.759
0.898
0.41
0.483
0.321
0.997
0.858
0.823
0.829
0.568
0.01
0.668
0.42
0.279
0.118
0.414
0.408
0.027
0.086
0.015
0.684
0.486
0.983
0.359
0.364
0.051
0.535
0.344
0.642
0.567
0.669
0.113
0.689
0.797
0.348
0.584
0.432
0.477
0.566
0.729
0.149
0.011
0.011
0.418
0.013
0.259
0.638
0.024
0.22
0.373
0.609
0.446
0.956
0.165
