0.471
0.917
0.256
0.641
0.08
0.75
0.895
0.061
0.412
0.906
0.759
0.229
0.211
0.003
0.529
0.889
0.449
0.887
0.527
0.703
0.594
0.751
0.84
0.272
0.937
0.098
0.706
0.67
0.539
0.335
0.546
0.418
0.715
0.378
0.884
0.916
0.791
0.21
0.225
0.267
0.944
0.172
0.879
0.363
0.479
0.509
0.36
0.619
0.967
0.431
0.426
0.696
0.138
0.745
0.828
0.642
0.495
0.433
0.256
0.145
0.955
0.518
0.36
0.149
0.393
0.043
0.344
0.693
0.595
0.066
0.087
0.886
0.205
0.051
0.908
0.944
0.664
0.694
0.788
0.324
0.926
0.56
0.306
0.296
0.509
0.653
0.998
0.59
0.821
0.777
0.463
0.006
0.667
0.51
0.786
0.117
0.607
0.746
0.042
0.7
0.482
0.615
0.976
0.347
0.23
0.613
0.549
0.513
0.847
0.869
0.001
0.36
0.893
0.229
0.065
0.777
0.919
0.714
0.037
0.295
0.574
0.225
0.011
0.388
0.6
0.769
0.718
0.868
0.751
0.679
0.299
0.654
0.78
0.591
0.684
0.14
0.803
0.208
0.488
0.336
0.469
0.165
0.129
0.668
0.633
0.633
0.757
0.932
0.888
0.002
0.821
0.297
0.603
0.91
0.952
0.779
0.067
0.765
0.14
0.452
0.562
0.255
0.478
0.738
0.409
0.342
0.573
0.93
0.842
0.528
0.17
0.913
0.136
0.234
0.559
0.588
0.423
0.11
0.542
0.622
0.306
0.503
0.067
0.736
0.825
0.405
0.302
0.326
1.0
0.595
0.784
0.956
0.748
0.563
0.675
0.171
0.63
0.516
0.753
0.578
0.492
0.174
0.123
0.866
0.796
0.179
0.832
0.44
0.876
0.861
0.872
0.335
0.996
0.751
0.783
0.204
0.025
0.088
0.082
0.268
0.287
0.995
0.765
0.349
0.776
0.443
0.188
0.571
0.365
0.599
0.577
0.726
0.936
0.129
0.168
0.409
0.2
0.975
0.468
0
0.614
0.761
0.885
0.75
0.169
0.384
0.128
0.795
0.962
0.126
0.208
0.189
0.104
0.865
0.671
0.478
0.441
0.315
0.033
0.733
0.552
0.632
0.325
0.992
0.257
0.907
0.017
0.314
0.669
0.434
0.57
0.993
0.462
0.341
0.981
0.476
0.762
0.74
0.393
0.809
0.291
0.914
0.061
0.191
0.929
0.403
0.518
0.74
0.872
0.196
0.945
0.408
0.27
0.398
0.013
0.527
0.953
0.255
0.675
0.033
0.419
0.093
0.1
0.155
0.807
0.887
0.546
0.629
0.345
0.372
0.245
0.935
0.648
0.471
0.489
0.13
0.582
0.495
0.84
0.466
0.43
0.343
0.433
0.457
0.67
0.755
0.921
0.609
0.749
0.493
0.097
0.0
0.911
0.553
0.824
0.097
0.475
0.17
0.052
0.27
0.265
0.798
0.793
0.03
0.616
0.845
0.329
0.432
0.84
0.938
0.0
0.137
0.032
0.019
0.361
0.15
0.733
0.709
0.947
0.349
0.701
0.089
0.465
0.441
0.59
0.177
0.888
0.657
0.473
0.57
0.75
0.878
0.546
0.204
0.729
0.971
0.312
0.006
0.659
0.619
0.02
0.774
0.586
0.536
0.92
0.012
0.71
0.869
0.49
0.897
0.817
0.611
0.239
0.073
0.172
0.988
0.497
0.938
0.799
0.34
0.769
0.387
0.269
0.849
0.203
0.963
0.627
0.463
0.804
0.888
0.774
0.87
0.886
0.682
0.67
0.861
0.629
0.685
0.582
0.129
0.018
0.721
0.187
0.144
0.899
0.149
0.895
0.306
0.022
0.408
0.998
0.918
0.283
0.943
0.443
0.542
0.905
0.332
0.307
0.64
0.816
0.358
0.264
0.438
0.126
0.502
0.452
0.672
0.468
0.88
0.736
0.763
0.857
0.675
0.662
0.827
0.155
0.452
0.296
0.044
0.662
0.013
0.537
0.64
0.182
0.342
0.065
0.423
0.031
0.673
0.59
0.29
0.202
0.174
0.851
0.297
0.482
0.814
0.137
0.026
0.952
0.687
0.566
0.043
0.79
0.818
0.936
0.641
0.884
0.866
0.21
0.852
0.55
0.681
0.855
0.23
0.488
0.015
0.443
0.893
0.901
0.285
0.043
0.085
0.829
0.552
0.218
0.262
0.799
0.905
0.908
0.136
0.085
0.648
0.6
0.937
0.915
0.82
0.559
0.933
0.71
0.54
0.74
0.335
0.937
0.777
0.425
0.309
0.386
0.831
0.979
0.531
0.613
0.788
0.475
0.578
0.996
0.361
0.928
0.833
0.688
0.35
0.813
0.492
0.264
0.639
0.996
0.069
0.599
0.621
0.733
0.458
0.151
0.736
0.082
0.506
0.326
0.651
0.144
0.728
0.718
0.166
0.751
0.488
0.564
0.482
0.442
0.828
0.42
0.162
0.406
0.955
0.861
0.971
0.381
0.037
0.072
0.992
0.095
0.181
0.473
0.108
0.165
0.123
0.569
0.956
0.939
0.834
0.766
0.412
0.923
0.509
0.813
0.749
0.963
0.804
0.565
0
0.507
0.928
0.996
0.685
0.391
0.225
0.984
0.807
0.251
0.064
0.396
0.881
0.659
0.049
0.983
0.689
0.966
0.499
0.562
0.924
0.621
0.238
0.331
0.716
0.567
0.699
0.748
0.6
0.824
0.735
0.102
0.858
0.599
0.782
0.379
0.941
0.406
0.481
0.317
0.268
0.721
0.758
0.956
0.314
0.994
0.144
0.076
0.731
0.12
0.805
0.026
0.089
0.489
0.042
0.056
0.338
0.509
0.443
0.001
0.46
0.898
0.434
0.01
0.68
0.902
0.405
0.067
0.97
0.318
0.638
0.71
0.54
0.175
0.838
0.665
0.832
0.02
0.913
0.306
0.15
0.574
0.697
0.382
0.606
0.669
0.733
0.981
0.603
0.264
0.442
0.741
0.416
0.86
0.206
0.148
0.9
0.021
0.475
0.967
0.96
0.678
0.345
0.754
0.038
0.392
0.54
0.853
0.762
0.529
0.981
0.782
0.843
0.999
0.683
0.678
0.429
0.83
0.595
0.839
0.02
0.272
0.856
0.4
0.317
0.313
0.126
0.264
0.753
0.797
0.103
0.787
0.135
0.601
0.845
0.077
0.966
0.552
0.674
0.155
0.899
0.81
0.126
0.232
0.047
0.242
0.604
0.671
0.81
0.811
0.462
0.444
0.475
0.501
0.679
0.657
0.821
0.494
0.394
0.069
0.395
0.1
0.098
0.259
0.876
0.459
0.761
0.873
0.211
0.816
0.868
0.178
0.347
0.914
0.299
0.654
0.963
0.447
0.594
0.974
0.194
0.167
0.569
0.333
0.911
0.089
0.095
0.957
0.296
0.375
0.625
0.21
0.776
0.621
0.43
0.872
0.261
0.017
0.031
0.846
0.844
0.811
0.747
0.392
0.814
0.528
0.625
0.933
0.715
0.716
0.98
0.834
0.462
0.628
0.279
0.745
0.217
0.359
0.96
0.428
0.041
0.755
0.556
0.204
0.54
0.303
0.755
0.706
0.981
0.643
0.807
0.473
0.768
0.476
0.391
0.848
0.968
0.328
0.95
0.832
0.781
0.074
0.883
0.331
0.246
0.394
0.6
0.936
0.238
0.384
0.773
0.11
0.741
0.915
0.392
0.014
0.355
0.694
0.396
0.396
0.505
0.237
0.52
0.808
0.634
0.677
0.535
0.829
0.481
0.002
0.818
0.741
0.211
0.864
0.405
0.584
0.015
0.024
0.359
0.422
0.814
0.031
0.309
0.522
0.027
0.797
0.607
0.819
0.009
0.602
0.373
0.733
0.058
0.558
0.364
0.015
0.969
0.77
0.776
0.836
0.162
0.5
0.716
0.689
0.111
0.433
0.688
0.58
0.067
0.826
0.603
0.539
0.884
0.063
0.615
0.623
0.916
0.708
0.149
0.848
0.429
0.7
0.155
0.9
0.867
0.214
0.603
0.092
0.005
0.384
0.839
0.202
0.398
0.67
0.668
0.066
0.888
0.284
0.297
0.062
0.907
0.735
0.915
0.409
0.813
0.185
0.039
0.032
0.411
0.191
0.908
0.989
0.379
0.764
0.963
0.195
0.778
0.179
0.479
0.392
0.516
0.302
0.522
0.938
0.047
0.331
0.667
0.437
0.225
0.036
0.823
0.765
0.122
0.492
0.197
0.735
0.962
0.457
0.821
0.63
0.466
0.531
0.376
0.362
0.337
0.785
0.043
0.107
0.573
0.824
0.876
0.221
0.838
0.767
0.378
0.548
0.394
0.036
0.889
0.888
0
0.521
0.035
