0.776
0.865
0.235
0.417
0.583
0.554
0.163
0.083
0.441
0.553
0.753
0.82
0.891
0.886
0.44
0.764
0.0
0.123
0.171
0.21
0.373
0.373
0.003
0.806
0.878
0.915
0.653
0.09
0.933
0.223
0.94
0.369
0.216
0.882
0.725
0.54
0.799
0.801
0.782
0.875
0.869
0.468
0.605
0.939
0.169
0.181
0.981
0.514
0.573
0.827
0.228
0.74
0.39
0.1
0.123
0.761
1.0
0.139
0.271
0.405
0.266
0.887
0.155
0.429
0.669
0.177
0.67
0.776
0.555
0.922
0.278
0.428
0.067
0.651
0.492
0.915
0.021
0.265
0.002
0.733
0.975
0.205
0.359
0.671
0.017
0.125
0.527
0.666
0.224
0.178
0.067
0.567
0.195
0.161
0.693
0.849
0.429
0.689
0.329
0.339
0.978
0.697
0.207
0.057
0.078
0.037
0.402
0.638
0.355
0.31
0.293
0.868
0.298
0.137
0.135
0.535
0.655
0.423
0.14
0.763
0.207
0.1
0.356
0.953
0.007
0.271
0.148
0.218
0.321
0.816
0.315
0.311
0.776
0.426
0.982
0.748
0.695
0.756
0.9
0.662
0.272
0.154
0.69
0.178
0.644
0.732
0.558
0.845
0.56
0.359
0.988
0.644
0.914
0.356
0.42
0.417
0.997
0.442
0.189
0.462
0.608
0.057
0.079
0.76
0.822
0.197
0.415
0.541
0.103
0.331
0.788
0.663
0.057
0.353
0.518
0.787
0.916
0.189
0.014
0.609
0.561
0.685
0.102
0.031
0.43
0.941
0.615
0.916
0.465
0.449
0.554
0.285
0.216
0.132
0.786
0.906
0.766
0.655
0.953
0.788
0.145
0.937
0.512
0.749
0.27
0.846
0.806
0.647
0.082
0.606
0.936
0.661
0.925
0.452
0.122
0.175
0.314
0.179
0.311
0.405
0.628
0.075
0.756
0.969
0.29
0.259
0.349
0.456
0.65
0.681
0.277
0.711
0.57
0.714
0.316
0.52
0.765
0.808
0.36
0.731
0.645
0.707
0.048
0.83
0.044
0.292
0.012
0.691
0.402
0.28
0.798
0.201
0.223
0.661
0.255
0.977
0.25
0.07
0.371
0.731
0.414
0.133
0.07
0.796
0.511
0.474
0.27
0.932
0.722
0.628
0.59
0.221
0.94
0.526
0.42
0.251
0.919
0.137
0.201
0.216
0.319
0.176
0.863
0.042
0.142
0.016
0.813
0.816
0.14
0.374
0.328
0.353
0.969
0.338
0.192
0.709
0.522
0.259
0.155
0.847
0.812
0.307
0.017
0.813
0.414
0.651
0.745
0.562
0.165
0.975
0.244
0.91
0.347
0.111
0.379
0.165
0.677
0.089
0.131
0.219
0.438
0.33
0.655
0.729
0.956
0.793
0.521
0.75
0.429
0.366
0.383
0.67
0.735
0.518
0.539
0.906
0.943
0
0.444
0.92
0.534
0.219
0.726
0.795
0.175
0.528
0.707
0.279
0.744
0.878
0.498
0.57
0.405
0.112
0.515
0.501
0.986
0.507
0.727
0.645
0.195
0.781
0.977
0.126
0.999
0.315
0.829
0.203
0.788
0.616
0.352
0.085
0.179
0.866
0.754
0.085
0.716
0.064
0.301
0.364
0.823
0.787
0.907
0.784
0.005
0.237
0.817
0.966
0.744
0.945
0.904
0.05
0.769
0.326
0.027
0.868
0.62
0.205
0.936
0.199
0.887
0.048
0.293
0.026
0.564
0.858
0.274
0.73
0.51
0.278
0.974
0.385
0.932
0.288
0.165
0.424
0.884
0.579
0.821
0.38
0.885
0.021
0.626
0.4
0.929
0.353
0.52
0.121
0.304
0.865
0.469
0.353
0.045
0.146
0.464
0.418
0.836
0.678
0.649
0.098
0.637
0.896
0.893
0.998
0.797
0.961
0.655
0.948
0.523
0.37
0.242
0.779
0.327
0.983
0.58
0.363
0.581
0.234
0.074
0.09
0.684
0.101
0.83
0.056
0.997
0.164
0.045
0.556
0.385
0.495
0.381
0.756
0.356
0.505
0.072
0.589
0.734
0.378
0.307
0.861
0.356
0.065
0.466
0.859
0.572
0.399
0.04
0.246
0.458
0.057
0.831
0.406
0.875
0.502
0.057
0.657
0.664
0.89
0.99
0.548
0.431
0.052
0.59
0.634
0.29
0.019
0.324
0.524
0.011
0.799
0.733
0.602
0.631
0.192
0.938
0.517
0.352
0.349
0.039
0.631
0.839
0.158
0.692
0.989
0.497
0.997
0.371
0.657
0.807
0.402
0.651
0.393
0.202
0.157
0.912
0.901
0.666
0.569
0.895
0.513
0.084
0.693
0.106
0.076
0.708
0.772
0.405
0.407
0.046
0.692
0.049
0.014
0.5
0.819
0.912
0.626
0.998
0.117
0.87
0.672
0.49
0.875
0.844
0.016
0.87
0.924
0.199
0.143
0.25
0.586
0.306
0.998
0.995
0.644
0.196
0.792
0.784
0.885
0.48
0.37
0.646
0.72
0.123
0.595
0.752
0.458
0.367
0.628
0.729
0.74
0.394
0.255
0.243
0.497
0.927
0.863
0.061
0.977
0.172
0.081
0.209
0.123
0.728
0.775
0.169
0.229
0.101
0.871
0.936
0.088
0.975
0.703
0.821
0.671
0.253
0.368
0.174
0.239
0.947
0.38
0.249
0.117
0.336
0.102
0.344
0.808
0.572
0.328
0.684
0.027
0.124
0.161
0.024
0.672
0.332
0.474
0.296
0.109
0.8
0.37
0.717
0.325
0
0.622
0.314
0.318
0.479
0.442
0.572
0.839
0.844
0.029
0.943
0.074
0.446
0.723
0.329
0.496
0.572
0.5
0.78
0.967
0.27
0.075
0.145
0.279
0.332
0.162
0.103
0.966
0.9
0.389
0.559
0.133
0.501
0.548
0.985
0.304
0.299
0.578
0.253
0.988
0.923
0.562
0.334
0.611
0.591
0.808
0.283
0.941
0.319
0.277
0.884
0.106
0.104
0.044
0.603
0.783
0.62
0.515
0.856
0.082
0.28
0.689
0.943
0.631
0.377
0.936
0.76
0.906
0.704
0.993
0.725
0.283
0.415
0.557
0.156
0.04
0.25
0.191
0.429
0.31
0.693
0.6
0.267
0.28
0.185
0.611
0.325
0.268
0.892
0.874
0.336
0.254
0.125
0.468
0.288
0.039
0.764
0.21
0.769
0.805
0.823
0.102
0.938
0.076
0.658
0.45
0.104
0.124
0.555
0.505
0.381
0.073
0.93
0.546
0.396
0.495
0.681
0.76
0.806
0.985
0.396
0.167
0.124
0.059
0.522
0.828
0.782
0.792
0.736
0.702
0.213
0.42
0.795
0.144
0.311
0.157
0.707
0.48
0.181
0.791
0.97
0.502
0.955
0.556
0.449
0.9
0.733
0.478
0.01
0.787
0.423
0.465
0.619
0.99
0.617
0.316
0.268
0.821
0.881
0.534
0.799
0.759
0.691
0.088
0.781
0.397
0.086
0.203
0.367
0.768
0.202
0.337
0.985
0.296
0.365
0.549
0.996
0.458
0.217
0.256
0.911
0.921
0.664
0.823
0.351
0.053
0.116
0.973
0.593
0.059
0.973
0.97
0.266
0.445
0.537
0.737
0.927
0.752
0.047
0.951
0.793
0.692
0.309
0.226
0.391
0.165
0.608
0.741
0.624
0.046
0.939
0.577
0.612
0.087
0.271
0.902
0.778
0.858
0.59
0.58
0.533
0.299
0.263
0.439
0.98
0.217
0.863
0.818
0.462
0.994
0.978
0.888
0.691
0.731
0.728
0.886
0.29
0.407
0.073
0.409
0.462
0.667
0.383
0.424
0.444
0.382
0.318
0.099
0.492
0.948
0.68
0.02
0.665
0.423
0.962
0.211
0.871
0.871
0.49
0.997
0.926
0.496
0.329
0.545
0.313
0.012
0
0.768
0.197
0.239
0.333
0.142
0.422
0.571
0.671
0.269
0.123
0.264
0.998
0.066
0.599
0.725
0.512
0.015
0.505
0.903
0.751
0.434
0.876
0.073
0.896
0.972
0.319
0.579
0.817
0.071
0.221
0.466
0.339
0.821
0.233
0.538
0.449
0.833
0.627
0.785
0.197
0.869
0.155
0.978
0.62
0.234
0.892
0.698
0.327
0.437
0.603
0.623
0.293
0.232
0.215
0.046
0.792
0.695
0.236
0.275
0.203
0.599
0.806
0.576
0.092
0.856
0.587
0.565
0.893
0.918
0.35
0.917
0.699
0.102
0.805
0.344
0.197
0.321
0.389
0.185
0.196
0.81
0.74
0.233
0.439
0.623
0.404
0.311
0.399
0.242
0.594
0.578
