0.777
0.84
0.884
0.183
0.898
0.44
0.214
0.746
0.773
0.545
0.962
0.887
0.954
0.941
0.318
0.116
0.139
0.507
0.532
0.634
0.688
0.017
0.468
0.309
0.901
0.466
0.061
0.578
0.945
0.566
0.225
0.063
0.689
0.778
0.184
0.278
0.316
0.934
0.094
0.974
0.449
0.732
0.477
0.035
0.508
0.948
0.349
0.11
0.418
0.915
0.919
0.414
0.231
0.195
0.218
0.641
0.773
0.328
0.726
0.093
0.004
0.074
0.201
0.803
0.028
0.557
0.713
0.012
0.461
0.568
0.43
0.784
0.545
0.654
0.099
0.784
0.359
0.649
0.288
0.097
0.006
0.9
0.632
0.813
0.311
0.398
0.931
0.945
0.847
0.381
0.233
0.478
0.679
0.674
0.437
0.531
0.04
0.14
0.019
0.939
0.42
0.888
0.271
0.351
0.24
0.443
0.843
0.423
0.916
0.638
0.217
0.522
0.508
0.313
0.716
0.475
0.462
0.109
0.223
0.09
0.919
0.145
0.426
0.629
0.342
0.614
0.266
0.045
0.378
0.557
0.411
0.292
0.187
0.353
0.641
0.617
0.186
0.591
0.199
0.127
0.192
0.388
0.915
0.058
0.1
0.678
0.253
0.322
0.094
0.535
0.455
0.438
0.781
0.861
0.147
0.96
0.604
0.661
0.886
0.977
0.566
0.097
0.694
0.287
0.027
0.095
0.591
0.576
0.473
0.384
0.422
0.938
0.737
0.651
0.73
0.923
0.347
0.869
0.898
0.787
0.655
0.528
0.796
0.721
0.308
0.075
0.105
0.244
0.338
0.761
0.409
0.105
0.001
0.825
0.593
0.139
0.852
0.255
0.969
0.614
0.192
0.632
0.615
0.93
0.413
0.529
0.467
0.082
0.409
0.589
0.823
0.997
0.706
0.496
0.29
0.737
0.843
0.448
0.476
0.155
0.566
0.389
0.985
0.247
0.471
0.842
0.614
0.303
0.352
0.523
0.909
0.532
0.476
0.885
0.252
0.606
0.311
0.866
0.329
0.308
0.857
0.257
0.341
0.144
0.799
0.171
0.973
0.909
0.305
0.451
0.194
0.174
0.288
0.132
0.331
0.306
0.73
0.095
0.608
0.461
0.559
0.997
0.789
0.762
0.626
0.062
0.862
0.482
0.306
0.841
0.399
0.07
0.458
0.686
0.877
0.492
0.447
0.166
0.592
0.544
0.294
0.241
0.108
0.955
0.311
0.987
0.539
0.42
0.049
0.022
0.198
0.093
0.273
0.12
0.949
0.154
0.785
0.362
0.083
0.843
0.254
0.343
0.613
0.224
0.868
0.111
0.023
0.337
0.395
0.739
0.639
0.385
0.348
0.258
0.389
0.515
0.248
0.328
0.224
0.005
0.504
0.351
0.571
0.044
1.0
0.743
0.91
0.496
0.577
0.588
0.03
0.64
0.846
0.028
0.865
0.033
0.481
0.694
0.237
0.022
0.126
0.405
0.483
0.831
0.522
0.233
0.734
0.274
0.714
0.044
0.917
0.297
0.363
0.667
0.259
0.379
0.922
0.268
0.297
0.796
0.09
0.96
0.474
0.336
0.841
0.717
0.285
0.731
0.007
0.732
0.852
0.011
0.985
0.029
0.046
0.88
0.385
0.408
0.074
0.636
0.076
0.364
0.087
0.319
0.471
0.899
0.053
0.972
0.845
0.632
0.846
0.124
0.281
0.5
0.642
0.2
0.079
0.518
0.003
0.009
0.722
0.037
0.53
0.05
0.096
0.695
0.838
0.848
0.0
0.512
0.939
0.84
0.699
0.422
0.935
0.479
0.908
0.085
0.837
0.661
0.669
0.37
0.663
0.667
0.737
0.898
0.287
0.755
0.088
0.574
0.887
0.139
0.959
0.311
0.363
0.491
0.617
0.043
0.326
0.317
0.995
0.701
0.68
0.702
0.398
0.009
0.584
0.987
0.574
0.914
0.281
0.437
0.825
0.015
0.012
0.511
0.804
0.083
0.173
0.768
0.412
0.092
0.964
0.341
0.862
0.802
0.88
0.945
0.944
0.348
0.069
0.802
0.127
0.311
0.48
0.889
0.086
0.204
0.6
0.699
0.25
0.833
0.36
0.804
0.156
0.605
0.957
0.963
0.383
0.602
0.74
0.898
0.342
0.391
0.266
0.307
0.662
0.697
0.205
0.713
0.153
0.898
0.345
0.264
0.745
0.07
0.786
0.773
0.698
0.783
0.753
0.509
0.944
0.967
0.638
0.385
0.45
0.395
0.522
0.644
0.713
0.381
0.56
0.99
0.157
0.871
0.124
0.497
0.615
0.962
0.011
0.817
0.599
0.431
0.976
0.357
0.853
0.944
0.17
0.337
0.02
0.176
0.182
0.809
0.745
0.052
0.134
0.278
0.091
0.423
0.081
0.671
0.974
0.844
0.94
0.391
0.655
0.19
0.199
0.149
0.208
0.162
0.911
0.889
0.284
0.465
0.797
0.715
0.24
0.502
0.101
0.369
0.831
0.062
0.629
0.915
0.334
0.813
0.783
0.161
0.066
0.459
0.827
0.15
0.338
0.877
0.159
0.984
0.731
0.612
0.962
0.17
0.064
0.696
0.619
0.96
0.899
0.262
0.507
0.264
0.631
0.104
0.425
0.009
0.692
0.137
0.729
0.862
0.499
0.844
0.71
0.704
0.609
0.6
0.582
0.209
0.999
0.948
0.787
0.434
0.032
0.374
0.53
0.587
0.614
0.441
0.517
0.552
0.625
0.543
0.486
0.158
0.424
0.009
0.937
0.958
0.584
0.223
0.819
0.953
0.331
0.746
0.123
0.444
0.25
0.851
0.683
0.118
0.303
0.007
0.792
0.39
0.608
0.929
0.47
0.904
0.263
0.376
0.556
0.118
0.712
0.229
0.169
0.919
0.214
0.592
0.211
0.562
0.822
0.176
0.129
0.872
0.468
0.855
0.218
0.48
0.244
0.48
0.485
0.557
0.341
0.014
0.13
0.432
0.521
0.63
0.429
0.355
0.804
0.564
0.825
0.606
0.257
0.314
0.77
0.061
0.973
0.336
0.411
0.409
0.964
0.514
0.396
0.393
0.125
0.746
0.386
0.531
0.408
0.948
0.132
0.841
0.167
0.557
0.22
0.693
0.89
0.236
0.051
0.304
0.532
0.044
0.693
0.602
0.524
0.204
0.732
0.093
0.122
0.4
0.544
0.351
0.048
0.644
0.57
0.613
0.495
0.682
0.888
0.75
0.332
0.893
0.921
0.277
0.218
0.125
0.16
0.704
0.345
0.807
0.501
0.885
0.016
0.065
0.677
0.318
0.902
0.438
0.361
0.555
0.114
0.549
0.799
0.085
0.353
0.124
0.506
0.395
0.02
0.486
0.898
0.126
0.234
0.981
0.358
0.255
0.736
0.024
0.159
0.314
0.521
0.012
0.281
0.28
0.48
0.722
0.109
0.691
0.87
0.703
0.524
0.358
0.367
0.988
0.14
0.831
0.293
0.511
0.506
0.738
0.161
0.829
0.499
0.948
0.88
0.078
0.242
0.772
0.383
0.573
0.861
0.412
0.324
0.825
0.794
0.409
0.162
0.304
0.202
0.279
0.25
0.372
0.505
0.889
0.133
0.569
0.589
0.791
0.808
0.376
0.454
0.999
0.114
0.887
0.554
0.04
0.559
0.94
0.098
0.093
0.074
0.732
0.355
0.936
0.475
0.885
0.976
0.386
0.558
0.51
0.425
0.518
0.751
0.629
0.829
0.713
0.029
0.497
0.155
0.638
0.524
0.191
0.902
0.381
0.405
0.749
0.166
0.221
0.612
0.91
0.67
0.854
0.228
0.012
0.707
0.079
0.074
0.157
0.933
0.811
0.191
0.764
0.601
0.422
0.056
0.021
0.997
0.312
0.587
0.43
0.073
0.395
0.854
0.849
0.513
0.494
0.27
0.78
0.544
0.002
0.405
0.355
0.513
0.496
0.309
0.782
0.064
0.233
0.308
0.055
0.318
0.93
0.679
0.137
0.222
0.028
0.126
0.102
0.486
0.728
0.754
0.293
0.852
0.953
0.725
0.151
0.753
0.997
0.58
0.363
0.982
0.714
0.98
0.315
0.074
0.453
0.99
0.053
0.63
0.363
0.691
0.169
0.431
0.743
0.482
0.127
0.825
0.108
0.922
0.708
0.806
0.509
0.935
0.158
0.218
0.114
0.129
0.387
0.035
0.297
0.576
0.291
0.759
0.934
0.289
0.046
0.843
0.316
0.841
0.669
0.98
0.944
0.598
0.903
0.112
0.545
0.294
0.551
0.696
0.307
0.418
0.283
0.846
0.95
0.186
0.724
0.551
0.741
0.158
0.089
0.736
0.228
0.183
0.197
0.738
0.517
0.627
0.49
0.776
0.282
