0.266
0.268
0.694
0.823
0.291
0.707
0.674
0.668
0.718
0.986
0.143
0.311
0.321
0.821
0.063
0.111
0.483
0.321
0.436
0.796
0.514
0.466
0.484
0.38
0.019
0.095
0.654
0.024
0.4
0.684
0.852
0.393
0.489
0.5
0.709
0.107
0.472
0.098
0.983
0.467
0.75
0.502
0.558
0.198
0.214
0.227
0.62
0.944
0.143
0.619
0.421
0.657
0.856
0.878
0.164
0.038
0.63
0.265
0.602
0.149
0.782
0.264
0.472
0.36
0.495
0.342
0.502
0.423
0.253
0.512
0.865
0.936
0.436
0.27
0.448
0.636
0.211
0.355
0.074
0.502
0.348
0.105
0.314
0.826
0.072
0.226
0.607
0.839
0.495
0.546
0.892
0.565
0.789
0.805
0.483
0.205
0.783
0.853
0.576
0.295
0.982
0.725
0.986
0.999
0.028
0.049
0.791
0.787
0.469
0.368
0.863
0.968
0.434
0.675
0.3
0.464
0.753
0.857
0.381
0.7
0.725
0.551
0.125
0.286
0.347
0.985
0.074
0.15
0.517
0.213
0.768
0.818
0.089
0.821
0.444
0.855
0.261
0.55
0.287
0.638
0.357
0.541
0.727
0.948
0.249
0.11
0.732
0.001
0.271
0.313
0.069
0.222
0.094
0.598
0.152
0.11
0.159
0.445
0.197
0.65
0.131
0.346
0.859
0.598
0.176
0.583
0.359
0.158
0.742
0.488
0.085
0.833
0.107
0.625
0.622
0.096
0.422
0.994
0.371
0.717
0.325
0.119
0.375
0.158
0.739
0.025
0.173
0.697
0.793
0.549
0.485
0.968
0.683
0.742
0.325
0.233
0.139
0.289
0.063
0.899
0.618
0.08
0.999
0.767
0.97
0.107
0.748
0.947
0.072
0.251
0.258
0.961
0.201
0.249
0.124
0.057
0.2
0.902
0.132
0.558
0.876
0.302
0.926
0.304
0.206
0.367
0.535
0.844
0.089
0.906
0.293
0.22
0.525
0.014
0.275
0.173
0.06
0.22
0.581
0.12
0.905
0.273
0.517
0.445
0.097
0.478
0.942
0.213
0.43
0.382
0.084
0.285
0.36
0.471
0.866
0.884
0.62
0.688
0.164
0.382
0.834
0.562
0.007
0.721
0.67
0.774
0.833
0.448
0.838
0.612
0.358
0.738
0.191
0.463
0.692
0.499
0.801
0.016
0.549
0.317
0.078
0.835
0.68
0.309
0.241
0.552
0.846
0.438
0.868
0.41
0.92
0.692
0.388
0.002
0.411
0.8
0.263
0.93
0.928
0
0.337
0.748
0.73
0.387
0.352
0.681
0.677
0.007
0.338
0.357
0.26
0.295
0.374
0.025
0.248
0.201
0.33
0.799
0.457
0.594
0.114
0.649
0.485
0.253
0.199
0.223
0.353
0.857
0.108
0.231
0.589
0.204
0.026
0.307
0.218
0.339
0.671
0.244
0.71
0.277
0.01
0.591
0.122
0.027
0.603
0.285
0.867
0.521
0.449
0.121
0.264
0.531
0.2
0.28
0.314
0.568
0.898
0.291
0.176
0.609
0.917
0.226
0.164
0.109
0.615
0.891
0.424
0.215
0.433
0.96
0.774
0.522
0.248
0.889
0.822
0.421
0.092
0.316
0.227
0.105
0.836
0.532
0.809
0.44
0.977
0.135
0.358
0.365
0.553
0.501
0.286
0.165
0.146
0.653
0.408
0.137
0.184
0.075
0.652
0.048
0.326
0.423
0.976
0.562
0.42
0.269
0.06
0.689
0.965
0.402
0.517
0.526
0.362
0.511
0.246
0.291
0.046
0.301
0.053
0.197
0.15
0.553
0.164
0.202
0.793
0.967
0.011
0.888
0.795
0.82
0.367
0.293
0.781
0.184
0.293
0.696
0.112
0.272
0.599
0.09
0.01
0.935
0.515
0.787
0.56
0.097
0.742
0.791
0.397
0.652
0.24
0.388
0.295
0.544
0.936
0.561
0.924
0.716
0.752
0.547
0.273
0.525
0.749
0.483
0.039
0.695
0.916
0
0.246
0.385
0.081
0.93
0.1
0.224
0.521
0.476
0.915
0.018
0.565
0.905
0.443
0.433
0.061
0.929
0.747
0.306
0.259
0.019
0.342
0.876
0.73
0.201
0.397
0.417
0.983
0.024
0.634
0.012
0.337
0.963
0.423
0.207
0.034
0.321
0.834
0.152
0.454
0.865
0.5
0.71
0.757
0.686
0.353
0.144
0.582
0.47
0.843
0.781
0.255
0.666
0.914
0.035
0.956
0.952
0.494
0.527
0.702
0.39
0.768
0.517
0.209
0.052
0.043
0.076
0.784
0.811
0.018
0.958
0.005
0.871
0.461
0.163
0.912
0.169
0.875
0.63
0.34
0.275
0.39
0.169
0.003
0.208
0.396
0
0.234
0.493
0.512
0.424
0.29
0.072
0.576
0.311
0.107
0.897
0.67
0.766
0.84
0.527
0.54
0.091
0.322
0.532
0.284
0.127
0.499
0.549
0.105
0.597
0.765
0.057
0.07
0.51
0.425
0.845
0.728
0.263
0.388
0.816
0.595
0.322
0.089
0.987
0.527
0.338
0.863
0.706
0.618
0.299
0.772
0.444
0.091
0.655
0.332
0.378
0.353
0.621
0.003
0.845
0.419
0.189
0.034
0.095
0.032
0.038
0.045
0.073
0.153
0.605
0.106
0.726
0.695
0.549
0.986
0.039
0.459
0.143
0.389
0.603
0.549
0.956
0.36
0.508
0.545
0.882
0.514
0.916
0.683
0.06
0.935
0.872
0.907
0.377
0.98
0.592
0.065
0.945
0.871
0.701
0.399
0.875
0.622
0.77
0.223
0.505
0.887
0.092
0.995
0.773
0.719
0.936
0.33
0.883
0.594
0.203
0.038
0.812
0.468
0.567
0.733
0.051
0.427
0.248
0.582
0.322
0.084
0.383
0.801
0.182
0.627
0.923
0.372
0.141
0.34
0.032
0.06
0.489
0.777
0.492
0.008
0.511
0.357
0.333
0.431
0.216
0.231
0.404
0.861
0.262
0.177
0.766
0.052
0.434
0.901
0.215
0.868
0.52
0.169
0.522
0.24
0.255
0.337
0.432
0.719
0.895
0.802
0.366
0.367
0.886
0.495
0.794
0.625
0.061
0.201
0.745
0.101
0.734
0.84
0.289
0.514
0.421
0.834
0.728
0.142
0.334
0.619
0.742
0.446
0.18
0.336
0.923
0.265
0.286
0.87
0.42
0
0.285
0.416
0.224
0.207
0.514
0.259
0.381
0.5
0.604
0.033
0.936
0.622
0.812
0.297
0.472
0.507
0.341
0.34
0.771
0.62
0.705
0.478
0.261
0.359
0.736
0.812
0.339
0
0.302
0.247
0.257
0.018
0.66
0.835
0.497
0.633
0.007
0.078
0.025
0.843
0.594
0.367
0.125
0.349
0.054
0.28
0.305
0.567
0.148
0.696
0.072
0.195
0.424
0.849
0.084
0.972
0.905
0.954
0.308
0.287
0.779
0.969
0.849
0.026
0.4
0.711
0.764
0.741
0.049
0.698
0.426
0.077
0.823
0.685
0.665
0.678
0.0
0.037
0.043
0.779
0.192
0.244
0.269
0.276
0.413
0.557
0.775
0.524
0.318
0.973
0.868
0.737
0.062
0.023
0.091
0.177
0.984
0.181
0.613
0.589
0.256
0.162
0.251
0.924
0.235
0.712
0.809
0.816
0.744
0.053
0.741
0.131
0.343
0.131
0.545
0.662
0.895
0.214
0.362
0.277
0.372
0.795
0.536
0.528
0.161
0.264
0.625
0.162
0.964
0.1
0.236
0.796
0.434
0.676
0.955
0.074
0.983
0.944
0.177
0.017
0.737
0.664
0.154
0.269
0.407
0.107
0.579
0.495
0.753
0.614
0.611
0.441
0.326
0.103
0.569
0.884
0.012
0.782
0.971
0.576
0.281
0.553
0.713
0.847
0.478
0.28
0.648
0.797
0.325
0.714
0.996
0.067
0.684
0.978
0.445
0.138
0.123
0.923
0.42
0.541
0.132
0.433
0.512
0.481
0.398
0.246
0.343
0.238
0.95
0.968
0.266
0.311
0.761
0.887
0.877
0.437
0.032
0.081
0.91
0.877
0.613
0.479
0.549
0.024
0.125
0.731
0.472
0.205
0.542
0.538
0.071
0.167
0.958
0.046
0.665
0.082
0.597
0.521
0.16
0.614
0.311
0.644
0.828
0.752
0.214
0.6
0.379
0.268
0.709
0.474
0.914
0.29
0.362
0.432
0.816
0.729
0.07
0.152
0.812
0.746
0.104
0.573
0.882
0.432
0.521
0.881
0.061
0.536
0.708
0.41
0.196
0
0.049
0.851
0.119
