0.157
0.605
0.012
0.604
0.718
0.225
0.102
0.963
0.698
0.179
0.459
0.26
0.42
0.803
0.682
0.698
0.881
0.005
0.302
0.183
0.204
0.096
0.938
0.854
0.511
0.434
0.289
0.756
0.768
0.378
0.165
0.904
0.432
0.711
0.692
0.319
0.502
0.863
0.794
0.013
0.994
0.71
0.994
0.717
0.107
0.107
0.74
0.198
0.629
0.389
0.268
0.532
0.098
0.147
0.289
0.068
0.638
0.454
0.729
0.996
0.193
0.221
0.578
0.84
0.322
0.137
0.796
0.879
0.576
0.821
0.661
0.052
0.878
0.179
0.781
0.933
0.813
0.346
0.835
0.103
0.84
0.674
0.527
0.12
0.239
0.351
0.648
0.683
0.639
0.531
0.305
0.102
0.143
0.28
0.098
0.677
0.436
0.845
0.947
0.549
0.985
0.645
0.203
0.913
0.086
0
0.546
0.745
0.998
0.061
0.171
0.077
0.212
0.083
0.022
0.277
0.292
0.079
0.642
0.422
0.287
0.707
0.266
0.496
0.61
0.08
0.939
0.031
0.019
0.714
0.359
0.28
0.929
0.831
0.107
0.85
0.205
0.371
0.663
0.194
0.311
0.914
0.464
0.306
0.376
0.701
0.42
0.736
0.039
0.299
0.783
0.238
0.19
0.096
0.575
0.554
0.5
0.995
0.529
0.248
0.042
0.231
0.741
0.401
0.404
0.727
0.386
0.625
0.622
0.039
0.607
0.661
0.162
0.85
0.803
0.446
0.806
0.819
0.024
0.895
0.296
0.964
0.962
0.036
0.154
0.709
0.726
0.64
0.113
0.32
0.458
0.935
0.97
0.515
0.371
0.741
0.553
0.133
0.155
0.956
0.402
0.986
0.968
0.611
0.547
0.31
0.005
0.275
0.998
0.955
0.911
0.479
0.194
0.204
0.456
0.291
0.094
0.915
0.937
0.399
0.34
0.582
0.12
0.264
0.28
0.484
0.392
0.382
0.469
0.262
0.267
0.911
0.103
0.927
0.06
0.098
0.904
0.392
0.754
0.144
0.982
0.279
0.093
0.394
0.943
0.352
0.092
0.206
0.422
0.398
0.776
0.175
0.638
0.042
0.004
0.404
0.401
0.998
0.729
0.552
0.16
0.44
0.533
0.762
0.085
0.353
0.413
0.954
0.666
0.536
0.806
0.89
0.758
0.245
0.522
0.12
0.191
0.241
0.189
0.105
0.989
0.485
0.544
0.946
0.478
0.376
0.695
0.857
0.128
0.506
0.519
0.168
0.851
0.135
0.978
0.487
0.042
0.444
0.01
0.456
0.251
0.951
0.5
0.447
0.502
0.816
0.748
0.295
0.62
0.718
0.929
0.648
0.691
0.252
0.366
0.281
0.994
0.94
0.129
0.144
0.783
0.081
0.04
0.095
0.418
0.529
0.183
0.96
0.786
0.124
0.46
0.666
0.889
0.5
0.925
0.561
0.736
0.527
0.654
0.522
0.504
0.465
0.212
0.266
0.776
0.207
0.136
0.82
0.275
0.744
0.357
0.764
0.275
0.812
0.256
0.773
0.478
0.434
0.32
0.225
0.64
0.113
0.739
0.038
0.407
0.743
0.289
0.808
0.328
0.422
0.65
0.892
0.282
0.372
0.767
0.415
0.007
0.823
0.761
0.824
0.333
0.874
0.451
0.519
0.884
0.438
0.131
0.893
0.569
0.009
0.982
0.948
0.452
0.359
0.046
0.431
0.663
0.677
0.245
0.245
0.04
0.007
0.385
0.24
0.035
0.187
0.716
0.797
0.964
0.923
0.582
0.524
0.403
0.288
0.325
0.055
0.181
0.596
0.119
0
0.246
0.995
0.234
0.421
0.206
0.304
0.199
0.519
0.005
0.959
0.329
0.238
0.459
0.52
0.27
0.648
0.943
0.308
0.76
0.553
0.283
0.188
0.513
0.058
0.565
0.733
0.35
0.584
0.928
0.919
0.757
0.154
0.662
0.832
0.161
0.331
0.567
0.721
0.488
0.647
0.798
0.361
0.417
0.819
0.558
0.222
0.777
0.151
0.396
0.847
0.045
0.114
0.871
0.939
0.087
0.763
0.137
0.531
0.456
0.381
0.702
0.146
0.087
0.923
0.639
0.077
0.185
0.969
0.953
0.084
0.962
0.028
0.996
0.499
0.387
0.607
0.388
0.679
0.723
0.803
0.495
0.816
0.878
0.412
0.886
0.81
0.599
0.878
0.846
0.617
0.509
0.327
0.397
0.652
0.677
0.54
0.455
0.777
0.113
0.265
0.798
0.663
0.646
0.05
0.679
0.619
0.618
0.904
0.907
0.375
0.104
0.689
0.426
0.581
0.591
0.263
0.743
0.098
0.42
0.35
0.946
0.361
0.965
0.764
0.639
0.324
0.336
0.934
0.895
0.327
0.676
0.217
0.198
0.827
0.905
0.49
0.81
0.041
0.537
0.327
0.981
0.967
0.267
0.414
0.509
0.208
0.212
0.743
0.311
0.94
0.864
0.652
0.692
0.3
0.899
0.972
0.803
0.688
0.851
0.935
0.686
0.595
0.631
0.876
0.5
0.741
0.112
0.468
0.349
0.944
0.241
0.745
0.276
0.427
0.253
0.991
0.097
0.511
0.162
0.838
0.789
0.365
0.159
0.105
0.56
0.865
0.465
0.513
0.08
0.565
0.55
0.486
0.872
0.466
0.222
0.426
0.291
0.445
0.392
0.88
0.716
0.53
0.931
0.99
0.841
0.568
0.822
0.767
0.403
0.698
0.822
0.574
0.157
0.792
0.111
0.797
0.671
0.158
0.5
0.333
0.786
0.489
0.771
0.658
0.296
0.03
0.692
0.577
0.599
0.076
0.977
0.481
0.513
0.347
0.655
0.881
0.243
0.854
0.395
0.762
0.074
0.467
0.004
0.055
0.763
0.99
0.401
0.074
0.386
0.717
0.43
0.111
0.725
0.544
0.596
0.363
0.151
0.603
0.82
0.566
0.089
0.606
0.462
0.648
0.656
0.967
0.308
0.239
0.598
0.208
0.432
0.401
0.949
0.587
0.171
0.448
0.553
0.699
0.42
0.817
0.531
0.751
0.339
0.257
0.265
0.421
0.27
0.74
0.409
0.403
0.708
0
0.293
0.311
0.486
0.692
0.787
0.126
0.471
0.51
0.215
0.193
0.062
0.676
0.568
0.24
0.234
0.06
0.084
0.114
0.791
0.013
0.617
0.837
0.408
0.135
0.515
0.495
0.482
0.56
0.35
0.065
0.851
0.624
0.943
0.286
0.361
0.386
0.339
0.569
0.318
0.125
0.295
0.587
0.167
0.242
0.983
0.092
0.745
0.252
0.912
0.927
0.82
0.455
0.402
0.121
0.98
0.863
0.69
0.401
0.32
0.413
0.069
0.646
0.712
0.207
0.536
0.824
0.724
0.399
0.573
0.453
0.147
0.981
0.912
0.781
0.298
0.655
0.616
0.808
0.777
0.448
0.944
0.862
0.534
0.947
0.621
0.734
0.432
0.873
0.162
0.858
0.087
0.68
0.285
0.424
0.074
0.533
0.004
0.734
0.912
0.06
0.755
0.616
0.706
0.535
0.621
0.276
0.449
0.273
0.252
0.066
0.867
0.579
0.331
0.636
0.794
0.396
0.058
0.885
0.451
0.338
0.565
0.869
0.151
0.263
0.132
0.53
0.58
0.646
0.299
0.356
0.9
0.311
0.699
0.426
0.773
0.907
0.283
0.573
0.801
0.178
0.046
0.546
0.03
0.74
0.124
0.03
0.435
0.724
0.369
0.925
0.277
0.274
0.751
0.44
0.789
0.908
0.721
0.177
0.891
0.53
0.851
0.458
0.36
0.551
0.669
0.779
0.323
0.782
0.049
0.498
0.837
0.083
0.07
0.29
0.584
0.564
0.754
0.365
0.918
0.317
0.443
0.252
0.876
0.271
0.796
0.538
0.107
0.076
0.559
0.343
0.991
0.698
0.852
0.398
0.111
0.633
0.005
0.48
0.652
0.274
0.462
0.341
0.569
0.701
0.331
0.704
0.786
0.055
0.521
0.026
0.168
0.695
0.591
0.672
0.28
0.389
0.405
0.238
0.687
0.335
0.192
0.244
0.289
0.338
0.416
0.273
0.281
0.773
0.783
0.551
0.128
0.769
0.238
0.96
0.708
0.256
0.148
0.304
0.753
0.032
0.941
0.687
0.668
0.5
0.485
0.89
0.299
0.65
0.358
0.82
0.713
0.968
0.016
0.806
0.089
0.031
0.506
0.427
0.559
0.582
0.124
0.651
0.012
0.162
0.265
0.939
0.65
0.208
0.194
0.079
0.196
0.774
0.878
0.43
0.842
0.923
0.606
0.399
0.419
0.628
0.812
0.991
0.86
0.971
0.161
0.629
0.975
0.099
