0.831
0.907
0.886
0.901
0.236
0.545
0.804
0.476
0.655
0.026
0.221
0.916
0.343
0.261
0.138
0.123
0.323
0.957
0.097
0.465
0.047
0.074
0.622
0.327
0.379
0.927
0.645
0.284
0.22
0.355
0.511
0.285
0.524
0.591
0.7
0.044
0.348
0.533
0.521
0.938
0.305
0.192
0.073
0.95
0.826
0.344
0.29
0.321
0.466
0.038
0.948
0.411
0.39
0.58
0.484
0.201
0.744
0.696
0.187
0.66
0.744
0.181
0.3
0.15
0.493
0.992
0.681
0.876
0.994
0.404
0.249
0.661
0.7
0.387
0.862
0.547
0.923
0.538
0.496
0.191
0.361
0.485
0.249
0.824
0.048
0.437
0.046
0.683
0.777
0.604
0.697
0.293
0.512
0.117
0.816
0.067
0.914
0.835
0.931
0.101
0.648
0.799
0.538
0.748
0.318
0.888
0.45
0.075
0.412
0.608
0.552
0.811
0.513
0.354
0.974
0.491
0.558
0.844
0.816
0.762
0.031
0.377
0.174
0.183
0.926
0.668
0.074
0.155
0.835
0.362
0.426
0.516
0.102
0.227
0.006
0.738
0.936
0.638
0.013
0.289
0.755
0.5
0.342
0.565
0.238
0.059
0.339
0.003
0.058
0.358
0.596
0.708
0.683
0.616
0.619
0.18
0.371
0.623
0.549
0.015
0.548
0.666
0.806
0.484
0.214
0.138
0.088
0.097
0.291
0.84
0.708
0.724
0.76
0.224
0.289
0.32
0.839
0.872
0.847
0.927
0.196
0.739
0.703
0.551
0.254
0.073
0.577
0.143
0.192
0.038
0.112
0.008
0.746
0.205
0.108
0.201
0.132
0.642
0.88
0.704
0.956
0.385
0.752
0.384
0.776
0.791
0.346
0.749
0.996
0.841
0.852
0.915
0.034
0.992
0.937
0.026
0.708
0.557
0.502
0.809
0.472
0.054
0.893
0.165
0.465
0.138
0.476
0.705
0.842
0.04
0.774
0.692
0.623
0.737
0.111
0.882
0.469
0.327
0.496
0.819
0.895
0.835
0.284
0.433
0.148
0.258
0.518
0.316
0.581
0.29
0.721
0.76
0.381
0.828
0.72
0.61
0.229
0.085
0.403
0.503
0.503
0.764
0.716
0.484
0.643
0.648
0.023
0.318
0.595
0.276
0.559
0.333
0.333
0.958
0.344
0.498
0.736
0.135
0.799
0.679
0.9
0.869
0.619
0.089
0.463
0.204
0.769
0.419
0.075
0.283
0.626
0.162
0.029
0.963
0.44
0.951
0.741
0.179
0.329
0.823
0.899
0.291
0.553
0.259
0.416
0.557
0.727
0.372
0.919
1.0
0.438
0.761
0.327
0.901
0.441
0.45
0.27
0.882
0.496
0.537
0.855
0.376
0.119
0.423
0.49
0.834
0.513
0.834
0.4
0.036
0.26
0.745
0.767
0.439
0.96
0.121
0.188
0.017
0.566
0.856
0.718
0.241
0.719
0.532
0.496
0.923
0.52
0.835
0.33
0.994
0.925
0.641
0.796
0.605
0.97
0.232
0.769
0.142
0.027
0.679
0.18
0.67
0.12
0.626
0.237
0.996
0.913
0.418
0.417
0.284
0.7
0.469
0.173
0.215
0.655
0.876
0.036
0.013
0.375
0.688
0.914
0.46
0.128
0.481
0.318
0.116
0.712
0.559
0.418
0.305
0.217
0.716
0.137
0.512
0.592
0.184
0.249
0.004
0.303
0.348
0.754
0.736
0.307
0.686
0.019
0.48
0.805
0.886
0.559
0.87
0.108
0.886
0.715
0.363
0.464
0.958
0.296
0.301
0.779
0.182
0.905
0.711
0.714
0.174
0.859
0.311
0.228
0.722
0.983
0.147
0.102
0.85
0.066
0.015
0.893
0.7
0.759
0.472
0.038
0.812
0.864
0.375
0.229
0.237
0.026
0.635
0.444
0.135
0.027
0.718
0.002
0.015
0.334
0.017
0.791
0.308
0.131
0.773
0.674
0.899
0.862
0.655
0.711
0.137
0.806
0.943
0.348
0.518
0.302
0.01
0.11
0.782
0.065
0.226
0.327
0.749
0.285
0.501
0.594
0.451
0.66
0.261
0.338
0.746
0.522
0.387
0.435
0.667
0.176
0.664
0.798
0.172
0.599
0.766
0.001
0.903
0.499
0.502
0.458
0.082
0.018
0.956
0.462
0.395
0.788
0.807
0.217
0.242
0.049
0.634
0.855
0.238
0.86
0.475
0.145
0.878
0.04
0.557
0.278
0.937
0.706
0.27
0.81
0.323
0.083
0.937
0.771
0.864
0.568
0.617
0.943
0.146
0.178
0.868
0.507
0.606
0.228
0.749
0.566
0.415
0.788
0.828
0.93
0.218
0.283
0.938
0.282
0.365
0.624
0.495
0.002
0.277
0.795
0.807
0.861
0.778
0.497
0.203
0.942
0.999
0.084
0.37
0.373
0.593
0.296
0.813
0.515
0.61
0.447
0.705
0.624
0.949
0.057
0.921
0.986
0.649
0.939
0.714
0.583
0.135
0.836
0.078
0.274
0.648
0.077
0.651
0.905
0.021
0.42
0.546
0.948
0.455
0.886
0.033
0.379
0.57
0.935
0.718
0.912
0.509
0.323
0.927
0.343
0.959
0.013
0.697
0.179
0.842
0.701
0.48
0.977
0.502
0.932
0.755
0.548
0.693
0.002
0.513
0.16
0.503
0.306
0.896
0.395
0.831
0.473
0.743
0.419
0.34
0.958
0.493
0.604
0.375
0.468
0.322
0.603
0.862
0.22
0.925
0.766
0.133
0.118
0.644
0.949
0.167
0.956
0.236
0.83
0.933
0.185
0.289
0.105
0.037
0.314
0.809
0.388
0.228
0.145
0.713
0.745
0.584
0.487
0.383
0.519
0.267
0.582
0.399
0.058
0.102
0.074
0.284
0.042
0.098
0.727
0.974
0.066
0.509
0.939
0.037
0.615
0.575
0.973
0.281
0.602
0.151
0.556
0.169
0.311
0.563
0.49
0.843
0.385
0.645
0.394
0.476
0.656
0.364
0.842
0.287
0.92
0.191
0.868
0.21
0.725
0.46
0.969
0.479
0.323
0.103
0.196
0.236
0.496
0.469
0.491
0.489
0.938
0.574
0.796
0.041
0.598
0.368
0.294
0.756
0.854
0.679
0.489
0.592
0.944
0.462
0.677
0.685
0.903
0.841
0.603
0.917
0.371
0.436
0.741
0.467
0.401
0.879
0.847
0.734
0.211
0.922
0.261
0.886
0.102
0.466
0.731
0.485
0.767
0.365
0.516
0.329
0.975
0.656
0.485
0.434
0.598
0.828
0.251
0.382
0.261
0.055
0.249
0.985
0.59
0.785
0.706
0.608
0.387
0.765
0.175
0.366
0.618
0.039
0.636
0.535
0.958
0.578
0.131
0.554
0.067
0.901
0.465
0.223
0.464
0.147
0.572
0.235
0.549
0.178
0.103
0.156
0.383
0.195
0.017
0.702
0.768
0.822
0.53
0.053
0.06
0.332
0.554
0.883
0.923
0.497
0.166
0.034
0.865
0.701
0.608
0.081
0.881
0.494
0.52
0.509
0.392
0.569
0.709
0
0.115
0.16
0.123
0.232
0.949
0.426
0.285
0.101
0.866
0.549
0.245
0.569
0.517
0.681
0.867
0.729
0.794
0.021
0.504
0.616
0.726
0.497
0.845
0.464
0.855
0.252
0.412
0.912
0.526
0.986
0.944
0.739
0.175
0.729
0.535
0.592
0.341
0.298
0.826
0.125
0.537
0.191
0.352
0.026
0.223
0.938
0.484
0.831
0.325
0.94
0.886
0.171
0.148
0.293
0.359
0.816
0.166
0.097
0.534
0.008
0.741
0.491
0.341
0.798
0.131
0.849
0.595
0.269
0.226
0.595
0.683
0.355
0.416
0.954
0.396
0.787
0.45
0.723
0.981
0.594
0.997
0.335
0.393
0.699
0.145
0.563
0.256
0.562
0.267
0.326
0.239
0.281
0.372
0.491
0.626
0.186
0.566
0.288
0.706
0.142
0.935
0.133
0.714
0.594
0.775
0.079
0.887
0.213
0.279
0.043
0.825
0.006
0.837
0.753
0.988
0.245
0.683
0.393
0.678
0.958
0.965
0.161
0.581
0.604
0.062
0.483
0.134
0.144
0.227
0.859
0.593
0.827
0.257
0.168
0.282
0.857
0.619
0.307
0.451
0.463
0.012
0.756
0.479
0.72
0.805
0.585
0.092
0.028
0.346
0.708
0.827
0.177
0.622
0.537
0.825
0.657
0.928
0.316
0.791
0.542
0.328
0.14
0.406
0.229
0.675
0.155
0.586
0.797
0.176
0.321
0.172
0.893
0.704
0.893
0.863
0.59
0.366
0.986
