0.625
0.666
0.964
0.087
0.688
0.652
0.215
0.049
0.495
0.851
0.779
0.131
0.665
0.11
0.659
0.447
0.593
0.731
0.393
0.982
0.077
0.248
0.969
0.955
0.73
0.683
0.056
0.285
0.576
0.189
0.612
0.981
0.869
0.556
0.209
0.286
0.855
0.385
0.279
0.405
0.621
0.511
0.33
0.145
0.066
0.386
0.328
0.014
0.308
0.316
0.353
0.228
0.117
0.542
0.252
0.77
0.824
0.394
0.692
0.17
0.876
0.858
0.561
0.418
0.179
0.954
0.121
0.687
0.607
0.673
0.006
0.539
0.845
0.428
0.012
0.121
0.076
0.577
0.518
0.851
0.507
0.538
0
0.009
0.379
0.327
0.239
0.508
0.69
0.205
0.624
0.408
0.065
0.37
0.976
0.14
0.667
0.581
0.617
0.844
0.723
0.241
0.907
0.001
0.405
0.907
0.738
0.98
0.723
0.662
0.791
0.698
0.198
0.567
0.687
0.407
0.755
0.931
0.652
0.124
0.575
0.135
0.121
0.409
0.444
0.281
0.727
0.218
0.992
0.973
0.228
0.211
0.689
0.552
0.587
0.947
0.387
0.264
0.88
0.229
0.672
0.476
0.511
0.794
0.696
0.011
0.869
0.708
0.777
0.544
0.945
0.327
0.135
0.426
0.14
0.514
0.074
0.604
0.67
0.205
0.159
0.576
0.849
0.769
0.398
0.684
0.114
0.823
0.353
0.489
0.961
0.498
0.305
0.025
0.829
0.456
0.552
0.249
0.203
0.875
0.747
0.815
0.689
0.193
0.222
0.333
0.398
0.348
0.273
0.115
0.193
0.971
0.48
0.948
0.545
0.125
0.547
0.81
0.528
0.969
0.787
0.135
0.236
0.81
0.421
0.734
0.099
0.918
0.041
0.514
0.543
0.693
0.862
0.557
0.914
0.493
0.636
0.455
0.416
0.148
0.582
0.302
0.14
0.327
0.919
0.891
0.297
0.216
0.767
0.184
0.359
0.849
0.109
0.558
0.709
0.948
0.241
0.22
0.185
0.84
0.158
0.364
0.315
0.367
0.688
0.868
0.069
0.815
0.383
0.315
0.157
0.044
0.258
0.66
0.363
0.996
0.256
0.168
0.537
0.983
0.09
0.713
0.225
0.31
0.843
0.684
0.609
0.315
0.547
0.09
0.767
0.514
0.637
0.069
0.389
0.402
0.183
0.802
0.207
0.31
0.81
0.397
0.831
0.316
0.451
0.818
0.97
0.042
0.709
0.24
0.528
0.454
0.265
0.046
0.705
0.828
0.221
0.078
0.962
0.806
0.815
0.594
0.864
0.511
0.059
0.768
0.528
0.646
0.189
0.094
0.144
0.084
0.631
0.916
0.526
0.684
0.642
0.851
0.939
0.026
0.088
0.121
0.803
0.425
0.875
0.562
0.597
0.12
0.514
0.479
0.242
0.825
0.285
0.581
0.283
0.165
0.213
0.37
0.026
0.558
0.343
0.882
0.548
0.317
0.21
0.729
0.635
0.427
0.142
0.087
0.11
0.177
0.261
0.03
0.555
0.85
0.063
0.962
0.307
0.538
0.628
0.46
0.182
0.192
0.394
0.568
0.444
0.975
0.06
0.523
0.349
0.36
0.407
0.637
0.897
0.563
0.296
0.818
0.748
0.494
0.928
0.995
0.604
0.557
0.633
0.028
0.865
0.01
0.395
0.154
0.316
0.802
0.823
0.038
0.769
0.604
0.504
0.973
0.055
0.399
0.399
0.791
0.257
0.5
0.645
0.933
0.878
0.137
0.994
0.476
0.909
0.344
0.715
0.513
0.378
0.549
0.132
0.34
0.976
0.869
0.712
0.858
0.849
0.503
0.708
0.593
0.892
0.479
0.862
0.939
0.916
0.223
0.315
0.537
0.912
0.364
0.645
0.648
0.031
0.952
0.574
0.509
0.861
0.689
0.243
0.324
0.515
0.514
0.068
0.726
0.152
0.607
0.681
0.639
0.334
0.032
0.402
0.837
0.585
0.718
0.573
0.281
0.707
0.693
0.565
0.255
0.835
0.024
0.219
0.365
0.592
0.56
0.005
0.295
0.656
0.218
0.629
0.52
0.865
0.987
0.801
0.628
0.173
0.584
0.571
0.459
0.201
0.969
0.991
0.711
0.684
0.153
0.664
0.611
0.598
0.077
0.928
0.744
0.239
0.782
0.273
0.697
0.456
0.939
0.608
0.608
0.584
0.283
0.217
0.311
0.558
0.714
0.075
0.38
0.859
0.943
0.65
0.986
0.737
0.089
0.151
0.031
0.307
0.912
0.725
0.584
0.629
0.907
0.671
0.521
0.301
0.159
0.775
0.68
0.528
0.14
0.131
0.915
0.156
0.472
0.708
0.642
0.823
0.211
0.805
0.633
0.316
0.744
0.011
0.979
0.433
0.496
0.735
0.147
0.258
0.901
0.663
0.544
0.316
0.44
0.333
0.428
0.524
0.186
0.532
0.701
0
0.434
0.04
0.849
0.628
0.939
0.523
0.266
0.647
0.313
0.283
0.458
0.152
0.984
0.279
0.787
0.101
0.821
0.709
0.813
0.915
0.897
0.58
0.275
0.558
0.065
0.765
0.519
0.148
0.025
0.644
0.161
0.574
0.484
0.662
0.658
0.14
0.97
0.503
0.618
0.813
0.302
0.436
0.128
0.055
0.608
0.453
0.83
0.114
0.8
0.18
0.381
0.938
0.311
0.331
0.253
0.524
0.532
0.601
0.288
0.959
0.327
0.755
0.978
0.676
0.541
0
0.516
0.468
0.775
0.67
0.712
0.904
0.045
0.302
0.656
0.792
0.194
0.251
0.079
0.402
0.08
0.992
0.869
0.447
0.231
0.291
0.346
0.929
0.25
0.385
0.427
0.975
0.219
0.601
0.982
0.805
0.131
0.507
0.615
0.777
0.209
0.263
0.221
0.903
0.394
0.377
0.248
0.571
0.94
0.62
0.905
0.41
0.949
0.825
0.358
0.225
0.317
0.908
0.883
0.175
0.173
0.671
0.001
0.01
0.222
0.751
0.73
0.598
0.57
0.666
0.951
0.382
0.193
0.287
0.421
0.073
0.675
0.809
0.259
0.1
0.201
0.935
0.661
0.151
0.002
0.868
0.458
0.357
0.479
0.687
0.064
0.346
0.307
0.218
0.678
0.899
0.666
0.552
0.231
0.405
0.686
0.24
0.152
0.817
0.478
0.99
0.075
0.208
0.504
0.881
0.176
0.479
0.247
0.811
0.152
0.014
0.549
0.128
0.17
0.266
0.511
0.289
0.124
0.864
0.297
0.962
0.701
0.782
0.857
0.533
0.144
0.132
0.6
0.186
0.098
0.052
0.498
0.681
0.04
0.131
0.772
0.896
0.758
0.286
0.52
0.023
0.132
0.217
0.445
0.813
0.334
0.676
0.27
0.091
0.785
0.456
0.835
0.721
0.224
0.025
0.115
0.998
0.683
0.872
0.035
0.71
0.607
0.533
0.895
0.307
0.865
0.342
0.593
0.035
0.121
0.526
0.213
0.477
0.824
0.246
0.487
0.134
0.767
0.489
0.776
0.232
0.156
0.394
0.747
0.029
0
0.176
0.63
0.49
0.058
0.552
0.575
0.782
0.518
0.229
0.41
0.741
0.587
0.547
0.32
0.144
0.357
0.563
0.298
0.469
0.176
0.7
0.787
0.584
0.826
0.054
0.883
0.606
0.174
0.816
0.943
0.607
0.467
0.786
0.352
0.14
0.683
0.062
0
0.509
0.423
0.839
0.749
0.608
0.457
0.638
0.808
0.646
0.097
0.203
0.83
0.372
0.558
0.605
0.675
0.286
0.97
0.609
0.951
0.57
0.914
0.512
0.204
0.501
0.742
0.131
0.41
0.142
0.103
0.882
0.551
0.735
0.066
0.011
0.624
0.521
0.307
0.679
0.419
0.999
0.327
0.962
0.254
0
0.838
0.949
0.042
0.251
0.178
0.311
0.486
0.453
0.901
0.786
0.79
0.485
0.962
0.289
0.299
0.92
0.137
0.353
0.284
0.237
0.179
0.363
0.579
0.844
0.827
0.715
0.674
0.177
0.164
0.338
0.929
0.503
0.111
0.304
0.027
0.265
0.817
0.376
0.782
0.431
0.689
0.481
0.629
0.164
0.623
0.455
0.089
0.754
0.078
0.332
0.448
0.72
0.335
0.034
0.032
0.345
0.654
0.823
0.868
0.519
0.712
0.06
0.221
0.678
0.943
0.155
0.219
0.379
0.528
0.927
0.8
0.039
0.015
0.692
0.497
0.674
0.748
0.597
0.734
0.046
0.039
0.79
0.993
0.911
0.012
0.825
0.884
0.194
0.399
0.585
1.0
0.537
0.144
0.648
0.694
0.835
0.954
0.189
0.087
