0.041
0.215
0.6
0.253
0.455
0.352
0.586
0.784
0.176
0.473
0.997
0.813
0.485
0.453
0.161
0.911
0.127
0.691
0.238
0.097
0.654
0.092
0.132
0.149
0.896
0.79
0.5
0.273
0.791
0.053
0.905
0.654
0.664
0.547
0.074
0.892
0.894
0.364
0.713
0.362
0.091
0.078
0.914
0.629
0.668
0.717
0.376
0.752
0.481
0.227
0.365
0.792
0.787
0.452
0.91
0.322
0.549
0.541
0.628
0.668
0.374
0.194
0.895
0.297
0.986
0.626
0.935
0.945
0.009
0.956
0.21
0.567
0.139
0.911
0.905
0.694
0.475
0.78
0.085
0.147
0.614
0.732
0.11
0.898
0.159
0.273
0.525
0.827
0.762
0.642
0.921
0.025
0.887
0.83
0.134
0.275
0.054
0.326
0.859
0.609
0.793
0.089
0.25
0.509
0.558
0.832
0.42
0.668
0.055
0.838
0.956
0.394
0.53
0.458
0.123
0.577
0.985
0.988
0.194
0.643
0.81
0.07
0.37
0.458
0.057
0.846
0.644
0.772
0.868
0.889
0.611
0.33
0.785
0.742
0.292
0.55
0.258
0.925
0.469
0.184
0.793
0.858
0.143
0.217
0.611
0.318
0.757
0.957
0.142
0.107
0.174
0.433
0.588
0.065
0.093
0.497
0.07
0.273
0.591
0.69
0.828
0.88
0.632
0.165
0.771
0.602
0.936
0.528
0.049
0.895
0.044
0.409
0.385
0.876
0.231
0.013
0.894
0.579
0.843
0.292
0.474
0.813
0.551
0.501
0.288
0.911
0.423
0.933
0.14
0.327
0.812
0.658
0.221
0.669
0.837
0.449
0.147
0.921
0.712
0.236
0.569
0.293
0.491
0.988
0.334
0.51
0.876
0.604
0.7
0.757
0.733
0.845
0.784
0.809
0.153
0.496
0.448
0.083
0.124
0.967
0.093
0.662
0.849
0.045
0.106
0.541
0.243
0.43
0.374
0.292
0.029
0.721
0.039
0.047
0.882
0.619
0.549
0.132
0.807
0.971
0.425
0.968
0.519
0.505
0.683
0.898
0.063
0.479
0.799
0.47
0.016
0.356
0.804
0.37
0.456
0.72
0.661
0.909
0.094
0.761
0.093
0.003
0.629
0.745
0.169
0.894
0.093
0.853
0.173
0.757
0.62
0.555
0.353
0.659
0.242
0.196
0.265
0.767
0.219
0.156
0.163
0.778
0.797
0.083
0.189
0.444
0.412
0.134
0.318
0.973
0.954
0.565
0.19
0.986
0.03
0.941
0.63
0.92
0.169
0.116
0.905
0.237
0.598
0.559
0.341
0.504
0.93
0.37
0.539
0.701
0.182
0.936
0.841
0.562
0.954
0.173
0.133
0.496
0.838
0.207
0.253
0.998
0.071
0.027
0.952
0.038
0.085
0.4
0.227
0.515
0.157
0.446
0.727
0.625
0.119
0.431
0.258
0.828
0.19
0.886
0.869
0.355
0.803
0.205
0.834
0.112
0.436
0.015
0.922
0.277
0.939
0.457
0.596
0.941
0.171
0.131
0.641
0.36
0.601
0.776
0.983
0.283
0.935
0.396
0.282
0.287
0.349
0.068
0.406
0.098
0.934
0.639
0.445
0.452
0.711
0.351
0.964
0.701
0.823
0.429
0.724
0.084
0.967
0.622
0.216
0.664
0.493
0.151
0.179
0.384
0.666
0.551
0.522
0.905
0.148
0.325
0.328
0.329
0.72
0.991
0.423
0.079
0.804
0.966
0.182
0.072
0.256
0.165
0.311
0.312
0.314
0.105
0.859
0.551
0.233
0.808
0.574
0.182
0.77
0.187
0.589
0.853
0.993
0.541
0.727
0.575
0.792
0.211
0.775
0.75
0.822
0.659
0.373
0.534
0.498
0.091
0.303
0.377
0.981
0.074
0.427
0.13
0.026
0.9
0.599
0.676
0.069
0.589
0.079
0.108
0.406
0.016
0.296
0.077
0.97
0.815
0.5
0.721
0.3
0.447
0.447
0.104
0.567
0.966
0.512
0.838
0.197
0.14
0.998
0.787
0.636
0.262
0.488
0.252
0.493
0.007
0.386
0.354
0.962
0.479
0.432
0.635
0.715
0.423
0.441
0.193
0.714
0.214
0.267
0.202
0.981
0.751
0.673
0.483
0.688
0.761
0.396
0.375
0.855
0.85
0.964
0.424
0.333
0.205
0.457
0.922
0.092
0.556
0.143
0.206
0.645
0.154
0.612
0.563
0.822
0.387
0.075
0.919
0.174
0.685
0.972
0.484
0.64
0.126
0.661
0.551
0.315
0.743
0.958
0.261
0.02
0.006
0.552
0.38
0.182
0.653
0.396
0.734
0.255
0.665
0.358
0.422
0.151
0.261
0.05
0.413
0.226
0.982
0.687
0.973
0.907
0.563
0.251
0.723
0.678
0.932
0.003
0.786
0.289
0.524
0.932
0.817
0.75
0.335
0.234
0.657
0.936
0.045
0.907
0.934
0.359
0.375
0
0.038
0.7
0.724
0.587
0.728
0.575
0.152
0.522
0.107
0.174
0.496
0.269
0.887
0.227
0.372
0.305
0.358
0.055
0.233
0.627
0.39
0.033
0.296
0.41
0.327
0.862
0.623
0.332
0.105
0.891
0.972
0.296
0.676
0.568
0.709
0.686
0.768
0.883
0.233
0.325
0.102
0.645
0.515
0.748
0.856
0.027
0.641
0.209
0.581
0
0.9
0.285
0.517
0.116
0.854
0.532
0.221
0.033
0.431
0.755
0.492
0.484
0.693
0.923
0.991
0.418
0.457
0.324
0.627
0.636
0.126
0.166
0.646
0.07
0.271
0.071
0.184
0.924
0.947
0.444
0.107
0.035
0.414
0.283
0.272
0.108
0.038
0.888
0.992
0.234
0.974
0.548
0.416
0.313
0.227
0.192
0.456
0.118
0.402
0.049
0.456
0.708
0.5
0.865
0.607
0.464
0.051
0.818
0.147
0.6
0.173
0.583
0.426
0.451
0.895
0.708
0.718
0.432
0.054
0.447
0.406
0.18
0.45
0.629
0.626
0.335
0.641
0.348
0.377
0.876
0.723
0.256
0.633
0.123
0.869
0.638
0.22
0.138
0.828
0.011
0.23
0.017
0.823
0.529
0.766
0.288
0.623
0.338
0.623
0.593
0.004
0.268
0.467
0.894
0.964
0.767
0.021
0.062
0.394
0.581
0.03
0.875
0.546
0.653
0.038
0.91
0.376
0.949
0.409
0.701
0.782
0.147
0.294
0.883
0.876
0.694
0.33
0.082
0.409
0.621
0.394
0.406
0.956
0.029
0.748
0.951
0.777
0.614
0.318
0.578
0.097
0.747
0.74
0.747
0.828
0.385
0.724
0.622
0.947
0.285
0.542
0.328
0.12
0.291
0.895
0.837
0.058
0.246
0.57
0
0.373
0.533
0.655
0.085
0.56
0.653
0.942
0.017
0.856
0.649
0.42
0.738
0.544
0.404
0.336
0.213
0.166
0.925
0.647
0.61
0.26
0.827
0.428
0.675
0.361
0
0
0.824
0.543
0.771
0.905
0.506
0.391
0.147
0.675
0.339
0.744
0.538
0.752
0.546
0.795
0.695
0.492
0.123
0.184
0.011
0.717
0.49
0.301
0.45
0.697
0.506
0.917
0.669
0.857
0.177
0.986
0.231
0.2
0.665
0.932
0.98
0.973
0.415
0.955
0.079
0.363
0.774
0.473
0.961
0.112
0.765
0.844
0.02
0.542
0.748
0.444
0.022
0.185
0.56
0.108
0.388
0.368
0.073
0.874
0.407
0.621
0.199
0.063
0.715
0.676
0.864
0.022
0.869
0.22
0.347
0.099
0.145
0.057
0.774
0.566
0.626
0.251
0.262
0.986
0.389
0.898
0.316
0.508
0.557
0.383
0.135
0.221
0.527
0.774
0.657
0.025
0.417
0.019
0.661
0.158
0.945
0.308
0.609
0.748
0.074
0.486
0.766
0.581
0.29
0.274
0.48
0.092
0.272
0.825
0.155
0.196
0.486
0.857
0.274
0.91
0.674
0.054
0.567
0.603
0.671
0.181
0.948
0.255
0.338
0.551
0.181
0.036
0.202
0.645
0.107
0.249
0.016
0.898
0.581
0.996
0.114
0.487
0.397
0.623
0.261
0.232
0.707
0.238
0.498
0.626
0.479
0.35
0.176
0.951
0.552
0.865
0.3
0.837
0.038
0.264
0.777
0.11
0.599
0.81
0.416
0.686
0.763
0.82
0.839
0.412
0.417
0.328
0.673
0.153
0.982
0.48
0.828
0.258
0.05
0.467
0.597
0.672
0.171
0.72
0.162
0.608
0.492
0.381
0.338
0.742
0.153
0.278
0.062
0.105
0.316
0.159
