0.514
0.786
0.044
0.474
0.603
0.614
0.276
0.313
0.108
0.481
0.521
0.386
0.564
0.674
0.232
0.643
0.804
0.543
0.695
0.529
0.261
0.591
0.654
0.723
0.783
0.516
0.451
0.108
0.229
0.312
0.123
0.933
0.896
0.424
0.107
0.822
0.794
0.305
0.832
0.369
0.961
0.058
0.254
0.581
0.439
0.93
0.061
0.541
0.125
0.629
0.996
0.863
0.092
0.142
0.291
0
0.539
0.2
0.938
0.547
0.669
0.133
0.01
0.69
0.175
0.842
0.823
0.143
0.469
0.859
0.707
0.492
0.211
0.769
0.184
0.639
0.896
0.436
0.076
0.449
0.445
0.559
0.767
0.82
0.746
0.383
0.706
0.311
0.516
0.911
0.979
0.352
0.882
0.45
0.966
0.414
0.683
0.655
0.573
0.791
0.773
0.987
0.388
0.202
0.984
0.459
0.899
0.901
0.373
0.547
0.894
0.535
0.507
0.623
0.332
0.56
0.536
0.562
0.72
0.148
0.295
0.059
0.842
0.782
0.526
0.022
0.782
0.091
0.356
0.836
0.248
0.177
0.621
0.813
0.698
0.053
0.083
0.122
0.277
0.334
0.421
0.932
0.268
0.772
0.276
0.484
0.714
0.314
0.738
0.39
0.59
0.536
0.375
0.569
0.959
0.414
0.618
0.294
0.395
0.975
0.325
0.525
0.036
0.1
0.298
0.964
0.766
0.945
0.52
0.829
0.512
0.018
0.079
0.315
0.456
0.932
0.819
0.432
0.924
0.748
0.712
0.23
0.096
0.131
0.527
0.712
0.973
0.968
0.97
0.553
0.28
0.845
0.825
0.98
0.665
0.593
0.575
0.87
0.171
0.492
0.22
0.913
0.164
0.719
0.89
0.248
0.135
0.911
0.07
0.457
0.104
0.55
0.493
0.367
0.215
0.325
0.552
0.53
0.075
0.405
0.303
0.609
0.849
0.999
0.982
0.598
0.416
0.606
0.759
0.016
0.705
0.005
0.305
0.728
0.289
0.922
0.505
0.25
0.732
0.603
0.293
0.018
0.169
0.112
0.446
0.847
0.298
0.076
0.118
0.56
0.291
0.443
0.189
0.23
0
0.072
0.215
0.159
0.591
0.792
0.908
0.086
0.73
0.701
0.254
0.781
0.538
0.489
0.896
0.755
0.125
0.789
0.456
0.396
0.293
0.197
0.415
0.444
0.197
0.262
0.511
0.754
0.946
0.64
0.334
0.718
0.283
0.217
0.619
0.965
0.126
0.691
0.933
0.944
0.714
0.979
0.74
0.537
0.991
0.015
0.346
0.948
0.915
0.262
0.969
0.084
0.539
0.702
0.906
0.534
0.483
0.01
0.97
0.741
0.945
0.753
0.012
0.035
0.305
0.89
0.16
0.299
0.315
0.738
0.293
0.643
0.719
0.107
0.417
0.1
0.881
0.772
0.966
0.502
0.208
0.839
0.941
0.966
0.273
0.589
0.495
0.813
0.204
0.983
0.658
0.252
0.884
0.858
0.379
0.162
0.316
0.81
0.802
0.046
0.256
0.629
0.032
0.02
0.884
0.383
0.437
0.313
0.126
0.488
0.027
0.339
0.201
0.021
0.518
0.724
0.724
0.512
0.862
0.244
0.099
0.897
0.677
0.492
0.19
0.825
0.58
0.151
0.894
0.368
0.221
0.847
0.848
0.348
0.43
0.425
0.727
0.017
0.882
0.783
0.192
0.782
0.219
0.747
0.759
0.13
0.558
0.384
0.643
0.736
0.798
0.752
0.137
0.555
0.255
0.548
0.41
0.898
0.433
0.937
0.914
0.984
0.556
0.783
0.211
0.602
0.025
0.166
0.205
0.108
0.73
0.502
0.277
0.979
0.568
0.866
0.991
0.697
0.514
0.418
0.732
0.015
0.6
0.499
0.008
0.953
0.203
0.008
0.07
0.857
0.792
0.345
0.62
0.261
0.6
0.711
0.023
0.869
0.701
0.517
0.554
0.578
0.315
0.538
0.126
0.337
0.626
0.743
0.329
0.8
0.108
0.077
0.775
0.072
0.416
0.851
0.69
0.965
0.697
0.022
0.315
0.973
0.787
0.801
0.32
0.407
0.428
0.234
0.795
0.959
0.177
0.753
0.018
0.33
0.878
0.978
0.548
0.974
0.074
0.93
0.471
0.318
0.465
0.719
0.697
0.044
0.514
0.848
0.439
0.745
0.199
0.244
0.897
0.541
0.41
0.723
0.737
0.183
0.415
0.501
0.387
0.245
0.637
0.767
0.589
0.059
0.073
0.521
0.245
0.309
0.546
0.873
0.67
0.981
0.983
0.192
0.549
0.606
0.714
0.313
0.572
0.996
0.128
0.648
0.609
0.06
0.838
0.814
0.03
0.849
0.962
0.719
0.534
0.382
0.211
0.51
0.918
0.393
0.49
0.356
0.981
0.532
0.266
0.096
0.349
0.607
0.035
0.041
0.974
0.497
0.767
0.744
0.182
0.891
0.335
0.28
0.483
0.187
0.685
0.966
0.496
0.605
0.859
0.302
0.937
0.147
0.909
0.062
0.959
0.401
0.008
0.771
0.102
0.256
0.953
0.899
0.154
0.203
0.867
0.458
0.931
0.238
0.452
0.379
0.277
0.431
0.685
0.41
0.984
0.113
0.108
0.161
0.955
0.664
0.015
0.886
0.283
0.624
0.858
0.503
0.829
0.51
0.597
0.869
0.087
0.106
0.735
0.211
0.362
0.673
0.469
0.022
0.019
0.767
0.273
0.08
0.61
0.999
0.416
0.465
0.255
0.733
0.003
0.306
0.913
0.512
0.619
0.221
0.43
0.451
0.592
0.169
0.996
0.47
0.581
0.902
0.643
0.892
0.514
0.673
0.374
0.549
0.078
0.834
0.271
0.73
0.888
0.254
0.702
0.017
0.702
0.842
0.31
0.086
0.63
0.778
0.21
0.723
0.967
0.986
0.758
0.302
0.588
0.878
0.224
0.279
0.74
0.924
0.048
0.14
0.312
0.141
0.063
0.294
0.905
0.73
0.853
0.189
0.241
0.784
0.816
0.629
0.241
0.882
0.433
0.934
0.32
0.964
0.208
0.733
0.045
0.872
0.336
0.206
0.68
0.486
0.864
0.997
0.647
0.333
0.087
0.909
0.572
0.727
0.86
0.296
0.892
0.801
0.878
0.23
0.362
0.652
0.9
0.852
0.638
0.325
0.526
0.265
0.992
0.35
0.917
0.94
0.447
0.7
0.697
0.591
0.995
0.129
0.235
0.604
0.364
0.285
0.109
0.338
0.024
0.602
0.689
0.731
0.664
0.387
0.86
0.174
0.372
0.288
0.735
0.933
0.607
0.044
0.316
0.937
0.611
0.536
0.661
0.314
0.966
0.124
0.067
0.507
0.653
0.363
0.648
0.273
0.621
0.873
0.483
0.38
0.223
0.099
0.723
0.826
0.599
0.726
0.888
0.426
0.008
0.965
0.24
0.421
0.236
0.277
0.696
0.717
0.984
0.766
0.4
0.972
0.697
0.133
0.361
0.876
0.165
0.294
0.128
0.417
0.364
0.142
0.855
0.126
0.636
0.971
0.11
0.561
0.566
0.442
0.649
0.422
0.258
0.555
0.556
0.587
0.53
0.357
0.566
0.086
0.245
0.086
0.278
0.763
0.049
0.53
0.742
0.769
0.594
0.881
0.575
0.012
0.442
0.806
0.842
0.836
0.468
0.121
0.359
0.226
0.227
0.14
0.065
0.443
0.857
0.918
0.16
0.235
0.648
0.759
0.003
0.331
0.658
0.599
0.537
0.416
0.468
0.101
0.001
0.194
0.45
0.823
0.258
0.146
0.521
0.617
0.481
0.842
0.608
0.612
0.397
0.838
0.635
0.112
0.501
0.252
0.692
0.207
0.584
0.348
0.082
0.391
0.878
0.847
0.91
0.815
0.752
0.442
0.512
0.347
0.418
0.34
0.487
0.465
0.878
0.867
0.397
0.937
0.119
0.66
0.432
0.208
0.599
0.621
0.132
0.418
0.18
0.178
0.717
0.314
0.873
0.975
0.289
0.478
0.361
0.479
0.758
0.632
0.933
0
0.553
0.506
0.634
0.648
0.66
0.753
0.735
0.727
0.261
0.362
0.778
0.01
0.428
0.007
0.613
0.497
0.217
0.913
0.875
0.486
0.286
0.58
0.977
0.74
0.767
0.058
0.542
0.477
0.136
0.437
0.916
0.202
0.322
0.707
0.209
0.997
0.251
0.589
0.655
0.739
0.46
0.548
0.334
0.642
0.589
0.637
0.334
0.946
0.942
0.713
0.906
0.518
0.652
0.413
0.264
0.818
0.139
0.33
0.285
0.738
0.009
0.602
0.814
0.524
0.153
0.484
0.544
0.582
0.206
0.939
0.43
0.495
