0.908
0.81
0.559
0.606
0.831
0.96
0.188
0.282
0.527
0.545
0.452
0.31
0.88
0.758
0.342
0.525
0.127
0.359
0.224
0.376
0.905
0.802
0.981
0.682
0.384
0.566
0.338
0.496
0.192
0.165
0.124
0.0
0.198
0.141
0.303
0.101
0.714
0.933
0.429
0.713
0.904
0.653
0.133
0.993
0.461
0.933
0.519
0.657
0.628
0.91
0.167
0.682
0.294
0.949
0.06
0.277
0.493
0.759
0.542
0.242
0.873
0.011
0.832
0.444
0.322
0.518
0.718
0.132
0.577
0.845
0.417
0.669
0.928
0.87
0.7
0.213
0.339
0.804
0.689
0.65
0.42
0.288
0.359
0.167
0.036
0.448
0.712
0.379
0.073
0.449
0.289
0.053
0.015
0.543
0.312
0.031
0.759
0.004
0.466
0.534
0.331
0.278
0.463
0.315
0.989
0.143
0.397
0.194
0.447
0.789
0.725
0.007
0.104
0.872
0.049
0.297
0.504
0.793
0.482
0.967
0.736
0.948
0.864
0.875
0.394
0.275
0.173
0.953
0.619
0.913
0.276
0.971
0.479
0.085
0.199
0.517
0.317
0.78
0.66
0.882
0.067
0.789
0.202
0.211
0.403
0.817
0.579
0.67
0.589
0.875
0.256
0.687
0.174
0.605
0.938
0.178
0.013
0.309
0.032
0.366
0.84
0.016
0.645
0.404
0.133
0.043
0.483
0.214
0.528
0.782
0.176
0.49
0.555
0.876
0.109
0.678
0.25
0.133
0.63
0.536
0.757
0.541
0.836
0
0.722
0.028
0.528
0.407
0.637
0.955
0.727
0.593
0.769
0.69
0.139
0.564
0.221
0.87
0.345
0.509
0.532
0.512
0.744
0.137
0.286
0.701
0.135
0.821
0.05
0.419
0.324
0.657
0.798
0.749
0.86
0.506
0.027
0.491
0.607
0.331
0.669
0.994
0.65
0.88
0.464
0.415
0.541
0.316
0.269
0.523
0.649
0.202
0.692
0.028
0.271
0.769
0.79
0.35
0.389
0.606
0.626
0.074
0.088
0.883
0.437
0.071
0.882
0.565
0.52
0.827
0.783
0.461
0.498
0.675
0.564
0.11
0.301
0.182
0.83
0.313
0.481
0.23
0.481
0.673
0.05
0.387
0.41
0.412
0.933
0.097
0.525
0.654
0.284
0.959
0.32
0.095
0.249
0.457
0.991
0.954
0.14
0.144
0.535
0.877
0.127
0.61
0.959
0.363
0.229
0.345
0.496
0.993
0.089
0.036
0.039
0.504
0.423
0.059
0.033
0.014
0.933
0.155
0.813
0.447
0.026
0.189
0.922
0.091
0.623
0.252
0.872
0.235
0.216
0.803
0.795
0.88
0.683
0.557
0.722
0.763
0.509
0.521
0.768
0.879
0.128
0.625
0.742
0.569
0.176
0.855
0.929
0.829
0.779
0.113
0.176
0.729
0.701
0.839
0.219
0.819
0.415
0.002
0.792
0.183
0.88
0.272
0.754
0.542
0.599
0.504
0.634
0.034
0.824
0.998
0.071
0.281
0.011
0.702
0.568
0.111
0.621
0.382
0.684
0.247
0.069
0.283
0.75
0.205
0.294
0.381
0.736
0.155
0.896
0.063
0.974
0.767
0.351
0.63
0.611
0.365
0.768
0.133
0.022
0.889
0.801
0.284
0.393
0.104
0.522
0.827
0.361
0.668
0.023
0.208
0.169
0.876
0.755
0.75
0.752
0.031
0.124
0.566
0.412
0.455
0.097
0.838
0.81
0.951
0.492
0.625
0.9
0.099
0.97
0.587
0.23
0.725
0.901
0.359
0.949
0.708
0.812
0.217
0.658
0.969
0.094
0.939
0.21
0.671
0.647
0.562
0.977
0.083
0.887
0.621
0.076
0.364
0.75
0.963
0.791
0.459
0.188
0.904
0.665
0.196
0.9
0.604
0.322
0.809
0.435
0.891
0.68
0.486
0.803
0.931
0.871
0.457
0.458
0.841
0.571
0.667
0.174
0.799
0.005
0.613
0.724
0.547
0.667
0.107
0.781
0.146
0.601
0.649
0.004
0.141
0.214
0.107
0.169
0.721
0.134
0.06
0.021
0.394
0.837
0
0.075
0.374
0.056
0.155
0.685
0.102
0.253
0.495
0.345
0.105
0.416
0.763
0.125
0
0.876
0.994
0.588
0.516
0.562
0.118
0.781
0.197
0.447
0.284
0.58
0.977
0.568
0.237
0.13
0.658
0.487
0.081
0.508
0.888
0.142
0.156
0.729
0.455
0.279
0.607
0.436
0.933
0.38
0.054
0.314
0.891
0.494
0.148
0.571
0.048
0.43
0.93
0.634
0.694
0.321
0.292
0.875
0.173
0.992
0.247
0.251
0.547
0.217
0.37
0.48
0.792
0.14
0.138
0.856
0.084
0.337
0.661
0.714
0.846
0.974
0.825
0.349
0.291
0.696
0.847
0.633
0.992
0.372
0.561
0.705
0.404
0.623
0.732
0.788
0.259
0.425
0.561
0.361
0.906
0.186
0.91
0.425
0.691
0.979
0.959
0.985
0.406
0.297
0.38
0.827
0.651
0.855
0.007
0.658
0.034
0.13
0.216
0.885
0.351
0.464
0.74
0.406
0.744
0.556
0.165
0.634
0.733
0.617
0.237
0.297
0.714
0.646
0.896
0.122
0.37
0.211
0.671
0.154
0.265
0.552
0.598
0.466
0.297
0.84
0.411
0.064
0.561
0.569
0.3
0.406
0.967
0.677
0.045
0.475
0.257
0.882
0.452
0.203
0.949
0.884
0.031
0.538
0.616
0.073
0.992
0.334
0.271
0.571
0.03
0.355
0.806
0.396
0.024
0.09
0.095
0.392
0.389
0.215
0.151
0.751
0.132
0.528
0.718
0.325
0.037
0.669
0.922
0.113
0.326
0.651
0.001
0.338
0.572
0.175
0.922
0.528
0.211
0.366
0.695
0.819
0.623
0.317
0.52
0.594
0.931
0.462
0.17
0.887
0.649
0.57
0.338
0.627
0.979
0.935
0.453
0.713
0.317
0.149
0.182
0.788
0.132
0.949
0.907
0.421
0.835
0.797
0.669
0.656
0.901
0.538
0.889
0.741
0.71
0.136
0.668
0.902
0.609
0.878
0.469
0.471
0.814
0.282
0.512
0.62
0.059
0.769
0.326
0.037
0.122
0.003
0.785
0.024
0.649
0.395
0.224
0.551
0.33
0.088
0.302
0.877
0.482
0.093
0.443
0.901
0.166
0.104
0.531
0.353
0.949
0.127
0.232
0.475
0.09
0.233
0.275
0.552
0.549
0.191
0.365
0.676
0.625
0.828
0.198
0.376
0.502
0.343
0.767
0.867
0.178
0.003
0.636
0.639
0.644
0.989
0.363
0.521
0.286
0.593
0.557
0.738
0.688
0.665
0.294
0.378
0.157
0.705
0.696
0.545
0.871
0.227
0.451
0.909
0.846
0.298
0.779
0.942
0.191
0.389
0.71
0.109
0.904
0.695
0.103
0.646
0.788
0.5
0.837
0.39
0.034
0.85
0.111
0.533
0.334
0.524
0.994
0.594
0.887
0.346
0.71
0.416
0.992
0.468
0.864
0.294
0.78
0.324
0.449
0.405
0.604
0.321
0.729
0.625
0.725
0.051
0.236
0.987
0.426
0.522
0.318
0.172
0.51
0.774
0.851
0.257
0.506
0.421
0.132
0.47
0.54
0.785
0.73
0.147
0.89
0.835
0.805
0.335
0.088
0.841
0.928
0.207
0.28
0.005
0.107
0.025
0.644
0.194
0.114
0.725
0.493
0.02
0.916
0.022
0.448
0.463
0.299
0.429
0.146
0.898
0.227
0.914
0.728
0.28
0.547
0.461
0.951
0.294
0.555
0.88
0.174
0.564
0.777
0.24
0.457
0.758
0.431
0.806
0.791
0.618
0.207
0.399
0.701
0.152
0.297
0.827
0.873
0.52
0.637
0.541
0.177
0.2
0.397
0.345
0.276
0.273
0.549
0.458
0.667
0.418
0.548
0.246
0.371
0.899
0.034
0.455
0.135
0.43
0.663
0.553
0.301
0.038
0.615
0.043
0.284
0.947
0.542
0.862
0.295
0.669
0.455
0.915
0.41
0.203
0.724
0.368
0.73
0.003
0.426
0.402
0.453
0.116
0.298
0.969
0.653
0.859
0.119
0.11
0.669
0.075
0.249
0.097
0.919
0.053
0.563
0.018
0.044
0.642
0.942
0.685
0.802
0.091
0.083
0.098
0.692
0.828
0.937
0.888
0.162
0.668
0.711
0.945
0.731
0.145
0.555
0.39
0.763
0.962
0.73
0.45
0.26
0.038
0.446
0.236
0.9
0.119
0.554
0.962
0.043
0.382
0.127
0.984
0.889
