0.625
0.326
0.117
0.622
0.808
0.173
0.702
0.794
0.32
0.302
0.651
0.703
0.336
0.567
0.497
0.517
0.884
0.077
0.185
0.122
0.834
0.023
0.711
0.409
0.852
0.795
0.043
0.456
0.43
0.183
0.641
0.711
0.526
0.283
0.848
0.051
0.728
0.741
0.624
0.325
0.341
0.869
0.977
0.63
0.404
0.588
0.957
0.013
0.637
0.429
0.739
0.23
0.656
0.307
0.036
0.271
0.421
0.356
0.489
0.884
0.936
0.564
0.235
0.264
0.761
0.942
0.64
0.865
0.62
0.306
0.881
0.118
0.554
0.821
0.176
0.452
0.59
0.512
0.441
0.484
0.393
0.934
0.136
0.985
0.976
0.864
0.403
0.04
0.252
0.229
0.206
0.811
0.95
0.131
0.775
0.419
0.917
0.529
0.814
0.541
0.726
0.525
0.531
0.11
0.373
0.417
0.047
0.971
0.889
0.813
0.905
0.111
0.564
0.998
0.741
0.758
0.066
0.539
0.45
0.409
0.14
0.756
0.603
0.431
0.893
0.141
0.207
0.654
0.853
0.398
0.128
0.734
0.246
0.456
0.057
0.924
0.211
0.014
0.591
0.519
0.823
0.38
0.335
0.482
0.224
0.765
0.562
0.961
0.764
0.581
0.404
0.986
0.815
0.351
0.305
0.724
0.771
0.484
0.389
0.821
0.819
0.748
0.204
0.62
0.356
0.333
0.644
0.227
0.677
0.228
0.405
0.407
0.885
0.603
0.9
0.858
0.099
0.718
0.412
0.49
0.021
0.402
0.914
0.556
0.275
0.113
0.092
0.243
0.047
0.61
0.65
0.689
0.16
0.581
0.701
0.965
0.674
0.704
0.888
0.028
0.153
0.52
0.026
0.104
0.52
0.842
0.711
0.292
0.085
0.604
0.096
0.226
0.095
0.888
0.359
0.679
0.63
0.364
0.476
0.918
0.599
0.879
0.875
0.409
0.692
0.76
0.852
0.824
0.259
0.803
0.277
0.332
0.386
0.771
0.146
0.288
0.913
0.307
0.874
0.287
0.813
0.263
0.826
0.776
0.378
0.086
0.873
0.189
0.422
0.935
0.215
0.677
0.849
0.775
0.67
0.847
0.484
0.271
0.2
0.945
0.947
0.614
0.232
0.405
0.186
0.258
0.78
0.767
0.096
0.793
0.33
0.457
0.58
0.161
0.994
0.684
0.553
0.907
0.82
0.393
0.544
0.495
0.202
0.217
0.309
0.678
0.905
0.437
0.512
0.096
0.326
0.028
0.786
0.298
0.401
0.798
0.748
0.966
0.837
0.075
0.372
0.348
0.356
0.743
0.577
0.551
0.407
0.86
0.503
0.011
0.669
0.162
0.923
0.751
0.451
0.008
0.99
0.419
0.721
0.054
0.66
0.52
0.184
0.988
0.933
0.149
0.331
0.723
0.946
0.13
0.916
0.727
0.046
0.379
0.816
0.838
0.835
0.217
0.927
0.448
0.004
0.566
0.644
0.973
0.498
0.48
0.912
0.43
0.254
0.447
0.471
0.769
0.485
0.245
0.412
0.495
0.671
0.993
0.122
0.008
0.254
0.782
0.242
0.666
0.707
0.456
0.828
0.923
0.524
0.265
0.224
0.471
0.639
0.472
0.907
0.174
0.288
0.308
0.435
0.745
0.819
0.039
0.125
0.146
0.769
0.675
0.233
0.175
0.338
0.586
0.213
0.997
0.475
0.005
0.69
0.689
0.354
0.615
0.135
0.204
0.98
0.199
0.174
0.274
0.703
0.359
0.035
0.58
0.869
0.66
0.279
0.301
0.367
0.076
0.067
0.882
0.754
0.418
0.517
0.807
0.902
0.938
0.434
0.871
0.449
0.181
0.504
0.367
0.471
0.088
0.427
0.891
0.404
0.489
0.747
0.047
0.308
0.901
0.653
0.52
0.132
0.944
0.605
0.721
0.961
0.675
0.405
0.948
0.606
0.508
0.408
0.924
0.746
0.351
0.755
0.438
0.594
0.329
0.319
0.942
0.594
0.328
0.986
0.418
0.002
0.608
0.048
0.553
0.678
0.98
0.818
0.935
0.44
0.821
0.513
0.025
0.881
0.546
0.514
0.991
0.118
0.746
0.696
0.755
0.602
0.489
0.377
0.448
0.705
0.572
0.315
0.156
0.128
0.676
0.061
0.788
0.631
0.484
0.446
0.072
0.822
0.759
0.461
0.661
0.4
0.748
0.817
0.869
0.699
0.862
0.928
0.957
0.577
0.365
0.611
0.359
0.768
0.328
0.954
0.59
0.511
0.148
0.677
0.753
0.288
0.663
0.437
0.906
0.604
0.835
0.717
0.595
0.392
0.099
0.086
0.515
0.211
0.394
0.989
0.316
0.524
0.436
0.477
0.222
0.189
0.091
0.885
0.538
0.25
0.997
0.518
0.247
0.052
0.681
0.154
0.32
0.242
0.458
0.203
0.15
0.419
0.194
0.488
0.209
0.216
0.359
0.517
0.117
0.568
0.811
0.569
0.732
0.796
0.879
0.007
0.163
0.398
0.398
0.295
0.914
0.608
0.522
0.055
0.376
0.663
0.813
0.825
0.158
0.72
0.561
0.888
0.376
0.733
0.296
0.081
0.997
0.211
0.892
0.455
0.321
0.519
0.981
0.141
1.0
0.724
0.158
0.416
0.569
0.635
0.284
0.146
0.616
0.686
0.857
0.819
0.945
0.847
0.744
0.917
0.077
0.638
0.192
0.714
0.315
0.544
0.314
0.083
0.924
0.362
0.24
0.999
0.355
0.964
0.07
0.525
0.617
0.312
0.421
0.958
0.492
0.354
0.406
0.017
0.07
0.83
0.979
0.383
0.089
0.833
0.142
0.952
0.713
0.647
0.997
0.746
0.615
0.342
0.325
0.866
0.738
0.227
0.168
0.649
0.16
0.924
0.094
0.061
0.649
0.628
0.153
0.043
0.851
0.127
0.075
0.224
0.84
0.392
0.796
0.73
0.261
0.464
0.875
0.475
0.991
0.778
0.618
0.446
0.416
0.797
0.572
0.064
0.416
0.526
0.462
0.102
0.167
0.344
0.907
0.287
0.833
0.15
0.35
0.408
0.087
0.98
0.916
0.693
0.642
0.437
0.657
0.789
0.813
0.97
0.248
0.33
0.765
0.094
0.495
0.925
0.581
0.074
0.34
0.289
0.848
0.269
0.922
0.363
0.903
0.206
0.039
0.714
0.992
0.426
0.502
0.208
0.061
0.581
0.988
0.456
0.092
0.605
0.209
0.582
0.262
0.459
0.148
0.52
0.313
0.406
0.205
0.003
0.608
0.036
0.615
0.937
0.821
0.517
0.65
0.527
0.937
0.316
0.092
0.109
0.161
0.391
0.357
0.531
0.38
0.334
0.104
0.558
0.149
0.699
0.282
0.768
0.574
0.821
0.987
0.754
0.742
0.504
0.156
0.494
0.175
0.757
0.5
1.0
0.929
0.785
0.52
0.054
0.695
0.889
0.818
0.552
0.858
0.042
0.849
0.774
0.453
0.479
0.678
0.54
0.119
0.516
0.262
0.037
0.082
0.58
0.928
0.615
0.991
0.754
0.462
0.19
0.382
0.747
0.643
0.664
0.814
0.35
0.819
0.651
0.459
0.184
0.984
0.375
0.965
0.516
0.595
0.339
0.121
0.028
0.765
0.751
0.744
0.432
0.536
0.69
0.773
0.046
0.46
0.121
0.638
0.801
0.31
0.144
0.863
0.777
0.857
0.76
0.136
0.371
0.989
0.39
0.248
0.921
0.303
0.618
0.687
0.392
0.128
0.159
0.506
0.112
0.31
0.109
0.364
0.57
0.136
0.358
0.025
0.306
0.873
0.015
0.28
0.961
0.006
0.921
0.445
0.352
0.642
0.131
0.522
0.246
0.309
0.524
0.021
0.36
0.006
0.248
0.76
0.325
0.417
0.399
0.567
0.176
0.157
0.552
0.061
0.476
0.481
0.932
0.607
0.959
0.567
0.368
0.99
0.371
0.65
0.01
0.489
0.001
0.033
0.385
0.349
0.734
0.192
0.488
0.05
0.04
0.744
0.696
0.835
0.675
0.029
0.572
0.634
0.643
0.777
0.849
0.85
0.114
0.567
0.17
0.979
0.58
0.21
0.201
0.394
0.697
0.64
0.865
0.957
0.097
0.877
0.688
0.371
0.715
0.08
0.607
0.118
0.155
0.459
0.373
0.107
0.376
0.124
0.644
0.269
0.524
0.142
0.505
0.358
0.822
0.772
0.316
0.887
0.01
0.122
0.596
0.296
0.612
0.662
0.373
0.928
0.132
0.523
0.543
0.715
0.926
0.121
0.377
0.182
0.838
0.75
0.623
0.421
0.872
0.409
0.718
0.286
0.041
0.34
0.931
0.387
0.411
0.353
0.522
0.14
