0.748
0.487
0.019
0.465
0.847
0.652
0.86
0.77
0.695
0.384
0.096
0.727
0.84
0.919
0.22
0.224
0.569
0.751
0.0
0.31
0.735
0.33
0.968
0.386
0.915
0.115
0.345
0.653
0.187
0.387
0.264
0.2
0.079
0.438
0.571
0.537
0.496
0.943
0.852
0.119
0.943
0.69
0.186
0.221
0.311
0.885
0.34
0.028
0.508
0.585
0.966
0.055
0.7
0.678
0.819
0.02
0.986
0.577
0.637
0.767
0.436
0.794
0.61
0.869
0.498
0.474
0.438
0.212
0.973
0.005
0.73
0.698
0.949
0.141
0.747
0.146
0.577
0.908
0.781
0.488
0.045
0.972
0.657
0.754
0.332
0.858
0.59
0.694
0.243
0.874
0.179
0.345
0.338
0.108
0.665
0.941
0.434
0.511
0.955
0.956
0.286
0.535
0.932
0.052
0.315
0.251
0.576
0.18
0.221
0.626
0.767
0.64
0.066
0.077
0.437
0.247
0.053
0.296
0.383
0.898
0.765
0.253
0.991
0.337
0.976
0.922
0.227
0.251
0.904
0.426
0.976
0.957
0.934
0.156
0.226
0.704
0.642
0.84
0.68
0.013
0.071
0.953
0.711
0.465
0.224
0.497
0.356
0.32
0.92
0.241
0.124
0.074
0.524
0.405
0.306
0.446
0.923
0.552
0.332
0.836
0.867
0.458
0.054
0.8
0.825
0.686
0.712
0.65
0.097
0.755
0.591
0.019
0.414
0.519
0.986
0.163
0.844
0.252
0.227
0.735
0.991
0.937
0.363
0.912
0.082
0.871
0.176
0.831
0.391
0.351
0.309
0.655
0.667
0.028
0.426
0.555
0.091
0.546
0.222
0.395
0.475
0.515
0.663
0.265
0.271
0.535
0.33
0.051
0.512
0.429
0.865
0.229
0.536
0.317
0.852
0.571
0.233
0.765
0.064
0.463
0.913
0.568
0.855
0.454
0.364
0.673
0.943
0.684
0.911
0.483
0.534
0.899
0.267
0.264
0.227
0.995
0.852
0.865
0.419
0.367
0.812
0.295
0.646
0.874
0.306
0.182
0.315
0.912
0.452
0.98
0.159
0.365
0.583
0.558
0.042
0.147
0.246
0.464
0.749
0.495
0.902
0.406
0.221
0.801
0.501
0.713
0.094
0.039
0.991
0.961
0.825
0.566
0.525
0.579
0.196
0.61
0.086
0.393
0.022
0.443
0.665
0.033
0.801
0.967
0.203
0.166
0.646
0.879
0.179
0.762
0.594
0.171
0.27
0.529
0.46
0.439
0.275
0.29
0.493
0.07
0.195
0.647
0.969
0.722
0.614
0.949
0.01
0.964
0.9
0.489
0.14
0.462
0.756
0.728
0.14
0.567
0.769
0.087
0.494
0.359
0.608
0.784
0.596
0.73
0.656
0.384
0.232
0.241
0.716
0.726
0.018
0.136
0.805
0.131
0.962
0.645
0.027
0.657
0.395
0.036
0.937
0.732
0.136
0.193
0.454
0.628
0.173
0.49
0.833
0.907
0.338
0.834
0.058
0.267
0.946
0.964
0.573
0.479
0.801
0.788
0.3
0.109
0.183
0.389
0.511
0.893
0.492
0.489
0.715
0.902
0.527
0.172
0.342
0.36
0.771
0.547
0.185
0.541
0.536
0.359
0.326
0.563
0.915
0.131
0.515
0.4
0.772
0.633
0.241
0.994
0.461
0.15
0.038
0.404
0.517
0.937
0.393
0.966
0.485
0.845
0.698
0.668
0.993
0.598
0.129
0.285
0.69
0.868
0.38
0.552
0.672
0.539
0.064
0.062
0.941
0.912
0.114
0.184
0.496
0.232
0.524
0.825
0.929
0.827
0.037
0.615
0.544
0.912
0.701
0.679
0.988
0.997
0.606
0.335
0.04
0.448
0.064
0.485
0.71
0.511
0.861
0.991
0.982
0.399
0.828
0.381
0.175
0.254
0.572
0.4
0.741
0.978
0.887
0.192
0.349
0.669
0.327
0.364
0.585
0.957
0.795
0.164
0.251
0.724
0.843
0.071
0.414
0.388
0.061
0.038
0.634
0.111
0.229
0.816
0.27
0.74
0.48
0.489
0.286
0.911
0.864
0.757
0.735
0.678
0.365
0.235
0.626
0.241
0.21
0.607
0.634
0.862
0.773
0.763
0.384
0.881
0.459
0.175
0.45
0.965
0.505
0.858
0.62
0.523
0.429
0.515
0.345
0.864
0.164
0.844
0.439
0.384
0.992
0.982
0.97
0.82
0.77
0.682
0.55
0.692
0.205
0.558
0.838
0.962
0.502
0.635
0.314
0.16
0.772
0.02
0.849
0.734
0.062
0.209
0.072
0.618
0.722
0.463
0.826
0.306
0.845
0.453
0.539
0.167
0.075
0.163
0.637
0.396
0.343
0.615
0.727
0.028
0.1
0.913
0.128
0.702
0.515
0.347
0.334
0.67
0.639
0.487
0.364
0.759
0.637
0.422
0.677
0.886
0.721
0.466
0.336
0.791
0.814
0.651
0.648
0.961
0.027
0.16
0.502
0.398
0.938
0.496
0.958
0.683
0.177
0.733
0.509
0.215
0.909
0.187
0.507
0.743
0.417
0.332
0.651
0.491
0.842
0.853
0.479
0.155
0.232
0.104
0.751
0.819
0
0.6
0.095
0
0.428
0.978
0.312
0.73
0.031
0.47
0.363
0.015
0.603
0.556
0.706
0.41
0.559
0.939
0.428
0.125
0.111
0.369
0.243
0.335
0.632
0.362
0.112
0.817
0.058
0.402
0.625
0.47
0.952
0.035
0.502
0.773
0.464
0.167
0.313
0.865
0.25
0.906
0.514
0.35
0.054
0.074
0.69
0.804
0.099
0.444
0.276
0.243
0.444
0.967
0.162
0.482
0.998
0.52
0.116
0.881
0.188
0.057
0.261
0.095
0.583
0.287
0.567
0.22
0.856
0.075
0.973
0.436
0.106
0.253
0.11
0.68
0.949
0.62
0.853
0.266
0.914
0.066
0.108
0.902
0.031
0.102
0.496
0.79
0.384
0.94
0.773
0.267
0.898
0.811
0.662
0.681
0.183
0.617
0.472
0.978
0.196
0.589
0.567
0.705
0.618
0.076
0.072
0.939
0.26
0.345
0.625
0.88
0.445
0.266
0.547
0.816
0.697
0.426
0.695
0.279
0.021
0.426
0.126
0.708
0.3
0.325
0.045
0.603
0.398
0.871
0.51
0.262
0.374
0.261
0.353
0.031
0.292
0.242
0.462
0.457
0.753
0.201
0.281
0.239
0.722
0.919
0.969
0.219
0.98
0.645
0.88
0.041
0.002
0.031
0.189
0.199
0.036
0.7
0.957
0.932
0.301
0.762
0.807
0.939
0.444
0.661
0.617
0.423
0.115
0.443
0.454
0.373
0.596
0.669
0.912
0.386
0.118
0.879
0.646
0.578
0.179
0.085
0.2
0.944
0
0.682
0.874
0.003
0.146
0.842
0.623
0.117
0.896
0.129
0.268
0.702
0.193
0.33
0.445
0.981
0.167
0.963
0.849
0.629
0.564
0.617
0.745
0.354
0.321
0.908
0.902
0.7
0.029
0.071
0.32
0.878
0.84
0.078
0.4
0.469
0.4
0.684
0.013
0.799
0.541
0.713
0.086
0.605
0.187
0.341
0.883
0.994
0.255
0.996
0.235
0.89
0.449
0.971
0.774
0.026
0.251
0.835
0.011
0.423
0.904
0.003
0.097
0.1
0.627
0.46
0.979
0.083
0.719
0.628
0.316
0.225
0.247
0.525
0.461
0.014
0.158
0.882
0.205
0.843
0.885
0.188
0.493
0.062
0.569
0.143
0.198
0.191
0.133
0.5
0.294
0.882
0.173
0.042
0.548
0.998
0.3
0.503
0.658
0.057
0.588
0.021
0.745
0.467
0.476
0.562
0.493
0.583
0.17
0.751
0.186
0.963
0.585
0.736
0.474
0.826
0.883
0.93
0.082
0.742
0.44
0.725
0.215
0.969
0.864
0.341
0.215
0.628
0.83
0.436
0.837
0.327
0.607
0.736
0.378
0.724
0.798
0.151
0.576
0.647
0.536
0.05
0.135
0.652
0.503
0.322
0.046
0.924
0.269
0.913
0.741
0.55
0.883
0.45
0.522
0.75
0.336
0.612
0.59
0.936
0.375
0.506
0.207
0.139
0.018
0.583
0.585
0.319
0.326
0.737
0.116
0.929
0.438
0.129
0.515
0.724
0.769
0.226
0.606
0.612
0.461
0.129
0.898
0.183
0.728
0.881
0.063
0.486
0.936
0.64
0.086
0.403
0.376
0.553
0.043
0.919
0.754
0.759
0.259
0.576
0.823
0.514
0.478
0.22
0.366
0.134
0.59
0.324
0.234
0.881
0.822
0.728
