0.621
0.906
0.614
0.262
0.464
0.772
0.267
0.283
0.697
0.894
0.67
0.712
0.965
0.677
0.943
0.384
0.915
0.581
0.775
0.05
0.153
0.425
0.099
0.007
0.83
0.604
0.684
0.397
0.72
0.288
0.967
0.187
0.82
0.654
0.678
0.19
0.652
0.89
0.954
0.777
0.111
0.502
0.391
0.952
0.997
0.412
0.844
0.505
0
0.887
0.273
0.596
0.316
0.688
0.289
0.305
0.756
0.072
0.484
0.202
0.393
0.383
0.486
0.555
0.889
0.594
0.471
0.409
0.104
0.925
0.938
0.459
0.543
0.42
0.112
0.233
0.314
0.525
0.339
0.369
0.051
0.77
0.131
0.25
0.73
0.704
0.642
0.286
0.516
0.522
0.646
0.202
0.333
0.069
0.395
0.538
0.696
0.975
0.397
0.532
0.559
0.953
0.395
0.593
0.628
0.807
0.088
0.117
0.224
0.354
0.013
0.485
0.925
0.359
0.074
0.255
0.38
0.679
0.462
0.757
0.229
0.688
0.232
0.493
0.25
0.158
0.674
0.99
0.628
0.19
0.827
0.677
0.202
0.369
0.346
0.678
0.938
0.526
0.6
0.91
0.482
0.411
0.9
0.638
0.492
0.64
0.738
0.886
0.743
0.863
0.458
0.622
0.466
0.948
0.021
0.833
0.2
0.211
0.403
0.647
0.721
0.944
0.688
0.998
0.162
0.255
0.96
0.859
0.246
0.953
0.175
0.544
0.721
0.752
0.744
0.111
0.456
0.704
0.377
0.049
0.23
0.958
0.314
0.447
0.711
0.19
0.403
0.378
0.364
0.161
0.812
0.231
0.073
0.481
0.407
0.331
0.851
0.541
0.404
0.622
0.384
0.726
0.699
0.268
0.742
0.267
0.541
0.424
0.808
0.496
0.182
0.451
0.133
0.574
0.631
0.933
0.694
0.288
0.259
0.088
0.328
0.797
0.887
0.663
0.846
0.057
0.483
0.972
0.019
0.388
0.524
0.809
0.135
0.167
0.563
0.676
0.483
0.511
0.516
0.735
0.003
0.84
0.429
0.946
0.793
0.805
0.406
0.28
0.219
0.206
0.111
0.682
0.089
0.261
0.281
0.914
0.028
0.524
0.533
0.085
0.208
0.836
0.899
0.108
0.443
0.902
0.356
0.333
0.8
0.505
0.587
0.658
0.076
0.568
0.063
0.122
0.626
0.417
0.446
0.151
0.625
0.567
0.948
0.481
0.193
0.829
0.169
0.835
0.803
0.506
0.467
0.785
0.403
0.759
0.084
0.074
0.926
0.857
0.574
0.444
0.073
0.434
0.29
0.767
0.084
0.177
0.331
0.73
0.237
0.804
0.72
0.182
0.599
0.36
0.052
0.885
0.22
0.029
0.867
0.857
0.34
0.465
0.311
0.323
0.61
0.948
0.646
0.711
0.463
0.787
0.431
0.681
0.259
0.762
0.974
0.501
0.01
0.585
0.392
0.416
0.815
0.495
0.264
0.003
0.179
0.493
0.568
0.359
0.98
0.388
0.248
0.775
0.387
0.034
0.398
0.888
0.935
0.183
0.884
0.881
0.772
0.358
0.181
0.811
0.172
0.87
0.798
0.945
0.33
0.829
0.358
0.905
0.485
0.531
0.914
0.494
0.415
0.702
0.363
0.337
0.248
0.342
0.607
0.51
0.589
0.04
0.549
0.878
0.603
0.911
0.874
0.576
0.421
0.846
0.38
0.774
0.766
0.598
0.228
0.145
0.785
0.295
0.952
0.836
0.719
0.408
0.724
0.237
0.203
0.613
0.441
0.895
0.337
0.873
0.611
0.662
0.578
0.738
0.69
0.838
0.392
0.582
0.397
0.046
0.289
0.821
0.24
0.044
0.098
0.263
0.649
0.167
0.143
0.772
0.621
0.857
0.23
0.853
0.293
0.478
0.592
0.306
0.856
0.848
0.865
0.197
0.39
0.958
0.011
0.114
0.951
0.716
0.175
0.795
0.907
0.634
0.647
0.427
0.693
0.841
0.25
0.305
0.759
0.223
0.895
0.939
0.472
0.162
0.719
0.16
0.116
0.695
0.821
0.617
0.204
0.682
0.661
0.655
0.649
0.125
0.989
0.487
0.074
0.792
0.015
0.86
0.205
0.988
0.618
0.483
0.117
0.09
0.01
0.879
0.034
0.422
0.16
0.446
0.538
0.941
0.314
0
0.347
0.163
0.36
0.421
0.647
0.261
0.235
0
0.243
0.659
0.237
0.526
0.602
0.898
0.761
0.89
0.015
0.849
0.822
0.857
0.762
0.964
0.262
0.536
0.684
0.483
0.141
0.547
0.882
0.503
0.393
0.634
0.532
0.321
0.402
0.734
0.785
0.347
0.968
0.309
0.815
0.029
0.54
0.247
0.028
0.972
0.418
0.838
0.487
0.233
0.28
0.608
0.463
0.884
0.317
0.169
0.597
0.348
0.872
0.472
0.62
0.572
0.107
0.224
0.597
0.524
0.624
0.927
0.162
0.326
0.866
0.598
0.487
0.31
0.511
0.651
0.676
0.717
0.532
0.033
0.906
0.213
0.861
0.813
0.742
0.704
0.808
0.98
0.827
0.956
0.543
0.634
0.965
0.486
0.289
0.828
0.544
0.178
0.344
0.851
0.903
0.585
0.556
0.992
0.48
0.83
0.41
0.31
0.959
0.231
0.809
0.336
0.066
0.74
0.619
0.89
0.451
0.999
0.667
0.323
0.226
0.726
0.14
0.578
0.958
0.479
0.32
0.089
0.113
0.488
0.975
0.594
0.174
0.088
0.769
0.208
0.192
0.235
0.455
0.412
0.081
0.547
0.521
0.813
0.279
0.791
0.862
0.119
0.671
0.399
0.119
0.798
0.39
0.688
0.741
0.629
0.164
0.833
0.371
0.091
0.239
0
0.044
0.814
0.305
0.557
0.764
0.205
0.648
0.196
0.486
0.551
0.106
0.509
0.95
0.333
0.539
0.653
0.586
0.023
0.802
0.832
0.725
0.681
0.024
0.076
0.28
0.985
0.596
0.138
0.533
0.468
0.123
0.853
0.029
0.104
0.138
0.578
0.558
0.621
0.833
0.235
0.199
0.524
0.269
0.489
0.76
0.145
0.57
0.192
0.654
0.665
0.021
0.713
0.791
0.122
0.409
0.113
0.073
0.087
0.465
0.567
0.951
0.971
0.097
0.564
0.032
0.887
0.89
0
0.241
0.669
0.297
0.602
0.682
0.346
0.504
0.609
0.203
0.459
0.131
0.656
0.771
0.385
0.632
0.358
0.511
0.815
0.865
0.967
0.345
0.626
0.586
0.246
0.868
0.436
0.926
0.21
0.431
0.398
0.712
0.724
0.377
0.545
0.364
0.544
0.538
0.074
0.591
0.054
0.074
0.965
0.997
0.669
0.567
0.482
0.385
0.509
0.51
0.449
0.626
0.108
0.398
0.031
0.314
0.137
0.322
0.997
0.875
0.167
0.832
0.251
0.523
0.069
0.871
0.998
0.843
0.614
0.169
0.983
0.249
0.101
0.42
0.946
0.743
0.548
0.906
0.082
0.899
0.054
0.042
0.119
0.906
0.85
0.059
0.484
0.266
0.706
0.399
0.619
0.459
0.239
0.152
0.332
0.805
0.185
0.619
0.831
0.033
0.393
0.156
0
0.129
0.275
0.041
0.219
0.035
0.565
0.373
0
0.694
0.199
0.858
0.635
0.236
0.243
0.774
0.651
0.415
0.056
0.309
0.192
0.198
0.285
0.219
0.963
0.616
0.53
0.526
0.088
0.628
0.648
0.692
0.648
0.36
0.696
0.486
0.405
0.448
0.829
0.113
0.982
0
0.533
0.878
0.805
0.912
0.311
0.907
0.498
0.401
0.85
0.835
0.291
0.679
0.362
0.62
0.884
0.411
0.444
0.239
0.816
0.256
0.761
0.436
0.507
0.679
0.709
0.927
0.343
0.556
0.695
0.392
0.518
0.69
0.753
0.842
0.905
0.221
0.474
0.105
0.441
0.43
0.931
0.147
0.296
0.01
0.377
0.946
0.543
0.552
0.093
0.975
0.403
0.335
0.436
0.785
0.351
0.261
0.824
0.425
0.777
0.323
0.831
0.217
0.977
0.559
0.142
0.842
0.757
0.534
0.564
0.37
0.254
0.838
0.517
0.429
0.613
0.326
0.332
0.763
0.161
0.723
0.137
0.223
0.676
0.31
0.804
0.248
0.201
0.063
0.044
0.942
0.157
0.514
0.67
0.42
0.094
0.851
0.8
0.034
0.263
0.124
0.535
0.49
0.075
0.668
0.013
0.28
0.443
0.453
0.155
0.994
0
0.115
0.469
0.703
0.405
0.979
0.467
0.455
0.379
0.378
0.161
0.402
0.354
0.071
0.183
