0.514
0.061
0.267
0.714
0.376
0.882
0.033
0.765
0.043
0.589
0.799
0.96
0.001
0.177
0.046
0.348
0.881
0.832
0.743
0.229
0.894
0.997
0.053
0.571
0.129
0.789
0.936
0.065
0.068
0.768
0.862
0.365
0.825
0.463
0.748
0.631
0.843
0.398
0.319
0.55
0.146
0.26
0.401
0.705
0.77
0.471
0.428
0.308
0.114
0.012
0.853
0.838
0.453
0.693
0.682
0.307
0.273
0.696
0.81
0.005
0.127
0.062
0.721
0.116
0.483
0.271
0.996
0.731
0.61
0.543
0.302
0.85
0.362
0.872
0.75
0.167
0.621
0.269
0.171
0.82
0.904
0.901
0.341
0.044
0.137
0.964
0.75
0.283
0.217
0.44
0.035
0.631
0.621
0.438
0.109
0.124
0.132
0.804
0.113
0.367
0.543
0.284
0.377
0.291
0.441
0.104
0.869
0.873
0.231
0.157
0.05
0.665
0.015
0.338
0.421
0.871
0.802
0.998
0.845
0.343
0.861
0.504
0.177
0.481
0.279
0.689
0.132
0.616
0.895
0.537
0.644
0.977
0.772
0.605
0.88
0.435
0.484
0.868
0.213
0.251
0.638
0.904
0.372
0.479
0.111
0.098
0.937
0.112
0.4
0.997
0.203
0.944
0.694
0.522
0.638
0.487
0.211
0.59
0.629
0.776
0.348
0.848
0.607
0.569
0.292
0.803
0.34
0.799
0.227
0.262
0.366
0.305
0.847
0.053
0.122
0.551
0.055
0.22
0.357
0.06
0.458
0.809
0.64
0.912
0.571
0.547
0.965
0.914
0.43
0.356
0.018
0.61
0.898
0.266
0.944
0.447
0.812
0.832
0.826
0.53
0.196
0.718
0.093
0.078
0.276
0.233
0.581
0.198
0.569
0.481
0.482
0.521
0.321
0.295
0.906
0.256
0.269
0.615
0.07
0.96
0.31
0.632
0.117
0.228
0.144
0.632
0.805
0.152
0.024
0.096
0.486
0.767
0.486
0.319
0.46
0.404
0.215
0.018
0.453
0.694
0.543
0.408
0.3
0.988
0.962
0.931
0.77
0.514
0.003
0.073
0.922
0.805
0.129
0.381
0.591
0.103
0.098
0.59
0.059
0.156
0.281
0.381
0.328
0.22
0.237
0.571
0.375
0.107
0.507
0.072
0.672
0.134
0.876
0.305
0.708
0.808
0.906
0.923
0.839
0.499
0.942
0.816
0.095
0.326
0.577
0.227
0.709
0.402
0.744
0.035
0.716
0.37
0.258
0.945
0.917
0.313
0.916
0.439
0.987
0.193
0.999
0.645
0.111
0.459
0.14
0.836
0.524
0.587
0.31
0.537
0.106
0.5
0.981
0.48
0.065
0.156
0.822
0.502
0.923
0.88
0.388
0.17
0.759
0.191
0.387
0.289
0.054
0.766
0.527
0.251
0.348
0.845
0.892
0.349
0.772
0.967
0.659
0.853
0.481
0.787
0.227
0.081
0.49
0.681
0.992
0.25
0.134
0.607
0.351
0.007
0.433
0.16
0.591
0.876
0.824
0.592
0.243
0.379
0.738
0.743
0.819
0.7
0.514
0.537
0.636
0.732
0.458
0.823
0.174
0.375
0.264
0.724
0.655
0.078
0.655
0.93
0.529
0.467
0.814
0.575
0.822
0.358
0.998
0.926
0.728
0.513
0.206
0.145
0.647
0.235
0.404
0.023
0.971
0.1
0.374
0.859
0.143
0.023
0.605
0.847
0.734
0.762
0.481
0.083
0.011
0.276
0.5
0.742
0.515
0.418
0.139
0.273
0.823
0.275
0.893
0.776
0.04
0.031
0.223
0.899
0.8
0.06
0.456
0.191
0.578
0.971
0.07
0.071
0.733
0.043
0.355
0.384
0.839
0.902
0.18
0.726
0.308
0.561
0.418
0.931
0.668
0.1
0.709
0.063
0.132
0.269
0.313
0.816
0.67
0.003
0.104
0.752
0.583
0.2
0.571
0.862
0.562
0.848
0.871
0.917
0.473
0.631
0.317
0.729
0.451
0.505
0.289
0.912
0.264
0.633
0.784
0.409
0.647
0.669
0.478
0.878
0.124
0.131
0.988
0.658
0.806
0.3
0.686
0.015
0.997
0.357
0.667
0.089
0.706
0.039
0.733
0.574
0.211
0.242
0.853
0.768
0.864
0.572
0.989
0.87
0.837
0.542
0.984
0.581
0.657
0.015
0.196
0.144
0.942
0.37
0.307
0.75
0.828
0.953
0.458
0.533
0.384
0.06
0.522
0.803
0.94
0.367
0.077
0.971
0.724
0.885
0.068
0.225
0.298
0.54
0.076
0.939
0.943
0.558
0.086
0.366
0.164
0.15
0.347
0.672
0.89
0.213
0.714
0.626
0.211
0.011
0.078
0.594
0.81
0.399
0.884
0.808
0.169
0.903
0.908
0.946
0.289
0.413
0.289
0.44
0.712
0.744
0.307
0.331
0.398
0.353
0.932
0.932
0.641
0.861
0.827
0.008
0.589
0.559
0.031
0.961
0.444
0.476
0.909
0.506
0.409
0.929
0.778
0.226
0.188
0.384
0.658
0.519
0.708
0.801
0.973
0.806
0.045
0.087
0.696
0.177
0.998
0.705
0.636
0.04
0.011
0.319
0.773
0.883
0.623
0.716
0.441
0.729
0.648
0.363
0.838
0.018
0.81
0.648
0.861
0.297
0.157
0.958
0.853
0.223
0.887
0.834
0.775
0.894
0.962
0.749
0.462
0.778
0.728
0.744
0.362
0.662
0.21
0.81
0.223
0.302
0.358
0.232
0.816
0.199
0.731
0.321
0.118
0.585
0.802
0.837
0.139
0.787
0.701
0.753
0.87
0.402
0.512
0.527
0.277
0.216
0.805
0.293
0.344
0.908
0.319
0.378
0.102
0.737
0.578
0.36
0.331
0.619
0.719
0.213
0.238
0.305
0.814
0.414
0.906
0.595
0.089
0.853
0.783
0.506
0.425
0.275
0.667
0.534
0.988
0.058
0.508
0.379
0.352
0.044
0.141
0.442
0.242
0.668
0.481
0.683
0.09
0.156
0.542
0.903
0.78
0.986
0.762
0.161
0.979
0.995
0.287
0.778
0.137
0.194
0.534
0.021
0.033
0.119
0.16
0.667
0.003
0.948
0.918
0.203
0.526
0.808
0.303
0.617
0.574
0.698
0.074
0.193
0.565
0.032
0.137
0.308
0.411
0.542
0.484
0.141
0.704
0.939
0.43
0.027
0.026
0.473
0.169
0.306
0.368
0.845
0.675
0.681
0.02
0.947
0.192
0.458
0.066
0.233
0.499
0.185
0.747
0.706
0.346
0.895
0.119
0.261
0.975
0.124
0.124
0.426
0.753
0.677
0.709
0.809
0.915
0.399
0.743
0.855
0.392
0.217
0.743
0.269
0.971
0.095
0.905
0.353
0.107
0.009
0.378
0.517
0.266
0.838
0.955
0.961
0.404
0.066
0.093
0.007
0.626
0.594
0.918
0.401
0.43
0.372
0.528
0.469
0.799
0.748
0.258
0.982
0.395
0.748
0.984
0.11
0.966
0.903
0.39
0.061
1.0
0.067
0.602
0.599
0.288
0.318
0.297
0.04
0.151
0.146
0.637
0.132
0.142
0.625
0.476
0.234
0.544
0.716
0.126
0.684
0.108
0.694
0.959
0.229
0.351
0.018
0.095
0.223
0.182
0.351
0.256
0.105
0.864
0.302
0.996
0.61
0.619
0.02
0.037
0.608
0.121
0.896
0.653
0.47
0.45
0.073
0.951
0.118
0.834
0.315
0.763
0.58
0.563
0.441
0.724
0.785
0.579
0.631
0.903
0.384
0.5
0.822
0.79
0.563
0.141
0.428
0.995
0.728
0.583
0.381
0.949
0.917
0.86
0.982
0.788
0.21
0.865
0.691
0.151
0.523
0.097
0.458
0.265
0.486
0.011
0.632
0.815
0.785
0.709
0.984
0.455
0.639
0.94
0.803
0.101
0.234
0.003
0.898
0.006
0.12
0.754
0.857
0.108
0.34
0.873
0.851
0.688
0.469
0.904
0.891
0.15
0.773
0.618
0.065
0.738
0.539
0.14
0.441
0.819
0.609
0.778
0.942
0.142
0.948
0.619
0.617
0.525
0.071
0.967
0.301
0.762
0.966
0.081
0.583
0.162
0.857
0.456
0.469
0.149
0.175
0.857
0.053
0.118
0.707
0.277
0.443
0.501
0.373
0.838
0.933
0.305
0.04
0.253
0.975
0.255
0.044
0.518
0.291
0.639
0.651
0.681
0.592
0.545
0.087
0.502
0.731
0.931
0.246
0.469
0.45
0.065
0.695
0.223
0.748
0.785
0.9
0.014
0.109
0.609
0.628
0.907
0.117
0.996
0.881
0.787
0.613
