0.666
0.254
0.645
0.381
0.291
0.034
0.4
0.171
0.521
0.109
0.506
1.0
0.639
0.338
0.108
0.413
0.51
0.824
0.81
0.003
0.431
0.039
0.369
0.549
0.049
0.21
0.611
0.194
0.496
0.442
0.944
0.686
0.336
0.555
0.957
0.73
0.31
0.05
0.488
0.861
0.424
0.701
0.8
0.756
0.023
0.458
0.602
0.214
0.277
0.148
0.096
0.131
0.88
0.653
0.291
0.447
0.453
0.79
0.787
0.614
0.358
0.276
0.711
0.028
0.016
0.229
0.69
0.481
0.453
0.06
0.186
0.854
0.617
0.61
0.618
0.662
0.126
0.228
0.483
0.184
0.738
0.171
0.217
0.166
0.925
0.786
0.367
0.415
0.188
0.614
0.324
0.525
0.517
0.208
0.177
0.984
0.964
0.271
0.259
0.681
0.674
0.128
0.926
0.459
0.505
0.238
0.194
0.568
0.485
0.077
0.934
0.684
0.638
0.543
0.541
0.305
0.785
0.123
0.81
0.918
0.109
0.142
0.985
0.211
0.927
0.366
0.703
0.802
0.888
0.504
0.086
0.386
0.66
0.15
0.077
0.895
0.312
0.165
0.578
0.022
0.712
0.79
0.745
0.591
0.044
0.751
0.764
0.918
0.588
0.869
0.381
0.241
0.35
0.278
0.55
0.705
0.289
0.867
0.397
0.423
0.332
0.069
0.886
0.944
0.797
0.087
0.476
0.594
0.411
0.258
0.509
0.27
0.647
0.621
0.548
0.854
0.475
0.827
0.878
0.514
0.431
0.843
0.704
0.063
0.634
0.122
0.74
0.364
0.061
0.149
0.241
0.09
0.866
0.169
0.14
0.37
0.067
0.536
0.753
0.838
0.4
0.038
0.955
0.805
0.889
0.664
0.156
0.855
0.751
0.665
0.073
0.476
0.986
0.144
0.803
0.426
0.954
0.61
0.625
0.643
0.819
0.21
0.885
0.326
0.9
0.488
0.559
0.892
0.968
0.762
0.644
0.724
0.662
0.395
0.094
0.731
0.232
0.189
0.898
0.295
0.751
0.855
0.742
0.805
0.776
0.931
0.137
0.38
0.84
0.711
0.279
0.828
0.499
0.136
0.725
0.794
0.667
0.054
0.035
0.461
0.44
0.29
0.397
0.401
0.155
0.05
0.941
0.977
0.995
0.011
0.188
0.143
0.921
0.064
0.221
0.752
0.411
0.32
0
0.345
0.422
0.488
0.407
0.138
0.143
0.697
0.72
0.962
0.68
0.809
0.181
0.484
0.147
0.16
0.473
0.929
0.751
0.071
0.802
0.338
0.624
0.504
0.161
0.262
0.09
0.17
0.078
0.787
0.879
0.558
0.76
0.101
0.733
0.881
0.736
0.123
0.661
0.016
0.329
0.476
0.759
0.373
0.686
0.841
0.708
0.069
0.283
0.13
0.486
0.161
0.724
0.982
0.864
0.292
0.618
0.555
0.661
0.652
0.347
0.699
0.601
0.136
0.842
0.596
0.227
0.349
0.756
0.741
0.33
0.861
0.611
0.139
0.482
0.746
0.371
0.694
0.437
0.553
0.3
0.505
0.147
0.271
0.893
0.473
0.538
0.496
0.379
0.686
0.84
0.489
0.043
0.078
0.998
0.081
0.55
0.086
0.042
0.06
0.722
0.156
0.015
0.972
0.024
0.475
0.31
0.88
0.181
0.186
0.729
0.94
0.044
0.419
0.819
0.253
0.994
0.876
0.918
0.43
0.552
0.38
0.629
0.701
0.786
0.657
0.818
0.015
0.203
0.998
0.978
0.359
0.698
0.065
0.866
0.527
0.767
0.124
0.089
0.796
0.97
0.546
0.631
0.61
0.161
0.951
0.353
0.132
0.545
0.94
0.943
0.692
0.58
0.281
0.38
0.537
0.976
0.343
0.331
0.948
0.583
0.286
0.629
0.717
0.659
0.243
0.011
0.321
0.867
0.899
0.334
0.892
0.686
0.036
0.726
0.745
0.851
0.592
0.166
0.107
0.007
0.152
0.678
0.021
0.218
0.083
0.113
0.184
0.992
0.668
0.713
0.642
0.084
0.277
0.015
0.895
0.826
0.985
0.112
0.93
0.781
0.594
0.435
0.757
0.352
0.762
0.234
0.38
0.133
0.147
0.938
0.482
0.8
0.533
0.902
0.244
0.659
0.613
0.717
0.798
0.562
0.417
0.817
0.399
0.594
0.732
0.373
0.078
0.708
0.192
0.448
0.183
0.108
0.551
0.602
0.625
0.402
0.097
0.219
0.398
0.442
0.344
0.031
0.054
0.25
0.858
0.831
0.23
0
0.563
0.817
0.317
0.936
0.295
0.486
0.182
0.356
0.359
0.881
0.98
0.339
0.272
0.236
0.22
0.785
0.377
0.158
0.96
0.305
0.409
0.325
0.24
0.767
0.508
0.929
0.285
0.981
0.118
0
0.668
0.702
0.231
0.823
0.736
0.404
0.152
0.427
0.996
0.599
0.369
0.457
0.18
0.989
0.597
0.378
0.168
0.49
0.858
0.554
0.295
0.068
0
0.982
0.457
0.09
0.33
0.547
0.607
0.615
0.109
0.228
0.603
0.091
0.858
0.596
0.169
0.033
0.797
0.092
0.39
0.744
0.957
0.272
0.352
0.966
0.755
0.78
0.749
0.305
0.245
0.091
0.606
0.878
0.539
0.955
0.564
0.841
0.944
0.178
0.147
0.49
0.62
0.954
0.077
0.08
0.1
0.167
0.115
0.579
0.631
0.849
0.601
0.419
0.022
0.479
0.076
0.957
0.046
0.739
0.995
0.196
0.308
0.741
0.502
0.14
0.667
0.391
0.616
0.248
0.567
0.117
0.796
0
0.97
0.762
0.944
0.05
0.294
0.919
0.116
0.383
0.895
0.314
0.139
0.117
0.156
0.814
0.22
0.435
0.492
0.485
0.818
0.037
0.464
0.357
0.197
0.381
0.648
0.809
0.695
0.796
0.176
0.106
0.904
0.348
0.508
0.769
0.563
0.146
0.683
0.589
0.521
0.059
0.391
0.716
0.869
0.494
0.803
0.62
0.594
0.26
0.502
0.644
0.691
0.265
0.991
0.993
0.47
0.914
0.699
0.551
0.106
0.808
0.925
0.094
0.07
0.25
0.668
0.119
0.202
0.205
0.257
0.109
0.768
0.924
0.932
0.297
0.13
0.016
0.387
0.122
0.59
0
0
0.677
0.109
0.353
0.588
0.117
0.527
0.705
0.788
0.849
0.842
0.673
0.278
0.077
0.081
0.676
0.59
0.029
0.677
0.202
0.468
0.413
0.488
0.918
0.107
0.166
0.71
0.288
0.951
0.51
0.761
0.133
0.018
0.12
0.876
0.348
0.471
0.047
0.027
0.406
0.361
0.441
0.542
0.868
0.879
0.643
0.995
0.26
0.165
0.84
0.368
0.748
0.974
0.862
0.737
0.64
0.225
0.64
0.618
0.152
0.277
0.728
0.93
0.771
0
0.387
0.567
0.068
0.474
0.962
0.506
0.425
0.78
0.82
0.032
0.673
0.346
0
0.553
0.025
0.686
0.377
0.675
0.726
0.854
0.038
0.016
0.325
0.177
0.948
0.591
0.694
0.249
0.506
0.687
0.062
0.733
0.188
0.554
0.159
0.467
0.921
0.472
0.581
0.529
0.107
0.364
0.246
0.558
0.422
0.655
0.649
0.32
0.976
0.46
0.784
0.828
0.098
0.052
0.235
0.888
0.884
0.496
0.402
0.595
0.969
0.662
0.462
0.765
0.622
0.272
0.41
0.396
0.879
0.203
0.174
0.616
0.912
0.464
0.797
0.797
0.34
0.964
0.435
0.43
0.908
0.473
0.316
0.817
0.391
0.53
0.474
0.532
0.812
0.592
0.243
0.702
0.408
0.594
0.101
0.412
0.894
0.557
0.311
0.242
0.945
0.697
0.554
0.996
0.678
0.01
0.098
0.669
0.581
0.847
0.238
0.376
0.941
0.627
0.149
0.416
0.656
0.412
0.664
0.828
0.418
0.985
0.323
0.893
0.796
0.6
0.998
0.384
0.478
0.327
0.763
0.744
0.316
0.118
0.37
0.349
0.24
0.827
0.302
0.575
0.254
0.235
0.678
0.818
0.98
0.597
0.94
0.865
0.468
0.708
0.055
0.758
0.105
0.112
0.003
0.912
0.64
0.868
0.456
0.546
0.387
0.291
0.912
0.361
0.534
0.3
0.513
0.438
0.744
0.828
0.329
0.729
0.104
0.257
0.996
0.556
0.73
0.122
0.569
0.093
0.751
0.558
0.451
0.477
0.084
0.546
0.555
0.864
0.31
0.797
0.387
0.557
0.338
0.627
0.097
0.19
0.934
0.774
0.144
0.982
0.232
0.69
0.125
0.849
