0.712
0.631
0.85
0.119
0.363
0.595
0.891
0.267
0.097
0.255
0.226
0.634
0.934
0.055
0.886
0.298
0.566
0.149
0.66
0.029
0.396
0.771
0.733
0.828
0.452
0.711
0.375
0.32
0.139
0.863
0.338
0.209
0.182
0.036
0.882
0.447
0.787
0.324
0.457
0.49
0.149
0.996
0.539
0.06
0.415
0.323
0.484
0.988
0.877
0.949
0.781
0.922
0.039
0.181
0.22
0.604
0.314
0.061
0.588
0.856
0.705
0.402
0.952
0.25
0.124
0.848
0.406
0.712
0.793
0.351
0.268
0.672
0.221
0.837
0.874
0.057
0.559
0.524
0.562
0.112
0.185
0.557
0.076
0.029
0.467
0.482
0.127
0.617
0.744
0.737
0.232
0.19
0.147
0.837
0.31
0.359
0.572
0.65
0.116
0.509
0.413
0.624
0.11
0.485
0.5
0.007
0.387
0.808
0.249
0.31
0.441
0.139
0.332
0.3
0.685
0.979
0.116
0.118
0.161
0.386
0.236
0.994
0.025
0.926
0.96
0.503
0.317
0.711
0.724
0.364
0.805
0.352
0.318
0.31
0.795
0.38
0.765
0.235
0.896
0.846
0.359
0.386
0.94
0.524
0.709
0.753
0.892
0.09
0.807
0.471
0.151
0.531
0.239
0.213
0.333
0.492
0.751
0.597
0.326
0.301
0.06
0.677
0.668
0.539
0.048
0.941
0.982
0.34
0.577
0.944
0.877
0.007
0.675
0.98
0.373
0.789
0.887
0.229
0.597
0.174
0.03
0.984
0.721
0.287
0.833
0.651
0.624
0.136
0.851
0.76
0
0.479
0.342
0.873
0.301
0.004
0.045
0.741
0.056
0.252
0.598
0.208
0.197
0.478
0.13
0.121
0.304
0.19
0.831
0.567
0.311
0.034
0.048
0.135
0.906
0.19
0.754
0.257
0.308
0.941
0.784
0.437
0.462
0.367
0.613
0.262
0.324
0.301
0.717
0.149
0.168
0.505
0.994
0.27
0.747
0.936
0.814
0.811
0.923
0.221
0.597
0.562
0.233
0.076
0.666
0.756
0.614
0.225
0.832
0.805
0.513
0.565
0.553
0.154
0.253
0.988
0.197
0.949
0.613
0.924
0.846
0.067
0.621
0.165
0.653
0.391
0.013
0.234
0.647
0.551
0.864
0.136
0.292
0.608
0.771
0.221
0.429
0.483
0.728
0.76
0.132
0.159
0.615
0.57
0.686
0.517
0.851
0.12
0.975
0.225
0.367
0.057
0.338
0.213
0.455
0.549
0.026
0.959
0.726
0.493
0.815
0.152
0.143
0.641
0.601
0.319
0.946
0.39
0.962
0.051
0.027
0.901
0.435
0.318
0.31
0.834
0.802
0.916
0.449
0.511
0.195
0.414
0.479
0.404
0.151
0.085
0.629
0.843
0.813
0.401
0.915
0.374
0.088
0.226
0.212
0.565
0.845
0.804
0.045
0.102
0.168
0
0.819
0.328
0.27
0.768
0.725
0.331
0.777
0.063
0.738
0.964
0.354
0.359
0.826
0.562
0.304
0.024
0.579
0.548
0.369
0.955
0.292
0.657
0.847
0.474
0.262
0.942
0.955
0.848
0.569
0.119
0.211
0.437
0.28
0.113
0.536
0.939
0.717
0.911
0.852
0.13
0.717
0.79
0.611
0.696
0.833
0.615
0.768
0.83
0.051
0.161
0.018
0.789
0.419
0.892
0.101
0.946
0.649
0.591
0.877
0.853
0.07
0.437
0.913
0.774
0.355
0.223
0.874
0.499
0.398
0.9
0.13
0.074
0.6
0.145
0.281
0.529
0.31
0.739
0.676
0.175
0.328
0.468
0.739
0.391
0.728
0.455
0.722
0.53
0.992
0.313
0.304
0.144
0.722
0.424
0.978
0.842
0.528
0.337
0.893
0.377
0.19
0.286
0.031
0.598
0.224
0.005
0.439
0.842
0.823
0.844
0.815
0.287
0.171
0.473
0.983
0.731
0.548
0.48
0.232
0.004
0.741
0.488
0.582
0.595
0.726
0.969
0.2
0.126
0.771
0.81
0.733
0.762
0.325
0.75
0.887
0.19
0.31
0.721
0.529
0.199
0.886
0.92
0.254
0.751
0.568
0.724
0.442
0.611
0.442
0
0.664
0.977
0.151
0.805
0.124
0.804
0.931
0.945
0.444
0.905
0.605
0.494
0.89
0.36
0.834
0.523
0.342
0.642
0.35
0.92
0.269
0.582
0.018
0.091
0.562
0.365
0.7
0.848
0.928
0.267
0.296
0.922
0.183
0.238
0.941
0.148
0.358
0.727
0.909
0.701
0.414
0.025
0.363
0.834
0.759
0.589
0.683
0.164
0.107
0.228
0.512
0.823
0.546
0.793
0.619
0.81
0.751
0.03
0.484
0.429
0.993
0.049
0.067
0.503
0.616
0.813
0.511
0.916
0.191
0.4
0.35
0.913
0.512
0.56
0.717
0.15
0.291
0.581
0.063
0.044
0.5
0.472
0.917
0.318
0.101
0.512
0.85
0.533
0.446
0.451
0.43
0.838
0.592
0.144
0.213
0.486
0.023
0.581
0.178
0.362
0.9
0.621
0.453
0.513
0.287
0.178
0.116
0.469
0.853
0.746
0.97
0.741
0.52
0.084
0.458
0.091
0.671
0.522
0.083
0.356
0.962
0.979
0.262
0.538
0.756
0.656
0.507
0.788
0.144
0.895
0.77
0.235
0.772
0.223
0.883
0.77
0.119
0.271
0.423
0.916
0.535
0.555
0.48
0.18
0.368
0.402
0.607
0.283
0.832
0.753
0.92
0.836
0.443
0.989
0.827
0.768
0.565
0.707
0.349
0.558
0.494
0.883
0.644
0.495
0.33
0.501
0.153
0.114
0.85
0.392
0.447
0.607
0.28
0.98
0.238
0.518
0.824
0.614
0.002
0.934
0.587
0.48
0.849
0.762
0.115
0.391
0.614
0.676
0.415
0.158
0.852
0.82
0.296
0.145
0.499
0.552
0.469
0.981
0.638
0.365
0.605
0.31
0.849
0.383
0.476
0.464
0.657
0.453
0.02
0.76
0.814
0.138
0.812
0.91
0.899
0.252
0.739
0.584
0.16
0.747
0.472
0.066
0.345
0.165
0.601
0.08
0.894
0.805
0.752
0.624
0.439
0.692
0.52
0.732
0.517
0.709
0.257
0.626
0.09
0.59
0.284
0.097
0.577
0.692
0.006
0.955
0.093
0.406
0.498
0.513
0.772
0.109
0.027
0.415
0.82
0.356
0.789
0.952
0.516
0.31
0.477
0.619
0.273
0.017
0.921
0.341
0.685
0.573
0.064
0.544
0.231
0.043
0.615
0.795
0.831
0.81
0.867
0.53
0.19
0.079
0.313
0.195
0.563
0.948
0.123
0.041
0.436
0.054
0.366
0.12
0.884
0.905
0.39
0.771
0.255
0.208
0.768
0.215
0.584
0.003
0.679
0.106
0.437
0.336
0.525
0.888
0.996
0.989
0.763
0.097
0
0.366
0.423
0.727
0.608
0.836
0.297
0.053
0.428
0.686
0.061
0.57
0.847
0.667
0.331
0.058
0.958
0.075
0.438
0.422
0.622
0.604
0.54
0.497
0.57
0.661
0.46
0.261
0.704
0.425
0.075
0.414
0.614
0.296
0.9
0.097
0.694
0.3
0.127
0.751
0.257
0.128
0.73
0.574
0.625
0.289
0.672
0.563
0.417
0.572
0.658
0.77
0.404
0.108
0.107
0.699
0.867
0.424
0.751
0.298
0.472
0.902
0.923
0.134
0.56
0.322
0.538
0.833
0.459
0.713
0.458
0.187
0.489
0.907
0.434
0.535
0.716
0.995
0.677
0.607
0.119
0.276
0.066
0.013
0.634
0.858
0.097
0.899
0.175
0.755
0.026
0.032
0.11
0.846
0.294
0.885
0.445
0.768
0.63
0.831
0.223
0.451
0.298
0.342
0.673
0.388
0.637
0.971
0.749
0.598
0.065
0.101
0.964
0.819
0.408
0.201
0.665
0.744
0.355
0.196
0.056
0.841
0.158
0.239
0.938
0.542
0.109
0.393
0.676
0.342
0.463
0.251
0.657
0.628
0.074
0.961
0.654
0.329
0.904
0.356
0.2
0.265
0.661
0.278
0.819
0.279
0.309
0.563
0.879
0.202
0.587
0.482
0.742
0.756
0.239
0.773
0.206
0.493
0.487
0.752
0.656
0.472
0.045
0.957
0.322
0.386
0.762
0.037
0.429
0.701
0.948
0.034
0.507
0.228
0.858
0.774
0.846
0.158
0.175
0.907
0.222
0.028
0.575
0.917
0.648
0.909
0.808
0.885
0.614
0.268
0.017
0.38
0.619
0.204
0.4
0.222
0.106
0.616
