0.237
0.838
0.883
0.609
0.017
0.387
0.755
0.253
0.603
0.909
0.518
0.042
0.642
0.191
0.411
0.738
0.59
0.83
0.199
0.151
0.969
0.239
0.38
0.876
0.35
0.678
0.719
0.772
0.668
0.345
0.871
0.8
0.669
0.651
0.486
0.08
0.401
0.274
0.639
0.239
0.876
0.938
0.837
0.941
0.866
0.239
0.673
0.83
0.387
0.634
0
0.983
0.962
0.107
0.063
0.536
0.128
0.208
0.893
0.182
0.536
0.107
0.096
0.021
0.917
0.483
0.015
0.016
0.037
0.792
0.572
0.492
0.99
0.889
0.859
0.79
0.477
0.418
0.779
0.338
0.127
0.722
0.576
0.734
0.62
0.052
0.94
0.294
0.38
0.818
0.641
0.026
0.189
0.254
0.558
0.807
0.769
0.142
0.008
0.814
0.618
0.0
0.789
0.325
0.648
0.968
0.567
0.211
0.57
0.881
0.341
0.701
0.998
0.63
0.292
0.612
0.234
0.594
0
0.91
0.287
0.868
0.391
0.178
0.354
0.272
0.913
0.706
0.118
0.138
0.167
0.69
0.138
0.332
0.186
0.209
0.519
0.378
0.946
0.894
0.716
0.611
0.401
0.35
0.898
0.377
0.817
0.542
0.018
0.911
0.172
0.329
0.117
0.061
0.984
0.293
0.759
0.926
0.638
0.065
0.485
0.973
0.211
0.766
0.34
0.926
0.983
0.967
0.223
0.713
0.001
0.805
0.796
0.81
0.423
0.064
0.742
0.202
0.917
0.464
0.039
0.894
0.277
0.378
0.412
0.807
0.855
0.185
0.466
0.964
0.369
0.081
0.232
0.421
0.957
0.883
0.244
0.828
0.954
0.138
0.938
0.892
0.836
0.214
0.356
0.263
0.854
0.059
0.651
0.609
0.791
0.256
0.406
0.854
0.123
0.834
0.114
0.186
0.287
0.969
0.943
0.527
0.494
0.111
0.559
0.566
0.771
0
0.739
0.5
0.84
0.43
0.699
0.486
0.275
0.676
0.776
0.733
0.365
0.863
0.152
0.032
0
0.254
0.508
0.784
0.954
0.545
0.173
0.223
0.042
0.922
0.87
0.47
0.532
0.052
0.451
0.579
0.53
0.462
0.245
0.38
0.309
0.543
0.176
0.629
0.39
0.165
0.537
0.421
0
0.358
0.199
0.494
0.781
0.821
0.558
0.75
0.619
0.977
0.785
0.227
0.877
0.89
0.76
0.886
0.484
0.119
0.126
0.838
0.25
0.718
0.158
0.292
0.033
0.692
0.513
0.729
0.732
0.566
0.551
0.841
0.047
0.873
0.608
0.176
0.905
0.596
0.856
0.719
0.254
0.584
0.214
0.817
0.924
0.944
0.693
0.443
0.703
0.356
0.731
0.75
0.023
0.004
0.367
0.521
0.792
0.886
0.126
0.976
0.462
0.298
0.409
0.612
0.11
0.228
0.443
0.509
0.582
0.373
0.937
0.079
0.648
0.311
0.585
0.64
0.593
0.044
0.733
0.862
0.505
0.622
0.19
0.9
0.39
0.045
0.202
0.509
0.473
0.312
0.208
0.683
0.353
0.178
0.371
0.929
0.639
0.344
0.055
0.164
0.914
0.49
0.772
0.871
0.072
0.709
0.994
0.474
0.184
0.942
0.043
0.638
0.73
0.674
0.094
0.882
0.91
0.981
0.375
0.703
0.933
0.71
0.035
0.421
0.752
0.984
0.189
0.1
0.472
0.822
0.326
0.818
0.07
0.894
0.19
0.276
0.313
0.195
0.325
0.686
0.158
0.818
0.713
0.522
0.444
0.721
0.715
0.003
0.725
0.055
0.891
0.07
0.324
0.33
0.883
0.363
0.149
0.617
0.981
0.592
0.995
0.979
0.633
0.476
0.34
0.498
0.339
0.775
0.011
0.688
0.77
0.827
0.216
0.393
0.963
0.983
0.864
0.257
0.956
0.125
0.026
0.072
0.219
0.778
0.92
0.063
0.196
0.886
0.227
0.228
0.169
0.806
0.937
0.892
0.585
0.471
0.455
0.064
0.652
0.553
0.718
0.835
0.197
0.255
0.696
0.978
0.829
0.76
0.195
0.903
0.056
0.515
0.4
0.879
0.704
0.584
0.379
0.286
0.9
0.137
0.694
0.324
0.844
0.957
0.9
0.706
0.429
0.25
0.106
0.288
0.373
0.83
0.909
0.628
0.991
0.831
0.669
0.505
0.491
0.232
0.149
0.858
0.226
0.943
0.633
0.007
0.332
0.227
0.73
0.622
0.006
0.75
0.108
0.091
0.313
0.339
0.205
0.307
0.578
0.589
0.903
0.787
0.24
0.514
0.911
0.379
0.113
0.552
0.012
0.653
0.163
0.464
0.659
0.578
0.306
0.156
0.148
0.108
0.56
0.137
0.167
0.061
0.767
0.243
0.075
0.413
0.647
0.09
0.081
0.518
0.303
0.667
0.945
0.829
0.385
0.274
0.888
0.239
0.648
0.831
0.852
0.171
0.501
0.34
0.416
0.294
0.269
0.661
0.559
0.333
0.07
0.394
0.051
0.981
0.997
0.232
0.104
0.14
0.491
0.832
0.252
0.255
0.153
0.171
0.411
0.755
0.538
0.035
0.154
0.433
0.86
0.227
0.152
0.335
0.832
0.484
0.088
0.813
0.887
0.295
0.68
0.506
0.639
0.289
0.086
0.524
0.954
0.504
0.373
0.498
0.058
0.149
0.793
0.054
0.518
0.887
0.741
0.517
0.846
0.909
0.558
0.573
0.366
0.906
0.919
0.718
0.435
0.453
0.091
0.234
0.748
0.791
0.783
0.114
0.837
0.36
0.646
0.296
0.046
0.034
0.387
0.331
0.144
0.478
0.73
0.924
0.813
0.903
0.499
0.775
0.889
0.259
0.782
0.803
0.533
0.897
0.743
0.665
0.433
0.531
0.323
0.824
0.68
0.867
0.048
0.581
0.013
0.923
0.859
0.882
0.662
0.001
0.474
0.383
0.467
0.334
0.103
0.61
0.13
0.088
0.552
0.461
0.822
0.003
0.936
0.012
0.464
0.855
0.563
0.93
0.7
0.239
0.064
0.597
0.583
0.928
0.014
0.297
0.405
0.867
0.589
0.196
0.067
0.656
0.173
0.622
0.253
0.491
0.379
0.038
0.846
0.387
0.317
0.392
0
0.107
0.442
0.351
0.229
0.35
0.48
0.963
0.378
0.745
0.868
0.317
0.34
0.527
0.475
0.267
0.747
0.747
0.573
0.96
0.889
0.638
0.98
0.343
0.221
0.264
0.08
0.96
0.987
0.704
0.455
0.033
0.302
0.604
0.251
0.256
0.057
0.94
0.721
0.152
0.513
0.248
0.155
0.217
0.498
0.925
0.272
0.246
0.269
0.744
0.492
0.708
0.735
0.521
0.636
0.939
0.661
0.999
0.05
0.557
0.929
0.07
0.55
0.448
0.053
0.353
0.269
0.96
0.732
0.604
0.487
0.283
0.643
0.655
0.967
0.139
0.985
0.205
0.896
0.396
0.862
0.22
0.247
0.265
0.774
0.877
0.576
0.44
0.827
0.369
0.86
0.536
0.429
0.272
0.789
0.71
0.203
0.793
0.813
0.058
0.73
0.435
0.543
0.525
0.793
0.387
0.345
0.371
0.782
0.632
0.08
0.507
0.677
0.326
0.253
0.977
0.059
0.751
0.423
0.616
0.745
0.56
0.416
0.28
0.881
0.721
0.662
0.124
0.04
0.65
0.033
0.121
0.326
0.713
0.868
0.433
0.921
0.146
0.418
0.131
0.297
0.419
0.025
0.7
0.807
0.333
0.737
0.9
0.961
0.052
0.102
0.796
0.79
0.306
0.331
0.122
0.624
0.288
0.25
0.592
0.82
0.481
0.507
0.37
0.087
0.503
0.796
0.948
0.337
0.552
0.418
0.334
0
0.655
0.067
0.576
0.406
0.807
0.314
0.012
0.864
0.367
0.928
0.042
0.764
0.623
0.646
0.779
0.403
0.504
0.511
0.528
0.304
0.086
0.873
0.358
0.575
0.951
0.834
0.856
0.6
0.865
0.45
0.117
0.047
0.058
0.224
0.397
0.75
0.32
0.415
0.156
0.473
0.012
0.898
0.684
0.226
0.563
0.642
0.533
0.862
0.58
0.838
0.284
0.934
0.466
0.598
0.501
0.621
0.281
0.017
0.911
0.601
0.951
0.976
0.261
0.313
0.788
0.963
0.273
0.952
0.9
0.986
0.734
0.123
0.586
0.496
0.766
0.337
0.925
0.243
0.841
0.378
0.485
0.284
0.664
0.596
0.936
0.347
0.318
0.056
0.224
0
0.504
0.57
0.772
0.923
0.379
0.13
0
0.801
0.748
0.672
0.948
0.522
0.85
