0.522
0.251
0.686
0.308
0.716
0.772
0.304
0.117
0.061
0.508
0.731
0.728
0.686
0.579
0.666
0.057
0.788
0.72
0.17
0.468
0.551
0.397
0.479
0.819
0.371
0.826
0.092
0.812
0.716
0.059
0.738
0.191
0.311
0.308
0.736
0.133
0.783
0.752
0.435
0.481
0.814
0.35
0.86
0.941
0.565
0.592
0.492
0.174
0.087
0.839
0.33
0.924
0.555
0.339
0.33
0.52
0.716
0.132
0.239
0.655
0.378
0.733
0.716
0.685
0.929
0.112
0.355
0.931
0.836
0.905
0.23
0.062
0.233
0.015
0.796
0.933
0.485
0.657
0.314
0.53
0.342
0.602
0.742
0.52
0.079
0.315
0.713
0.793
0.892
0
0.487
0.102
0.236
0.251
0.714
0.676
0.085
0.117
0.187
0.641
0.692
0.727
0.526
0
0.154
0.649
0.229
0.521
0.755
0.299
0.744
0.097
0.377
0.48
0.344
0.778
0.945
0.69
0.088
0.617
0.562
0.448
0.559
0.951
0.687
0.067
0.492
0.061
0.674
1.0
0.36
0.302
0.913
0.963
0.214
0.617
0.643
0.763
0.39
0.383
0.282
0.438
0.898
0.677
0.546
0.876
0.921
0.708
0.844
0.299
0.867
0.141
0.74
0.157
0.787
0.735
0.889
0.611
0.576
0.463
0.586
0.099
0.502
0.282
0.871
0.509
0.006
0.371
0.581
0.784
0.019
0.081
0.558
0.909
0.951
0.148
0.494
0.579
0.325
0.495
0.992
0.558
0.407
0.269
0.466
0.619
0.101
0.171
0.571
0.989
0.607
0.724
0.501
0.647
0.311
0.897
0.024
0.485
0.487
0.64
0.281
0.859
0.232
0.006
0.475
0.182
0.815
0.998
0.124
0.742
0.163
0.062
0.735
0.614
0.655
0.572
0.959
0.934
0.033
0.188
0.499
0.24
0.29
0.465
0.164
0.976
0.902
0.572
0.897
0.964
0.334
0.851
0.429
0.658
0.314
0.813
0.31
0.367
0.592
0.645
0.617
0.589
0.287
0.835
0.558
0.813
0.394
0.651
0.089
0.443
0.174
0.702
0.926
0.536
0.035
0.715
0.885
0.569
0.883
0.481
0.379
0.971
0.937
0.167
0.168
0.051
0.641
0.888
0.073
0.272
0.435
0.477
0.147
0.168
0.749
0.613
0.519
0.466
0.069
0.07
0.63
0.547
0.855
0.006
0.872
0.492
0.381
0.396
0.066
0.335
0.279
0.656
0.98
0.059
0.232
0.611
0.649
0.807
0.063
0.253
0.93
0.23
0.874
0.161
0.422
0.882
0.377
0.662
0.123
0.73
0.805
0.858
0.263
0.316
0.685
0.186
0.37
0.326
0.948
0.514
0.106
0.955
0.81
0.487
0.709
0.356
0.759
0.82
0.502
0.064
0.57
0.559
0.141
0.381
0.958
0.393
0.636
0.167
0.697
0.381
0.974
0.611
0.484
0.095
0.635
0.356
0.346
0.498
0.356
0.518
0.855
0.055
0.555
0.799
0.497
0.483
0.28
0.854
0.485
0.991
0.971
0.997
0.084
0.047
0.062
0.134
0.725
0.171
0.512
0.382
0.539
0.261
0.006
0.155
0.475
0.686
0.846
0.255
0.142
0.376
0.379
0.27
0.093
0.662
0.672
0.157
0.608
0.217
0.931
0.908
0.184
0.094
0.421
0
0.774
0.652
0.917
0.488
0.808
0.575
0.861
0.765
0.573
0.179
0.736
0.09
0.303
0.3
0.7
0.515
0.953
0.396
0.977
0.943
0.282
0.286
0.194
0.913
0.977
0.785
0.666
0.635
0.269
0.277
0.977
0.801
0.379
0.164
0.313
0.685
0.128
0.81
0.98
0.89
0.719
0.043
0.044
0.727
0.687
0.693
0.824
0.015
0.177
0.91
0.045
0.726
0.418
0.652
0.648
0.255
0.004
0.104
0.302
0.343
0.175
0.321
0.907
0.163
0.624
0.373
0.762
0.397
0.545
0.927
0.298
0.988
0.367
0.452
0.808
0.662
0.849
0.315
0.868
0.142
0.013
0.825
0.218
0.405
0.366
0.813
0.497
0.951
0.123
0.615
0.708
0.592
0.153
0.91
0.102
0.5
0.539
0.585
0.306
0.255
0.427
0.229
0.907
0.194
0.003
0.531
0.034
0.303
0.742
0.605
0.55
0.177
0.79
0.47
0.1
0.592
0.515
0.753
0.838
0.409
0.512
0.539
0.697
0.988
0.33
0.229
0.92
0.143
0.47
0.21
0.263
0.635
0.159
0.087
0.716
0.819
0.062
0.04
0.674
0.605
0.431
0.709
0.073
0.714
0.862
0.19
0.196
0.642
0.004
0.852
0.91
0.921
0.749
0.782
0.067
0.083
0.835
0.335
0.545
0.014
0.297
0.723
0.497
0.998
0.455
0.436
0.574
0.499
0.454
0.786
0.349
0.994
0.045
0.606
0.866
0.728
0.911
0.415
0.436
0.527
0.486
0.331
0.427
0.395
0.309
0.631
0.073
0.657
0.784
0.396
0.956
0.092
0.668
0.59
0.826
0.353
0.13
0.082
0.532
0.506
0.926
0.67
0.852
0.762
0.465
0.576
0.429
0.105
0.275
0.191
0.28
0.855
0.105
0.177
0.969
0.788
0.849
0.975
0.823
0.833
0.255
0.227
0.645
0.749
0.738
0.892
0.037
0.02
0.386
0.282
0.396
0.906
0.524
0.837
0.455
0.197
0.976
0.506
0.896
0.125
0.032
0.242
0.236
0.639
0.054
0.766
0.585
0.192
0.34
0.722
0.661
0.653
0.053
0.154
0.29
0.437
0.595
0.961
0.234
0.881
0.83
0.653
0.858
0.976
0.789
0.342
0.021
0.684
0.796
0.644
0.47
0.093
0.012
0.749
0.801
0.642
0.193
0.555
0.2
0.622
0.87
0.764
0.034
0.574
0.71
0.079
0.118
0.083
0.874
0.796
0.335
0.327
0.404
0.0
0.435
0.805
0.372
0.259
0.809
0.522
0.948
0.498
0.505
0.676
0.003
0.092
0.199
0.875
0.54
0.391
0.28
0.509
0.285
0.733
0.699
0.39
0.047
0.226
0.696
0.229
0.196
0.671
0.185
0.285
0.195
0.635
0.847
0.354
0.434
0.412
0.202
0.075
0.819
0.769
0.179
0.085
0.558
0.099
0.903
0.435
0.538
0.363
0.341
0.986
0.452
0.467
0.99
0.766
0.606
0.168
0.068
0.938
0.446
0.582
0.648
0.984
0.969
0.123
0.518
0.773
0.67
0.383
0.485
0.485
0.173
0.257
0.421
0.414
0.965
0.009
0.074
0.364
0.085
0.804
0.707
1.0
0.879
0.872
0.078
0.739
0.737
0.523
0.147
0.667
0.848
0.378
0.056
0.677
0.457
0.005
0.236
0.728
0.612
0.083
0.059
0.749
0.098
0.358
0.621
0.207
0.805
0.835
0.563
0.886
0.114
0.146
0.61
0.211
0.987
0.332
0.28
0.727
0.483
0.356
0.574
0.493
0.072
0.395
0.459
0.922
0.99
0.164
0.065
0.99
0.335
0.222
0.662
0.281
0.176
0.449
0.356
0.991
0.604
0.636
0.243
0.583
0.136
0.41
0.039
0.75
0.792
0.779
0.626
0.552
0.052
0.535
0.828
0.879
0.201
0.21
0.189
0.414
0.886
0.591
0.233
0.672
0.895
0.019
0.443
0.192
0.087
0.877
0.24
0.119
0.634
0.816
0.044
0.03
0.293
0.473
0.437
0.723
0.425
0.095
0.606
0.413
0.246
0.472
0.774
0.272
0.679
0.932
0.149
0.051
0.659
0.925
0.239
0.919
0.691
0.894
0.626
0.329
0.249
0.994
0.569
0.565
0.393
0.519
0.518
0.743
0.852
0.12
0.613
0.816
0.769
0.748
0.269
0.471
0.994
0.4
0.371
0.297
0.428
0.786
0.247
0.543
0.983
0.196
0.727
0.57
0.32
0.595
0.193
0.312
0.586
0.101
0.422
0.033
0.463
0.626
0.088
0.661
0.372
0.729
0.347
0.975
0.218
0.106
0.7
0.206
0.937
0.976
0.65
0.989
0.144
0.329
0.746
0.088
0.868
0.655
0.202
0.784
0.485
0.39
0.835
0.569
0.057
0.391
0.774
0.777
0.627
0.739
0.542
0.055
0.212
0.892
0.22
0.271
0.064
0.083
0.821
0.106
0.045
0.971
0.41
0.653
0.581
0.424
0.523
0.69
0.011
0.573
0.817
0.223
0.914
0.92
0.969
0.922
0.62
0.206
0.577
0.09
0.273
0.106
0.372
0.556
0.6
0.507
0.226
0.751
0.9
0.776
0.793
0.139
0.631
0.578
