0.388
0.294
0.843
0.508
0.198
0.918
0.902
0.18
0.998
0.297
0.316
0.657
0.421
0.276
0.264
0.457
0.689
0.217
0.318
0.618
0.54
0.023
0.418
0.946
0.736
0.218
0.322
0.515
0.016
0.977
0.648
0.979
0.491
0.336
0.782
0.697
0.718
0.712
0.237
0.246
0.552
0.991
0.231
0.002
0.121
0.733
0.548
0.369
0.834
0.805
0.439
0.543
0.495
0.258
0.846
0.781
0.475
0.389
0.157
0.351
0.221
0.819
0.276
0.193
0.128
0.418
0.184
0.841
0.727
0.637
0.385
0
0.018
0.181
0.098
0.626
0.507
0.386
0.67
0.664
0.085
0.254
0.565
0.063
0.943
0.455
0.207
0.834
0.301
0.25
0.654
0.164
0.104
0.578
0.526
0.597
0.831
0.611
0.439
0.667
0.457
0.166
0.567
0.0
0.308
0.412
0.935
0.626
0.897
0.305
0.937
0.4
0.611
0.662
0.364
0.401
0.757
0.192
0.763
0.705
0.977
0.369
0.059
0.554
0.605
0.968
0.454
0.772
0.474
0.672
0.129
0.743
0.388
0.576
0.336
0.619
0.601
0.697
0.994
0.13
0.143
0.191
0.53
0.883
0.706
0.45
0.847
0.807
0.165
0.962
0.598
0.145
0.106
0.834
0.325
0.93
0.925
0.04
0.852
0.117
0.628
0.659
0.146
0.345
0.463
0.019
0.426
0.005
0.774
0.01
0.891
0.338
0.422
0.811
0.066
0.304
0.938
0.842
0.642
0.126
0.717
0.517
0.782
0.842
0.211
0.859
0.67
0.099
0.13
0.146
0.798
0.26
0.72
0.785
0.527
0.048
0.744
0.936
0.485
0.869
0.856
0.952
0.961
0.483
0.645
0.288
0.542
0.745
0.474
0.616
0.254
0.949
0.176
0.814
0.173
0.102
0.755
0.177
0.571
0.17
0.049
0.997
0.215
0.648
0.552
0.469
0.871
0.473
0.856
0.297
0.874
0.525
0.671
0.705
0.93
0.902
0.8
0.585
0.324
0.48
0.373
0.947
0.324
0.962
0.491
0.699
0.901
0.628
0.455
0.935
0.324
0.739
0
0.088
0.263
0.012
0.602
0.542
0.823
0.36
0.395
0.642
0.757
0.763
0.717
0.328
0.692
0.096
0.578
0.351
0.03
0.984
0.772
0.136
0.957
0.166
0.688
0.819
0.653
0.728
0.137
0.534
0.205
0.822
0.899
0.174
0.622
0.944
0.698
0.693
0.644
0.707
0.805
0.682
0.356
0.007
0.739
0.947
0.351
0.333
0.505
0.407
0.472
0.823
0.943
0.191
0.073
0.517
0.397
0.026
0.743
0.559
0.314
0.768
0.831
0.309
0.481
0.699
0.961
0.884
0.431
0.171
0.479
0.137
0.792
0.206
0.589
0.793
0.096
0.234
0.072
0.668
0.197
0.99
0.189
0.971
0.536
0.111
0.244
0.128
0.293
0.839
0.893
0.338
0.116
0.281
0.225
0.375
0.431
0.195
0.381
0.447
0.164
0.313
0.618
0.393
0.482
0.112
0.228
0.399
0.153
0.214
0.603
0.427
0.422
0.248
0.694
0.814
0.58
0.527
0.927
0.465
0.524
0.578
0.191
0.271
0.727
0.111
0.826
0.196
0.278
0.003
0.733
0.75
0.143
0.298
0.232
0.128
0.862
0.826
0.665
0.815
0.208
0.78
0.45
0.806
0.267
0.123
0.284
0.381
0.028
0.334
0.776
0.451
0.023
0.952
0.44
0.43
0.374
0.667
0.014
0.062
0.062
0.058
0.339
0.049
0.44
0.633
0.815
0.038
0.775
0.408
0.069
0.289
0.786
0.302
0.681
0.679
0.434
0
0.896
0.434
0.123
0.04
0.749
0.983
0.589
0.75
0.308
0.866
0.707
0.922
0.112
0.767
0.678
0.815
0.385
0.947
0.003
0.805
0.52
0.001
0.895
0.323
0.419
0.13
0.765
0.994
0.1
0.347
0.278
0.939
0.208
0.614
0.942
0.11
0.847
0.967
0.135
0.893
0.329
0.068
0.377
0.723
0.263
0.439
0.119
0.891
0.963
0.689
0.32
0.41
0.257
0.985
0.461
0.568
0.403
0.898
0
0.058
0.592
0.911
0.066
0.367
0.435
0.603
0.927
0.178
0.706
0.452
0.212
0.503
0.312
0.382
0.2
0.937
0.66
0.571
0.126
0.804
0.219
0.161
0.688
0.89
0.15
0.146
0.34
0.185
0.841
0.543
0.985
0.686
0.266
0.185
0.756
0.006
0.973
0.954
0.67
0.748
0.93
0.75
0.902
0.69
0.978
0.462
0
0.846
0.739
0.348
0.197
0.12
0
0.342
0.521
0.984
0.569
0.67
0.323
0.949
0.285
0.041
0.555
0.874
0.982
0.781
0.393
0.958
0.783
0.726
0.458
0.155
0.851
0.053
0.004
0.363
0.106
0.38
0.868
0.12
0.665
0.775
0.405
0.857
0.471
0.032
0.598
0.105
0.78
0.433
0.176
0.458
0.337
0.751
0.254
0.02
0.027
0.399
0.941
0.202
0.314
0.693
0.5
0.447
0.194
0.824
0.857
0.67
0.564
0.284
0.137
0.619
0.783
0.924
0.128
0.869
0.078
0.627
0.271
0.257
0.457
0.953
0.579
0.847
0.133
0
0.784
0.76
0.753
0.911
0.925
0.8
0.604
0.506
0.614
0.708
0.647
0.427
0.868
0.769
0.95
0.644
0.555
0.105
0.929
0.701
0.954
0.319
0.113
0.104
0.255
0.469
0.676
0.073
0.635
0.861
0.837
0.79
0.35
0.834
0.912
0.739
0.705
0.431
0
0.589
0.089
0.251
0.954
0.776
0.653
0.532
0.79
0.401
0.449
0.335
0.43
0.08
0.264
0.769
0.462
0.011
0.008
0.531
0.103
0.605
0.232
0.09
0.88
0.643
0.615
0.107
0.235
0.716
0.123
0.998
0.506
0.786
0.155
0.05
0.624
0.581
0.198
0.153
0.618
0.037
0.026
0.284
0.087
0.094
0.253
0.893
0.481
0.166
0.315
0.693
0.409
0.818
0.298
0.277
0.812
0.67
0.615
0.896
0.767
0.965
0.351
0.325
0.183
0.805
0.127
0.805
0.535
0.392
0.473
0.979
0.91
0.895
0.263
0.038
0.659
0.947
0.204
0.402
0.396
0.871
0.468
0.865
0.884
0.94
0.53
0.366
0.929
0.798
0.23
0.901
0.824
0.007
0.538
0.501
0.512
0.48
0.943
0.535
0.711
0.798
0.616
0.805
0.579
0.998
0.278
0.111
0.79
0.929
0.85
0.402
0.557
0.316
0.175
0.975
0.635
0.015
0.467
0.404
0.896
0.261
0.723
0.418
0.623
0.961
0.052
0.883
0.989
0.081
0.765
0.096
0.988
0
0.614
0.031
0.144
0.351
0.311
0.28
0.893
0.61
0.676
0.319
0.028
0.796
0.81
0.478
0.324
0.622
0.215
0.793
0.271
0.183
0.057
0.773
0.356
0.676
0.597
0.466
0.647
0.406
0.35
0.902
0.121
0.294
0.335
0.838
0.776
0.946
0.616
0.546
0.909
0.11
0.965
0.882
0.516
0.267
0.937
0.361
0.05
0.892
0.207
0.629
0.445
0.234
0.96
0.324
0.73
0.92
0.554
0.315
0.749
0.785
0.441
0.32
0.689
0.233
1.0
0.516
0.753
0.739
0.824
0.428
0.922
0.745
0.995
0.174
0.864
0.389
0.589
0.727
0.61
0.891
0.738
0.145
0.649
0.439
0.346
0.357
0.75
0.144
0.746
0.991
0.034
0.076
0.9
0.071
0.58
0.435
0.086
0.934
0.378
0.849
0.304
0.35
0.783
0.295
0.202
0.571
0.846
0.729
0.454
0.154
0.802
0.343
0.641
0.332
0.207
0.603
0.72
0.004
0.87
0.337
0.346
0.248
0.973
0.673
0.478
0.811
0.838
0.676
0.623
0.741
0.702
0.051
0.776
0.416
0.037
0.036
0.761
0.942
0.727
0.315
0.952
0.455
0.989
0.174
0.565
0.46
0.925
0.218
0.41
0.661
0.659
0.181
0.547
0.866
0.389
0.486
0.308
0.095
0.666
0.672
0.437
0.421
0.614
0.348
0.895
0.655
0.708
0.908
0.136
0.021
0.352
0.734
0.876
0.104
0.361
0.904
0.477
0.395
0.068
0.704
0.273
0.35
0.05
0.433
0.593
0.25
0.414
0.973
0.734
0.229
0.006
0.904
0.713
0.292
0.628
0.712
0.329
0.072
0.879
0.476
0.537
0.375
0.422
0.098
0.958
0.1
0.797
0.233
0.302
0.551
0.781
0.138
