0.86
0.218
0.219
0.029
0.252
0.685
0.294
0.619
0.341
0.641
0.573
0.556
0.67
0.267
0.773
0.868
0.898
0.467
0.603
0.067
0.973
0.257
0.671
0.785
0.568
0.675
0.757
0.416
0.687
0.26
0.861
0.786
0.922
0.62
0.899
0.979
0.506
0.795
0.387
0.134
0.801
0.232
0.284
0
0.133
0.199
0.908
0.065
0.573
0.457
0.979
0.474
0.447
0.736
0.168
0.409
0.397
0.066
0.14
0.05
0.527
0.359
0.699
0.961
0.851
0.546
0.803
0.64
0.498
0.79
0.107
0.646
0.144
0.614
0.232
0.649
0.317
0.446
0.452
0.249
0.466
0.474
0.316
0.081
0.377
0.452
0.994
0.912
0.996
0.498
0.733
0.257
0.905
0.657
0.031
0.079
0.851
0.625
0.724
0.006
0.824
0.14
0.748
0.471
0.127
0.218
0.08
0.367
0.198
0.988
0.185
0.245
0.357
0.513
0.209
0.351
0.059
0.697
0.576
0.728
0.499
0.836
0.853
0.397
0.561
0.058
0.164
0.443
0.214
0.114
0.3
0.559
0.677
0.482
0.222
0.282
0.969
0.495
0.593
0.266
0.341
0.299
0.755
0.416
0.139
0.003
0.749
0.019
0.265
0.22
0.075
0.322
0.841
0.544
0.733
0.23
0
0.451
0.848
0.995
0.658
0.856
0.735
0.15
0.995
0.709
0.656
0.588
0.051
0.835
0.636
0.053
0.413
0.687
0.696
0.525
0.477
0.429
0.715
0.085
0.819
0.097
0.507
0.383
0.269
0.284
0.136
0.164
0.55
0.132
0.374
0.266
0.992
0.735
0.38
0.135
0.516
0.837
0.887
0.043
0.315
0.861
0.867
0.032
0.138
0.441
0.514
0.608
0.169
0.354
0.209
0.954
0.594
0.106
0.105
0.443
0.835
0.279
0.416
0.295
0.455
0.675
0.267
0.395
0.646
0.497
0.968
0.203
0.972
0.69
0.574
0.643
0.048
0.168
0.235
0.814
0.52
0.283
0.911
0.379
0.667
0.112
0.379
0.637
0.204
0.582
0.921
0.591
0.651
0.198
0.832
0.131
0.964
0.613
0.528
0.586
0.269
0.25
0.805
0.886
0.242
0.475
0.076
0.809
0.75
0.117
0.463
0.145
0.524
0.982
0.249
0.471
0.175
0.71
0.114
0.951
0.317
0.684
0.69
0.412
0.127
0.91
0.908
0.784
0.94
0.321
0.753
0.1
0.428
0.532
0.898
0.327
0.141
0.65
0.271
0.212
0.29
0.879
0.51
0.713
0.316
0.461
0.758
0.628
0.451
0.674
0.724
0.398
0.122
0.802
0.831
0.966
0.062
0.916
0.508
0.379
0.43
0.639
0.839
0.477
0.979
0.424
0.089
0.256
0.731
0.41
0.394
0.811
0.027
0.847
0.115
0.776
0.455
0.393
0.774
0.819
0.374
0.624
0.298
0.167
0.279
0.796
0.153
0.425
0.314
0.966
0.442
0.778
0.532
0.997
0.99
0.961
0.53
0.795
0.877
0.029
0.816
0.357
0.969
0.049
0.064
0.938
0.129
0.695
0.904
0.24
0.385
0.908
0.139
0.388
0
0.631
0.407
0.186
0.403
0.677
0.317
0.134
0.028
0.552
0.931
0.871
0.253
0.44
0.281
0.387
0.078
0.408
0.76
0.512
0.348
0.552
0.415
0.63
0.729
0.147
0.386
0.251
0.614
0.612
0.495
0.358
0.19
0.247
0.039
0.574
0.953
0.01
0.515
0.177
0.929
0.155
0.29
0.601
0.631
0.316
0.655
0.962
0.644
0.648
0.114
0.708
0.408
0.596
0.677
0.444
0.994
0.12
0.226
0.199
0.906
0.559
0.218
0.521
0.724
0.955
0.427
0.059
0.661
0.384
0.057
0.561
0.207
0.863
0.079
0.291
0.762
0.149
0.036
0.397
0.144
0.715
0.109
0.335
0.469
0.447
0.833
0.231
0.865
0.569
0.78
0.846
0.551
0.65
0.813
0.067
0.029
0.382
0.453
0.348
0.316
0.612
0.972
0.151
0.218
0.425
0.732
0.871
0.174
0.832
0.493
0.906
0.541
0.556
0.115
0.492
0.787
0.364
0.594
0.388
0.151
0.467
0.316
0.91
0.568
0.25
0.367
0.806
0.731
0.788
0.545
0.317
0.933
0.913
0.351
0.308
0.784
0.991
0.309
0.136
0.311
0.18
0.823
0.801
0.982
0.295
0.331
0.622
0.538
0.779
0.229
0.15
0.397
0.797
0.423
0.5
0.152
0.813
0.197
0.422
0.849
0.633
0.017
0.328
0.102
0.138
0.001
0.474
0.261
0.772
0.6
0.344
0.114
0.526
0.178
0.074
0.131
0.909
0.479
0.366
0.088
0.886
0.743
0.677
0.262
0.17
0.056
0.346
0.698
0.624
0.276
0.659
0.205
0.54
0.585
0.542
0.247
0.98
0.024
0.013
0.582
0.855
0.59
0.55
0.592
0.269
0.321
0.938
0.457
0.026
0.725
0.878
0.699
0.614
0.847
0.988
0.683
0.713
0.565
0.699
0.795
0.286
0.188
0.358
0.878
0.038
0.872
0.823
0.769
0.987
0.78
0.624
0.381
0.907
0.773
0.364
0.559
0.825
0.068
0.438
0.503
0.88
0.301
0.793
0.845
0.223
0.466
0.253
0.142
0.375
0.683
0.141
0.22
0.251
0.021
0.51
0.63
0.816
0.228
0.686
0.32
0.929
0.234
0.999
0.547
0.219
0.292
0.79
0.754
0.664
0.196
0.183
0.181
0.371
0.199
0.371
0.961
0.775
0.519
0.052
0.705
0.418
0.465
0.31
0.543
0.918
0.53
0.682
0.382
0.511
0.742
0.005
0.82
0.668
0.388
0.89
0.304
0.811
0.68
0.561
0.618
0.78
0.908
0.449
0.321
0.168
0.641
0.871
0.827
0.599
0.443
0.822
0.912
0.489
0.842
0.342
0.005
0.557
0.535
0.325
0.729
0.029
0.199
0.064
0.48
0.145
0.645
0.928
0.798
0.699
0.645
0.712
0.392
0.275
0.764
0.598
0.322
0.655
0.711
0.702
0.448
0.709
0.474
0.67
0.928
0.791
0.781
0.44
0.485
0.888
0.977
0.669
0.32
0.745
0.011
0.541
0.872
0.607
0.357
0.901
0.349
0.237
0.113
0.544
0.984
0.31
0.142
0.373
0.783
0.65
0.405
0.536
0.373
0.791
0.331
0.135
0.639
0.627
0.06
0.7
0.52
0.483
0.145
0.38
0.539
0.282
0.644
0.473
0.692
0.811
0.991
0.305
0.523
0.932
0.556
0.282
0.756
0.375
0.105
0.18
0.381
0.358
0.115
0.554
0.444
0.258
0.029
0.551
0.823
0.261
0.437
0.341
0.569
0.167
0.849
0.131
0.786
0.044
0.444
0.195
0.561
0.702
0.799
0.929
0.372
0.072
0.23
0.213
0.912
0.066
0.126
0.513
0.687
0.585
0.861
0.841
0.037
0.633
0.473
0.089
0.216
0.927
0.626
0.055
0.461
0.941
0.599
0.954
0.937
0.161
0.566
0.294
0.435
0.953
0.906
0.724
0.945
0.942
0.079
0.206
0.995
0.473
0.005
0.402
0.408
0.438
0.712
0.677
0.605
0.653
0.288
0.124
0.909
0.382
0.591
0.014
0.757
0.654
0.647
0.6
0.395
0.898
0.302
0.781
0.235
0.463
0.523
0.414
0.065
0.367
0.818
0.16
0.502
0.614
0.919
0.457
0.824
0.435
0.349
0.467
0.905
0.867
0.181
0.55
0.2
0.671
0.821
0.485
0.571
0.087
0.095
0.111
0.6
0.406
0.721
0.604
0.446
0.302
0.711
0.805
0.661
0.658
0.632
0.171
0.377
0.038
0.716
0.408
0.934
0.371
0.759
0.199
0.645
0.025
0.332
0.46
0.984
0.615
0.959
0.016
0.574
0.041
0.017
0.071
0.931
0.081
0.854
0.274
0.627
0.12
0.868
0.725
0.926
0.27
0.301
0.528
0.777
0.871
0.604
0.947
0.692
0.494
0.962
0.992
0.562
0.75
0.562
0.202
0.345
0.776
0.547
0.655
0.694
0.911
0.227
0.813
0.533
0.663
0.298
0.728
0.542
0.495
0
0.874
0.05
0.599
0.422
0.505
0.272
0.884
0.798
0.271
0.995
0.194
0.461
0.191
0.8
0.919
0.129
0.481
0
0.672
0.681
0.905
0.875
0.749
0.04
0.862
0.385
0.689
0.769
0.21
0.412
0.988
0.324
0.92
0.039
0.448
0.787
0.784
0.484
0.269
0.617
0.198
0.307
0.782
0.001
0.206
0.209
0.982
