0.77
0.198
0.77
0.019
0.135
0.946
0.819
0.594
0.089
0.425
0.872
0.468
0.844
0.448
0.111
0.414
0.369
0.754
0.194
0.975
0.237
0.417
0.38
0.727
0.885
0.187
0.307
0.39
0.597
0.56
0.384
0.595
0.037
0.999
0.948
0.887
0.904
0.063
0.099
0.341
0.717
0.697
0.422
0.197
0.847
0.524
0.187
0.669
0.89
0.779
0.424
0.179
0.62
0.257
0.566
0.035
0.661
0.272
0.784
0.337
0.105
0.224
0.486
0.536
0.36
0.189
0.529
0.21
0.285
0.797
0.195
0.05
0.806
0.643
0.753
0.478
0.026
0.834
0.971
0.008
0.409
0.197
0.916
0.774
0.836
0.689
0.545
0.125
0.871
0.904
0.696
0.605
0.743
0.353
0.229
0.181
0.121
0.636
0.213
0.201
0.395
0.138
0.829
0.962
0.599
0.531
0.15
0.014
0.619
0.079
0.668
0.836
0.992
0.347
0.878
0.62
0.845
0.184
0.013
0.102
0.923
0.116
0.647
0.443
0.246
0.468
0.076
0.384
0.189
0.737
0.128
0.291
0.232
0.113
0.537
0.695
0.659
0.842
0.267
0.847
0.472
0.837
0.199
0.405
0.986
0.776
0.233
0.91
0.457
0.303
0.909
0.137
0.064
0.08
0.887
0.681
0.401
0.431
0.464
0.093
0.608
0.422
0.258
0.204
0.031
0.555
0.336
0.878
0.563
0.498
0.027
0.204
0.278
0.545
0.261
0.873
0.285
0.567
0.387
0.816
0.523
0.84
0.401
0.715
0.02
0.26
0.426
0.318
0.973
0.93
0.247
0.338
0.864
0.502
0.776
0.251
0.527
0.818
0.903
0.305
0.943
0.579
0.438
0.63
0.261
0.92
0.477
0.698
0.137
0.78
0.538
0.022
0.012
0.904
0.728
0.946
0.252
0.371
0.275
0.603
0.476
0.949
0.624
0.076
0.686
0.945
0.763
0.112
0.471
0.301
0.268
0.032
0.395
0.436
0.242
0.219
0.224
0.64
0.384
0.967
0.89
0.494
0.477
0.604
0.301
0.536
0.38
0.383
0.31
0.081
0.536
0.778
0.569
0.072
0.403
0.868
0.978
0.123
0.083
0.926
0.803
0.568
0.707
0.215
0.886
0.727
0.673
0.494
0.648
0.581
0.424
0.357
0.436
0.966
0.581
0.311
0.737
0.361
0.979
0.551
0.368
0.659
0.063
0.75
0.483
0.003
0.718
0.947
0.87
1.0
0.784
0.626
0.278
0.929
0.315
0.058
0.383
0.113
0.388
0.72
0.364
0.782
0.771
0.252
0.529
0.726
0.395
0.77
0.439
0.163
0.126
0.071
0.645
0.452
0.362
0.846
0.716
0.502
0.957
0.401
0.263
0.429
0.066
0.565
0.57
0.972
0.107
0.881
0.075
0.856
0.036
0.071
0.801
0.461
0.58
0.579
0.306
0.514
0.457
0.774
0.517
0.612
0.62
0.284
0.528
0.796
0.715
0.542
0.854
0.636
0.508
0.545
0.738
0.033
0.657
0.718
0.035
0.501
0.354
0.151
0.832
0.775
0.999
0.359
0.315
0.988
0.394
0.257
0.791
0.055
0.763
0.012
0.023
0.028
0.301
0.443
0.068
0.391
0.33
0.286
0.719
0.563
0.54
0.844
0.484
0.572
0.023
0.606
0.818
0.834
0.568
0.765
0.347
0.403
0.046
0.961
0.999
0.854
0.099
0.955
0.112
0.922
0.451
0.956
0.726
0.394
0.227
0.553
0.878
0.371
0.052
0.548
0.488
0.986
0.779
0.404
0.668
0.028
0.427
0.019
0.494
0.869
0.397
0.772
0.254
0.861
0.209
0.4
0.038
0.209
0.591
0.031
0.88
0.399
0.113
0.579
0.57
0.507
0.856
0.693
0.356
0.46
0.254
0.702
0.137
0.447
0.393
0.917
0.215
0.174
0.145
0.541
0.154
0.827
0.011
0.514
0.967
0.487
0.595
0.443
0.702
0.374
0.391
0.662
0.435
0.766
0.821
0.48
0.737
0.957
0.981
0.732
0.509
0.981
0.784
0.623
0.456
0.843
0.202
0.371
0.982
0.647
0.916
0.993
0.7
0.593
0.117
0.548
0.465
0.452
0.218
0.33
0.801
0.708
0.609
0.345
0.379
0.1
0.391
0.926
0.791
0.833
0.782
0.314
0.466
0.316
0.388
0.193
0.154
0.514
0.471
0.555
0.862
0.973
0.607
0.079
0.182
0.281
0.772
0.023
0.184
0.479
0.728
0.281
0.89
0.539
0.033
0.099
0.105
0.355
0.573
0.815
0.704
0.555
0.498
0.084
0.38
0.598
0.118
0.646
0.991
0.225
0.606
0.907
0.974
0.794
0.234
0.227
0.731
0.28
0.374
0.088
0.185
0.632
0.089
0.209
0.485
0.304
0.342
0.112
0.816
0.618
0.557
0.782
0.602
0.344
0.967
0.41
0.894
0.82
0.933
0.572
0.438
0.644
0.548
0.19
0.501
0.439
0.521
0.162
0.552
0.699
0.966
0.284
0.541
0.081
0.193
0.382
0.233
0.147
0.349
0.788
0.722
0.512
0.531
0.158
0.773
0.889
0.433
0.378
0.938
0.104
0.272
0.556
0.968
0.625
0.025
0.427
0.744
0.459
0.978
0.469
0.961
0.112
0.978
0.209
0.035
0.272
0.565
0.883
0.079
0.759
0.561
0.847
0.181
0.316
0.636
0.037
0.41
0.511
0.394
0.886
0.639
0.563
0.278
0.436
0.464
0.842
0.112
0.516
0.584
0.953
0.446
0.291
0.691
0.812
0.451
0.745
0.915
0.37
0.541
0.649
0.654
0.687
0.771
0.103
0.203
0.844
0.98
0.673
0.996
0.817
0.782
0.678
0.723
0.908
0.111
0.52
0.412
0.729
0.549
0.485
0.778
0.19
0.597
0.323
0.6
0.616
0.293
0.977
0.508
0.479
0.658
0.95
0.561
0.677
0.78
0.868
0.948
0.594
0.202
0.425
0.594
0.922
0.54
0.327
0.785
0.357
0.467
0.991
0.37
0.245
0.111
0.634
0.919
0.071
0.57
0.119
0.377
0.878
0.135
0.794
0.295
0.018
0.437
0.203
0.19
0.993
0.781
0.939
0.073
0.115
0.141
0.544
0.394
0.843
0.511
0.829
0.396
0.864
0.414
0.808
0.093
0.333
0.111
0.222
0.636
0.834
0.346
0.552
0.416
0.64
0.331
0.737
0.586
0.209
0.571
0.64
0.195
0.175
0.554
0.85
0.313
0.602
0.224
0.676
0.293
0.641
0.271
0.129
0.949
0.415
0.18
0.915
0.106
0.881
0.387
0.001
0.278
0.588
0.975
0.874
0.678
0.837
0.338
0.294
0.512
0.589
0.374
0.959
0.244
0.275
0.749
0.569
0.752
0.691
0.847
0.111
0.309
0.229
0.155
0.858
0.019
0.626
0.554
0.826
0.271
0.312
0.664
0.234
0.141
0.632
0.541
0.132
0.472
0.718
0.297
0.771
0.054
0.88
0.848
0.062
0.201
0.366
0.053
0.232
0.049
0.059
0.666
0.973
0.505
0.277
0.821
0.483
0.514
0.756
0.893
0.294
0.038
0.705
0.601
0.117
0.844
0.931
0.163
0.816
0.699
0.639
0.079
0.7
0.05
0.654
0.712
0.234
0.455
0.815
0.535
0.296
0.145
0.387
0.76
0.349
0.167
0.926
0.067
0.278
0.677
0.39
0.043
0.606
0.214
0.73
0.157
0.364
0.371
0.182
0.877
0.996
0.847
0.743
0.349
0.854
0.919
0.432
0.602
0.856
0.053
0.796
0.947
0.352
0.373
0.98
0.583
0.464
0.827
0.211
0.14
0.655
0.088
0.651
0.424
0.179
0.947
0.668
0.343
0.337
0.481
0.917
0.467
0.171
0.117
0.111
0.992
0.519
0.918
0.278
0.702
0.683
0.96
0.567
0.921
0.221
0.729
0.578
0.413
0.821
0.477
0.116
0.068
0.019
0.737
0.484
0.808
0.482
0.433
0.293
0.427
0.214
0.455
0.437
0.263
0.127
0.325
0.342
0.044
0.324
0.861
0.78
0.726
0.233
0.456
0.406
0.804
0.873
0.581
0.904
0.73
0.686
0.503
0.07
0.483
0.67
0.885
0.971
0.37
0.85
0.173
0.981
0.34
0.793
0.082
0.286
0.735
0.598
0.618
0.927
0.991
0.104
0.643
0.453
0.077
0.223
0.246
0.222
0.412
0.479
0.813
0.093
0.408
0.23
0.16
0.736
0.221
0.821
0.812
0.263
0.101
0.856
0.782
0.778
0.4
0.494
0.714
0.448
0.153
0.295
0.966
0.913
0.481
0.378
