0.547
0.567
0.414
0.092
0.268
0.532
0.63
0.071
0.753
0.885
0.004
0.276
0.564
0.398
0.767
0.389
0.167
0.094
0.938
0.466
0.605
0.858
0.061
0.127
0.138
0.241
0.594
0.004
0.985
0.769
0.832
0.123
0.448
0.246
0.98
0.632
0.114
0.845
0.025
0.522
0.006
0.19
0.262
0.219
0.576
0.556
0.678
0.237
0.442
0.523
0.266
0.61
0.282
0.584
0.505
0.926
0.401
0.168
0.713
0.254
0.824
0.103
0.097
0.548
0.973
0.455
0.865
0.018
0.591
0.472
0.425
0.746
0.222
0.52
0.99
0.769
0.175
0.393
0.105
0.474
0
0.538
0.674
0.775
0.258
0.998
0.194
0.883
0.473
0.438
0.219
0.021
0.462
0.435
0.208
0.066
0.43
0.073
0.524
0.64
0.462
0.232
0.29
0.255
0.388
0.868
0.508
0.774
0.418
0.478
0.036
0.578
0.507
0.321
0.744
0.366
0.124
0.931
0.159
0.649
0.37
0.46
0.319
0.651
0.807
0.448
0.36
0.835
0.911
0.645
0.322
0.203
0.162
0.457
0.407
0.577
0.646
0.38
0.933
0.437
0.342
0.813
0.601
0.131
0.62
0.231
0.475
0.757
0.015
0.254
0.843
0.943
0.474
0.681
0.855
0.949
0.942
0.754
0.224
0.927
0.172
0.347
0.764
0.377
0.154
0.368
0.727
0.017
0.712
0.592
0.418
0.299
0.733
0.162
0.403
0.06
0.078
0.414
0.43
0.705
0.917
0.908
0.538
0.41
0.814
0.375
0.506
0.868
0.503
0.536
0.786
0.991
0.017
0.642
0.948
0.736
0.001
0.594
0.071
0.014
0.191
0.149
0.655
0.021
0.96
0.959
0.168
0.7
0.701
0.733
0.707
0.625
0.831
0.037
0.522
0.084
0.907
0.266
0.235
0.849
0.746
0.636
0.943
0.192
0.864
0.287
0.528
0.125
0.086
0.452
0.61
0.258
0.799
0.76
0.337
0.239
0.777
0.311
0.759
0.75
0.588
0.055
0.936
0
0.894
0.503
0.557
0.999
0.48
0.261
0.107
0.52
0.721
0.065
0.307
0.576
0.748
0.618
0.074
0.579
0.378
0.895
0.222
0.854
0.373
0.554
0.122
0.136
0.863
0.436
0.101
0.598
0.568
0.561
0.279
0.273
0.95
0.693
0.095
0.205
0.507
0.439
0.821
0.91
0.959
0.833
0.531
0.492
0.264
0.134
0.455
0.886
0.06
0.784
0.428
0.57
0.612
0.319
0.024
0.28
0.782
0.034
0.432
0.604
0.815
0.962
0.724
0.32
0.899
0.633
0.408
0.663
0.916
0.151
0.796
0.491
0.219
0.233
0.842
0.754
0.495
0.294
0.507
0.369
0.485
0.963
0.566
0.124
0.997
0.769
0.555
0.507
0.156
0.199
0.962
0.026
0.937
0.271
0.441
0.023
0.708
0.043
0.511
0.532
0.882
0.728
0.51
0.33
0.958
0.651
0.074
0.677
0.171
0.368
0.547
0.049
0.764
0.366
0.001
0.334
0.572
0.176
0.661
0.421
0.691
0.657
0.516
0.476
0.356
0.707
0.859
0.71
0.454
0.519
0.979
0.641
0.912
0.757
0.505
0.944
0.351
0.467
0.188
0.758
0.919
0.378
0.801
0.641
0.611
0.155
0.696
0.736
0.505
0.03
0.282
0.306
0.5
0.329
0.495
0.502
0.039
0.459
0.843
0.492
0.71
0.28
0.468
0.748
0.836
0.681
0.933
0.958
0.999
0.447
0.802
0.814
0.33
0.072
0.725
0.923
0.802
0.323
0.484
0.752
0.777
0.672
0.013
0.604
0.869
0.934
0.546
0.716
0.718
0.026
0.887
0.594
0.112
0.995
0.247
0.51
0.828
0.718
0.248
0.971
0.63
0.711
0.156
0.202
0.665
0.468
0.488
0.58
0.534
0.661
0.092
0.405
0.526
0.219
0.329
0.779
0.624
0.444
0.423
0.857
0.901
0.449
0.711
0
0.204
0.641
0.717
0.597
0.448
0.247
0.424
0.106
0.761
0.799
0.209
0.535
0.58
0.263
0.464
0.726
0.463
0.4
0.141
0.985
0.91
0.703
0.528
0.191
0.338
0.707
0.414
0.552
0.013
0.788
0.037
0.94
0.584
0.102
0.359
0.683
0.612
0.152
0.95
0.686
0.825
0.174
0.614
0.38
0.95
0.822
0.807
0.842
0.503
0.597
0.271
0.143
0.416
0.65
0.371
0.035
0.146
0.318
0.281
0.379
0.779
0.391
0.339
0.147
0.015
0.725
0.169
0.901
0.197
0.672
0.387
0.498
0.044
0.847
0.705
0.258
0.84
0.18
0.291
0.551
0.047
0.614
0.04
0.866
0.26
0.83
0.808
0.883
0.615
0.419
0.821
0.098
0.922
0.894
0.738
0.02
0.805
0.682
0.326
0.498
0.754
0.116
0.781
0.858
0.171
0.297
0.054
0.599
0.702
0.682
0.349
0.883
0.68
0.765
0.554
0.524
0.332
0.945
0.452
0.062
0.338
0.75
0.836
0.286
0.672
0.961
0.315
0.995
0.266
0.451
0.613
0.462
0.729
0.723
0.666
0.264
0.045
0.194
0.951
0.461
0.334
0.908
0.817
0.637
0.867
0.07
0.43
0.358
0.138
0.286
0.388
0.259
0.818
0.196
0.371
0.392
0.481
0.484
0.439
0.982
0.779
0.274
0.044
0.179
0.561
0.33
0.842
0.833
0.059
0.335
0.081
0.249
0.637
0.381
0.926
0.66
0.854
0.698
0.264
0.284
0.121
0.028
0.855
0.284
0.525
0.547
1.0
0.332
0.664
0.757
0.973
0.325
0.251
0.912
0.14
0.264
0.558
0.928
0.389
0.048
0.302
0.258
0.845
0.235
0.225
0.448
0.278
0.885
0.545
0.739
0.934
0.385
0.445
0.542
0.398
0.204
0.892
0.83
0.447
0.422
0.931
0.9
0.339
0.925
0.961
0.318
0.185
0.527
0.023
0.937
0.512
0.171
0.322
0.238
0.523
0.494
0.712
0.749
0.335
0.956
0.302
0.86
0.553
0.11
0.744
0.01
0.729
0.148
0.24
0.468
0.563
0.057
0.385
0.46
0.297
0.539
0.534
0.399
0.444
0.858
0.677
0.123
0.236
0.396
0.779
0.058
0.022
0.612
0.76
0.084
0.742
0.607
0.285
0.777
0.907
0.82
0.904
0.018
0.545
0.918
0.474
0.375
0.632
0.594
0.419
0.317
0.003
0.653
0.034
0.999
0.466
0.545
0.394
0.525
0.2
0.945
0.106
0.872
0.365
0.593
0.156
0.701
0.758
0.044
0.391
0.0
0.042
0.757
0.927
0.832
0.103
0.186
0.941
0.749
0.699
0.857
0.834
0.591
0.643
0.188
0.616
0.943
0.266
0.08
0.11
0.848
0.842
0.964
0.356
0.858
0.243
0.176
0.318
0.502
0.487
0.969
0.767
0.004
0.586
0.279
0.428
0.234
0.645
0.025
0.69
0.654
0.654
0.529
0.813
0.731
0.145
0.795
0.65
0.872
0.627
0.221
0.284
0.458
0.919
0.29
0.575
0.783
0.014
0.034
0.585
0.637
0.376
0.025
0.56
0.148
0.339
0.105
0.936
0.466
0.267
0.75
0.584
0.259
0.692
0.846
0.832
0.052
0.893
0.476
0.31
0.886
0.929
0.815
0.453
0.357
0.966
0.522
0.228
0.083
0.939
0.356
0.261
0.585
0.617
0.986
0.839
0.946
0.423
0.001
0.591
0.732
0.147
0.161
0.18
0.152
0.454
0.477
0.72
0.654
0.189
0.994
0.963
0.89
0.844
0.13
0.158
0.013
0.412
0.55
0.653
0.163
0.013
0.896
0.69
0.362
0.511
0.025
0.123
0.113
0.589
0.751
0.907
0.456
0.299
0.207
0.019
0.849
0.569
0.369
0.184
0.855
0.92
0.37
0.36
0.095
0.468
0.788
0.843
0.651
0.573
0.707
0.7
0.127
0.007
0.413
0.26
0.877
0.353
0.088
0.348
0.914
0.994
0.486
0.269
0.956
0.968
0.697
0.266
0.051
0.876
0.905
0.636
0.833
0.18
0.074
0.475
0.181
0.254
0.114
0.188
0.622
0.288
0.948
0.065
0.534
0.316
0.976
0.033
0.952
0.255
0.727
0.727
0.488
0.543
0.82
0.148
0.822
0.274
0.854
0.689
0.485
0.752
0.881
0.913
0.982
0.228
0.737
0.738
0.918
0.414
0.44
0.013
0.368
0.856
0.907
0.267
0.231
0.121
0.131
0.305
0.657
1.0
0.847
0.308
0.241
0.039
0.761
