0.007
0.975
0.274
0.784
0.792
0.328
0.612
0.011
0.195
0.345
0.165
0.67
0.465
0.99
0.162
0.79
0.89
0.349
0.647
0.529
0.038
0.093
0.071
0.684
0.194
0.683
0.857
0.568
0.15
0.544
0.346
0.296
0.017
0.011
0.924
0.356
0.656
0.08
0.877
0.396
0.951
0.474
0.825
0.69
0.386
0.326
0.619
0.262
0.62
0.013
0.675
0.54
0.697
0.311
0.487
0.873
0.753
0.655
0.408
0.969
0.819
0.987
0.323
0.499
0.167
0.343
0.828
0.48
0.531
0.268
0.538
0.884
0.181
0.74
0.993
0.013
0.529
0.404
0.923
0.389
0.933
0.647
0.83
0.405
0.665
0.173
0.825
0.956
0.396
0.462
0.98
0.145
0.105
0.047
0.488
0.48
0.614
0.602
0.19
0.8
0.212
0.636
0.496
0.912
0.09
0.211
0.061
0.709
0.945
0.057
0.193
0.377
0.181
0.482
0.252
0.613
0.325
0.861
0.559
0.129
0.617
0.077
0.439
0.051
0.905
0.386
0.611
0.154
0.778
0.888
0.705
0.318
0.725
0.067
0.622
0.521
0.116
0.555
0.786
0.593
0.696
0.398
0.499
0.161
0.636
0.021
0.725
0.301
0.469
0.498
0.071
0.541
0.087
0.084
0.197
0.185
0.46
0.144
0.671
0.669
0.445
0.968
0.627
0.771
0.15
0.724
0.839
0.432
0.032
0.638
0.269
0.057
0.675
0.541
0.966
0.765
0.101
0.815
0.537
0.735
0.389
0.917
0.315
0.423
0.235
0.547
0.88
0.206
0.098
0.92
0.357
0.404
0.859
0.489
0.786
0.136
0.287
0.684
0.164
0.217
0.108
0.593
0.56
0.81
0.072
0.441
0.257
0.923
0.28
0.363
0.755
0.054
0.247
0.301
0.85
0.004
0.631
0.55
0.461
0.915
0.351
0.839
0.268
0.656
0.367
0.466
0.948
0.553
0.899
0.433
0.129
0.604
0.74
0.562
0.649
0.004
0.311
0.916
0.957
0.979
0.943
0.061
0.311
0.68
0.857
0.412
0.664
0.192
0.226
0.017
0.659
0.666
0.333
0.325
0.405
0.26
0.468
0.098
0.07
0.695
0.812
0.524
0.105
0.449
0.941
0.864
0.238
0.82
0.846
0.543
0.473
0.928
0.657
0.146
0.653
0.49
0.172
0.779
0.017
0.038
0.522
0.498
0.574
0.14
0.976
0.946
0.949
0.977
0.482
0.209
0.321
0.276
0.415
0.011
0.175
0.771
0.436
0.974
0.843
0.918
0.635
0.168
0.088
0.236
0.494
0.587
0.198
0.02
0.284
0.889
0.115
0.001
0.703
0.085
0.565
0.592
0.464
0.672
1.0
0.882
0.178
0.554
0.991
0.814
0.653
0.534
0.659
0.018
0.918
0.891
0.692
0.397
0.475
0.437
0.815
0.431
0.602
0.819
0.456
0.595
0.051
0.566
0.862
0.532
0.48
0.118
0.537
0.915
0.941
0.482
0.55
0.699
0.313
0.839
0.405
0.553
0.626
0.96
0.679
0.951
0.226
0.938
0.525
0.377
0.646
0.306
0.675
0.337
0.984
0.531
0.743
0.798
0.871
0.805
0.601
0.536
0.058
0.264
0.959
0.917
0.252
0.299
0.695
0.303
0.094
0.144
0.901
0.224
0.5
0.426
0.468
0.238
0.833
0.977
0.041
0.629
0.699
0.884
0.918
0.835
0.454
0.874
0.244
0.431
0.699
0.043
0.914
0.004
0.758
0.508
0.536
0.456
0.963
0.771
0.503
0.469
0.223
0.694
0.523
0.547
0.865
0.504
0.336
0.244
0.129
0.76
0.929
0.775
0.581
0.722
0.541
0.418
0.995
0.868
0.656
0.9
0.225
0.796
0.258
0.718
0.421
0.441
0.704
0.362
0.047
0.252
0.88
0.322
0.695
0.497
0.831
0.843
0.803
0.529
0.846
0.473
0.961
0.991
0.347
0.847
0.857
0.864
0.602
0.471
0.918
0.511
0.91
0.32
0.97
0.356
0.524
0.871
0.22
0.551
0.218
0.612
0.784
0.999
0.453
0.374
0.997
0.946
0.741
0.533
0.795
0.93
0.363
0.716
0.396
0.26
0.462
0.234
0.617
0.666
0.71
0.718
0.507
0.039
0.338
0.715
0.09
0.437
0.98
0.502
0.762
0.632
0.424
0.253
0.305
0.754
0.073
0.94
0.098
0.313
0.075
0.585
0.32
0.655
0.605
0.298
0.039
0.51
0.581
0.121
0.758
0.779
0.75
0.895
0.603
0.291
0.875
0.706
0.038
0.261
0.622
0.258
0.248
0.166
0.239
0.419
0.4
0.26
0.453
0.155
0.086
0.839
0.616
0.523
0.674
0.185
0.917
0.152
0.724
0.357
0.244
0.299
0.564
0.858
0.321
0.29
0.238
0.471
0.706
0.388
0.374
0.878
0.565
0.888
0.269
0.415
0.891
0.528
0.005
0.026
0.165
0.321
0.048
0.892
0.983
0.433
0.403
0.105
0.174
0.823
0.279
0.496
0.512
0.931
0.255
0.751
0.48
0.275
0.348
0.403
0.866
0.517
0.15
0.55
0.019
0.453
0.64
0.654
0.743
0.261
0.324
0.026
0.922
0.852
0.805
0.917
0.119
0.759
0.379
0.932
0.913
0.524
0.385
0.317
0.893
0.023
0.826
0.637
0.999
0.594
0.802
0.867
0.17
0.638
0.124
0.36
0.16
0.946
0.825
0.508
0.91
0.11
0.36
0.924
0.449
0.832
0.481
0.412
0.837
0.263
0.393
0.293
0.882
0.273
0.483
0.049
0.797
0.259
0.659
0.585
0.15
0.829
0.523
0.589
0.218
0.114
0.457
0.639
0.132
0.22
0.454
0.478
0.082
0.581
0.93
0.069
0.925
0.565
0.387
0.29
0.867
0.204
0.648
0.834
0.17
0.453
0.906
0.703
0.625
0.03
0.41
0.354
0.892
0.936
0.519
0.091
0.5
0.049
0.471
0.132
0.746
0.782
0.434
0.448
0.148
0.284
0.707
0.58
0.417
0.587
0.56
0.449
0.324
0.024
0.536
0.404
0.482
0.674
0.682
0.139
0.526
0.625
0.022
0.466
0.493
0.409
0.48
0.931
0.997
0.412
0.88
0.342
0.251
0.592
0.584
0.692
0.513
0.932
0.99
0.838
0.575
0.882
0.973
0.326
0.463
0.637
0.569
0.743
0.072
0.012
0.368
0.698
0.099
0.114
0.18
0.64
0.244
0.546
0.327
0.554
0.363
0.308
0.42
0.709
0.597
0.759
0.4
0.562
0.038
0.433
0.437
0.822
0.5
0.373
0.979
0.612
0.577
0.386
0.999
0.67
0.002
0.344
0.661
0.894
0.801
0.496
0.758
0.184
0.829
0.005
0.515
0.825
0.359
0.949
0.596
0.528
0.007
0.94
0.106
0.933
0.596
0.019
0.774
0.443
0.937
0.59
0.523
0.012
0.587
0.278
0.538
0.122
0.44
0.051
0.016
0.279
0.583
0.256
0.452
0.617
0.437
0.069
0.155
0.98
0.596
0.56
0.362
0.24
0.207
0.749
0.497
0.851
0.469
0.775
0.925
0.042
0.461
0.117
0.091
0.617
0.032
0.919
0.173
0.63
0.303
0.915
0.097
0.695
0.793
0.407
0.909
0.515
0.272
0.988
0.952
0.662
0.699
0.048
0.986
0.045
0.771
0.114
0.844
0.37
0.324
0.838
0.952
0.195
0.546
0.418
0.81
0.641
0.086
0.363
0.84
0.861
0.167
0.096
0.576
0.02
0.253
0.082
0.823
0.961
0.95
0.898
0.75
0.084
0.855
0.041
0.936
0.004
0.671
0.639
0.033
0.784
0.842
0.663
0.043
0.271
0.113
0.342
0.578
0.157
0.949
0.362
0.873
0.481
0.835
0.691
0.903
0.546
0.692
0.681
0.843
0.267
0.793
0.517
0.154
0.326
0.667
0.044
0.324
0.71
0.571
0.517
0.374
0.134
0.924
0.161
0.372
0.304
0.221
0.591
0.912
0.495
0.015
0.56
0.664
0.272
0.499
0.648
0.063
0.643
0.972
0.379
0.088
0.067
0.292
0.595
0.682
0.662
0.633
0.384
0.617
0.693
0.033
0.309
0.257
0.089
0.208
0.807
0.685
0.786
0.142
0.096
0.276
0.382
0.992
0.12
0.159
0.013
0.224
0.997
0.312
0.5
0.374
0.147
0.145
0.825
0.795
0.498
0.42
0.347
0.552
0.32
0.331
0.498
0.762
0.164
0.872
0.047
0.695
0.976
0.757
0.073
0.732
0.022
0.144
0.207
0.92
0.315
0.772
0.462
0.477
0.956
