0.496
0.887
0.363
0.517
0.176
0.227
0.064
0.244
0.825
0.855
0.229
0.602
0.326
0.329
0.984
0.271
0.431
0.564
0.781
0.509
0.309
0.681
0.823
0.871
0.433
0.835
0.057
0.525
0.376
0.412
0.318
0.555
0.08
0.957
0.382
0.765
0.407
0.968
0.518
0.065
0.75
0.352
0.668
0.96
0.233
0.5
0.113
0.331
0.292
0.997
0.34
0.606
0.042
0.107
0.365
0.909
0.95
0.585
0.822
0.177
0.579
0.58
0.844
0.413
0.232
0.573
0.263
0.701
0.703
0.756
0.294
0.987
0.47
0.183
0.873
0.995
0.467
0.188
0.18
0.433
0.702
0.45
0.781
0.24
0.859
0.237
0.715
0.359
0.241
0.651
0.301
0.358
0.619
0.283
0.828
0.812
0.81
0.378
0.567
0.637
0.523
0.119
0.262
0.628
0.867
0.901
0.039
0.263
0.687
0.306
0.962
0.685
0.823
0.177
0.802
0.168
0.997
0.633
0.24
0.85
0.251
0.416
0.889
0.716
0.174
0
0.709
0.522
0.304
0.515
0.321
0.348
0.908
0.286
0.25
0.529
0.826
0.399
0.776
0.477
0.34
0.811
0.132
0.215
0.393
0.18
0.842
0.446
0.92
0.317
0.362
0.684
0.871
0.609
0.832
0.13
0.87
0.477
0.478
0.456
0.11
0.335
0.041
0.188
0.725
0.1
0.669
0.451
0.342
0.471
0.936
0.324
0.874
0.059
0.852
0.554
0.406
0.123
0.839
0.833
0.013
0.202
0.54
0.48
0.016
0.076
0.945
0.117
0.666
0.149
0.87
0.453
0.146
0.156
0.185
0.768
0.072
0.146
0.132
0.707
0.021
0.076
0.772
0.249
0.422
0.058
0.146
0.38
0.918
0.741
0.347
0.333
0.058
0.706
0.174
0.933
0.025
0.771
0.162
0.567
0.92
0.358
0.825
0.182
0.166
0.96
0.546
0.699
0.968
0.087
0.81
0.962
0.847
0.745
0.496
0.039
0.82
0.057
0.015
0.677
0.747
0.993
0.065
0.971
0.405
0.394
0.839
0.596
0.969
0.552
0.434
0.721
0.445
0.523
0.249
0.974
0.723
0.139
0.609
0.902
0.273
0.603
0.892
0.533
0.976
0.658
0.266
0.077
0.969
0.393
0.061
0.581
0.842
0.352
0.621
0.391
0.005
0.607
0.571
0.156
0.94
0.158
0.188
0.71
0.49
0.902
0.658
0.151
0.24
0.807
0.197
0.207
0
0.907
0.262
0.779
0.415
0.095
0.95
0.394
0.228
0.726
0.602
0.48
0.678
0.416
0.968
0.509
0.496
0.788
0.753
0.265
0.142
0.931
0.06
0.203
0.644
0.378
0.631
0.539
0.897
0.258
0.113
0.219
0.76
0.994
0.704
0.787
0.918
0.127
0.347
0.26
0.959
0.027
0.231
0.586
0.164
0.403
0.134
0.443
0.364
0.939
0.047
0.966
0.954
0.933
0.359
0.724
0.87
0.406
0.467
0.519
0.872
0.083
0.513
0.203
0.224
0.738
0.197
0.676
0.161
0.826
0.963
0.26
0.208
0.045
0.252
0.439
0.701
0.791
0.255
0.074
0.511
0.238
0.841
0.394
0.844
0.843
0.071
0.311
0.192
0.131
0.501
0.395
0.086
0.027
0.876
0.071
0.88
0.531
0.842
0.084
0.514
0.623
0.471
0.81
0.533
0.475
0.401
0.512
0.046
0.956
0.89
0.698
0.086
0.164
0.795
0.243
0.839
0.666
0.783
0.317
0.859
0.269
0.079
0.323
0.965
0.699
0.596
0.052
0.477
0.987
0.919
0.846
0.151
0.625
0.704
0.85
0.627
0.536
0.858
0.658
0.934
0.65
0.237
0.764
0.736
0.471
0.253
0.778
0.388
0.932
0.707
0.917
0.893
0.245
0.025
0.326
0.839
0.103
0.563
0.491
0.931
0.765
0.978
0.835
0.316
0.591
0.12
0.717
0.349
0.073
0.191
0.31
0.503
0.911
0.725
0.525
0.08
0.224
0.48
0.752
0.72
0.235
0.665
0.142
0.013
0.566
0.208
0.501
0.154
0.381
0.561
0.665
0.515
0.689
0.188
0.22
0.22
0.752
0.195
0.907
0.047
0.062
0.068
0.453
0.408
0.999
0.775
0.308
0.317
0.552
0.619
0.746
0.423
0.451
0.189
0.727
0.753
0.634
0.909
0.69
0.637
0.49
0.177
0.562
0.54
0.099
0.48
0.788
0.554
0.844
0.63
0.387
0.966
0.127
0.878
0.273
0.895
0.174
0.57
0.597
0.444
0.327
0.957
0.201
0.306
0.427
0.053
0.581
0.55
0.275
0.792
0.745
0.317
0.417
0.109
0.637
0.134
0.041
0
0.74
0.442
0.545
0.988
0.143
0.658
0.629
0.974
0.782
0.187
0.465
0.089
0.252
0.461
0.209
0.955
0.583
0.19
0.557
0.412
0.157
0.03
0.47
0.173
0.34
0.685
0.664
0.428
0.5
0.241
0.757
0.452
0.361
0.034
0.02
0.007
0.343
0.795
0.479
0.354
0.431
0.044
0.192
0.192
0.893
0.907
0.05
0.736
0.793
0.032
0.71
0.816
0.436
0.465
0.592
0.736
0.994
0.074
0.212
0.747
0.759
0.641
0.314
0.299
0.467
0.413
0.558
0.388
0.234
0.19
0.966
0.473
0.478
0.537
0.515
0.095
0.132
0.959
0.946
0.166
0.957
0.685
0.489
0.795
0.058
0.581
0.01
0.579
0.737
0.203
0.248
0.24
0.416
0.38
0.347
0.905
0.992
0.042
0.046
0.94
0.976
0.458
0.412
0.592
0.106
0.423
0.843
0.034
0.846
0.301
0.073
0.427
0.657
0.263
0.523
0.456
0.784
0.196
0.017
0.09
0.924
0.25
0.732
0.346
0.893
0.736
0.467
0.268
0.236
0.766
0.468
0.975
0.147
0.222
0.107
0.41
0.516
0.306
0.525
0.394
0.3
0.727
0.409
0.125
0.131
0.736
0.853
0.037
0.024
0.943
0.011
0.442
0.095
0.836
0.957
0.97
0.206
0.102
0.755
0.019
0.244
0.38
0.957
0.552
0.376
0.416
0.361
0.208
0.956
0.778
0.317
0.289
0.244
0.331
0.744
0.736
0.367
0.086
0.481
0.585
0.295
0.751
0.748
0.259
0.077
0.48
0.723
0.179
0.005
0.45
0.775
0.433
0.51
0.923
0.468
0.855
0.323
0.665
0.72
0.787
0.225
0.842
0.176
0.678
0.404
0.91
0.323
0.306
0.078
0.445
0.516
0.994
0.268
0.595
0.937
0.48
0.465
0.811
0.23
0.421
0.045
0.149
0.415
0.845
0.77
0.63
0.807
0.839
0.813
0.84
0.866
0.615
0.805
0.704
0.03
0.784
0.905
0.421
0.381
0.68
0.49
0.478
0.405
0.361
0.108
0.771
0.214
0.31
0.103
0.405
0.233
0.848
0.322
0.497
0.644
0.627
0.622
0.729
0.954
0.316
0.849
0.647
0.144
0.723
0.797
0.963
0.365
0.399
0.063
0.611
0.089
0.461
0.083
0.026
0.663
0.91
0.264
0.742
0.85
0.317
0.281
0.017
0.652
0.78
0.801
0.076
0.139
0.176
0.025
0.124
0.876
0.27
0.525
0.68
0.553
0.142
0.272
0.343
0.656
0.874
0.361
0.845
0.306
0.894
0.333
0.436
0.969
0.644
0.325
0.157
0.916
0.219
0.396
0.515
0.776
0.773
0.644
0.064
0.408
0.291
0.327
0.131
0.585
0.22
0.661
0.562
0.921
0.226
0.707
0.459
0.538
0.972
0.196
0.063
0.147
0.424
0.285
0.25
0.859
0.906
0.364
0.434
0.49
0.557
0.757
0.3
0.467
0.124
0.203
0.17
0.431
0.845
0.85
0.104
0.956
0.254
0.225
0.102
0.694
0.44
0.606
0.365
0.947
0.113
0.035
0.725
0.815
0.929
0.118
0.994
0.695
0.703
0.969
0.875
0.932
0.628
0.685
0.249
0.755
0.609
0.515
0.586
0
0.206
0.495
0.439
0.89
0.608
0.815
0.171
0.08
0.309
0.998
0.858
0.566
0.435
0.959
0.294
0.271
0.585
0.672
0.49
0.788
0.696
0.671
0.489
0.041
0.494
0.688
0.75
0.701
0.825
0.842
0.604
0.722
0.944
0.189
0.39
0.786
0.092
0.182
0.396
0.698
0.457
0.511
0.859
0.478
0.115
0.116
0.756
0.531
0.774
0.279
0.948
0.133
0.304
0.296
0.066
0.999
0.308
0.302
0.453
0.952
0.514
0.043
0.613
0.766
0.757
0.253
