0.385
0.764
0.576
0.072
0.538
0.042
0.55
0.663
0.082
0.474
0.464
0.826
0.497
0.004
0.336
0.577
0.905
0.899
0.535
0.095
0.363
0.382
0.828
0.116
0.721
0.332
0.817
0.646
0.43
0.186
0.647
0.076
0.54
0.428
0.434
0.285
0.385
0.938
0.066
0.23
0.629
0.001
0.343
0.113
0.739
0.92
0.815
0.6
0.108
0.945
0.701
0.76
0.731
0.129
0.672
0.272
0.18
0.811
0.211
0.109
0.166
0.056
0.96
0.889
0.912
0.923
0.352
0.245
0.18
0.931
0.48
0.274
0.298
0.333
0.775
0.997
0.334
0.637
0.318
0.354
0.165
0.123
0.628
0.527
0.647
0.315
0.87
0.189
0.945
0.043
0.246
0.689
0.815
0.546
0.871
0.297
1.0
0.167
0.518
0.552
0.433
0.338
0.338
0.011
0.948
0.823
0.385
0.329
0.227
0.909
0.332
0.304
0.055
0.886
0.373
0.015
0.686
0.101
0.749
0.307
0.815
0.276
0.663
0.522
0.526
0.484
0.069
0.265
0.161
0.724
0.266
0.607
0.896
0.891
0.811
0.309
0.275
0.73
0.823
0.191
0.297
0.038
0.188
0.446
0.023
0.035
0.289
0.309
0.591
0.306
0.627
0.616
0.503
0.766
0.224
0.828
0.012
0.009
0.073
0.317
0.659
0.023
0.269
0.06
0.563
0.81
0.974
0.412
0.541
0.843
0.627
0.287
0.608
0.578
0.134
0.967
0.065
0.246
0.193
0.343
0.443
0.8
0.798
0.206
0.558
0.27
0.9
0.366
0.362
0.405
0.614
0.711
0.649
0.676
0.857
0.071
0.306
0.853
0.361
0.502
0.884
0.041
0.372
0.828
0.18
0.483
0.368
0.029
0.875
0.024
0.134
0.074
0.97
0.129
0.015
0.07
0.152
0.734
0.546
0.907
0.174
0.145
0.871
0.257
0.751
0.681
0.286
0.475
0.057
0.965
0.697
0.86
0.147
0.401
0.432
0.71
0.849
0.064
0.815
0.528
0.77
0.886
0.185
0.347
0.792
0.643
0.747
0.614
0.4
0.427
0.333
0.428
0.508
0.478
0.148
0.452
0.036
0.438
0.062
0.978
0.386
0.098
0.108
0.842
0.837
0.797
0.429
0.196
0.147
0.268
0.142
0.029
0.773
0.074
0.934
0.997
0.562
0.455
0.265
0.937
0.766
0.538
0.627
0.991
0.214
0.452
0.453
0.674
0.983
0.599
0.411
0.59
0.648
0.457
0.328
0.134
0.783
0.674
0.778
0.944
0.411
0.348
0.093
0.032
0.394
0.713
0.88
0.105
0.142
0.819
0.712
0.559
0.384
0.937
0.502
0.143
0.352
0.618
0.594
0.536
0.745
0.596
0.748
0.049
0.738
0.635
0.963
0.955
0.704
0.966
0.715
0.359
0.291
0.961
0.845
0.106
0.444
0.479
0.59
0.457
0.833
0.327
0.508
0.647
0.833
0.858
0.522
0.239
0.647
0.443
0.924
0.985
0.482
0.911
0.055
0.866
0.311
0.83
0.912
0.051
0.719
0.168
0.115
0.071
0.253
0.2
0.157
0.316
0.087
0.444
0.767
0.718
0.555
0.231
0.203
0.748
0.915
0.664
0.65
0.993
0.473
0.071
0.848
0.064
0.123
0.134
0.397
0.449
0.703
0.145
0.261
0.413
0.518
0.305
0.417
0.568
0.491
0.425
0.17
0.75
0.626
0.507
0.118
0.518
0.011
0.938
0.26
0.924
0.758
0.704
0.693
0.425
0.566
0.318
0.354
0.127
0.454
0.103
0.701
0.76
0.112
0.474
0.328
0.4
0.49
0.128
0.95
0.554
0.702
0.85
0.558
0.934
0.256
0.24
0.267
0.585
0.418
0.217
0.115
0.256
0.35
0.747
0.392
0.453
0.5
0.728
0.203
0.544
0.133
0.298
0.965
0.188
0.826
0.937
0.947
0.929
0.217
0.938
0.778
0.022
0.49
0.457
0.011
0.085
0.828
0.561
0.67
0.918
0.715
0.43
0.289
0.144
0.027
0.615
0.581
0.495
0.388
0.315
0.066
0.316
0.589
0.382
0.637
0.781
0.774
0.305
0.583
0.974
0.113
0.363
0.051
0.116
0.094
0.429
0.151
0.359
0.927
0.072
0.178
0.91
0.207
0.684
0.819
0.312
0.046
0.491
0.195
0.93
0.408
0.378
0.341
0.013
0.318
0.769
0.134
0.077
0.331
0.65
0.183
0.366
0.518
0.503
0.962
0.906
0.252
0.073
0.426
0.135
0.182
0.444
0.76
0.125
0.05
0.739
0.317
0.927
0.518
0.942
0.873
0.377
0.554
0.558
0.547
0.083
0.828
0.885
0.469
0.301
0.229
0.748
0.349
0.309
0.084
0.694
0.385
0.491
0.892
0.491
0.849
0.289
0.584
0.213
0.621
0.202
0.213
0.508
0.299
0.159
0.379
0.094
0.271
0.123
0.932
0.867
0.901
0.389
0.659
0.436
0.038
0.711
0.706
0.111
0.424
0.738
0.412
0.905
0.485
0.425
0.591
0.371
0.527
0.787
0.46
0.238
0.26
0.413
0.42
0.748
0.554
0.985
0.79
0.293
0.128
0.076
0.985
0.18
0.901
0.207
0.653
0.982
0.114
0.624
0.074
0.987
0.29
0.769
0.475
0.229
0.55
0.438
0.102
0.396
0.025
0.009
0.027
0.233
0.933
0.744
0.487
0.451
0.061
0.949
0.187
0.537
0.249
0.399
0.593
0.293
0.097
0.605
0.864
0.609
0.311
0.152
0.937
0.965
0.79
0.461
0.094
0.28
0.682
0.172
0.668
0.937
0.616
0.906
0.274
0.146
0.236
0.815
0.251
0.779
0.231
0.858
0.484
0.245
0.089
0.39
0.356
0.48
0.336
0.534
0.738
0.245
0.244
0.164
0.66
0.146
0.075
0.337
0.984
0.961
0.555
0.316
0.954
0.409
0.245
0.692
0.709
0.012
0.314
0.124
0.717
0.243
0.106
0.579
0.696
0.007
0.798
0.917
0.678
0.208
0.528
0.359
0.2
0.396
0.666
0.903
0.816
0.194
0.653
0.994
0.781
0.15
0.818
0.254
0.615
0.18
0.457
0.529
0.733
0.304
0.89
0.207
0.52
0.085
0.971
0.716
0.299
0.766
0.721
0.838
0.989
0.78
0.414
0.883
0.809
0.668
0.154
0.376
0.823
0.834
0.584
0.543
0.682
0.106
0.343
0.544
0.627
0.312
0.771
0.151
0.44
0.753
0.811
0.951
0.847
0.715
0.426
0.809
0.169
0.122
0.631
0.167
0.06
0.583
0.895
0.954
0.743
0.59
0.222
0.892
0.66
0.436
0.484
0.452
0.658
0.749
0.659
0.692
0.519
0.025
0.296
0.323
0.878
0.902
0.084
0.918
0.946
0.125
0.844
0.051
0.661
0.232
0.026
0.579
0.976
0.642
0.231
0.511
0.04
0.198
0.75
0.38
0.653
0.557
0.196
0.525
0.663
0.673
0.36
0.426
0.716
0.255
0.303
0.084
0.059
0.055
0.878
0.725
0.773
0.25
0.085
0.702
0.894
0.844
0.629
0.134
0.404
0.498
0.726
0.717
0.547
0.457
0.012
0.031
0.296
0.322
0.49
0.131
0.742
0.073
0.734
0.401
0.87
0.867
0.253
0.182
0.912
0.353
0.77
0.625
0.477
0.758
0.262
0.852
0.427
0.88
0.053
0.831
0.94
0.265
0.881
0.243
0.553
0.489
0.636
0.572
0.089
0.197
0.65
0.05
0.21
0.186
0.484
0.431
0.899
0.072
0.83
0.43
0.14
0.977
0.963
0.941
0.11
0.6
0.614
0.08
0.214
0.674
0.283
0.865
0.105
0.729
0.039
0.769
0.743
0.704
0.17
0.273
0.204
0.017
0.91
0.388
0.294
0.487
0.053
0.784
0.769
0.1
0.446
0.076
0.135
0.438
0.935
0.657
0.881
0.17
0.94
0.535
0.029
0.506
0.003
0.204
0.037
0.821
0.167
0.168
0.267
0.842
0.158
0.806
0.535
0.715
0.51
0.468
0.044
0.484
0.24
0.348
0.759
0.749
0.807
0.936
0.918
0.701
0.067
0.184
0.576
0.471
0.254
0.159
0.763
0.832
0.532
0.173
0.123
0.977
0.594
0.275
0.846
0.45
0.478
0.24
0.957
0.178
0.465
0.311
0.629
0.014
0.784
0.939
0.559
0.159
0.667
0.243
0.704
0.26
0.917
0.735
0.416
0.615
0.033
0.456
0.204
0.711
0.538
0.666
0.396
0.501
0.9
0.862
0.753
0.245
0.108
0.512
0.086
0.448
0.557
0.161
