0.015
0.68
0.474
0.975
0.267
0.223
0.867
0.232
0.204
0.498
0.698
0.491
0.543
0.073
0.842
0.224
0.23
0.767
0.184
0.691
0.999
0.375
0.88
0.209
0.363
0.828
0.712
0.15
0.467
0.311
0.487
0.167
0.138
0.694
0.46
0.99
0.524
0.496
0.714
0.107
0.881
0.043
0.532
0.805
0.21
0.211
0.262
0.161
0.319
0.938
0.31
0.13
0.59
0.161
0.432
0.619
0.827
0.918
0.715
0.719
0.332
0.12
0.581
0.198
0.409
0.262
0.428
0.071
0.211
0.613
0.096
0.152
0.689
0.269
0.126
0.214
0.386
0.96
0.099
0.01
0.022
0.922
0.337
0.203
0.079
0.474
0.103
0.181
0.497
0.141
0.774
0.324
0.465
0.352
0.574
0.103
0.091
0.35
0.228
0.221
0.736
0.188
0.181
0.099
0.915
0.53
0.075
0.563
0.268
0.916
0.057
0.629
0.79
0.591
0.951
0.585
0.396
0.714
0.681
0.83
0.106
0.012
0.47
0.992
0.123
0.224
0.562
0.118
0.902
0.563
0.511
0.363
0.531
0.215
0.204
0.654
0.994
0.109
0.244
0
0.802
0.673
0.346
0.787
0.632
0.344
0.418
0.463
0.317
0.415
0.166
0.936
0.297
0.808
0.464
0.864
0.163
0.293
0.453
0.314
0.4
0.272
0.939
0.542
0.333
0.286
0.338
0.065
0.003
0.557
0.51
0.138
0.836
0.797
0.51
0.669
0.776
0.9
0.671
0.83
0.927
0.394
0.672
0.124
0.127
0.089
0.86
0.188
0.967
0.044
0.036
0.902
0.211
0.829
0.407
0.434
0.938
0.951
0.188
0.165
0.331
0.381
0.908
0.22
0.83
0.171
0.544
0.237
0.757
0.102
0.742
0.002
0.612
0.247
0.413
0.833
0.464
0.017
0.609
0.358
0.425
0.172
0.605
0.055
0.159
0.619
0.872
0.615
0.591
0.654
0.262
0.064
0.119
0.882
0.339
0.55
0.086
0.381
0.79
0.317
0.598
0.701
0.492
0.041
0.326
0.387
0.634
0.313
0.294
0.526
0.819
0.178
0.441
0.185
0.479
0.163
0.391
0.065
0.405
0.681
0.794
0.765
0.834
0.373
0.13
0.289
0.558
0.321
0.91
0.248
0.831
0.498
0.854
0.287
0.777
0.39
0.729
0.8
0.665
0.736
0.087
0.029
0.85
0.307
0.883
0.866
0.381
0.906
0.467
0.724
0.988
0.989
0.397
0.031
0.329
0.277
0.711
0.706
0.56
0.446
0.066
0.937
0.674
0.52
0.335
0.912
0.695
0.405
0.069
0.23
0.248
0.596
0
0.833
0.213
0.594
0.143
0.989
0.201
0.117
0.343
0.498
0.848
0.993
0.476
0.695
0.236
0.251
0.577
0.386
0.862
0.923
0
0.413
0.131
0.645
0.184
0.725
0.186
0.053
0.98
0.796
0.93
0.279
0.972
0.58
0.286
0.798
0.811
0.898
0.2
0.363
0.886
0.421
0.833
0.241
0.65
0.046
0.949
0.945
0.338
0.027
0.896
0.602
0.989
0.677
0.739
0.276
0.49
0.649
0.611
0.534
0.808
0.355
0.955
0.838
0.21
0.434
0.182
0.533
0.129
0.868
0.905
0.19
0.429
0.894
0.878
0.144
0.382
0.059
0.214
0.019
0.108
0.137
0.449
0.853
0.769
0.05
0.109
0.683
0.249
0.112
0.938
0.841
0.242
0.612
0.086
0.399
0.415
0.181
0.825
0.22
0.762
0.938
0.01
0.905
0.2
0.718
0.75
0.039
0.144
0.532
0.77
0.902
0.692
0.822
0.663
0.61
0.482
0.281
0.493
0.265
0.594
0.825
0.148
0.979
0.613
0.496
0.87
0.051
0.28
0.162
0.666
0.552
0.001
0.932
0.88
0.988
0.572
0.202
0.546
0.037
0.121
0.422
0.79
0.356
0.418
0.369
0.247
0.033
0.324
0.433
0.687
0.399
0.735
0.305
0.105
0.953
0.894
0.036
0.333
0.513
0.76
0.398
0.609
0.329
0.054
0.346
0.815
0.78
0.056
0.418
0.034
0.11
0.802
0.26
0.669
0.419
0.17
0.855
0.16
0.239
0.321
0.1
0.504
0.893
0.629
0.156
0.886
0.47
0.306
0.998
0.197
0.7
0.092
0.662
0.215
0.069
0.236
0.072
0.233
0.544
0.134
0.946
0.308
0.989
0.745
0.469
0.215
0.539
0.053
0.067
0.177
0.514
0.312
0.214
0.331
0.378
0.427
0.747
0.066
0.052
0.408
0.59
0.354
0.332
0.932
0.502
0.876
0.285
0.986
0.867
0.418
0.985
0.354
0.059
0.236
0.138
0.098
0.407
0.192
0.263
0.043
0.662
0.773
0.551
0.838
0.699
0.609
0.782
0.852
0.701
0.034
0.691
0.953
0.879
0.731
0.449
0.633
0.823
0.544
0.108
0.534
0.267
0.501
0.725
0.402
0.024
0.165
0.204
0.128
0.361
0.632
0.575
0.415
0.502
0.435
0.526
0.467
0.103
0.641
0.527
0.811
0.322
0.041
0.138
0.708
0.71
0.071
0.633
0.869
0.387
0
0.949
0.865
0.016
0.964
0.563
0.27
0.145
0.583
0.039
0.186
0.286
0.148
0.789
0.899
0.465
0.687
0.447
0.375
0.239
0.442
0.638
0.836
0.251
0.08
0.615
0.77
0.772
0.327
0.058
0.657
0.037
0.598
0.058
0.146
0.743
0.54
0.509
0.748
0.083
0.487
0.52
0.709
0.381
0.251
0.429
0.266
0.94
0.927
0.927
0.332
0.917
0.024
0.84
0.279
0.895
0.239
0.227
0.252
0.705
0.793
0.689
0.992
0.732
0.949
0.231
0.129
0.155
0.142
0.217
0.479
0.874
0.824
0.079
0.089
0.624
0.277
0.62
0.418
0.085
0.655
0.057
0.4
0.145
0.539
0.478
0.596
0.246
0.248
0.573
0.343
0.299
0.686
0.261
0.109
0.809
0.256
0.8
0.496
0.667
0.352
0.547
0.985
0.178
0.559
0.964
0.791
0.898
0.89
0.748
0.579
0.333
0.145
0.264
0.08
0.127
0.17
0.073
0.442
0.138
0.477
0.515
0.88
0.29
0.721
0.387
0.14
0.268
0.824
0.132
0.828
0.189
0.409
0.26
0.266
0.687
0.674
0.114
0.654
0.517
0.086
0.562
0
0.502
0.421
0.877
0.766
0.063
0.546
0.361
0.918
0.261
0.116
0.781
0.168
0.011
0.458
0.497
0.677
0.658
0
0.581
0.875
0.496
0.077
0.235
0.04
0.344
0.714
0.954
0.314
0.498
0.834
0.748
0.845
0.995
0.529
0.619
0.961
0.02
0.342
0.808
0.211
0.1
0.614
0.458
0.408
0.204
0.773
0.364
0.577
0.929
0.122
0.175
0.232
0.225
0.665
0.67
0.432
0.248
0.665
0.147
0.358
0.687
0.192
0.835
0.936
0.448
0.072
0.174
0.587
0.787
0.322
0.016
0.821
0.641
0.703
0.352
0.447
0.218
0.63
0.782
0.007
0.764
0.062
0.911
0.319
0.402
0.905
0.544
0.714
0.103
0.09
0.21
0.348
0.169
0.15
0.726
0.902
0.348
0.15
0.785
0.198
0.925
0.538
0.149
0.33
0.488
0
0.012
0.497
0.348
0.639
0.22
0.508
0.963
0.974
0.876
0.958
0.826
0.391
0.875
0.701
0.233
0.109
0.718
0.8
0.969
0.347
0.014
0.148
0.333
0.689
0.323
0.905
0.358
0.569
0.41
0.14
0.069
0.137
0.08
0.18
0.61
0.88
0.723
0.462
0.521
0.566
0.597
0.48
0.079
0.193
0.558
0.36
0.15
0.507
0.482
0.785
0.596
0.05
0.423
0.018
0.65
0.448
0.198
0.428
0.369
0.762
0.505
0.508
0.746
0.922
0.971
0.095
0.9
0.141
0.739
0.619
0.003
0.396
0.149
0.48
0.455
0.487
0.277
0.201
0.453
0.227
0.436
0.42
0.434
0.732
0.743
0.587
0.339
0.726
0.638
0.39
0.057
0.634
0.215
0.412
0.703
0.708
0.87
0.929
0.766
0.912
0.2
0.399
0.245
0.272
0.29
0.557
0.327
0.407
0.634
0.623
0.76
0.291
0.49
0.799
0.228
0.487
0.024
0.608
0.267
0.384
0.937
0.178
0.447
0.958
0
0.333
0.862
0.141
0.347
0.709
0.072
0.651
0.396
0.808
0.833
0.554
0.927
0.332
0.165
0.824
0.403
0.376
0.102
0.974
0.513
0.833
0.319
0.992
0.619
