0.243
0.933
0.308
0.27
0.614
0.256
0.858
0.532
0.57
0.294
0.897
0.462
0.527
0.233
0.357
0.18
0.998
0.018
0.783
0.152
0.588
0.152
0.209
0.49
0.927
0.402
0.594
0.007
0.078
0.533
0.825
0.501
0.334
0.288
0.136
0.185
0.374
0.499
0.467
0.429
0.868
0.073
0.942
0.384
0.233
0.964
0.396
0.82
0.737
0.722
0.139
0.775
0.721
0.087
0.788
0.59
0.751
0.973
0.8
0.171
0.149
0.554
0.065
0.485
0.995
0.247
0.473
0.078
0.875
0.94
0.939
0.245
0.156
0.908
0.388
0.157
0.695
0.461
0.366
0.04
0.684
0.971
0.414
0.164
0.864
0.602
0.982
0.617
0.199
0.916
0.486
0.592
0.729
0.732
0.598
0.865
0.851
0.127
0.888
0.582
0.344
0.385
0.845
0.584
0.789
0.286
0.382
0.435
0.74
0.825
0.575
0.362
0.852
0.314
0.315
0.273
0.494
0.989
0.693
0.515
0.8
0.946
0.207
0.876
0.502
0.658
0.83
0.155
0.692
0.081
0.221
0.314
0.238
0.467
0.177
0.789
0.491
0.901
0.056
0.13
0.028
0.144
0.216
0.057
0.076
0.483
0.666
0.672
0.079
0.628
0.482
0.508
0.761
0.883
0.227
0.494
0.139
0.018
0.676
0.65
0.771
0.128
0.607
0.16
0.948
0.072
0.808
0.693
0.823
0.664
0.815
0.233
0.431
0.75
0.976
0.383
0.472
0.784
0.847
0.421
0.37
0.579
0.175
0.034
0.077
0.719
0.041
0.492
0.066
0.315
0.322
0.977
0.937
0.946
0.947
0.212
0.701
0.722
0.801
0.714
0.842
0.611
0.303
0.672
0.047
0.297
0.185
0.602
0.945
0.109
0.438
0.519
0.454
0.1
0.695
0.13
0.461
0.133
0.855
0.286
0.755
0.13
0.821
0.036
0.184
0.425
0.738
0.393
0.754
0.946
0.953
0.53
0.653
0.247
0.151
0.11
0.965
0.365
0.656
0.843
0.892
0.564
0.885
0.987
0.072
0.827
0.693
0.099
0.41
0.33
0.661
0.843
0.195
0.154
0.852
0.299
0.402
0.479
0.223
0.367
0.816
0.641
0.472
0.266
0.499
0.565
0.222
0.604
0.914
0.032
0.627
0.398
0.007
0.207
0.97
0.793
0.956
0.17
0.46
0.04
0.806
0.721
0.815
0.044
0.373
0.588
0.505
0.074
0.923
0.44
0.542
0.535
0.46
0.206
0.165
0.572
0.359
0.422
0.883
0.217
0.964
0.231
0.636
0.932
0.089
0.865
0.986
0.857
0.263
0.504
0.775
0.558
0.968
0.028
0.823
0.436
0.874
0.236
0.982
0.192
0.923
0.305
0.662
0.218
0.731
0.596
0.537
0.928
0.714
0.417
0.863
0.106
0.092
0.798
0.273
0.707
0.995
0.372
0.376
0.436
0.359
0.628
0.048
0.259
0.492
0.711
0.163
0.091
0.098
0.001
0.764
0.177
0.473
0.867
0.202
0.59
0.176
0.853
0.454
0.725
0.863
0.831
0.625
0.738
0.842
0.62
0.099
0.187
0.468
0.429
0.904
0.058
0.163
0.382
0.41
0.946
0.457
0.907
0.257
0.639
0.812
0.29
0.424
0.101
0.273
0.916
0.567
0.549
0.815
0.258
0.379
0.86
0.688
0.26
0.013
0.766
0.903
0.943
0.672
0.123
0.836
0.404
0.203
0.762
0.812
0.441
0.496
0.851
0.23
0.149
0.106
0.727
0.778
0.593
0.799
0.591
0.944
0.607
0.413
0.538
0.482
0.366
0.607
0.739
0.572
0.892
0.445
0.064
0.252
0.705
0.62
0.829
0.072
0.041
0.325
0.026
0.442
0.77
0.458
0.508
0.886
0.217
0.549
0.848
0.29
0.553
0.51
0.006
0.427
0.117
0.877
0.106
0.121
0.422
0.184
0.589
0.284
0.811
0.035
0.584
0.653
0.824
0.912
0.494
0.305
0.672
0.787
0.974
0.698
0.33
0.637
0.257
0.847
0.886
0.12
0.344
0.286
0.45
0.667
0.102
0.766
0.131
0.237
0.454
0.131
0.119
0.736
1.0
0.661
0.077
0.737
0.594
0.582
0.467
0.78
0.061
0.083
0.137
0.702
0.122
0.141
0.063
0.198
0.361
0.267
0.524
0.082
0.411
0.335
0.996
0.574
0.795
0.111
0.629
0.437
0.405
0.938
0.141
0.527
0.348
0.948
0.646
0.902
0.927
0.498
0.221
0.985
0.096
0.775
0.439
0.382
0.529
0.562
0.23
0.717
0.613
0.119
0.427
0.645
0.561
0.247
0.226
0.02
0.414
0.994
0.742
0.745
0.551
0.409
0.823
0.126
0.636
0.47
0.394
0.36
0.8
0.561
0.197
0.951
0.656
0.51
0.35
0.961
0.577
0.037
0.534
0.623
0.637
0.845
0.552
0.337
0.991
0.697
0.831
0.288
0.805
0.427
0.417
0.78
0.036
0.597
0.62
0.824
0.491
0.001
0.859
0.453
0.738
0.983
0.972
0.169
0.834
0.833
0.842
0.793
0.435
0.057
0.492
0.046
0.062
0.694
0.743
0.483
0.938
0.189
0.453
0.437
0.377
0.87
0.195
0.366
0.964
0.878
0.009
0.234
0.599
0.466
0.557
0.746
0.956
0.629
0.103
0.543
0.746
0.687
0.954
0.146
0.84
0.798
0.683
0.077
0.029
0.593
0.041
0.408
0.937
0.897
0.982
0.136
0.513
0.498
0.201
0.657
0.455
0.952
0.683
0.198
0.392
0.264
0.584
0.229
0.618
0.759
0.436
0.473
0.71
0.697
0.056
0.116
0.711
0.627
0.59
0.172
0.441
0.347
0.001
0.948
0.378
0.181
0.992
0.324
0.185
0.79
0.409
0.782
0.319
0.914
0.868
0.739
0.479
0.921
0.408
0.367
0.026
0.627
0.595
0.32
0.577
0.956
0.66
0.899
0.184
0.481
0.1
0.643
0.206
0.45
0.155
0.617
0.641
0.929
0.36
0.861
0.445
0.775
0.703
0.847
0.765
0.849
0.486
0.06
0.775
0.175
0.632
0.789
0.803
0.691
0.217
0.347
0.268
0.741
0.16
0.003
0.019
0.951
0.373
0.755
0.235
0.201
0.69
0.027
0.747
0.944
0.048
0.78
0.365
0.294
0.109
0.141
0.633
0.257
0.928
0.046
0.137
0.262
0.485
0.086
0.677
0.961
0.127
0.195
0.149
0.288
0.71
0.996
0.711
0.698
0.483
0.86
0.484
0.774
0.353
0.63
0.839
0.693
0.737
0.453
0.971
0.341
0.714
0.718
0.82
0.541
0.895
0.893
0.125
0.811
0.801
0.813
0.168
0.302
0.266
0.458
0.031
0.737
0.506
0.184
0.419
0.234
0.724
0.395
0.389
0.771
0.844
0.187
0.407
0.581
0.421
0.072
0.152
0.08
0.367
0.032
0.073
0.613
0.586
0.696
0.038
0.894
0.748
0.107
0.836
0.663
0.951
0.564
0.957
0.453
0.205
0.709
0.351
0.395
0.054
0.214
0.085
0.872
0.36
0.604
0.331
0.911
0.155
0.784
0.164
0.142
0.553
0.057
0.011
0.699
0.206
0.243
0.885
0.353
0.17
0.812
0.673
0.55
0.623
0.887
0.808
0.487
0.798
0.155
0.457
0.019
0.772
0.459
0.841
0.952
0.963
0.63
0.373
0.121
0.746
0.701
0.579
0.131
0.119
0.648
0.217
0.986
0.29
0.702
0.469
0.991
0.116
0.85
0.075
0.863
0.351
0.636
0.24
0.944
0.958
0.839
0.902
0.977
0.004
0.746
0.341
0.396
0.275
0.335
0.681
0.794
0.971
0.178
0.767
0.353
0.103
0.288
0.244
0.994
0.432
0.268
0.202
0.601
0.22
0.745
0.579
0.768
0.921
0.373
0.37
0.565
0.343
0.216
0.55
0.948
0.487
0.264
0.068
0.541
0.424
0.998
0.051
0.342
0.576
0.34
0.85
0.345
0.766
0.788
0.838
0.874
0.696
0.335
0.838
0.734
0.574
0.595
0.11
0.979
0.221
0.509
0.358
0.247
0.208
0.449
0.175
0.699
0.943
0.627
0.536
0.835
0.036
0.801
0.473
0.155
0.685
0.369
0.509
0.973
0.477
0.058
0.157
0.856
0.056
0.614
0.361
0.325
0.048
0.584
0.326
0.08
0.401
0.176
0.696
0.517
0.951
0.018
0.174
0.571
0.939
0.809
0.801
0.841
0.529
0.166
0.508
0.285
0.656
0.219
0.838
0.834
0.144
0.851
0.959
0.605
0.43
0.084
0.415
