0.802
0.731
0.358
0.964
0.468
0.974
0.597
0.037
0.126
0.418
0.513
0.702
0.357
0.072
0.704
0.608
0.666
0.536
0.572
0.279
0.213
0.166
0.29
0.018
0.655
0.353
0.787
0.876
0.249
0.451
0.931
0.887
0.251
0.704
0.084
0.896
0.075
0.219
0.84
0.797
0.024
0.914
0.306
0.867
0.106
0.376
0.576
0.252
0.143
0.517
0.101
0.649
0.033
0.237
0.767
0.145
0.466
0.135
0.482
0.064
0.19
0.024
0.142
0.93
0.574
0.206
0.284
0.689
0.791
0.264
0.736
0.543
0.951
0.397
0.496
0.202
0.81
0.535
0.463
0.896
0.862
0.244
0.269
0.181
0.136
0.412
0.888
0.801
0.634
0.538
0.353
0.787
0.872
0.802
0.829
0.894
0.062
0.581
0.894
0.174
0.476
0.23
0.901
0.127
0.079
0.851
0.518
0.663
0.884
0.826
0.139
0.04
0.521
0.761
0.195
0.385
0.626
0.995
0.318
0.685
0.213
0.809
0.464
0.309
0.629
0.106
0.639
0.542
0.133
0.545
0.215
0.652
0.122
0.806
0.161
0.709
0.657
0.622
0.684
0.448
0.24
0.289
1.0
0.803
0.432
0.792
0.397
0.045
0.428
0.891
0.496
0.081
0.028
0.303
0.197
0.838
0.88
0.285
0.562
0.918
0.386
0.238
0.504
0.522
0.589
0.86
0.831
0.788
0.798
0.322
0.877
0.163
0.783
0.007
0.031
0.134
0.976
0.771
0.562
0.943
0.995
0.019
0.943
0.852
0.911
0.882
0.891
0.493
0.788
0.645
0.528
0.856
0.026
0.02
0.42
0.486
0.63
0.353
0.386
0.981
0.044
0.438
0.553
0.403
0.036
0.671
0.363
0.239
0.722
0.856
0.364
0.357
0.73
0.037
0.467
0.017
0.558
0.304
0.714
0.249
0.401
0.583
0.341
0.095
0.061
0.167
0.486
0.936
0.397
0.374
0.177
0.921
0.461
0.651
0.592
0.838
0.854
0.61
0.711
0.276
0.053
0.745
0.198
0.6
0.528
0.814
0.04
0.286
0.609
0.253
0.309
0.945
0.121
0.765
0.769
0.434
0.521
0.924
0.492
0.97
0.96
0.724
0.914
0.09
0.893
0.353
0.129
0.159
0.234
0.913
0.953
0.025
0.417
0.465
0.412
0.158
0.547
0.624
0.055
0.508
0.008
0.213
0.857
0.691
0.344
0.238
0.693
0.506
0.592
0.961
0.404
0.805
0.065
0.902
0.053
0.422
0.523
0.736
0.481
0.529
0.223
0.106
0.907
0.687
0.799
0.24
0.387
0.989
0.361
0.116
0.079
0.229
0.37
0.118
0.547
0.729
0.095
0.541
0.568
0.631
0.818
0.833
0.259
0.065
0.481
0.305
0.082
0.719
0.952
0.796
0.048
0.975
0.711
0.997
0.024
0.406
0.555
0.948
0.561
0.846
0.804
0.862
0.996
0.739
0.525
0.855
0.799
0.833
0.157
0.917
0.628
0.471
0.753
0.458
0.191
0.149
0.398
0.546
0.977
0.911
0.706
0.033
0.821
0.887
0.54
0.498
0.779
0.954
0.217
0.207
0.393
0.252
0.309
0.298
0.161
0.951
0.651
0.855
0.899
0.425
0.37
0.385
0.783
0.174
0.003
0.29
0.312
0.609
0.796
0.847
0.639
0.182
0.659
0.229
0.831
0.152
0.005
0.083
0.943
0.209
0.653
0.531
0.281
0.283
0.162
0.873
0.117
0.261
0.188
0.612
0.8
0.394
0.709
0.099
0.346
0.166
0.64
0.519
0.308
0.031
0.717
0.234
0.092
0.643
0.806
0.54
0.366
0.607
0.474
0.816
0.294
0.693
0.392
0.019
0.934
0.465
0.225
0.694
0.462
0.157
0.983
0.758
0.136
0.926
0.45
0.172
0.713
0.249
0.952
0.656
0.817
0.029
0.94
0.755
0.669
0.448
0.71
0.759
0.417
0.038
0.84
0.686
0.308
0.762
0.56
0.618
0.899
0.873
0.273
0.739
0.694
0.594
0.794
0.906
0.804
0.904
0.133
0.229
0.753
0.794
0.073
0.195
0.825
0.78
0.741
0.017
0.027
0.083
0.465
0.019
0.85
0.559
0.21
0.991
0.473
0.814
0.862
0.723
0.582
0.522
0.568
0.299
0.923
0.733
0.611
0.718
0.561
0.903
0.327
0.252
0.879
0.081
0.372
0.824
0.869
0.994
0.147
0.391
0.757
0.034
0.907
0.475
0.778
0.878
0.159
0.19
0.701
0.909
0.789
0.191
0.874
0.982
0.852
0.818
0.484
0.982
0.587
0.238
0.348
0.832
0.129
0.377
0.548
0.42
0.264
0.231
0.563
0.923
0.925
0.889
0.263
0.384
0.71
0.689
0.051
0.11
0.909
0.046
0.146
0.587
0.568
0.742
0.954
0.636
0.918
0.342
0.279
0.64
0.012
0.355
0.322
0.58
0.568
0.417
0.795
0.481
0.547
0.382
0.92
0.022
0.645
0.339
0.198
0.842
0.039
0.721
0.673
0.823
0.841
0.112
0.995
0.781
0.308
0.322
0.023
0.806
0.142
0.238
0.919
0.05
0.88
0.972
0.499
0.714
0.741
0.789
0.298
0.91
0.7
0.763
0.114
0.91
0.317
0.687
0
0.923
0.582
0.198
0.148
0.51
0.602
0.846
0.552
0.282
0.549
0.269
0.869
0.07
0.974
0.183
0.147
0.312
0.295
0.465
0.525
0.601
0.205
0.664
0.906
0.998
0.268
0.524
0.053
0.314
0.979
0.236
0.539
0.702
0.982
0.501
0.799
0.011
0.233
0.482
0.163
0.288
0.483
0.953
0.742
0.788
0.901
0.163
0.743
0.629
0.918
0.521
0.327
0.09
0.399
0.92
0.419
0.409
0.631
0.361
0.07
0.363
0.505
0.003
0.703
0.145
0.986
0.096
0.933
0.709
0.011
0.707
0.454
0.797
0.878
0.6
0.37
0.858
0.377
0.459
0.212
0.007
0.354
0.974
0.652
0.459
0.104
0.461
0.791
0.122
0.319
0.565
0.972
0.456
0.051
0.327
0.184
0.372
0.349
0.385
0.365
0.115
0.971
0.569
0.773
0.372
0.519
0.149
0.143
0.837
0.203
0.105
0.054
0.1
0.824
0
0.045
0.999
0.987
0.179
0.531
0.754
0.637
0.888
0.159
0.796
0.439
0.504
0.001
0.715
0.39
0.173
0.178
0.343
0.978
0.73
0.665
0.019
0.32
0.727
0.223
0.787
0.574
0.789
0.267
0.474
0.697
0.112
0.431
0.862
0.49
0.313
0.346
0.192
0.925
0.802
0.557
0.88
0.14
0.77
0.839
0.591
0.943
0.247
0.244
0.361
0.237
0.443
0.485
0.746
0.276
0.426
0.993
0.084
0.641
0.412
0.913
0.128
0.051
0.703
0.933
0.333
0.283
0.256
0.639
0.094
0.714
0.057
0.917
0.62
0.895
0.656
0.999
0.026
0.82
0.439
0.268
0.918
0.979
0.755
0.239
0.658
0.199
0.968
0.733
0.928
0.517
0.68
0.895
0.92
0.995
0.111
0.318
0.721
0.58
0.681
0.337
0.371
0.312
0.114
0.764
0.829
0.6
0.431
0.315
0.856
0.469
0.53
0.555
0.683
0.313
0.232
0.304
0.926
0
0.647
0.611
0.768
0.594
0.466
0.619
0.591
0.825
0.768
0.401
0.956
0.973
0.655
0.705
0.858
0.216
0.039
0.37
0.292
0.805
0.4
0.781
0.045
0.085
0.656
0.306
0.228
0.862
0.228
0.355
0.271
0.614
0.184
0.322
0.889
0.941
0.323
0.298
0.53
0.255
0
0.211
0.81
0.346
0.877
0.909
0.35
0.436
0.807
0.416
0.726
0.483
0.675
0.314
0.403
0.203
0.813
0.166
0.295
0.605
0.514
0.477
0.833
0.879
0.419
0
0.443
0.567
0.042
0.088
0.303
0.663
0.496
0.141
0.216
0.603
0.486
0.316
0.487
0.626
0.037
0.73
0.266
0.603
0.235
0.006
0.507
0.822
0.618
0.911
0.261
0.993
0.147
0.378
0.509
0.323
0.479
0.488
0.463
0.713
0.049
0.661
0.033
0.828
0.731
0.27
0.694
0.284
0.602
0.026
0.159
0.458
0.552
0.939
0.727
0.058
0.836
0.591
0.282
0.436
0.03
0.79
0.457
0.98
0.157
0.844
0.316
0.469
0.054
0.729
0.535
0.598
0.709
0.288
0.189
0.137
0.491
0.158
0.894
0.588
0.054
0.428
0.256
0.58
0.797
0.69
0.81
0.926
0.846
0.75
0.774
