0.668
0.508
0.348
0.172
0.808
0.357
0.5
0.56
0.866
0.265
0.579
0.274
0.078
0.552
0.181
0.477
0.978
0.962
0.729
0.327
0.324
0.729
0.107
0.203
0.621
0.402
0.983
0.157
0.746
0.426
0.116
0.829
0.225
0.133
0.698
0.391
0.389
0.401
0.005
0.651
0.458
0.107
0.889
0.989
0.792
0.903
0.846
0.989
0.073
0.785
0.023
0.285
0.502
0.606
0.589
0.092
0.815
0.267
0.987
0.811
0.67
0.826
0.077
0.341
0.304
0.086
0.314
0.362
0.911
0.585
0.971
0.343
0.259
0.741
0.618
0.56
0.146
0.83
0.333
0.564
0.949
0.009
0.245
0.367
0.105
0.351
0.517
0.865
0.559
0.309
0.741
0.12
0.381
0.22
0.267
0.599
0.594
0.157
0.245
0.793
0.405
0.724
0.316
0.265
0.598
0.769
0.023
0.865
0.179
0.07
0.063
0.231
0.195
0.553
0.011
0.328
0.573
0.875
0.944
0.852
0.576
0.925
0.285
0.713
0.901
0.521
0.37
0.47
0.156
0.225
0.588
0.714
0.176
0.394
0.957
0.153
0.678
0.202
0.131
0.345
0.475
0.705
0.634
0.004
0.898
0.991
0.986
0.663
0.454
0.663
0.975
0.026
0.714
0.051
0.885
0.707
0.395
0.909
0.985
0.112
0.095
0.716
0.534
0.885
0.296
0.724
0.525
0.126
0.815
0.583
0.708
0.112
0.699
0.431
0.074
0.827
0.027
0.023
0.744
0.689
0.453
0.98
0.744
0.492
0.809
0.077
0.273
0.481
0.682
0.067
0.247
0.579
0.728
0.712
0.776
0.13
0.023
0.742
0.831
0.647
0.39
0.925
0.034
0.046
0.672
0.478
0.256
0.375
0.147
0.823
0.875
0.557
0.443
0.831
0.211
0.01
0.788
0.711
0.883
0.353
0.298
0.44
0.296
0.615
0.182
0.639
0.905
0.704
0.049
0.462
0.047
0.15
0.977
0.53
0.208
0.251
0.832
0.92
0.148
0.983
0.049
0.215
0.871
0.02
0.214
0.08
0.776
0.652
0.673
0.914
0.687
0.352
0.789
0.491
0.989
0.234
0.63
0.694
0.995
0.887
0.468
0.973
0.798
0.646
0.765
0.772
0.42
0.804
0.349
0.055
0.728
0.367
0.322
0.928
0.839
0.794
0.061
0.421
0.909
0.831
0.552
0.652
0.587
0.143
0.065
0.823
0.086
0.327
0.068
0.555
0.601
0.02
0.969
0.322
0.979
0.94
0.423
0.991
0.492
0.842
0.437
0.725
0.436
0.684
0.308
0.166
0.895
0.854
0.227
0.686
0.183
0.045
0.732
0.488
0.858
0.117
0.312
0.908
0.34
0.817
0.767
0.613
0.154
0.267
0.563
0.729
0.075
0.309
0.046
0.39
0.027
0.655
0.749
0.272
0.381
0.725
0.823
0.844
0.508
0.172
0.754
0.455
0.577
0.73
0.624
0.854
0.487
0.968
0.837
0.776
0.855
0.745
0.796
0.898
0.948
0.666
0.81
0.393
0.813
0.571
0.55
0.288
0.455
0.417
0.105
0.878
0.312
0.562
0.44
0.305
0.937
0.02
0.968
0.414
0.764
0.19
0.636
0.712
0.092
0.732
0.846
0.387
0.589
0.624
0.568
0.339
0.898
0.243
0.635
0.022
0.305
0.447
0.955
0.025
0.387
0.561
0.716
0.954
0.264
0.81
0.094
0.766
0.963
0.195
0.586
0.651
0.2
0.614
0.337
0.898
0.971
0.534
0.161
0.254
0.226
0.866
0.708
0.983
0.497
0.07
0.701
0.812
0.185
0.826
0.556
0.744
0.415
0.246
0.542
0.632
0.724
0.768
0.983
0.47
0.158
0.703
0.142
0.602
0.656
0.967
0.619
0.677
0.047
0.162
0.783
0.459
0.936
0.935
0.061
0.151
0.351
0.838
0.466
0.969
0.686
0.904
0.521
0.581
0.916
0.613
0.117
0.271
0.403
0.216
0.846
0.337
0.917
0.526
0.855
0.313
0.723
0.314
0.277
0.918
0.546
0.548
0.17
0.496
0.584
0.889
0.785
0.812
0.143
0.799
0.128
0.603
0.659
0.531
0.135
0.645
0.582
0.445
0.05
0.981
0.918
0.125
0.812
0.02
0.931
0.015
0.307
0.588
0.417
0.69
0.733
0.337
0.324
0.452
0.41
0.646
0.165
0.92
0.08
0.491
0.819
0.923
0.737
0.979
0.561
0.832
0.269
0.904
0.335
0.465
0.186
0.535
0.33
0.367
0.133
0.022
0.173
0.043
0.22
0.542
0.213
0.331
0.589
0.866
0.78
0.313
0.629
0.143
0.108
0.336
0.749
0.502
0.487
0.399
0.426
0.884
0.838
0.237
0.643
0.41
0.312
0.687
0.701
0.815
0.614
0.42
0.836
0.515
0.23
0.347
0.121
0.596
0.831
0.689
0.973
0.946
0.869
0.967
0.143
0.014
0.79
0.209
0.875
0.22
0.232
0.881
0.451
0.364
0.484
0.733
0.315
0.148
0.195
0.019
0.308
0.265
0.259
0.504
0.344
0.278
0.199
0.239
0.657
0.561
0.166
0.445
0.871
0.583
0.732
0.116
0.078
0.619
0.024
0.876
0.832
0.53
0.099
0.436
0.318
0.962
0.784
0.472
0.239
0.537
0.029
0.54
0.96
0.741
0.307
0.509
0.405
0.387
0.618
0.205
0.951
0.186
0.711
0.116
0.042
0.606
0.78
0.787
0.253
0.658
0.358
0.275
0.403
0.551
0.243
0.721
0.147
0.382
0.307
0.685
0.362
0.895
0.542
0.545
0.674
0.059
0.617
0.005
0.282
0.329
0.886
0.204
0.269
0.735
0.302
0.287
0.813
0.131
0.333
0.433
0.665
0.246
0.41
0.79
0.421
0.801
0.521
0.566
0.111
0.166
0.012
0.912
0.912
0.227
0.668
0.64
0.159
0.545
0.147
0.018
0.357
0.091
0.104
0.729
0.744
0.296
0.433
0.675
0.683
0.394
0.743
0.92
0.16
0.547
0.956
0.193
0.404
0.853
0.926
0.862
0.157
0.707
0.364
0.723
0.573
0.943
0.173
0.207
0.245
0.484
0.931
0.795
0.962
0.24
0.104
0.438
0.022
0.533
0.358
0.756
0.127
0.643
0.871
0.5
0.608
0.43
0.89
0.335
0.603
0.295
0.575
0.538
0.327
0.248
0.235
0.72
0.015
0.918
0.343
0.425
0.531
0.132
0.913
0.002
0.696
0.325
0.272
0.872
0.73
0.959
0.823
0.871
0.524
0.716
0.708
0.644
0.593
0.808
0.047
0.726
0.416
0.947
0.56
0.983
0.248
0.092
0.061
0.304
0.026
0.544
0.811
0.133
0.896
0.628
0.994
0.602
0.501
0.247
0.027
0.816
0.507
0.843
0.992
0.812
0.954
0.339
0.001
0.169
0.957
0.024
0.466
0.643
0.256
0.106
0.265
0.938
0.32
0.527
0.858
0.721
0.883
0.328
0.678
0.904
0.117
0.402
0.633
0.697
0.729
0.233
0.486
0.772
0.759
0.269
0.838
0.271
0.023
0.169
0.518
0.237
0.04
0.249
0.198
0.999
0.8
0.447
0.415
0.072
0.808
0.845
0.228
0.617
0.224
0.693
0.285
0.204
0.389
0.654
0.935
0.462
0.302
0.248
0.016
0.877
0.466
0.898
0.487
0.523
0.952
0.518
0.979
0.293
0.747
0.779
0.254
0.536
0.975
0.662
0.316
0.684
0.781
0.069
0.159
0.119
0.902
0.12
0.085
0.168
0.492
0.537
0.896
0.722
0.667
0.226
0.431
0.705
0.169
0.772
0.335
0.921
0.11
0.89
0.225
0.361
0.611
0.481
0.413
0.28
0.242
0.018
0.143
0.1
0.988
0.785
0.919
0.371
0.985
0.789
0.747
0.233
0.345
0.798
0.188
0.573
0.789
0.734
0.263
0.193
0.667
0.586
0.21
0.38
0.655
0.398
0.671
0.504
0.554
0.214
0.672
0.217
0.472
0.047
0.595
0.48
0.551
0.368
0.724
0.428
0.986
0.585
0.188
0.526
0.374
0.426
0.078
0.938
0.695
0.201
0.09
0.251
0.135
0.027
0.877
0.186
0.925
0.552
0.597
0.105
0.566
0.695
0.319
0.203
0.229
0.114
0.424
0.336
0.003
0.359
0.75
0.943
0.457
0.257
0.892
0.957
0.106
0.827
0.943
0.606
0.368
0.595
0.173
0.076
0.762
0.506
0.06
0.106
0.174
0.885
0.738
0.17
0.816
0.67
0.4
0.52
0.869
0.219
0.774
0.147
0.083
0.38
0.242
0.25
