0.788
0.464
0.618
0.166
0.32
0.485
0.667
0.148
0.168
0.064
0.735
0.43
0.807
0.322
0.832
0.634
0.844
0.052
0.494
0.646
0.437
0.711
0.442
0.198
0.134
0.557
0.254
0.223
0.704
0.233
0.449
0.406
0.3
0.508
0.08
0.323
0.877
0.236
0.169
0.585
0.289
0.743
0.959
0.318
0.825
0.858
0.658
0.533
0.971
0.01
0.631
0.879
0.134
0.065
0.67
0.878
0.568
0.017
0.023
0.263
0.221
0.226
0.79
0.044
0.625
0.63
0.132
0.796
0.172
0.321
0.53
0.121
0.328
0.125
0.454
0.376
0.138
0.347
0.074
0.931
0.494
0.353
0.584
0.352
0.089
0.035
0.495
0.778
0.203
0.446
0.707
0
0.57
0.478
0.781
0.53
0.853
0.349
0.834
0.742
0.892
0.698
0.64
0.093
0.109
0.448
0.014
0
0.306
0.464
0.942
0.381
0.425
0.784
0.598
0.56
0.188
0.107
0.573
0.254
0.67
0.451
0.426
0.442
0.147
0.959
0.698
0.586
0.909
0.496
0.711
0.461
0.308
0.006
0.899
0.316
0.008
0.275
0.899
0.35
0.187
0.398
0.335
0.551
0.824
0.692
0
0.805
0.12
0.389
0.911
0.747
0.502
0.508
0.101
0.905
0.549
0.037
0.466
0.421
0.462
0.923
0.758
0.802
0.017
0.4
0.336
0.28
0.908
0.316
0.343
0.635
0.738
0.984
0.216
0.572
0.198
0.043
0.182
0.903
0.756
0.596
0.42
0.135
0.59
0.773
0.684
0.703
0.562
0.874
0.975
0.532
0.093
0.681
0.469
0.492
0.047
0
0.63
0.252
0.578
0.807
0.535
0.316
0.283
0.899
0.174
0.998
0.473
0.751
0.853
0.878
0.298
0.576
0.381
0.979
0.674
0.167
0.547
0.633
0.138
0.87
0.978
0.628
0.51
0.401
0.682
0.935
0.233
0.612
0.611
0.929
0.462
0.646
0.612
0.123
0.64
0.552
0.03
0.848
0.756
0.835
0.871
0.324
0.95
0.808
0.152
0.308
0.928
0.601
0.701
0.504
0.401
0.761
0.246
0.316
0.298
0.609
0.543
0.003
0.999
0.501
0.206
0.336
0.002
0.784
0.211
0.659
0.272
0.233
0.589
0.328
0.773
0.893
0
0.833
0.303
0.287
0.152
0.85
0.072
0.692
0.411
0.922
0.97
0.454
0.197
0.716
0.664
0.329
0.862
0.413
0.831
0.836
0.806
0.179
0.114
0.327
0.675
0.766
0.985
0.264
0.757
0.685
0.734
0.529
0.978
0.913
0.511
0.242
0.841
0.861
0.179
0.336
0.488
0.0
0.722
0.917
0.474
0.977
0.425
0.503
0.175
0.44
0.932
0.603
0.456
0.099
0.582
0.478
0.799
0.567
0.802
0.599
0.138
0.543
0.313
0.194
0.287
0.888
0.575
0.288
0.043
0.612
0.554
0.791
0.925
0.563
0.946
0.913
0.334
0.381
0.841
0.084
0.258
0.309
0.818
0.838
0.659
0.935
0.666
0.245
0.981
0.919
0.263
0.903
0.536
0.531
0.278
0.755
0.33
0.193
0.818
0.738
0.266
0.483
0.742
0.707
0.858
0.493
0.339
0.625
0.975
0.427
0.268
0.364
0.056
0.555
0.697
0.731
0.89
0.161
0.026
0.736
0.732
0.269
0.076
0.606
0.066
0.379
0.536
0.682
0.846
0.505
0.291
0.492
0.612
0.065
0.691
0.449
0.031
0.246
0.984
0.908
0.514
0.794
0.241
0.395
0.211
0.453
0.859
0.138
0.871
0.898
0.75
0.048
0.309
0.855
0.318
0.153
0.112
0.765
0.718
0.331
0.913
0.516
0.477
0.339
0.058
0.164
0.908
0.869
0.266
0.256
0.226
0.98
0.099
0.945
0.516
0.306
0.596
0.491
0.135
0.809
0.094
0.133
0.394
0.595
0.145
0.946
0.472
0.112
0.504
0.041
0.808
0.251
0.967
0.585
0.984
0.476
0.771
0.519
0.488
0.766
0.454
0.506
0.0
0.511
0.204
0.575
0.1
0.655
0.85
0.697
0.129
0.314
0.087
0.401
0.7
0.526
0.149
0.552
0.331
0.646
0.232
0.129
0.407
0.845
0.736
0.787
0.354
0.482
0.69
0.611
0.968
0.356
0.767
0.998
0.826
0.091
0.571
0.127
0.013
0.249
0.005
0.67
0.161
0.997
0.594
0.92
0.887
0.969
0.337
0.756
0.688
0.657
0.347
0.091
0.767
0.58
0.931
0.241
0.378
0.975
0.384
0.411
0.648
0.831
0.761
0.468
0.0
0.819
0.954
0.229
0.456
0.669
0.435
0.515
0
0.996
0.732
0.443
0.134
0.292
0.645
0.082
0.498
0.769
0.208
0.693
0.463
0.141
0.692
0.136
0.507
0.351
0.088
0.121
0.974
0.616
0.813
0.696
0.729
0.747
0.306
0.129
0.906
0.245
0.848
0.944
0.358
0.362
0.514
0.08
0.452
0.774
0.375
0.958
0.397
0.438
0.234
0.92
0.07
0.73
0.363
0.591
0.104
0.328
0.737
0.466
0.392
0.581
0.319
0.704
0.226
0.68
0.424
0.487
0.237
0.348
0.455
0.041
0.635
0.593
0.598
0.657
0.33
0.958
0.553
0.148
0.17
0.06
0.308
0.209
0.101
0.566
0.312
0.577
0.233
0.065
0.814
0.071
0.388
0.313
0.771
0.512
0.21
0.192
0.692
0.995
0.014
0.966
0.909
0
0.047
0.252
0.952
0.557
0.947
0.031
0.999
0.798
0.27
0.403
0.566
0.188
0.156
0.542
0.581
0.828
0.894
0.447
0.507
0.736
0.024
0.271
0.765
0.142
0.747
0.622
0.999
0.545
0.751
0.159
0.452
0.286
0.127
0.498
0.865
0.569
0.401
0.819
0.936
0.925
0.189
0.044
0.404
0.208
0.32
0.408
0.793
0.177
0.228
0.615
0.476
0.118
0.998
0.768
0.189
0.771
0.755
0.862
0.328
0.979
0
0.295
0.258
0.061
0.668
0.422
0.916
0.145
0.977
0.371
0.995
0.236
0.931
0.503
0.165
0.236
0.764
0.658
0.082
0.657
0.601
0.273
0.004
0.344
0.592
0.319
0.354
0.484
0.495
0.597
0.986
0.223
0.603
0.117
0.25
0.819
0.348
0.768
0.64
0.062
0.937
0.001
0.706
0.108
0.776
0.835
0.696
0.352
0.351
0.596
0
0.404
0.462
0.225
0.934
0.291
0.622
0.599
0.168
0.082
0.741
0.835
0.91
0.099
0.355
0.845
0.035
0.918
0.932
0.253
0.895
0.056
0.381
0.998
0.356
0.355
0.099
0.821
0.082
0.029
0.518
0.473
0.521
0.175
0.242
0.158
0.144
0.193
0.448
0.271
0.103
0.941
0.183
0.668
0.617
0.201
0.262
0.622
0.214
0.882
0.875
0.913
0.459
0.783
0.984
0.536
0.983
0.233
0.869
0.917
0.681
0.618
0.793
0.489
0.962
0.129
0.972
0.138
0.044
0.404
0.064
0.677
0.858
0.37
0.141
0.522
0.239
0.392
0.8
0.94
0.117
0.22
0.868
0.71
0.647
0.298
0.794
0.824
0.457
0.026
0.272
0.822
0.487
0.035
0.4
0.083
0.958
0.03
0.348
0.127
0.507
0.221
0.609
0.836
0.965
0.023
0.951
0.334
0.712
0.043
0.738
0.371
0.704
0.226
0.602
0.866
0.316
0.45
0.388
0.397
0.6
0.188
0.004
0.083
0.654
0.249
0.102
0.862
0.879
0.784
0.642
0.183
0.188
0.841
0.934
0.874
0.565
0.582
0.785
0.348
0.737
0.864
0.636
0.254
0.979
0.752
0.103
0.988
0.938
0.363
0.156
0.693
0.117
0.288
0.229
0.279
0.978
0.253
0.442
0.038
0.618
0.734
0.012
0.658
0.843
0.587
0.316
0.309
0.897
0.283
0.501
0.451
0.316
0.575
0.623
0.702
0.273
0.086
0.688
0.577
0.191
0.692
0.914
0.789
0.527
0.514
0.549
0.782
0.048
0.268
0.465
0.301
0.95
0.95
0.187
0.06
0.062
0.009
0.744
0.378
0.671
0.762
0.41
0.073
0.475
0.209
0.04
0.975
0.777
0.333
0.634
0.992
0.689
0.487
0.104
0.092
0.66
0.313
0.08
0.255
0.441
0.475
0.367
0.642
0.501
0.626
0.275
0.792
0.107
0.273
0.119
0.194
0.015
0.559
0.754
0.477
0.496
0.52
0.832
0.459
0.256
0.596
0.65
0.023
0.444
0.266
