0.457
0.658
0.119
0.865
0.263
0.202
0.152
0.913
0.957
0.922
0.812
0.097
0.417
0.913
0.513
0.32
0.228
0.983
0.027
0.944
0.436
0.045
0.687
0.74
0.702
0.672
0.345
0.808
0.546
0.963
0.774
0.465
0.348
0.753
0.062
0.047
0.688
0.698
0.757
0.109
0.448
0.354
0.574
0.242
0.142
0.124
0.536
0.891
0.287
0.24
0.096
0.758
0.176
0.432
0.207
0.838
0.932
0.707
0.564
0.812
0.244
0.579
0.821
0.15
0.182
0.81
0.362
0.005
0.217
0.996
0.393
0.598
0.105
0.117
0.214
0.704
0.481
0.431
0.268
0.492
0.614
0.726
0.485
0.12
0.663
0.831
0.855
0.777
0.596
0.007
0.235
0.21
0.107
0.131
0.187
0.384
0.01
0.872
0.653
0.742
0.379
0.469
0.296
0.745
0.012
0.341
0.632
0.861
0.986
0.029
0.514
0.836
0.898
0.456
0.656
0.039
0.036
0.216
0.168
0.486
0.814
0.732
0.808
0.174
0.54
0.328
0.02
0.163
0.979
0.326
0.355
0.016
0.336
0.433
0.513
0.147
0.779
0.036
0.449
0.313
0.986
0.721
0.556
0.506
0.104
0.262
0.421
0.094
0.321
0.502
0.721
0.089
0.497
0.593
0.772
0.416
0.889
0.706
0.401
0.933
0.432
0.007
0.747
0.752
0.213
0.351
0.373
0.002
0.608
0.749
0.466
0.279
0.866
0.178
0.735
0.57
0.778
0.614
0.631
0.263
0.784
0.691
0.51
0.852
0.193
0.423
0.556
0.829
0.248
0.924
0.9
0.361
0.383
0.543
0.741
0.086
0.729
0.995
0.204
0.783
0.048
0.074
0.116
0.236
0.216
0.937
0.33
0.306
0.159
0.714
0.032
0.919
0.69
0.893
0.029
0.926
0.833
0.217
0.211
0.371
0.996
0.585
0.118
0.056
0.582
0.854
0.916
0.693
0.529
0.86
0.237
0.284
0.067
0.188
0.834
0.364
0.121
0.675
0.845
0.615
0.998
0.962
0.555
0.654
0.519
0.22
0.147
0.989
0.449
0.64
0.262
0.396
0.047
0.441
0.014
0.849
0.884
0.881
0.985
0.221
0.49
0.951
0.014
0.268
0.832
0.423
0.075
0.89
0.176
0.337
0.481
0.892
0.068
0.263
0.378
0.176
0.13
0.889
0.298
0.296
0.085
0.9
0.436
0.685
0.21
0.51
0.875
0.572
0.078
0.292
0.324
0.13
0.927
0.607
0.808
0.798
0.588
0.13
0.564
0.433
0.975
0.877
0.304
0.587
0.689
0.335
0.701
0.611
0.436
0.73
0.288
0.646
0.207
0.729
0.345
0.266
0.998
0.228
0.356
0.178
0.71
0.708
0.094
0.492
0.907
0.21
0.394
0.374
0.569
0.482
0.444
0.3
0.626
0.778
0.927
0.905
0.224
0.134
0.236
0.014
0.831
0.969
0.409
0.401
0.786
0.531
0.11
0.309
0.282
0.157
0.429
0.019
0.557
0.49
0.3
0.264
0.457
0.519
0.741
0.59
0.837
0.684
0.903
0.446
0.991
0.774
0.963
0.686
0.421
0.835
0.298
0.589
0.638
0.385
0.852
0.984
0.562
0.431
0.653
0.451
0.918
0.859
0.224
0.686
0.888
0.352
0.925
0.039
0.192
0.317
0.138
0.485
0.131
0.512
0.686
0.351
0.553
0.551
0.484
0.857
0.943
0.706
0.821
0.798
0.811
0.229
0.658
0.025
0.672
0.945
0.572
0.008
0.676
0.535
0.702
0.93
0.218
0.32
0.859
0.153
0.664
0.544
0.398
0.503
0.286
0.176
0.335
0.246
0.49
0.11
0.991
0.414
0.396
0.058
0.061
0.09
0.734
0.013
0.791
0.853
0.38
0.077
0.407
0.364
0.506
0.665
0.325
0.026
0.615
0.331
0.147
0.718
0.114
0.62
0.357
0.037
0.577
0.721
0.284
0.245
0.145
0.238
0.278
0.517
0.583
0.771
0.023
0.995
0.167
0.11
0.521
0.503
0.093
0.359
0.853
0.469
0.717
0.408
0.947
0.177
0.391
0.683
0.212
0.503
0.311
0.927
0.846
0.924
0.167
0.146
0.657
0.229
0.729
0.322
0.061
0.559
0.1
0.016
0.715
0.945
0.414
0.377
0.724
0.012
0.588
0.354
0.041
0.945
0.716
0.397
0.513
0.441
0.694
0.153
0.462
0.128
0.986
0.123
0.737
0.921
0.099
0.691
0.179
0.745
0.57
0.361
0.236
0.268
0.468
0.302
0.077
0.506
0.99
0.243
0.947
0.487
0.963
0.695
0.324
0.597
0.171
0.706
0.313
0.538
0.281
0.541
0.816
0.966
0.586
0.449
0.9
0.175
0.034
0
0.748
0.099
0.866
0.132
0.1
0.852
0.329
0.067
0.078
0.203
0.501
0.068
0.177
0.568
0.42
0.251
0.27
0.632
0.575
0.992
0.09
0.04
0.238
0.254
0.819
0.564
0.539
0.934
0.219
0.843
0.13
0.169
0.691
0.869
0.889
0.338
0.679
0.338
0.745
0.62
0.566
0.614
0.871
0.206
0.646
0.441
0.547
0.839
0.245
0.957
0.871
0.062
0.925
0.073
0.131
0.66
0.248
0.755
0.597
0.225
0.25
0.791
0.715
0.898
0.344
0.714
0.938
0.149
0.803
0.888
0.334
0.863
0.436
0.391
0.095
0.43
0.828
0.799
0.042
0.94
0.803
0.708
0.86
0.73
0.467
0.814
0.365
0.898
0.645
0.706
0.005
0.355
0.88
0.321
0.927
0.333
0.758
0.664
0.029
0.48
0.224
0.197
0.657
0.301
0.647
0.262
0.865
0.865
0.953
0.076
0.548
0.644
0.809
0.533
0.011
0.998
0.743
0.589
0.407
0.141
0.025
0.88
0.76
0.282
0.22
0.403
0.407
0.588
0.777
0.749
0.761
0.989
0.883
0.098
0.711
0.528
0.246
0.733
0.119
0.74
0.095
0.621
0.639
0.124
0.328
0.044
0.956
0.375
0.997
0.594
0.891
0.605
0.842
0.243
0.484
0.67
0.522
0.779
0.956
0.848
0.362
0.563
0.195
0.766
0.878
0.176
0.622
0.937
0.695
0.856
0.17
0.7
0.993
0.227
0.145
0.792
0.083
0.523
0.43
0.478
0.609
0.301
0.294
0.066
0.892
0.533
0.557
0.652
0
0.979
0.004
0.051
0.291
0.968
0.571
0.837
0.715
0.577
0.651
0.696
0.946
0.728
0.622
0.202
0.112
0.788
0.431
0.602
0.231
0.076
0.701
0.725
0.087
0.218
0.909
0.465
0.147
0.116
0.985
0.59
0.908
0.008
0.579
0.125
0.299
0.459
0.514
0.729
0.548
0.858
0.259
0.961
0.437
0.028
0.783
0.438
0.485
0.6
0.67
0.116
0.706
0.437
0.542
0.536
0.383
0.731
0.412
0.553
0.848
0.533
0.226
0.204
0.799
0.172
0.229
0.776
0.452
0.967
0.77
0.151
0.385
0.845
0.204
0.522
0.306
0.404
0.582
0.154
0.296
0.319
0.082
0.216
0.301
0.745
0.87
0.827
0.503
0.442
0.131
0.672
0.107
0.186
0.973
0.264
0.041
0.344
0.918
0.94
0.226
0.676
0.286
0.055
0.698
0.913
0.286
0.928
0.06
0.732
0.724
0.707
0.939
0.165
0.57
0.513
0.225
0.717
0.332
0.09
0.088
0.767
0.455
0.731
0.211
0.685
0.095
0.862
0.817
0.507
0.772
0.417
0.61
0.628
0.061
0.95
0.193
0.996
0.585
0.829
0.432
0.82
0.765
0.871
0.083
0.405
0.501
0.992
0.397
0.177
0.177
0.747
0.692
0.162
0.296
0.609
0.649
0.715
0.602
0.977
0.731
0.382
0.805
0.772
0.395
0.195
0.333
0.118
0.445
0.647
0.138
0.188
0.734
0.082
0
0.112
0.432
0.404
0.54
0.316
0.424
0.509
0.819
0.146
0.415
0.574
0.288
0.824
0.956
0.442
0.04
0.986
0.909
0.512
0.881
0.688
0.824
0.441
0.527
0.898
0.956
0.475
0.387
0.053
0.461
0.287
0.555
0.914
0.294
0.255
0.81
0.237
0.053
0.91
0.673
0.451
0.601
0.957
0.543
0.903
0.337
0.474
0.367
0.633
0.649
0.937
0.276
0.402
0.892
0.159
0.266
0.048
0.306
0.156
0.924
0.584
0.47
0.004
0.126
0.645
0.945
0.759
0
0.953
0.667
0.67
0.998
0.067
0.873
0.282
0.032
0.279
0.888
0.58
0.193
0.735
0.854
0.758
