0.721
0.44
0.028
0.486
0.665
0.925
0.266
0.804
0.845
0.69
0.495
0.476
0.057
0.011
0.908
0.813
0.276
0.234
0.499
0.924
0.058
0.974
0.669
0.023
0.445
0.44
0.943
0.7
0.397
0.545
0.507
0.208
0.009
0.586
0.002
0.209
0.843
0.692
0.981
0.615
0.022
0.137
0.284
0.641
0.52
0.05
0.848
0.351
0.864
0.008
0.415
0.378
0.652
0.457
0.955
0.637
0.314
0.161
0.856
0.185
0.078
0.841
0.785
0.895
0.929
0.725
0.498
0.728
0.006
0.714
0.306
0.935
0.248
0.412
0.094
0.071
0.288
0.71
0.579
0.245
0.128
0.983
0.574
0.05
0.887
0.656
0.994
0.738
0.481
0.918
0.482
0.193
0.302
0.943
0.292
0.659
0.2
0.467
0.006
0.255
0.423
0.322
0.313
0.459
0.397
0.868
0.99
0.428
0.38
0.899
0.155
0.741
0.45
0.129
0.849
0.186
0.449
0.916
0.389
0.345
0.398
0.35
0.336
0.711
0.176
0.401
0.3
0.828
0.376
0.725
0.498
0.652
0.75
0.409
0.88
0.104
0.966
0.737
0.556
0.465
0.757
0.104
0.943
0.912
0.458
0.38
0.56
0.785
0.733
0.799
0.432
0.849
0.282
0.363
0.87
0.756
0.741
0.402
0.446
0.67
0.775
0.759
0.111
0.421
0.866
0.609
0.877
0.503
0.201
0.701
0.182
0.112
0.392
0.88
0.108
0.704
0.493
0.685
0.928
0.742
0.176
0.618
0.17
0.481
0.455
0.649
0.553
0.301
0
0.1
0.895
0.383
0.764
0.13
0.828
0.967
0.53
0.683
0.141
0.947
0.248
0.617
0.422
0.844
0.912
0.642
0.094
0.035
0.047
0.86
0.781
0.414
0.651
0.115
0.73
0.137
0.704
0.684
0.456
0.818
0.994
0.006
0.804
0.123
0.364
0.413
0.769
0.465
0.976
0.608
0.866
0.249
0.805
0.195
0.01
0.76
0.343
0.512
0.729
0.392
0.191
0.053
0.146
0.195
0.731
0.629
0.144
0.325
0.371
0.376
0.71
0.895
0.962
0.068
0.439
0.639
0.118
0.418
0.113
0.757
0.852
0.632
0.07
0.803
0.789
0.246
0.765
0.476
0.725
0.61
0.596
0.179
0.141
0.634
0.237
0.354
0.915
0.792
0.089
0.098
0.325
0.112
0.889
0.119
0.169
0.864
0.979
0.015
0.418
0.111
0.031
0.692
0.688
0.747
0.677
0.518
0.336
0.767
0.372
0.17
0.957
0.612
0.576
0.686
0
0.627
0.178
0.25
0.281
0.69
0.296
0.43
0.615
0.526
0.907
0.099
0.539
0.575
0.32
0.884
0.321
0.767
0.798
0.721
0.693
0.547
0.778
0.015
0.818
0.039
0.071
0.306
0.18
0.415
0.053
0.956
0.059
0.372
0.128
0.76
0.812
0.197
0.085
0.719
0.622
0.657
0.137
0.353
0.871
0.174
0.329
0.506
0.085
0.125
0.712
0.7
0.1
0.226
0.791
0.903
0.982
0.145
0.311
0.257
0.043
0.103
0.598
0.935
0.57
0.656
0.161
0.337
0.679
0.459
0.301
0.456
0.867
0.411
0.916
0.789
0.029
0.336
0.704
0.576
0.275
0.622
0.057
0.365
0.398
0.297
0.014
0.573
0.662
0.091
0.179
0.9
0.379
0.332
0.882
0.261
0.076
0.245
0.816
0.266
0.111
0.842
0.412
0.448
0.698
0.253
0.206
0.805
0.954
0.479
0.183
0.382
0.534
0.395
0.691
0.272
0.192
0.081
0.756
0.275
0.236
0.104
0.391
0.551
0.975
0.528
0.95
0.909
0.947
0.617
0.893
0.193
0.723
0.443
0.076
0.131
0.289
0.827
0.881
0.005
0.318
0.201
0.454
0.564
0.216
0.85
0.382
0.535
0.857
0.965
0.574
0.018
0.61
0.752
0.953
0.97
0.753
0.527
0.233
0.798
0.234
0.62
0.446
0.665
0.456
0.302
0.061
0.754
0.4
0.34
0.896
0.774
0.125
0.952
0.082
0.774
0.71
0.824
0.736
0.075
0.464
0.03
0.466
0.933
0.363
0.155
0.575
0.635
0.496
0.304
0.988
0.552
0.108
0.463
0.307
0.125
0.562
0.433
0.286
0.131
0.226
0.644
0.721
0.766
0.812
0.351
0.237
0.563
0.184
0.543
0.497
0.324
0.086
0.403
0.851
0.079
0.739
0.902
0.929
0.691
0.011
0.786
0.705
0.259
0.365
0.098
0.02
0.979
0.574
0.297
0.623
0.049
0.122
0.326
0.557
0.324
0.335
0.809
0.751
0.309
0.531
0.075
0.442
0.954
0.366
0.244
0.594
0.217
0.213
0.636
0.883
0.896
0.349
0.31
0.785
0.858
0.923
0.252
0.074
0.275
0.052
0.966
0.6
0.935
0.054
0.503
0.572
0.642
0.259
0.815
0.211
0.427
0.806
0.358
0.686
0.147
0.521
0.636
0.376
0.617
0.419
0.332
0.91
0.181
0.252
0.165
0.822
0.35
0.907
0.078
0.471
0.001
0.478
0.635
0.423
0.924
0.445
0.4
0.282
0.713
0.206
0.446
0.692
0.894
0.783
0.755
0.888
0.443
0.42
0.694
0.677
0.22
0.52
0.113
0.671
0.366
0.776
0.132
0.408
0.686
0.181
0.361
0.255
0.202
0.293
0.871
0.848
0.578
0.529
0.385
0.376
0.899
0.997
0.912
0.811
0.193
0.972
0.645
0.824
0.072
0.032
0.803
0.942
0.977
0.916
0.249
0.455
0.047
0.201
0.074
0.312
0.85
0.874
0.94
0.805
0.22
0.985
0.507
0.125
0.169
0.7
0.401
0.579
0.939
0.073
0.476
0.65
0.943
0.273
0.848
0.832
0.438
0.99
0.013
0.862
0.696
0.902
0.645
0.506
0.638
0.688
0.471
0.5
0.544
0.168
0.804
0.7
0.151
0.223
0.639
0.177
0.804
0.776
0.766
0.918
0.633
0.763
0.548
0.796
0.721
0.954
0.755
0.673
0.235
0.829
0.038
0.807
0.98
0.858
0.849
0.715
0.426
0.421
0.627
0.488
0.67
0.568
0.495
0.347
0.536
0.172
0.124
0.75
0.591
0.821
0.163
0.809
0.868
0.548
0.73
0.773
0.793
0.244
0.112
0.258
0.183
0.965
0.424
0.334
0.008
0.804
0.397
0.898
0.387
0.373
0.308
0.087
0.169
0.934
0.823
0.999
0.984
0.459
0.834
0.25
0.34
0.981
0.217
0.182
0.999
0.906
0.335
0.326
0.202
0.347
0.382
0.438
0.365
0.344
0.021
0.032
0.229
0.978
0.441
0.623
0.312
0.307
0.995
0.338
0.685
0.183
0.524
0.66
0.245
0.829
0.994
0.87
0.144
0.674
0.847
0.134
0.359
0.411
0.834
0.942
0.313
0.931
0.306
0.01
0.961
0.017
0.46
0.703
0.407
0.59
0.068
0.455
0.303
0.617
0.299
0.876
0.476
0.971
0.251
0.153
0.377
0.077
0.392
0.192
0.76
0.129
0.806
0.374
0.671
0.146
0.227
0.132
0.727
0.286
0.633
0.111
0.309
0.062
0.007
0.275
0.298
0.742
0.874
0.567
0.92
0.186
0.607
0.273
0.865
0.206
0.058
0.297
0.456
0.142
0.573
0.167
0.661
0.874
0.12
0.664
0.288
0.427
0.359
0.358
0.072
0.886
0.016
0.58
0.866
0.529
0.132
0.916
0.678
0.121
0.949
0.02
0.262
0.727
0.278
0.918
0.272
0.031
0.624
0.345
0.443
0.784
0.498
0.21
0.391
0.069
0.328
0.794
0.732
0.519
0.711
0.065
0.054
0.355
0.393
0.361
0.372
0.866
0.139
0.953
0.27
0.718
0.739
0.787
0.126
0.195
0.385
0.932
0.008
0.664
0.154
0.376
0.212
0.464
0.492
0.203
0.332
0.032
0.695
0.608
0.802
0.535
0.808
0.59
0.09
0.173
0.218
0.318
0.589
0.866
0.666
0.803
0.62
0.236
0.465
0.622
0.802
0.869
0.613
0.494
0.69
0.266
0.049
0.912
0.285
0.465
0.017
0.067
0.17
0.044
0.971
0.463
0.591
0.586
0.589
0.199
0.966
0.836
0.456
0.284
0.855
0.104
0.743
0.978
0.221
0.31
0.504
0
0.021
0.489
0.684
0.45
0.11
0.248
0.454
0.002
0.755
0.183
0.296
0.082
0.046
0.206
0.86
0.664
0.509
0.067
0.541
0.501
0.727
0.11
0.959
0.524
0.627
0.311
0.605
0.826
0.049
