0.872
0.23
0.645
0.688
0.27
0.229
0.415
0.842
0.315
0.219
0.594
0.699
0.849
0.336
0.973
0.389
0.933
0.003
0.015
0.989
0.437
0.142
0.868
0.416
0.109
0.158
0.202
0.845
0.048
0.707
0.941
0.782
0.425
0.465
0.984
0.616
0.473
0.72
0.75
0.046
0.134
0.026
0.907
0.461
0.993
0.335
0.097
0.236
0.799
0.533
0.78
0.228
0.545
0.685
0.55
0.55
0.171
0.202
0.936
0.801
0.888
0.3
0.356
0.607
0.876
0.785
0.288
0.342
0.923
0.107
0.566
0.225
0.401
0.945
0.355
0.854
0.93
0.555
0.238
0.777
0.548
0.648
0.323
0.101
0.994
0.785
0.441
0.717
0.331
0.705
0.851
0.771
0.438
0.998
0.62
0.089
0.193
0.892
0.839
0.546
0.63
0.952
0.22
0.87
0.137
0.621
0.727
0.483
0.879
0.714
0.268
0.291
0.054
0.341
0.92
0.954
0.608
0.366
0.823
0.926
0.417
0.456
0.974
0.565
0.851
0.658
0.569
0.375
0.714
0.361
0.36
0.493
0.942
0.419
0.874
0.742
0.785
0.107
0.317
0.912
0.176
0.002
0.308
0.818
0.674
0.595
0.638
0.389
0.688
0.414
0.347
0.67
0.748
0.669
0.888
0.261
0.867
0.024
0.321
0.041
0.872
0.542
0.548
0.258
0.544
0.777
0.519
0.919
0.539
0.871
0.637
0.015
0.043
0.322
0.241
0.421
0.427
0.401
0.647
0.488
0.468
0.793
0.888
0.729
0.302
0.978
0.222
0.241
0.516
0.714
0.949
0.324
0.578
0.907
0.809
0.6
0.302
0.453
0.131
0.767
0.924
0.311
0.626
0.292
0.297
0.872
0.057
0.183
0.905
0.864
0.501
0.509
0.273
0.059
0.754
0.044
0.098
0.219
0.605
0.367
0.772
0.635
0.097
0.623
0.634
0.318
0.724
0.851
0.153
0.987
0.446
0.058
0.834
0.668
0.226
0.977
0.131
0.474
0.85
0.852
0.446
0.041
0.075
0.161
0.238
0.548
0.182
0.581
0.975
0.638
0.202
0.457
0.668
0.458
0.845
0.128
0.705
0.743
0.952
0.417
0.055
0.167
0.521
0.992
0.616
0.435
0.423
0.468
0.49
0.008
0.031
0.171
0.253
0.644
0.334
0.716
0.457
0.197
0.45
0.331
0.924
0.302
0.553
0.643
0.804
0.283
0.42
0.087
0.291
0.066
0.47
0.548
0.311
0.202
0.792
0.65
0.551
0.788
0.915
0.134
0.6
0.491
0.152
0.746
0.488
0.213
0.829
0.058
0.245
0.661
0.399
0.376
0.691
0.832
0.341
0.105
0.982
0.799
0.419
0.453
0.974
0.985
0.464
0.775
0.52
0.906
0.68
0.573
0.663
0.278
0.602
0.525
0.317
0.919
0.917
0.51
0.047
0.839
0.881
0.243
0.162
0.064
0.721
0.766
0.928
0.479
0.943
0.292
0.107
0.293
0.533
0.574
0.231
0.215
0.078
0.139
0.854
0.595
0.002
0.015
0.224
0.957
0.413
0.321
0.311
0.994
0.925
0.823
0.558
0.894
0.846
0.87
0.827
0.908
0.083
0.748
0.851
0.502
0.177
0.581
0.944
0.781
0.051
0.907
0.222
0.476
0.169
0.697
0.982
0.809
0.515
0.125
0.003
0.77
0.281
0.135
0.062
0.39
0.604
0.328
0.715
0.694
0.204
0.096
0.968
0.232
0.931
0.738
0.529
0.646
0.436
0.581
0.021
0.635
0.844
0.117
0.247
0.695
0.255
0.905
0.761
0.717
0.319
0.139
0.001
0.731
0.105
0.428
0.558
0.046
0.741
0.991
0.813
0.71
0.771
0.191
0.073
0.757
0.654
0.582
0.74
0.67
0.837
0.216
0.268
0.954
0.743
0.9
0.644
0.583
0.382
0.075
0.916
0.148
0.644
0.559
0.024
0.929
0.905
0.004
0.45
0.746
0.895
0.111
0.72
0.636
0.874
0.129
0.717
0.662
0.093
0.035
0.954
0.948
0.685
0.139
0.397
0.793
0.357
0.39
0.04
0.537
0.811
0.679
0.219
0.926
0.148
0.479
0.756
0.169
0.563
0.231
0.043
0.881
0.32
0.595
0.119
0.158
0.912
0.08
0.241
0.889
0.095
0.825
0.127
0.867
0.247
0.997
0.976
0.47
0.241
0.615
0.354
0.5
0.38
0.222
0.355
0.017
0.373
0.866
0.664
0.269
0.985
0.854
0.825
0.502
0.469
0.092
0.636
0.729
0.418
0.15
0.009
0.276
0.444
0.265
0.611
0.214
0.999
0.329
0.646
0.615
0.994
0.946
0.275
0.483
0.373
0.34
0.972
0.569
0.3
0.393
0.805
0.006
0.879
0.343
0.718
0.391
0.846
0.789
0.13
0.055
0.932
0.096
0.559
0.936
0.112
0.522
0.754
0.049
0.314
0.783
0.81
0.594
0.031
0.753
0.018
0.563
0.249
0.016
0.377
0.051
0.087
0.809
0.274
0.21
0.864
0.177
0.702
0.621
0.295
0.546
0.659
0.407
0.552
0.443
0.386
0.301
0.156
0.039
0.51
0.646
0.141
0.213
0.597
0.499
0.398
0.604
0.897
0.806
0.582
0.627
0.519
0.908
0.029
0.28
0.508
0.524
0.174
0.426
0.989
0.936
0.003
0.672
0.858
0.087
0.492
0.173
0.131
0.267
0.145
0.327
0.999
0.086
0.162
0.324
0.432
0.489
0.262
0.25
0.674
0.332
0.897
0.757
0.319
0.503
0.301
0.516
0.446
0.464
0.047
0.579
0.858
0
0.358
0.448
0.146
0.604
0.149
0.164
0.4
0.829
0.875
0.87
0.519
0.171
0.023
0.461
0.284
0.61
0.654
0.008
0.967
0.804
0.884
0.755
0.59
0.708
0.301
0.025
0.08
0.496
0.94
0.195
0.738
0.455
0.779
0.386
0.341
0.5
0.665
0.533
0.102
0.352
0.602
0.838
0.727
0.848
0.455
0.352
0.784
0.65
0.559
0.921
0.84
0.09
0.362
0.545
0.316
0.495
0.332
0.372
0.334
0.057
0.095
0.783
0.995
0.631
0.055
0.783
0.414
0.289
0.698
0.242
0.663
0.246
0.141
0.558
0.008
0.393
0.649
0.513
0.197
0.739
0.595
0.923
0.621
0.901
0.178
0.279
0.664
0.054
0.354
0.746
0.047
0.421
0.653
0.166
0.467
0.55
0.357
0.249
0.206
0.997
0.715
0.957
0.093
0.198
0.872
0.903
0.995
0.334
0.636
0.31
0.53
0.613
0.661
0.799
0.825
0.213
0.871
0.022
0.733
0.323
0.417
0.868
0.932
0.416
0.446
0.161
0.632
0.597
0.837
0.919
0.299
0.99
0.068
0.386
0.116
0.308
0.307
0.018
0.834
0.851
0.246
0.013
0.169
0.767
0.498
0.211
0.624
0.844
0.17
0.012
0.296
0
0.034
0.558
0.173
0.599
0.03
0.145
0.154
0.455
0.514
0.008
0.665
0.607
0.868
0.888
0.284
0.911
0.468
0.096
0.408
0.824
0.353
0.098
0.089
0.022
0.099
0.572
0.091
0.536
0.146
0.951
0.427
0.533
0.759
0.565
0.056
0.849
0.865
0.795
0.346
0.742
0.772
0.728
0.671
0.167
0.418
0.818
0.147
0.863
0.335
0.383
0.368
0.724
0.709
0.258
0.752
0.748
0.311
0.519
0.615
0.6
0.484
0.977
0.41
0.167
0.757
0.08
0.141
0.655
0.854
0.242
0.35
0.511
0.211
0.472
0.85
0.575
0.461
0.928
0.107
0.471
0.28
0.678
0.369
0.91
0.7
0.287
0.818
0.423
0.04
0.161
0.711
0.207
0.68
0.773
0.721
0.61
0.553
0.753
0.075
0.908
0.319
0.928
0.328
0.504
0.312
0.261
0.183
0.288
0.453
0.875
0.752
0.086
0.915
0.924
0.582
0.778
0.152
0.404
0.043
0.272
0.146
0.26
0.825
0.085
0.471
0.659
0.902
0.391
0.266
0.437
0.883
0.601
0.301
0.475
0.4
0.618
0.858
0.725
0.418
0.587
0.483
0.505
0.33
0.81
0.685
0
0.235
0.031
0.891
0.836
0.78
0.676
0.377
0.68
0.335
0.743
0.255
0.519
0.44
0.042
0.432
0.543
0.638
0.817
0.709
0.09
0.572
0.58
0.357
0.617
0.195
0.678
0.946
0.128
0.613
0.479
0.445
0.832
0.565
0.62
0.611
0.982
0.54
0.102
0.251
0.448
0.796
0.131
0.83
0.534
0.899
0.737
0.795
0.095
