0.101
0.641
0.449
0.132
0.775
0.39
0.325
0.322
0.654
0.614
0.742
0.98
0.732
0.882
0.939
0.177
0.638
0.282
0.993
0.74
0.718
0.208
0.5
0.715
0.777
0.136
0.793
0.615
0.377
0.104
0.516
0.389
0.972
0.388
0.786
0.487
0.867
0.339
0.192
0.163
0.389
0.004
0.136
0.763
0.324
0.053
0.011
0.15
0.404
0.422
0.98
0.287
0.067
0.782
0.861
0.166
0.145
0.93
0.946
0.367
0.699
0.788
0.23
0.447
0.564
0.542
0.711
0.464
0.932
0.747
0.702
0.538
0.463
0.221
0.381
0.396
0.785
0.053
0.375
0.094
0.997
0.792
0.321
0.399
0.476
0.28
0.403
0.175
0.781
0.383
0.878
0.964
0.85
0.88
0.989
0.808
0.267
0.383
0.332
0.657
0.974
0.98
0.203
0.348
0.747
0.729
0.872
0.54
0.564
0.833
0.424
0.379
0.619
0.904
0.737
0.328
0.174
0.521
0.139
0.003
0.729
0.322
0.76
0.782
0.158
0.966
0.833
0.696
0.138
0.386
0.612
0.162
0.33
0.269
0.5
0.476
0.256
0.981
0.359
0.209
0.708
0.189
0.839
0.462
0.944
0.684
0.661
0.254
0.85
0.061
0.054
0.871
0.411
0.308
0.565
0.133
0.031
0.947
0.282
0.979
0.917
0.267
0.211
0.412
0.446
0.335
0.884
0.683
0.292
0.055
0.546
0.119
0.03
0.918
0.559
0.248
0.565
0.016
0.799
0.684
0.215
0.159
0.763
0.755
0.793
0.023
0.183
0.156
0.527
0.815
0.618
0.415
0.851
0.263
0.831
0.345
0.184
0.761
0.147
0.221
0.409
0.722
0.639
0.916
0.752
0.808
0.761
0.427
0.188
0.214
0.764
0.824
0.398
0.146
0.935
0.836
0.576
0.746
0.139
0.174
0.879
0.981
0.571
0.83
0.404
0.41
0.126
0.159
0.538
0.729
0.928
0.605
0.483
0.313
0.9
0.986
0.716
0.991
0.395
0.942
0.812
0.811
0.988
0.976
0.337
0.277
0.873
0.393
0.011
0.2
0.727
0.758
0.368
0.5
0.135
0.742
0.974
0.889
0.288
0.835
0.762
0.236
0.787
0.793
0.341
0.337
0.484
0.98
0.721
0.185
0.581
0.256
0.84
0.307
0.149
0.649
0.493
0.171
0.034
0.911
0
0.011
0.751
0.534
0.16
0.387
0.874
0.46
0.929
0.667
0.101
0.717
0.209
0.777
0.682
0.082
0.53
0.513
0.935
0.274
0.785
0.402
0.604
0.036
0.05
0.72
0.142
0.375
0.94
0.987
0.21
0.52
0.147
0.009
0.302
0.416
0.86
0.938
0.382
0.606
0.465
0.549
0.47
0.795
0.537
0.356
0.674
0.408
0.976
0.91
0.21
0.446
0.574
0.31
0.502
0.857
0.881
0.321
0.113
0.519
0.676
0.77
0.755
0.579
0.453
0.963
0.581
0.022
0.244
0.858
0.54
0.15
0.847
0.877
0.626
0.306
0.018
0.409
0.583
0.421
0.308
0.892
0.095
0.49
0.258
0.881
0.478
0.373
0.939
0.181
0.325
0.045
0.224
0.513
0.075
0.527
0.64
0.723
0.565
0.018
0.651
0.25
0.469
0.872
0.506
0.587
0.89
0.884
0.935
0.924
0.72
0.66
0.241
0.83
0.922
0.741
0.392
0.944
0.144
0.751
0.061
0.151
0.126
0.45
0.697
0.696
0.863
0.959
0.376
0.515
0.835
0.472
0.617
0.163
0.171
0.171
0.337
0.844
0.116
0.664
0.265
0.9
0.137
0.428
0.265
0.433
0.367
0.614
0.736
0
0.203
0.489
0.756
0.053
0.24
0.252
0.608
0.509
0.374
0.496
0.056
0.049
0.008
0.566
0.854
0.943
0.463
0.39
0.549
0.965
0.099
0.501
0.584
0.674
0.384
0.294
0.403
0.705
0.148
0.269
0.27
0.387
0.083
0.754
0.916
0.253
0.44
0.709
0.182
0.794
0.569
0.123
0.162
0.742
0.805
0.879
0.839
0.898
0.033
0.161
0.734
0.324
0.409
0.899
0.46
0.892
0.039
0.746
0.689
0.994
0.023
0.887
0.112
0.57
0.777
0.347
0.033
0.549
0.441
0.438
0.781
0.844
0.379
0.977
0.426
0.615
0.794
0.893
0.578
0.345
0.419
0.946
0.535
0.767
0.733
0.858
0.949
0.743
0.777
0.724
0.059
0.172
0.934
0.651
0.188
0.19
0.685
0.392
0.022
0.108
0.78
0.897
0.077
0.655
0.948
0.021
0.901
0.152
0.348
0.209
0.559
0.668
0.497
0.684
0.468
0.821
0.218
0.158
0.06
0.193
0.9
0.943
0.577
0.656
0
0.677
0.635
0.176
0.363
0.561
0.757
0.03
0.358
0.854
0.147
0.152
0.362
0.411
0.623
0.922
0.727
0.38
0.061
0.399
0.163
0.811
0.493
0.107
0.255
0.563
0.018
0.127
0.236
0.907
0.234
0.302
0.449
0.058
0.647
0.782
0.903
0.34
0
0.206
0.797
0.351
0.162
0.156
0.745
0.053
0.813
0.224
0.279
0.89
0.506
0.77
0.995
0.395
0.255
0.705
0.724
0.422
0.338
0.127
0.201
0.206
0.788
0.319
0.836
0.253
0.112
0.631
0.726
0.721
0.451
0.975
0.253
0.963
0.056
0.27
0.401
0.486
0.264
0.995
0.396
0.848
0.489
0.901
0.938
0.832
0.256
0.072
0.146
0.339
0.541
0.555
0.734
0.621
0.506
0.543
0.738
0.476
0.74
0.422
0.38
0.922
0.717
0.777
0.629
0.522
0.083
0.656
0.398
0.505
0.106
0.728
0.129
0.685
0.247
0.495
0.987
0.609
0.391
0.43
0.281
0.545
0.013
0.095
0.003
0.703
0.214
0.771
0.038
0.413
0.474
0.139
0.502
0.755
0.015
0.402
0.876
0.993
0.807
0.561
0.636
0.968
0.803
0.256
0.089
0.923
0.916
0.24
0.458
0.818
0.48
0.933
0.898
0.228
0.107
0.422
0.129
0.127
0.204
0.103
0.117
0.165
0.315
0.225
0.38
0.868
0.494
0.293
0.854
0.515
0.637
0.121
0
0.829
0.559
0.426
0.208
0.227
0.601
0.882
0.764
0.719
0.999
0.206
0.516
0.197
0.427
0.214
0.211
0.365
0.697
0.54
0.096
0.563
0.739
0.788
0.991
0.879
0.28
0.857
0.133
0.426
0.407
0
0.558
0.054
0.99
0.292
0.35
0.782
0.762
0.652
0.758
0.323
0.801
0.294
0.721
0.377
0.427
0.666
0.714
0.215
0.377
0.854
0.046
0.388
0.812
0.461
0.959
0.534
0.316
0.658
0.028
0.249
0.748
0.005
0.584
0.434
0.821
0.235
0.371
0.934
0.762
0.784
0.416
0.112
0.19
0.283
0.212
0.596
0.782
0.312
0.477
0.586
0.459
0.677
0.455
0.739
0.398
0.101
0.743
0.674
0.703
0.724
0.167
0.427
0.797
0.184
0.213
0.841
0.502
0.898
0.69
0.875
0.141
0.019
0.429
0.892
0.486
0.094
0.938
0.539
0.496
0.799
0.981
0.584
0.907
0.083
0.064
0.208
0.232
0.962
0.234
0.052
0.226
0.178
0.492
0.649
0.957
0.523
0.645
0.452
0.393
0.449
0.782
0.867
0.372
0.904
0.704
0.341
0.04
0.913
0.248
0.762
0.534
0.47
0.099
0.337
0.41
0.945
0.21
0.49
0.113
0.862
0.942
0.213
0.858
0.933
0.18
0.802
0.833
0.552
0.667
0.195
0.541
0.847
0.069
0.436
0.958
0.947
0.28
0.447
0.549
0.574
0.39
0.301
0.126
0.227
0.675
0.277
0.989
0.347
0.886
0.727
0.081
0.877
0.752
0.907
0.65
0.782
0.922
0.846
0.115
0.905
0.424
0.028
0.44
0.328
0.112
0.708
0.317
0.652
0.522
0.245
0.231
0.719
0.721
0.097
0.889
0.223
0.806
0.929
0.388
0.381
0.719
0.182
0.117
0.871
0.167
0.296
0.802
0.233
0.09
0.088
0.939
0.29
0.182
0.475
0.543
0.795
0.773
0.65
0.765
0.441
0.604
0.26
0.018
0.215
0.225
0.263
0.264
0.236
0.907
0.879
0.594
0.256
0.469
0.711
0.236
0.402
0.567
0.552
0.775
0.867
0.915
0.766
0.434
0.045
0.262
0.147
0.638
0.138
0.958
0.371
0.974
0.439
0.939
0.318
0.175
0.762
0.308
0.484
0.095
0.038
0.091
0.275
