0.579
0.548
0.574
0.768
0.177
0.849
0.934
0.399
0.043
0.88
0.484
0.583
0.707
0.777
0.54
0.554
0.217
0.857
0.374
0.994
0.418
0.769
0.316
0.504
0.075
0.198
0.443
0.517
0.457
0.001
0.008
0.903
0.517
0.681
0.526
0.121
0.768
0.829
0.923
0.241
0.088
0.017
0.971
0.999
0.168
0.279
0.869
0.072
0.778
0.933
0.957
0.502
0.253
0.736
0.333
0.907
0.122
0.246
0.135
0.364
0.46
0.787
0.201
0.807
0.333
0.73
0.549
0.025
0.046
0.319
0.025
0.972
0.012
0.482
0.055
0.661
0
0.585
0.756
0.116
0.462
0.63
0.455
0.039
0.122
0.365
0.93
0.901
0.021
0.313
0.757
0.334
0.794
0.948
1.0
0.154
0.419
0.264
0.075
0
0.132
0.509
0.244
0.454
0.783
0.901
0.787
0.786
0.905
0.907
0.531
0.812
0.342
0.694
0.075
0.173
0.784
0.574
0.454
0.042
0.79
0.993
0.327
0.463
0.796
0.697
0.846
0.917
0.723
0.841
0.396
0.889
0.989
0.696
0.187
0.526
0.136
0.79
0.325
0.681
0.804
0.426
0.017
0.772
0.04
0.185
0.462
0.924
0.925
0.67
0.911
0.339
0.664
0.273
0.982
0.052
0.931
0.618
0.428
0.079
0.526
0.432
0.272
0.376
0.259
0.454
0.65
0.087
0.109
0.562
0.136
0.515
0
0.852
0.488
0.05
0.333
0.929
0.487
0.987
0.986
0.116
0.442
0.697
0.179
0.763
0.47
0.754
0.347
0.558
0.191
0.215
0.966
0.551
0.369
0.439
0.226
0.93
0.572
0.347
0.987
0.126
0.83
0.131
0.732
0.047
0.489
0.393
0.444
0.223
0.688
0.924
0.357
0.293
0.815
0.257
0.33
0.472
0.603
0.51
0.002
0.566
0.114
0.36
0.829
0.831
0.216
0.032
0.265
0.808
0.467
0.777
0.297
0.442
0.885
0.202
0.678
0.929
0.33
0.582
0.806
0.633
0.164
0.018
0.478
0.89
0.697
0.878
0.438
0.877
0.987
0.258
0.989
0.77
0.21
0.855
0.962
0.65
0.634
0.779
0.403
0.318
0.834
0.36
0.85
0.895
0.699
0.618
0.229
0.21
0.981
0.382
0.561
0.923
0.093
0.887
0.326
0.396
0.325
0.989
0.578
0.072
0.348
0.544
0.492
0.811
0.895
0.547
0.187
0.002
0.688
0.248
0.474
0.358
0.426
0.911
0.469
0.011
0.938
0.053
0.977
0.991
0.837
0.667
0.584
0.467
0.08
0.672
0.611
0.592
0.402
0.635
0.346
0.101
0.182
0.939
0.416
0.882
0.679
0.004
0.169
0.896
0.342
0.451
0.01
0.909
0.918
0.907
0.501
0.6
0.225
0.136
0.46
0.095
0.175
0.155
0.307
0.776
0.239
0.777
0.136
0.496
0.402
0.983
0.234
0.466
0.12
0.61
0.865
0.446
0.595
0.201
0.988
0.19
0.08
0.406
0.609
0.264
0.154
0.607
0.618
0.507
0.483
0.694
0.311
0.928
0.202
0.461
0.894
0.765
0.768
0.791
0.76
0.198
0.835
0.704
0.19
0.983
0.138
0.287
0.302
0.237
0.645
0.541
0.07
0.384
0.208
0.118
0.513
0.62
0.886
0.235
0.275
0.214
0.174
0.883
0.018
0.645
0.698
0.304
0.314
0.032
0.391
0.59
0.683
0.723
0.323
0.256
0.859
0.472
0.168
0.857
0.552
0.861
0.802
0.575
0.038
0.581
0.588
0.432
0.534
0.812
0.639
0.319
0.695
0.812
0.446
0.998
0.878
0.1
0.077
0.804
0.3
0.523
0.251
0.403
0.526
0.661
0.342
0.467
0.692
0.494
0.36
0.235
0
0.289
0.006
0.015
0.815
0.165
0.475
0.988
0.753
0.091
0.918
0.591
0.645
0.771
0.527
0.118
0.767
0.422
0.239
0.886
0.826
0.99
0.156
0.077
0.704
0.525
0.052
0.885
0.622
0.177
0.874
0.92
0.993
0.598
0.045
0.957
0.808
0.657
0.083
0.041
0.566
0.938
0.726
0.275
0.741
0.058
0.591
0.267
0.055
0.687
0.899
0.101
0.464
0.772
0.878
0.163
0.069
0.403
0.857
0.246
0
0.956
0.92
0.386
0.976
0.34
0.056
0.021
0.123
0.771
0.45
0.736
0
0.189
0.694
0.574
0.431
0.183
0.817
0.483
0.377
0.495
0.987
0.097
0.939
0.161
0.045
0.73
0.44
0.566
0.345
0.84
0.118
0.283
0.925
0.527
0.719
0.891
0.237
0.5
0.209
0.907
0.746
0.668
0.94
0.913
0
0.783
0.934
0.685
0.112
0.657
0.812
0.995
0.139
0.225
0.299
0.328
0.447
0.119
0.279
0.759
0.207
0.909
0.289
1.0
0.556
0.049
0.838
0.419
0.545
0.019
0.178
0.387
0.902
0.486
0.77
0.096
0.677
0.774
0.553
0.605
0.202
0.637
0.165
0.884
0.167
0.501
0.419
0.568
0.596
0.991
0.46
0.318
0.126
0.151
0.107
0.719
0.77
0.271
0.129
0.624
0.951
0.723
0.566
0.159
0.91
0.504
0.011
0.356
0.647
0.849
0.515
0.82
0.301
0.999
0.701
0.445
0.554
0.718
0.984
0.071
0.475
0.333
0.984
0.757
0.7
0.895
0.285
0.672
0.763
0.332
0.066
0.265
0.118
0.15
0.632
0.527
0.168
0.692
0.815
0.703
0.434
0.059
0.536
0.019
0.709
0.318
0.729
0.735
0.002
0.457
0.162
0.478
0.64
0.767
0.57
0.842
0.904
0.816
0.813
0.657
0.21
0.434
0.987
0.337
0.608
0.486
0.726
0.1
0.224
0.697
0.41
0.686
0.918
0.053
0.004
0.257
0.254
0.149
0.529
0.226
0.66
0.882
0.316
0.745
0.669
0.907
0.717
0.687
0.465
0.07
0.413
0.421
0.523
0.786
0.978
0.185
0.534
0.362
0.536
0.208
0.927
0.508
0.138
0.74
0.852
0.588
0.081
0.121
0.345
0.711
0.371
0.521
0.827
0.159
0.629
0.743
0.348
0.513
0.442
0.654
0.468
0.733
0.275
0.568
0.864
0.388
0.479
0.774
0.782
0.011
0.171
0.49
0.43
0.392
0.38
0.727
0.881
0.453
0.079
0.716
0.093
0.16
0.911
0.999
0.018
0.152
0.65
0.54
0.381
0.462
0.681
0.697
0.132
0.605
0.896
0.032
0.862
0.998
0.777
0.29
0.134
0.915
0.586
0.53
0.978
0.466
0.901
0.185
0.374
0.038
0.59
0.846
0.492
0.886
0.792
0.118
0.093
0.619
0.868
0.222
0.641
0.557
0.986
0.088
0.008
0.728
0.136
0.367
0.938
0.054
0.928
0.428
0.703
0.127
0.999
0.973
0.902
0.546
0.229
0.274
0.493
0.675
0.218
0.619
0.972
0.318
0.039
0.147
0.263
0.926
0.528
0.723
0.592
0.862
0.931
0.969
0.297
0.888
0.01
0.876
0.907
0.323
0.096
0.699
0.351
0.466
0.018
0.676
0.997
0.996
0.422
0.289
0.823
0.484
0.748
0.051
0.256
0.683
0.247
0.858
0.647
0.075
0.245
0.38
0.413
0.407
0.337
0.47
0.104
0.597
0.482
0.215
0.791
0.034
0.767
0.101
0.377
0.064
0.573
0.046
0.694
0.871
0.714
0.001
0.677
0.953
0.013
0.41
0.702
0.958
0.526
0.77
0.124
0.998
0.462
0.684
0.95
0.109
0.812
0.125
0.639
0.307
0.356
0.685
0.049
0.849
0.128
0.786
0.259
0.054
0.233
0.048
0.989
0.137
0.364
0.794
0.007
0.855
0.76
0.035
0.716
0.823
0.462
0.475
0.212
0.051
0.077
0.506
0.056
0.253
0.503
0.535
0.431
0.112
0.405
0.077
0.209
0.176
0.361
0.933
0.123
0.648
0.703
0.661
0.624
0.551
0.73
0.264
0.93
0.268
0.716
0.535
0.766
0.229
0.091
0.961
0.748
0.158
0.101
0.717
0.674
0.61
0.252
0.456
0.044
0.589
0.326
0.129
0.54
0.554
0.55
0.475
0.928
0.601
0.194
0.684
0.552
0.194
0.23
0.877
0.719
0.353
0.771
0.585
0.064
0.937
0.354
0.643
0.757
0.893
0.056
0.781
0.057
0.883
0.089
0.169
0.249
0.722
0.02
0.172
0.089
0.922
0.186
0
0.841
0.078
0.145
0.973
0.418
0.808
0.844
0.849
0.412
0.285
