0.626
0.519
0.246
0.983
0
0.346
0.312
0.676
0.562
0.774
0.097
0.312
0.552
0.175
0.243
0.088
0.122
0.038
0.68
0.921
0.044
0.152
0.667
0.09
0.688
0.413
0.763
0.039
0.433
0.879
0.43
0.415
0.806
0.275
0.801
0.945
0.93
0.588
0.459
0.375
0.016
0.424
0.187
0.12
0.933
0.825
0.668
0.526
0.066
0.201
0.286
0.229
0.126
0.174
0.967
0.065
0.473
0.768
0.326
0.867
0.084
0.592
0.822
0.039
0.877
0.167
0.279
0.646
0.645
0.877
0.779
0.979
0.688
0.301
0.513
0.07
0.901
0.017
0.396
0.386
0.044
0.942
0.854
0.147
0.312
0.276
0.761
0.287
0.569
0.5
0.482
0.501
0.779
0.651
0.467
0.898
0.265
0.16
0.358
0.768
0.049
0.42
0.329
0.502
0.873
0.878
0.43
0.833
0.182
0.57
0.118
0.495
0.83
0.362
0.393
0.965
0.151
0.781
0.134
0.463
0.521
0.76
0.339
0.413
0.169
0.628
0.412
0.315
0.962
0.86
0.351
0.418
0.246
0.667
0.92
0.113
0.598
0.862
0.517
0.569
0.358
0.314
0.31
0.094
0.407
0.606
0.109
0.707
0.864
0.16
0.53
0.099
0.529
0.121
0.879
0.954
0.576
0.593
0.754
0.499
0.467
0.769
0.334
0.673
0.64
0.614
0.007
0.677
0.525
0.455
0.345
0.699
0.252
0.585
0.206
0.822
0.183
0.772
0.445
0.185
0.15
0.151
0.506
0.806
0.435
0.179
0.308
0.075
0.026
0.393
0.793
0.624
0.728
0.614
0.391
0.605
0.142
0.871
0.868
0.892
0.685
0.875
0.186
0.438
0.791
0.732
0.509
0.209
0.085
0.962
0.779
0.154
0.611
0.894
0.302
0.709
0.698
0.069
0.449
0.168
0.556
0.298
0.408
0.682
0.595
0.816
0.72
0.041
0.959
0.981
0.385
0.639
0.219
0.949
0.738
0.577
0.113
0.14
0.763
0.371
0.39
0.567
0.109
0.065
0.09
0.109
0.748
0.455
0.93
0.548
0.907
0.708
0.372
0.161
0.084
0.555
0.054
0.361
0.923
0.685
0.959
0.465
0.958
0.196
0.482
0.329
0.05
0.124
0.959
0.209
0.608
0.743
0.044
0.823
0.47
0.269
0.414
0.215
0.572
0.795
0.518
0.103
0.659
0.737
0.201
0.41
0.605
0.308
0.176
0.773
0.213
0.891
0.243
0.415
0.699
0.658
0.213
0.935
0.411
0.881
0.971
0.12
0.97
0.737
0.648
0.556
0.734
0.977
0.603
0.697
0.035
0.301
0.887
0.039
0.299
0.939
0.251
0.862
0.081
0.326
0.236
0.487
0.277
0.152
0.489
0.03
0.185
0.568
0.507
0.341
0.937
0.83
0.455
0.177
0.58
0.73
0.028
0.943
0.175
0.678
0.927
0.446
0.022
0.09
0.091
0.214
0.96
0.731
0.397
0.843
0.346
0.639
0.955
0.287
0.447
0.593
0.219
0.76
0.783
0.301
0.689
0.331
0.209
0.275
0.063
0.877
0.478
0.334
0.897
0.542
0.193
0.497
0.274
0.601
0.753
0.35
0.796
0.493
0.016
0.855
0.499
0.486
0.502
0.959
0.031
0.754
0.566
0.897
0
0.981
0.82
0.338
0.278
0.723
0.287
0.705
0.358
0.205
0.11
0.271
0.965
0.256
0.389
0.062
0.161
0.221
0.535
0.482
0.426
0.036
0.385
0.625
0.714
0.459
0.868
0.445
0.132
0.266
0.157
0.948
0.656
0.319
0.633
0.985
0.852
0.788
0.896
0.608
0.436
0.462
0.56
0.874
0.898
0.763
0.07
0.135
0.612
0.466
0.374
0.211
0.768
0.555
0.653
0.977
0.028
0.464
0.27
0.791
0.758
0.612
0.926
0.054
0.96
0.968
0.277
0.69
0.387
0.475
0.422
0
0.496
0.588
0.373
0.185
0.254
0.664
0.506
0.049
0.751
0.116
0.693
0.892
0.672
0.826
0.957
0.222
0.666
0.725
0.251
0.249
0.575
0.85
0.844
0.88
0.227
0.718
0.185
0.325
0.956
0.391
0.611
0.695
0.036
0.949
0.551
0.776
0.317
0.025
0.242
0.859
0.42
0.686
0.461
0.883
0.442
0.266
0.68
0.193
0.918
0.764
0.963
0.478
0.218
0.167
0.716
0.349
0.783
0.223
0.789
0.248
0.297
0.354
0.164
0.827
0.253
0.848
0.535
0.802
0.384
0.167
0.55
0.123
0.663
0.303
0.132
0.333
0.749
0.035
0.948
0.718
0.948
0.979
0.319
0.22
0.568
0.442
0.381
0.258
0.006
0.871
0.913
0.869
0.415
0.314
0.792
0.942
0.38
0.773
0.544
0.03
0.794
0.41
0.068
0.971
0.257
0.63
0.546
0.319
0.169
0.981
0.722
0.637
0.808
0.017
0.158
0.454
0.744
0.681
0.817
0.973
0.22
0.228
0.438
0.58
1.0
0.483
0.684
0.573
0.694
0.739
0.688
0.786
0.886
0.911
0.75
0.952
0.824
0.215
0.779
0.847
0.618
0.082
0.709
0.897
0.631
0.447
0.326
0.801
0.057
0.466
0.422
0.077
0.118
0.96
0.345
0.974
0.042
0.248
0.452
0.36
0.557
0.99
0.758
0.52
0.875
0.385
0.989
0.772
0.804
0.315
0.254
0.123
0.922
0.369
0.535
0.266
0.223
0.99
0.637
0.137
0.804
0.563
0.755
0.702
0.955
0.829
0.813
0.691
0.351
0.959
0.714
0.724
0.521
0.707
0.357
0.924
0.937
0.439
0
0.208
0.75
0.32
0.202
0.263
0.033
0.368
0.187
0.881
0.652
0.585
0.272
0.648
0.549
0.36
0.99
0.326
0.626
0.675
0.884
0.613
0.904
0.995
0.195
0.737
0.92
0.486
0.879
0.663
0.21
0.58
0.996
0.182
0.221
0.751
0.026
0.193
0.574
0.29
0.488
0.638
0.486
0.397
0.61
0.07
0.519
0.767
0.451
0.614
0.63
0.002
0.167
0.078
0.776
0.138
0
0.174
0.512
0.294
0.042
0.485
0.35
0.881
0.615
0.389
0.386
0.94
0.694
0.575
0.165
0.252
0.145
0.714
0.563
0.576
0.935
0.582
0.838
0.494
0.834
0.705
0.677
0.808
0.443
0.795
0.915
0.684
0.632
0.587
0.021
0.108
0.802
0.586
0.513
0.502
0.099
0.777
0.976
0.987
0.311
0.886
0.501
0.746
0.751
0.914
0.829
0.626
0.592
0.834
0.807
0.926
0.394
0.032
0.811
0.026
0.613
0.047
0.065
0.305
0.248
0.77
0.051
0.652
0.547
0.41
0.599
0.331
0.236
0.419
0.342
0.605
0.29
0.204
0.369
0
0.265
0.131
0.766
0.482
0.063
0.342
0.269
0.764
0.162
0.23
0.623
0.694
0.273
0.406
0.182
0.757
0.083
0.866
0.289
0.898
0.865
0.888
0.971
0.767
0.142
0.975
0.139
0.66
0.899
0.831
0.495
0.621
0.347
0.798
0.57
0.387
0.642
0.02
0.194
0.855
0.969
0.912
0.033
0.14
0.213
0.903
0.223
0.366
0.493
0.683
0.123
0.687
0.247
0.239
0.777
0.466
0.187
0
0.766
0.168
0.729
0.33
0.301
0.472
0.199
0.588
0.614
0.229
0.243
0.862
0.913
0.606
0.983
0.791
0.803
0.667
0.748
0.067
0.65
0.063
0.659
0.135
0.114
0.297
0.936
0.311
0.578
0.858
0.46
0.329
0.101
0.764
0.131
0.419
0.704
0.881
0.393
0.13
0.808
0.56
0.958
0.361
0.36
0.357
0.386
0.38
0.683
0.719
0.787
0.453
0.151
0.082
0.529
0.66
0.484
0.565
0.243
0.062
0.549
0.877
0.267
0.062
0.819
0.401
0.499
0.745
0.27
0.43
0.345
0.869
0.131
0.544
0.058
0.097
0.769
0.483
0.878
0.87
0.5
0.042
0.372
0.115
0.641
0.268
0.171
0.059
0.819
0.966
0.348
0.1
0.872
0.119
0.232
0.267
0.41
0.683
0.986
0.931
0.176
0.955
0.986
0.516
0.914
0.465
0.289
0.757
0.741
0.286
0.147
0.684
0.604
0.087
0.902
0.507
0.055
0.933
0.221
0.375
0.674
0.288
0.23
0.325
0.356
0.729
0.484
0.534
0.087
0.996
0.75
0.854
0.597
0.448
0.887
0.679
0.174
0.295
0.915
0.033
0.624
0.716
0.366
0.942
0.581
0.878
0.039
0.111
