0.521
0.395
0.936
0.081
0.041
0.065
0.349
0.616
0.074
0.236
0.888
0.618
0.133
0.946
0.393
0.25
0.068
0.651
0.21
0.848
0.677
0.152
0.906
0.477
0.668
0.383
0.298
0.074
0.899
0.95
0.823
0.126
0.33
0.684
0.79
0.691
0.242
0.528
0.781
0.05
0.409
0.776
0.318
0.535
0.5
0.086
0.693
0.7
0.315
0.582
0.646
0.233
0.078
0.696
0.236
0.281
0.559
0.143
0.164
0.632
0.187
0.402
0.132
0.018
0.216
0.028
0.011
0.17
0.019
0.009
0.047
0.228
0.578
0.626
0.761
0.5
0.677
0.113
0.274
0.315
0.185
0.244
0.323
0.361
0.156
0.101
0.665
0.655
0.413
0.601
0.864
0.307
0.967
0.257
0.506
0.694
0.482
0.796
0.63
0.908
0.591
0.369
0.914
0.668
0.466
0.19
0.297
0.745
0.879
0.24
0.059
0.987
0.588
0.967
0.473
0.918
0.031
0.387
0.9
0.902
0.269
0.62
0.079
0.037
0.314
0.493
0.136
0.892
0.768
0.813
0.844
0.858
0.137
0.29
0.946
0.756
0.786
0.68
0.645
0.276
0.115
0.845
0.098
0.981
0.853
0.037
0.688
0.105
0.1
0.7
0.284
0.875
0.902
0.863
0.998
0.899
0.847
0.464
0.339
0.785
0.316
0.087
0.497
0.213
0.415
0.973
0.791
0.394
0.327
0.118
0.539
0.045
0.94
0.162
0.378
0.551
0.545
0.782
0.873
0.331
0.037
0.545
0.725
0.359
0.418
0.034
0.04
0.391
0.819
0.349
0.237
0.382
0.112
0.799
0.968
0.036
0.819
0.29
0.91
0.156
0.066
0.507
0.407
0.364
0.113
0
0.267
0.023
0.738
0.588
0.143
0.198
0.621
0.388
0.297
0.723
0.812
0.479
0.13
0.097
0.84
0.741
0.445
0.53
0.006
0.961
0.652
0.943
0.613
0.116
0.531
0.891
0.863
0.298
0.777
0.666
0.787
0.894
0.32
0.649
0.275
0.883
0.976
0.576
0.483
0.249
0.509
0.244
0.563
0.406
0.1
0.298
0.871
0.615
0.161
0.943
0.412
0.002
0.563
0
0.336
0.398
0.957
0.455
0.243
0.718
0.513
0.293
0.201
0.641
0.064
0.678
0.307
0.837
0.677
0.676
0.789
0.605
0.131
0.916
0.393
0.723
0.969
0.931
0.778
0.763
0.02
0.264
0.653
0.841
0.183
0.24
0.08
0.228
0.728
0.658
0.666
0.363
0.475
0.916
0.456
0.805
0.436
0.77
0.17
0.838
0.982
0.929
0.631
0.608
0.766
0.202
0.293
0.635
0.85
0
0.27
0.6
0.968
0.263
0.131
0.465
0.396
0.178
0.714
0.207
0.15
0.741
0.111
0.321
0.186
0.157
0.53
0.446
0.479
0.135
0.84
0.309
0.76
0.087
0.474
0.636
0.586
0.265
0.16
0.775
0.934
0.17
0.846
0.41
0.104
0.429
0.522
0.43
0.562
0.826
0.181
0.912
0.084
0.156
0.259
0.089
0.319
0.572
0.521
0.76
0.452
0.452
0.074
0.554
0.202
0.844
0.958
0.66
0.249
0.077
0.083
0.895
0.947
0.739
0.078
0.435
0.615
0.751
0.115
0.02
0.644
0.626
0.581
0.006
0.871
0.045
0.607
0.839
0.97
0.279
0.738
0.666
0.579
0.981
0.366
0.222
0.216
0.06
0.798
0.767
0.705
0.39
0.05
0.945
0.644
0.173
0.302
0.156
0.525
0.642
0.971
0.094
0.528
0.75
0.166
0.135
0.456
0.574
0.594
0.27
0.13
0.598
0.455
0.057
0.646
0
0.81
0.205
0.564
0.858
0.969
0.155
0.915
0.337
0.241
0.717
0.355
0.425
0.699
0.982
0.261
0.832
0.96
0.137
0.675
0.707
0.283
0.485
0.232
0.566
0.142
0.404
0.112
0.808
0.233
0.933
0.696
0.964
0.854
0.893
0.951
0.994
0.632
0.998
0.62
0.413
0.432
0.526
0.354
0.991
0.83
0.96
0.053
0.753
0.477
0.095
0.499
0.469
0.055
0.281
0.35
0.971
0.288
0.506
0.965
0.124
0.161
0.867
0.22
0.208
0.135
0.565
1.0
0.936
0.49
0.546
0.637
0.438
0.885
0.91
0.541
0.206
0.053
0.087
0.608
0.646
0.107
0.522
0.509
0.949
0.141
0.712
0.778
0.742
0.749
0.476
0.859
0.978
0.17
0.991
0.749
0.89
0.183
0.592
0.327
0.428
0.228
0.455
0.761
0.304
0.69
0.47
0.286
0.317
0.888
0.515
0.949
0.616
0.736
0.749
0.688
0.034
0.346
0.178
0.203
0.926
0.72
0.31
0.921
0.942
0.732
0.966
0.164
0.596
0.702
0.681
0.81
0.67
0.541
0.275
0.772
0.68
0.552
0.662
0.91
0.522
0.515
0.687
0.537
0.054
0.13
0.161
0.85
0.396
0.247
0.048
0.525
0.504
0.769
0.166
0.056
0.673
0.889
0.909
0.246
0.711
0.765
0.781
0.7
0.594
0.989
0.691
0.456
0.074
0.508
0.994
0.016
0.832
0.707
0.584
0.223
0.596
0.907
0.778
0.566
0.575
0.692
0.693
0.402
0.834
0.287
0.827
0.097
0.507
0.338
0.893
0.969
0.374
0.66
0.022
0.089
0.049
0.582
0.891
0.385
0.192
0.907
0.817
0.578
0.262
0.17
0.193
0.21
0.499
0.74
0.537
0.847
0.295
0.461
0.629
0.841
0.828
0.085
0.368
0.159
0.229
0.373
0.907
0.125
0.064
0.02
0.692
0.921
0.857
0.564
0.297
0.709
0.38
0.5
0.004
0.684
0.876
0.991
0.519
0.288
0.017
0.395
0.351
0.213
0.726
0.472
0.092
0.246
0.763
0.115
0.611
0.476
0.662
0.049
0.752
0.137
0.682
0.131
0.788
0.308
0.933
0.425
0.655
0.378
0.84
0.677
0.476
0.853
0.991
0.852
0.206
0.971
0.111
0.721
0.058
0.287
0.337
0.492
0.279
0.996
0.42
0.205
0.485
0.872
0.677
0.447
0.473
0.712
0.378
0.744
0.58
0.391
0.76
0.968
0.101
0.605
0.046
0.961
0.97
0.604
0.492
0.493
0.303
0.784
0.615
0.741
0.504
0.781
0.292
0.373
0.319
0.656
0.803
0.087
0.618
0.869
0.058
0.805
0.188
0.043
0.599
0.511
0.647
0.821
0.697
0.358
0.575
0.757
0.403
0.443
0.059
0.511
0.149
0.928
0.398
0.187
0.557
0.007
0.324
0.793
0.134
0.438
0.802
0.921
0.422
0.998
0.742
0.173
0.186
0.136
0.442
0.823
0.304
0.612
0.28
0.14
0.145
0.708
0.752
0.882
0.062
0.017
0.85
0.025
0.664
0.443
0.656
0.208
0.738
0.624
0.589
0.497
0.469
0.619
0.963
0.484
0.791
0.646
0.867
0.233
0.955
0.019
0.248
0.711
0.669
0.313
0.732
0.446
0.864
0.6
0.378
0.108
0.577
0.238
0.985
0.535
0.166
0.588
0.056
0.18
0.972
0.972
0.872
0.42
0.986
0.122
0.977
0.61
0.318
0.769
0.448
0.772
0.403
0.183
0.526
0.781
0.578
0.14
0.628
0.964
0.636
0.746
0.988
0.922
0.896
0.362
0.552
0.938
0.703
0.683
0.075
0.317
0.18
0.474
0.491
0.067
0.917
0.647
0.977
0.238
0.387
0.035
0.919
0.683
0.815
0.913
0.113
0.876
0.338
0.347
0.989
0.28
0.791
0.152
0.557
0.688
0.328
0.07
0.8
0.622
0.255
0.9
0.466
0.998
0.544
0.538
0.534
0.865
0.218
0.256
0.027
0.208
0.869
0.888
0.274
0.104
0.54
0.493
0.416
0.534
0
0.028
0.353
0.776
0.198
0.956
0.117
0.951
0.773
0.674
0.183
0.394
0.125
0.708
0.749
0.307
0.138
0.445
0.495
0.79
0.882
0.899
0.653
0.319
0.947
0.96
0.255
0.179
0.023
0.611
0.362
0.683
0.488
0.808
0.019
0.806
0.813
0.383
0.881
0.326
0.464
0.415
0.519
0.35
0.924
0.107
0.395
0.046
0.089
0.862
0.298
0.916
0.831
0.603
0.927
0.119
0.212
0.448
0.404
0.36
0.033
0.641
0.421
0.008
0.186
0.453
0.841
0.792
0.188
0.99
0.381
0.085
0.051
0.739
0.026
0.002
0.014
0.614
0.855
0.791
0.388
0.009
0.899
0.43
0.979
0.498
0.704
0.655
0.902
