0.708
0.816
0.193
0.784
0.576
0.035
0.001
0.658
0.83
0.871
0.029
0.759
0.003
0.081
0.377
0.859
0.501
0.787
0.6
0.353
0.637
0.676
0.11
0.332
0.915
0.149
0.986
0.975
0.507
0.53
0.215
0.903
0.739
0.282
0.109
0.735
0.087
0.655
0.055
0.48
0.595
0.471
0.431
0.675
0.014
0.249
0.485
0.097
0.235
0.844
0.443
0.595
0.709
0.357
0.327
0.768
0.513
0.589
0.873
0.426
0.244
0.936
0.648
0.051
0.362
0.991
0.057
0.727
0.78
0.973
0.863
0.235
0.149
0.409
0.21
0.017
0.358
0.118
0.551
0.692
0.37
0.421
0.043
0.015
0.515
0.664
0.565
0.803
0.052
0.271
0.951
0.864
0.423
0.378
0.553
0.245
0.356
0.148
0.114
0.505
0.685
0.425
0.016
0.658
0.958
0.761
0.256
0.637
0.608
0.185
0.635
0.961
0.755
0.801
0.831
0.581
0.84
0.196
0.983
0.979
0.887
0.081
0.545
0.416
0.911
0.373
0.719
0.161
0.989
0.123
0.282
0.282
0.299
0.405
0.605
0.629
0.282
0.415
0.819
0.359
0.999
0.492
0.982
0.397
0.387
0.529
0.085
0.53
0.792
0.02
0.861
0.656
0.742
0.797
0.342
0.42
0.722
0.306
0.799
0.676
0.827
0.879
0.484
0.183
0.54
0.034
0.167
0.751
0.323
0.466
0.624
0.402
0.732
0.7
0.164
0.154
0.873
0.863
0.665
0.689
0.243
0.606
0.391
0.863
0.115
0.028
0.555
0.764
0.191
0.328
0.205
0.689
0.053
0.752
0.862
0.02
0.839
0.822
0.973
0.662
0.353
0.544
0.19
0.309
0.861
0.558
0.646
0.619
0.132
0.085
0.03
0.104
0.987
0.884
0.701
0.243
0.798
0.55
0.217
0.96
0.061
0.127
0.361
0.771
0.356
0.193
0.938
0.796
0.142
0.927
0.562
0.72
0.454
0.768
0.953
0.845
0.345
0.48
0.343
0.503
0.559
0.787
0.213
0.159
0.908
0.784
0.053
0.473
0.635
0.811
0.315
0.416
0.934
0.93
0.166
0.2
0.694
0.871
0.995
0.828
0.457
0.793
0.996
0.951
0.735
0.548
0.424
0.121
0.98
0.763
0.814
0.512
0.069
0.869
0.726
0.021
0.175
0.692
0.692
0.165
0.846
0.519
0.87
0.08
0.645
0.987
0.501
0.998
0.54
0.763
0.216
0.474
0.986
0.531
0.838
0.597
0.619
0.986
0.564
0.144
0.39
0.608
0.874
0.286
0.363
0.3
0.461
0.366
0.056
0.191
0.532
0.91
0.817
0.562
0.376
0.817
0.465
0.92
0.84
0.776
0.96
0.537
0.089
0.49
0.444
0.79
0.334
0.792
0.523
0.92
0.914
0.882
0.768
0.012
0.717
0.32
0.851
0.146
0.429
0.446
0.22
0.565
0.207
0.4
0.72
0.502
0.413
0.259
0.581
0.254
0.353
0.224
0.451
0.424
0.227
0.315
0.023
0.505
0.108
0.036
0.283
0.702
0.083
0.269
0.028
0.924
0.146
0.601
0.874
0.647
0.594
0.378
0.542
0.107
0.002
0.48
0.071
0.182
0.971
0.574
0.683
0.609
0.903
0.362
0.949
0.609
0.341
0.558
0.649
0.052
0.229
0.728
0.208
0.256
0.395
0.542
0.816
0.863
0.99
0.706
0.939
0.477
0.34
0.483
0.399
0.754
0.852
0.864
0.92
0.175
0.844
0.005
0.448
0.915
0.557
0.153
0.859
0.519
0.492
0.873
0.615
0.233
0.064
0.138
0.226
0.686
0.125
0.885
0.001
0.316
0.34
0.721
0.369
0.56
0.129
0.138
0.886
0.671
0.993
0.468
0.749
0.426
0.842
0.577
0.363
0.928
0.195
0.505
0.256
0.443
0.056
0.32
0.778
0.697
0.408
0.425
0.198
0.562
0.295
0.318
0.976
0.873
0.205
0.036
0.672
0.269
0.646
0.294
0.954
0.591
0.221
0.998
0.932
0.581
0.992
0.526
0.962
0.289
0.113
0.091
0.439
0.181
0.491
0.482
0.985
0.595
0.375
0.393
0.316
0.669
0.183
0.179
0.523
0.733
0.148
0.21
0.328
0.434
0.55
0.628
0.937
0.483
0.915
0.913
0.452
0.136
0.096
0.262
0.653
0.321
0.539
0.782
0.683
0.927
0.301
0.3
0.025
0.003
0.25
0.86
0.504
0.506
0.162
0.369
0.507
0.36
0.167
0.89
0.066
0.331
0.862
0.826
0.965
0.384
0.312
0.379
0.326
0.939
0.495
0.784
0.235
0.652
0.088
0.409
0.15
0.871
0.119
0.834
0.9
0.246
0.414
0.142
0.888
0.462
0.761
0.125
0.059
0.612
0.624
0.171
0.688
0.451
0.855
0.924
0.759
0.025
0.814
0.886
0.538
0.769
0.022
0.467
0.552
0.372
0.574
0.427
0.681
0.533
0.761
0.082
0.311
0.859
0.692
0.839
0.653
0.383
0.667
0.653
0.554
0.131
0.189
0.504
0.475
0.985
0.786
0.23
0.428
0.899
0.742
0.09
0.115
0.853
0.098
0.404
0.21
0.203
0.848
0.777
0.632
0.815
0.529
0.867
0.711
0.721
0.396
0.88
0.224
0.321
0.202
0.987
0.191
0.52
0.311
0.291
0.503
0.312
0.482
0.448
0.767
0.246
0.527
0.926
0.656
0.512
0.134
0.682
0.547
0.662
0.995
0.073
0.687
0.378
0.604
0.289
0.287
0.654
0.912
0.78
0.545
0.09
0.555
0.265
0.108
0.566
0.97
0.587
0.917
0.875
0.619
0.315
0.092
0.019
0.048
0.514
0.045
0.608
0.904
0.405
0.861
0.381
0.705
0.289
0.649
0.745
0.992
0.791
0.092
0.132
0.907
0.64
0.398
0.849
0.753
0.682
0.519
0.646
0.046
0.16
0.697
0.568
0.429
0.701
0.073
0.412
0.614
0.86
0.972
0.378
0.104
0.745
0.432
0.867
0.441
0.448
0.993
0.842
0.716
0.744
0.152
0.484
0.614
0.69
0.074
0.007
0.354
0.737
0.682
0.496
0.872
0.091
0.725
0.247
0.041
0.509
0.41
0.187
0.844
0.471
0.621
0.684
0.347
0.336
0.885
0.662
0.901
0.263
0.469
0.485
0.4
0.64
0.878
0.629
0.749
0.147
0.667
0.139
0.363
0.009
0.483
0.327
0.966
0.461
0.531
0.727
0.276
0.681
0.927
0.781
0.635
0.479
0.558
0.837
0.415
0.283
0.621
0.551
0.341
0.715
0.127
0.034
0.604
0.069
0.584
0.355
0.333
0.866
0.507
0.492
0.623
0.111
0.024
0.654
0.891
0.383
0.04
0.755
0.442
0.772
0.631
0.235
0.929
0.717
0.617
0.97
0.101
0.199
0.655
0.255
0.963
0.208
0.309
0.408
0.311
0.902
0.571
0.913
0.949
0.848
0.02
0.731
0.392
0.95
1.0
0.106
0.449
0.058
0.806
0.491
0.188
0.08
0.292
0.26
0.445
0.969
0.931
0.977
0.803
0.629
0.672
0.695
0.697
0.323
0.86
0.089
0.406
0.362
0.245
0.311
0.201
0.529
0.767
0.842
0.611
0.752
0.35
0.328
0.985
0.695
0.241
0.231
0.795
0.581
0.559
0.309
0.232
0.067
0.377
0.843
0.209
0.199
0.133
0.414
0.386
0.326
0.729
0.998
0.753
0.569
0.061
0.872
0.872
0.892
0.975
0.073
0.515
0.658
0.506
0.888
0.16
0.518
0.73
0.151
1.0
0.301
0.647
0.888
0.922
0.572
0.603
0.358
0.111
0.101
0.565
0.876
0.891
0.501
0.882
0.692
0.427
0.368
0.075
0.281
0.898
0.579
0.759
0.751
0.368
0.522
0.951
0.284
0.72
0.411
0.695
0.721
0.24
0.063
0.799
0.938
0.303
0.291
0.569
0.159
0.493
0.74
0.129
0.745
0.001
0.446
0.839
0.198
0.331
0.354
0.102
0.068
0.376
0.666
0.185
0.357
0.688
0.924
0.87
0.423
0.539
0.948
0.975
0.417
0.813
0.378
0.451
0.977
0.542
0.498
0.605
0.531
0.791
0.196
0.491
0.759
0.778
0.117
0.374
0.76
0.541
0.563
0.92
0.298
0.674
0.141
0.736
0.83
0.63
0.126
0.211
0.985
0.303
0.268
0.697
0.898
0.864
0.568
0.898
0.152
0.244
0.798
0.061
0.095
0.223
0.047
0.474
0.946
0.009
0.312
0.526
0.665
0.977
0.735
0.703
0.747
0.379
0.858
