0.71
0.568
0.375
0.079
0.534
0.889
0.298
0.763
0.785
0.378
0.523
0.58
0.08
0.405
0.466
0.784
0.465
0.124
0.361
0.845
0.816
0.37
0.955
0.759
0.053
0.17
0.126
0.956
0.878
0.793
0.171
0.758
0.608
0.367
0.718
0.636
0.259
0.172
0
0.47
0.305
0.311
0.178
0.699
0.816
0.959
0.09
0.139
0.49
0.09
0.152
0.903
0.332
0.397
0.354
0.923
0.222
0.3
0.222
0.331
0.469
0.606
0.998
0.079
0.901
0.176
0.021
0.529
0.088
0.806
0.448
0.798
0.512
0.961
0.086
0.33
0.183
0.647
0.638
0.644
0.243
0.233
0.255
0.347
0.563
0.58
0.712
0.069
0.831
0.748
0.863
0.669
0.704
0.076
0.297
0.911
0.026
0.604
0.858
0.479
0.148
0.331
0.125
0.586
0.112
0.121
0.214
0.62
0.94
0.244
0.613
0.849
0.864
0.048
0.827
0.265
0.897
0.794
0.863
0.474
0.972
0.843
0.17
0.649
0.053
0.245
0.668
0.724
0.44
0.057
0.637
0.978
0.522
0.091
0.161
0.949
0.458
0.714
0.824
0.226
0.337
0.313
0.954
0.814
0.262
0.891
0.889
0.713
0.65
0.811
0.718
0.166
0.173
0.74
0.704
0.371
0.641
0.595
0.115
0.603
0.584
0.756
0.582
0.848
0.041
0.937
0.747
0.815
0.481
0.273
0.124
0.498
0.523
0.309
0.254
0.553
0.183
0.95
0.478
0.977
0.281
0.448
0.046
0.013
0.656
0.829
0.339
0.014
0.171
0.446
0.434
0.913
0.415
0.083
0.355
0.718
0.18
0.206
0.413
0.997
0.407
0.258
0.324
0.593
0.316
0.48
0.721
0.951
0.829
0.899
0.923
0.719
0.644
0.837
0.38
0.014
0.744
0.901
0.385
0.011
0.289
0
0.837
0.27
0.131
0.343
0.61
0.009
0.003
0.172
0.606
0.259
0.537
0.652
0.731
0.438
0.387
0.251
0.088
0.585
0.596
0.108
0.679
0.481
0.02
0.922
0.797
0.134
0.52
0.184
0.855
0.416
0.436
0.448
0.108
0.679
0.578
0.82
0.988
0.932
0.884
0.774
0.425
0.313
0.403
0.451
0.358
0.759
0.901
0.945
0.671
0.755
0.091
0.071
0.883
0.231
0.904
0.899
0.403
0.899
0.25
0.496
0.654
0.397
0.046
0.655
0.515
0.469
0
0.138
0.921
0.089
0.054
0.602
0.556
0.401
0.604
0.644
0.922
0.402
0.044
0.614
0.372
0.856
0.012
0.096
0.708
0.268
0.319
0.444
0.808
0.801
0.26
0.429
0.45
0.335
0.132
0.418
0.614
0.086
0.243
0.392
0.204
0.661
0.341
0.564
0.539
0.514
0.097
0.912
0.636
0.219
0.924
0.03
0.421
0.648
0.698
0.813
0.473
0.775
0.841
0.879
0.018
0.037
0.438
0.953
0.194
0.662
0.039
0.288
0.451
0.743
0.083
0.438
0.308
0.215
0.681
0.261
0.054
0.479
0.998
0.642
0.388
0.261
0.992
0.795
0.359
0.085
0.883
0.745
0.052
0.867
0.593
0.203
0.857
0.844
0.653
0.456
0.203
0.987
0.068
0.699
0.001
0.384
0.922
0.002
0.765
0.926
0.052
0.64
0.882
0.864
0.818
0.901
0.256
0.548
0.519
0.342
0.436
0.78
0.104
0.868
0.908
0.304
0.916
0.375
0.508
0.094
0.234
0.263
0.772
0.431
0.273
0.585
0.038
0.926
0.356
0.814
0.904
0.246
0.44
0.545
0.451
0.321
0.666
0.747
0.282
0.888
0.265
0.127
0.507
0.247
0.62
0.355
0.426
0.588
0.801
0.094
0.157
0.041
0.933
0.239
0.043
0.318
0.612
0.217
0.323
0.19
0.09
0.359
0.369
0.172
0.717
0.299
0.179
0.308
0.371
0.603
0.464
0.507
0.499
0
0.394
0.019
0.787
0.33
0.677
0.067
0.623
0.684
0.11
0.181
0.043
0.122
0.543
0.463
0.782
0.385
0.137
0.977
0.228
0.194
0.089
0.996
0.801
0.228
0.337
0.352
0.546
0.496
0.5
0.059
0.737
0.916
0.156
0.044
0.947
0.887
0.657
0.332
0.98
0.726
0.919
0.721
0.934
0.208
0.89
0.183
0.164
0.914
0.788
0.972
0.87
0.653
0.814
0.886
0.421
0.933
0.762
0.689
0.5
0.278
0.659
0.299
0.172
0.167
0.966
0.717
0.237
0.639
0.793
0.745
0.42
0.867
0.004
0.371
0.005
0.372
0.591
0.472
0.527
0.49
0.803
0.126
0.933
0.622
0.088
0.039
0.411
0.268
0.689
0.533
0.364
0.359
0.931
0.145
0.041
0.589
0.001
0.573
0.873
0.471
0.068
0.861
0.819
0.786
0.48
0.811
0.874
0.868
0.671
0.402
0.363
0.224
0.353
0.067
0.811
0.692
0.722
0.301
0.142
0.25
0.966
0.742
0.41
0.944
0.956
0.719
0.304
0.883
0.34
0.713
0.096
0.598
0.63
0.387
0.894
0.801
0.018
0.719
0.657
0.421
0
0.591
0.139
0.369
0.343
0.424
0.789
0.728
0.594
0.497
0
0.6
0.827
0.354
0.889
0.698
0.368
0.329
0.729
0.541
0.155
0.594
0.58
0.759
0.059
0.053
0.289
0.942
0.586
0.96
0.416
0.154
0.289
0.386
0.277
0.327
0.364
0.244
0.398
0.476
0.874
0.724
0.387
0.411
0.44
0.488
0.988
0.562
0.543
0.592
0.141
0.019
0.913
0.968
0.245
0.809
0.368
0.507
0.249
0.089
0.693
0.39
0.228
0.951
0.087
0.394
0.345
0.926
0.093
0.909
0.801
0.768
0.522
0.109
0.217
0.221
0.495
0.39
0.352
0.523
0.86
0.942
0.446
0.614
0.788
0.398
0.418
0.547
0.962
0.586
0.397
0.397
0.17
0.601
0.049
0.386
0.908
0.85
0.211
0.287
0.682
0.44
0.321
0.063
0.282
0.292
0.501
0.152
0.922
0.692
0.716
0.901
0.947
0.39
0.296
0.477
0.551
0.729
0.934
0.019
0.912
0.129
0.739
0.523
0.831
0.604
0.23
0.399
0.753
0.58
0.535
0.206
0.694
0.848
0.889
0.721
0.948
0.411
0.819
0.456
0.87
0.166
0.184
0.392
0.979
0.077
0.624
0.808
0.59
0.186
0.102
0.681
0.026
0
0.908
0.967
0.13
0.268
0.243
0.119
0.227
0.918
0.295
0.298
0.569
0.777
0.076
0.532
0.777
0.16
0.411
0.272
0.799
0.377
0.093
0.722
0.566
0.457
0.94
0.462
0.408
0.702
0.698
0.666
0.565
0.414
0.104
0.365
0.897
0.274
0.393
0.171
0.864
0.759
0.707
0.71
0.238
0.28
0.05
0.427
0.452
0.314
0.282
0.561
0.987
0.118
0.408
0.58
0.496
0.356
0.553
0.256
0.946
0.011
0
0.515
0.926
0.015
0.585
0.037
0.712
0.919
0.56
0.981
0.422
0.566
0.922
0.61
0.789
0.962
0.061
0.767
0.908
0.589
0.982
0.124
0.04
0.124
0.016
0.588
0.971
0.138
0.101
0.803
0.492
0.202
0.931
0.74
0.794
0.266
0.795
0.084
0.528
0.28
0.468
0.681
0.234
0.943
0.947
0.971
0.908
0.968
0.517
0.964
0.478
0.975
0.881
0.547
0.314
0.908
0.726
0.644
0.238
0.44
0.407
0.092
0.909
0.304
0.377
0.897
0.696
0.746
0.234
0.358
0.69
0.496
0.853
0.596
0.647
0.368
0.387
0.619
0.306
0.272
0.07
0.716
0.287
0.59
0.983
0.535
0.006
0.117
0.511
0.6
0.308
0.413
0.187
0.248
0.36
0.036
0.195
0.888
0.987
0.536
0.941
0.881
0.844
0.313
0.554
0.805
0.663
0.468
0.38
0.972
0.746
0.163
0.25
0.86
0.379
0
0.754
0.95
0.357
0.24
0.656
0.861
0.859
0.991
0.018
0.961
0.215
0.322
0.973
0.704
0.069
0.871
0.344
0.346
0.237
0.224
0.025
0.252
0.066
0.73
0.292
0.797
0.716
0.848
0.148
0.906
0.486
0.183
0.667
0.697
0.688
0.249
0.463
0.562
0.85
0.247
0.289
0.797
0.697
0.81
0.563
0.871
0.18
0.506
0.719
0.086
0.259
0.793
0.093
0.738
0.709
0.381
0.182
0.239
0.458
0.633
0.724
0.128
0.392
0.545
0.303
0.709
0.81
0.47
