0.903
0.384
0.628
0.52
0.322
0.768
0.342
0.17
0.171
0.353
0.749
0.471
0.121
0.625
0.491
0.574
0.348
0.501
0.952
0.243
0.411
0.743
0.866
0.019
0.23
0.627
0.832
0.753
0.402
0.421
0.616
0.861
0.503
0.655
0.107
0.196
0.301
0.447
0.996
0.469
0.477
0.726
0.944
0.101
0.975
0.206
0.474
0.747
0.941
0.074
0.818
0.221
0.856
0.819
0.318
0.648
0.817
0.357
0.888
0.297
0.368
0.845
0.13
0.353
0.345
0.482
0.4
0.563
0.611
0.369
0.016
0.554
0.303
0.54
0.592
0.357
0.528
0.118
0.812
0.245
0.172
0.204
0.71
0.232
0.882
0.801
0.975
0.658
0.448
0.561
0.904
0.614
0.424
0.553
0.185
0.833
0.426
0.318
0.114
0.732
0.12
0.843
0.05
0.057
0.176
0.086
0.335
0.153
0.122
0.234
0.349
0.034
0.364
0.681
0.44
0.934
0.869
0.354
0.961
0.959
0.862
0.866
0.779
0.001
0.872
0.7
0.448
0.206
0.263
0.452
0.665
0.891
0.465
0.548
0.673
0.081
0.769
0.578
0.74
0.35
0.444
0.425
0.795
0.444
0.626
0.275
0.915
0.307
0.729
0.773
0.905
0.926
0.828
0.554
0.682
0.464
0.164
0.156
0.588
0.138
0.229
0.089
0.657
0.546
0.045
0.655
0.982
0.442
0.419
0.305
0.666
0.344
0.652
0.64
0.419
0.23
0.206
0.74
0.301
0.548
0.247
0.737
0.07
0.954
0.019
0.608
0.236
0.116
0.023
0.09
0.297
0.277
0.088
0.077
0.285
0.147
0.462
0.651
0.058
0.177
0.761
0.248
0.952
0.887
0.754
0.247
0.173
0.848
0.149
0.028
0.519
0.432
0.087
0.125
0.179
0.737
0.839
0.302
0.747
0.676
0.078
0.44
0.206
0.294
0.577
0.625
0.91
0.573
0.932
0.23
0.96
0.234
0.075
0.345
0.737
0.381
0.264
0.83
0.667
0.851
0.688
0.662
0.59
0.134
0.632
0.87
0.302
0.028
0.577
0.804
0.668
0.357
0.73
0.419
0.918
0.37
0.578
0.94
0.98
0.179
0.039
0.786
0.644
0.098
0.126
0.395
0.015
0.851
0.289
0.623
0.014
0.829
0.788
0.409
0.584
0.566
0.058
0.939
0.659
0.91
0.691
0.076
0.46
0.382
0.209
0.565
0.274
0.006
0.181
0.077
0.846
0.68
0.724
0.327
0.842
0.818
0.049
0.22
0.968
0.683
0.563
0.122
0.178
0.853
0.905
0.119
0.128
0.423
0.104
0.099
0.538
0.104
0.26
0.93
0.113
0.035
0.687
0.131
0.539
0.39
0.701
0.805
0.115
0.922
0.394
0.242
0.624
0.88
0.217
0.447
0.658
0.115
0.53
0.488
0.121
0.568
0.794
0.133
0.76
0.94
0.734
0.452
0.309
0.764
0.225
0.644
0.056
0.676
0.832
0.599
0.215
0.001
0.644
0.981
0.843
0.625
0.421
0.076
0.613
0.488
0.899
0
0.399
0.717
0.066
0.502
0.915
0.227
0.561
0.044
0.846
0.051
0.829
0.249
0.796
0.852
0.217
0.939
0.544
0.586
0.188
0.471
0.207
0.2
0.991
0.698
0.372
0.228
0.573
0.31
0.4
0.946
0.439
0.891
0.454
0.566
0.774
0.441
0.085
0.25
0.517
0.846
0.408
0.644
0.388
0.309
0.057
0.194
0.057
0.76
0.798
0.578
0.917
0.093
0.416
0.256
0.099
0.093
0.586
0.739
0.387
0.863
0.282
0.747
0.786
0.701
0.123
0.384
0.232
0.959
0.763
0.438
0.615
0.494
0.315
0.958
0.83
0.184
0.83
0.843
0.455
0.678
0.268
0.436
0.45
0.039
0.214
0.236
0.476
0.875
0.233
0.824
0.796
0.36
0.69
0.65
0.611
0.203
0.912
0.494
0.772
0.74
0.029
0.481
0.317
0.428
0.452
0.39
0.221
0.765
0.473
0.925
0.788
0.554
0.86
0.2
0.498
0.526
0.373
0.824
0.326
0.015
0.544
0.478
0.996
0.6
0.538
0.383
0.041
0.861
0.233
0.673
0.033
0.715
0.21
0.117
0.416
0.56
0.764
0.449
0.719
0.958
0.312
0.824
0.906
0.678
0.585
0.005
0.932
0.186
0.611
0.582
0.539
0.208
0.641
0.497
0.58
0.615
0.134
0.523
0.933
0.638
0.699
0.108
0.453
0.954
0.968
0.277
0.407
0.494
0.581
0.16
0.025
0.029
0.935
0.041
0.306
0.296
0.723
0.57
0.72
0.576
0.745
0.365
0.351
0.54
0.985
0.01
0.611
0.763
0.446
0.679
0.958
0.029
0.668
0.725
0.878
0.713
0.942
0.013
0.279
0.1
0.646
0.91
0.901
0.788
0.301
0.702
0.694
0.194
0.262
0.922
0.105
0.898
0.258
0.523
0.25
0.754
0.361
0.767
0.747
0.791
0.755
0.358
0.606
0.886
0.035
0.882
0.46
0.585
0.65
0.006
0.396
0.781
0.873
0.279
0.34
0.935
0.19
0.578
0.385
0.252
0.066
0.657
0.417
0.004
0.517
0.215
0.569
0.573
0.401
0.605
0.937
0.208
0.487
0.592
0.543
0.311
0.454
0.589
0.418
0.002
0.298
0.918
0.657
0.851
0.091
0.571
0.985
0.71
0.678
0.236
0.375
0.301
0.347
0.68
0.918
0.903
0.533
0.666
0.277
0.562
0.356
0.206
0.841
0.352
0.316
0.887
0
0.429
0.457
0.736
0.575
0.411
0.998
0.908
0.223
0.704
0.456
0.138
0.416
0.869
0.963
0.619
0.241
0.472
0.74
0.528
0.12
0.561
0.363
0.113
0.954
0.104
0.466
0.88
0.928
0.39
0.096
0.301
0.274
0.995
0.348
0.853
0.027
0.086
0.819
0.624
0.835
0.672
0.986
0.393
0.389
0.198
0.537
0.049
0.918
0.168
0.956
0.544
0.822
0.683
0.516
0.799
0.435
0.772
0.094
0.97
0.071
0.635
0.785
0.608
0.776
0.838
0.975
0.638
0.077
0.244
0.907
0.885
0.177
0.664
0.729
0.447
0.421
0.273
0.159
0.454
0.517
0.755
0.7
0.143
0.144
0.793
0.829
0.132
0.16
0.804
0.286
0.639
0.214
0.272
0.079
0.079
0.393
0.356
0.488
0.452
0.444
0.66
0.082
0.895
0.105
0.88
0.489
0.557
0.831
0.845
0.66
0.909
0.117
0.924
0.557
0.066
0.296
0.119
0.187
0.586
0.151
0.429
0.683
0.478
0.941
0.446
0.953
0.011
0.296
0.683
0.306
0.341
0.81
0.973
0.435
0.04
0.469
0.902
0.779
0.171
0.874
0.603
0.145
0.188
0.496
0.028
0.627
0.084
0.734
0.067
0.615
0.168
0.002
0.521
0.78
0.648
0.608
0.861
0.089
0.049
0.621
0.875
0.103
0.74
0.286
0.265
0.715
0.885
0.336
0.85
0.844
0.45
0.671
0.842
0.008
0.347
0.718
0.596
0.083
0.581
0.787
0.499
0.897
0.076
0.482
0.243
0.318
0.651
0.844
0.702
0.99
0.78
0.223
0.464
0.471
0.81
0.37
0.825
0.611
0.167
0.462
0.541
0.892
0.59
0.085
0.913
0.682
0.116
0.482
0.358
0.309
0.896
0.381
0.737
0.012
0.139
0.18
0.089
0.496
0.545
0.613
0.976
0.156
0.413
0.841
0.909
0.483
0.574
0.017
0.361
0.069
0.104
0.985
0.875
0.506
0.721
0.337
0.311
0.943
0.972
0.891
0.254
0.382
0.148
0.699
0.787
0.345
0.652
0.926
0.94
0.308
0.378
0.29
0.212
0.042
0.47
0.308
0.774
0.458
0.47
0.829
0.866
0.14
0.403
0.1
0.795
0.886
0.55
0.012
0.226
0.272
0.337
0.184
0.165
0.718
0.541
0
0.271
0.946
0.822
0.424
0.973
0.199
0.776
0.92
0.153
0.149
0.982
0.077
0.045
0.406
0.777
0.689
0.715
0.671
0.144
0.367
0.909
0.066
0.13
0.489
0.422
0.322
0.102
0.538
0.237
0.066
0.455
0.646
0.459
0.387
0.491
0.122
0.549
0.795
0.215
0.58
0.579
0.042
0.945
0.025
0.803
0.158
0.267
0.041
0.054
0.472
0.767
0.323
0.525
0.846
0.673
0.25
0.461
0.006
0.515
0.324
0.531
0.882
0.04
0.032
0.19
0.89
0.87
0.986
0.337
0.109
0.665
0.812
0.336
0.468
0.272
