0.535
0.036
0.515
0.213
0.603
0.971
0.293
0.852
0.258
0.689
0.363
0.755
0.151
0.215
0.944
0.42
0.252
0.363
0.871
0.79
0.118
0.194
0.841
0.655
0.812
0.739
0.753
0.571
0.569
0.365
0.554
0.357
0.128
0.252
0.942
0.301
0.06
0.248
0.366
0.495
0.731
0.854
0.24
0.5
0.336
0.553
0.359
0.395
0.938
0.415
0.64
0.101
0.469
0.256
0.511
0.598
0.663
0.409
0.645
0.704
0.482
0.442
0.629
0.278
0.642
0.982
0.733
0.177
0.421
0.144
0.286
0.152
0.447
0.73
0.584
0.65
0.481
0.482
0.182
0.292
0.182
0.067
0.595
0.587
0.144
0.751
0.509
0.279
0.251
0.967
0.444
0.608
0.835
0.807
0.505
0.669
0.854
0.352
0.998
0.977
0.055
0.746
0.392
0.908
0.686
0.914
0.084
0.69
0.031
0.04
0.815
0.937
0.629
0.284
0.711
0.158
0.275
0.5
0.241
0.347
0.703
0.591
0.364
0.457
0.133
0.993
0.601
0.443
0.012
0.142
0.091
0.673
0.539
0.251
0.756
0.982
0.622
0.129
0.187
0.345
0.069
0.902
0.931
0.197
0.077
0.643
0.997
0.939
0.639
0.626
0.984
0.535
0.754
0.084
0.719
0.308
0.634
0.427
0.678
0.98
0.995
0.75
0.099
0.046
0.651
0.848
0.027
0.82
0.318
0.489
0.742
0.482
0.894
0.295
0.018
0.732
0.792
0.79
0.078
0.794
0.806
0.253
0.153
0.899
0.323
0.444
0.857
0.931
0.323
0.306
0.808
0.927
0.685
0.895
0.363
0.217
0.765
0.102
0.6
0.091
0.799
0.562
0.987
0.051
0.646
0.059
0.408
0.023
0.532
0.461
0.704
0.109
0.859
0.701
0.943
0.126
0.024
0.615
0.945
0.609
0.394
0.698
0.052
0.209
0.772
0.639
0.458
0.17
0.406
0.17
0.448
0.3
0.404
0.21
0.767
0.22
0.178
0.33
0.067
0.384
0.444
0.186
0.812
0.648
0.323
0.415
0.935
0.403
0.874
0.392
0.764
0.653
0.426
0.397
0.845
0.381
0.885
0.911
0.929
0.913
0.016
0.798
0.665
0.456
0.529
0.857
0.942
0.648
0.68
0.013
0.055
0.21
0.317
0.402
0.325
0.696
0.127
0.219
0.211
0.184
0.106
0.603
0.269
0.531
0.557
0.844
0.541
0.142
0.754
0.811
0.017
0.115
0.999
0.313
0.966
0.507
0.546
0.448
0.405
0.294
0.917
0.201
0.051
0.004
0.664
0.648
0.602
0.001
0.104
0.392
0.401
0.285
0.156
0.038
0.747
0.208
0.864
0.745
0.3
0.436
0.768
0.017
0.091
0.377
0.478
0.573
0.066
0.296
0.542
0.476
0.436
0.285
0.596
0.342
0.836
0.91
0.244
0.869
0.591
0.645
0.703
0.703
0.808
0.432
0.363
0.322
0.632
0.582
0.989
0.261
0.477
0.001
0.69
0.706
0.258
0.061
0.444
0.197
0.529
0.867
0.511
0.561
0.045
0.343
0.58
0.488
0.098
0.275
0.548
0.761
0.814
0.387
0.023
0.183
0.935
0.751
0.58
0.146
0.152
0.51
0.79
0.138
0.761
0.728
0.781
0.916
0.474
0.651
0.632
0.177
0.468
0.251
0.44
0.799
0.382
0.011
0.256
0.296
0.014
0.78
0.238
0.867
0.79
0.091
0.585
0.482
0.573
0.726
0.533
0.294
0.318
0.777
0.671
0.932
0.144
0.045
0.377
0.165
0.127
0.817
0.584
0.612
0.811
0.782
0.974
0.156
0.542
0.297
0.092
0.931
0.221
0.608
0.48
0.289
0.229
0.442
0.236
0.301
0.083
0.002
0.118
0.66
0.064
0.357
0.553
0.084
0.415
0.765
0.661
0.624
0.652
0.003
0.956
0.731
0.938
0.117
0.718
0.695
0.236
0.502
0.118
0.346
0.935
0.299
0.931
0.814
0.273
0.056
0.158
0.943
0
0.717
0.167
0.855
0.71
0.301
0.243
0.876
0.402
0.093
0.913
0.492
0.872
0.186
0.491
0.07
0.272
0.889
0.01
0.053
0.999
0.593
0.552
0.23
0.957
0.63
0.837
0.049
0.099
0.24
0.238
0.024
0.157
0.135
0.531
0.363
0.805
0.618
0.203
0.155
0.782
0.449
0.475
0.235
0.477
0.307
0.792
0.826
0.875
0.405
0.596
0.686
0.205
0.294
0.93
0.599
0.27
0.497
0.87
0.226
0.691
0.687
0.614
0.533
0.275
0.481
0.509
0.955
0.64
0.027
0.213
0.29
0.619
0.367
0.061
0.839
0.285
0.37
0.228
0.054
0.241
0.683
0.607
0.258
0.725
0.106
0.907
0.163
0.696
0.467
0.995
0.277
0.722
0.343
0.682
0.134
0.903
0.142
0.353
0.226
0.745
0.662
0.017
0.633
0.485
0.272
0.948
0.445
0.9
0.975
0.074
0.745
0.59
0.955
0.031
0.9
0.772
0.786
0.417
0.074
0.563
0.62
0.758
0.873
0.156
0.88
0.327
0.664
0.97
0.415
0.209
0.607
0.083
0.581
0.777
0.602
0.861
0.252
0.449
0.709
0.237
0.241
0.97
0.391
0.757
0.22
0.933
0.894
0.327
0.747
0.25
0.51
0.252
0.823
0.511
0.481
0.677
0.018
0.922
0.983
0.312
0.09
0.388
0.91
0.016
0.827
0.96
0.381
0.894
0.352
0.405
0.14
0.52
0.699
0.332
0.961
0.123
0.662
0.415
0.475
0.972
0.069
0.755
0
0.609
0.178
0.223
0.76
0.368
0.792
0.39
0.414
0.87
0.393
0.869
0.634
0.265
0.842
0.777
0.913
0.288
0.963
0.779
0.437
0.178
0.042
0.96
0.176
0.835
0.222
0.859
0.052
0.858
0.825
0.694
0.376
0.212
0.604
0.578
0.326
0.276
0.476
0.648
0.897
0.563
0.119
0.611
0.158
0.11
0.159
0.639
0.048
0.292
0.992
0.698
0.628
0.228
0.394
0.493
0.935
0.23
0.764
0.663
0
0.287
0.173
0.502
0.536
0.181
0.786
0.828
0.423
0.236
0.337
0.955
0.461
0.051
0.573
0.035
0.793
0.236
0.96
0.15
0.563
0.592
0.99
0.151
0.679
0.523
0.934
0.239
0.288
0.267
0.102
0.777
0.831
0.711
0.902
0.361
0.783
0.93
0.582
0.234
0.236
0.976
0.201
0.922
0.211
0.067
0.487
0.657
0.318
0.148
0.428
0.98
0.259
0.351
0.805
0.602
0.927
0.859
0.577
0.65
0.944
0.38
0.356
0.646
0.11
0.976
0.206
0.182
0.633
0.216
0.464
0.106
0.131
0.553
0.644
0.163
0.361
0.121
0.387
0.144
0.961
0.07
0.451
0.617
0.65
0.255
0.587
0.026
0.307
0.125
0.088
0.366
0.068
0.894
0.912
0.382
0.663
0.835
0.138
0.073
0.637
0.023
0.063
0.528
0.232
0.493
0.319
0.675
0.813
0.3
0.085
0
0.319
0.871
0.246
0.708
0.494
0.648
0.408
0.32
0.287
0.45
0.025
0.115
0.975
0.022
0.553
0.887
0.666
0.023
0.29
0.911
0.313
0.029
0.987
0.802
0.198
0.017
0.845
0.771
0.522
0.431
0.144
0.54
0.724
0.318
0.588
0.248
0.51
0.886
0.154
0.736
0.612
0.906
0.828
0.467
0.329
0.742
0.827
0.637
0.303
0.192
0.6
0.432
0.854
0.439
0.679
0.315
0.519
0.534
0.739
0.107
0.333
0.218
0.888
0.415
0.688
0.211
0.843
0.194
0.819
0.755
0.51
0.361
0.128
0.456
0.526
0.294
0.419
0.932
0.355
0.009
0.676
0.484
0.713
0.231
0.882
0.91
0.192
0.102
0.551
0.018
0.877
0.5
0.001
0.492
0.28
0.902
0.935
0.539
0.788
0.668
0.874
0.381
0.244
0.303
0.934
0.344
0.876
0.496
0.82
0.521
0.079
0.484
0.906
0.472
0.971
0.528
0.951
0.46
0.303
0.262
0.367
0.227
0.609
0.657
0.145
0.981
0.665
0.468
0.367
0.745
0.781
0.265
0.267
0.66
0.197
0.409
0.695
0.701
0.154
0.193
0.944
0.328
0.09
0.284
0.199
0.711
0.185
0.332
0.745
0.577
0.674
0.51
0.85
0.663
0.052
0.028
0.076
0.675
0.583
0.62
0.677
0.051
0.541
0.993
0.243
0.444
0.101
0.256
0.292
0.428
0.461
0.791
0.241
0.875
0.763
