0.069
0.047
0.054
0.975
0.914
0.561
0.513
0.197
0.196
0.461
0.882
0.013
0.796
0.994
0.052
0.881
0.328
0.875
0.141
0.417
0.563
0.52
0.627
0.766
0.66
0.466
0.568
0.466
0.598
0.337
0.247
0.574
0.158
0.834
0.225
0.992
0.714
0.91
0.978
0.165
0.699
0.802
0.934
0.117
0.122
0.044
0.46
0.727
0.13
0.503
0.919
0.566
0.458
0.904
0.806
0.395
0.726
0.902
0.444
0.75
0.743
0.376
0.204
0.508
0.904
0.633
0.913
0.405
0.967
0.389
0.057
0.566
0.253
0.813
0.408
0.471
0
0.272
0.895
0.711
0.775
0.919
0.046
0.995
0.907
0.086
0.423
0.264
0.583
0.834
0.219
0.891
0.219
0.495
0.885
0.656
0.709
0.865
0.623
0.094
0.714
0.951
0.321
0.252
0.794
0.665
0.956
0.906
0.339
0.161
0.679
0.286
0.136
0.89
0.947
0.296
0.455
0.455
0.776
0.044
0.884
0.254
0.418
0.338
0.885
0.195
0.281
0.848
0.758
0.681
0.883
0.51
0.42
0.576
0.856
0.912
0.458
0.587
0.957
0.045
0.373
0.595
0.477
0.569
0.914
0.059
0.259
0.21
0.883
0.457
0.64
0.934
0.444
0.032
0.816
0.003
0.39
0.212
0.767
0.693
0.337
0.398
0.504
0.889
0.799
0.425
0.952
0.277
0.907
0.227
0.497
0.81
0.915
0.961
0.725
0.795
0.505
0.134
0.575
0.479
0.048
0.146
0.804
0.589
0.929
0.72
0.293
0.77
0.693
0.903
0.145
0.221
0.499
0.184
0.881
0.139
0.426
0.222
0.169
0.15
0.358
0.54
0.085
0.902
0.509
0.438
0.701
0.321
0.276
0.135
0.916
0.764
0.482
0.82
0.348
0.16
0.637
0.299
0.59
0.152
0.622
0.264
0.723
0.398
0.597
0.343
0.9
0.144
0.984
0.422
0.258
0.874
0.484
0.402
0.543
0.45
0.252
0.968
0.739
0.602
0.717
0.979
0.914
0.272
0.869
0.654
0.935
0.505
0.312
0.057
0.917
0.345
0.414
0.374
0.804
0.471
0.641
0.802
0.981
0.835
0.551
0.22
0.145
0.491
0.639
0.3
0.489
0.322
0.145
0.202
0.227
0.438
0.739
0.281
0.851
0.592
0.665
0.309
0.039
0.689
0.472
0.53
0.819
0.299
0.911
0.574
0.489
0.649
0.482
0.347
0.416
0.302
0.592
0.64
0.949
0.03
0.354
0.51
0.386
0.767
0.795
0
0.969
0.408
0.939
0.414
0.196
0.262
0.354
0
0.222
0.522
0.639
0.954
0.59
0.184
0.932
0.264
0.733
0.397
0.581
0.995
0.063
0.143
0.678
0.437
0.058
0.971
0.799
0.539
0.431
0.844
0.821
0.155
0.797
0.513
0.046
0.938
0.609
0.215
0.192
0.197
0.954
0.355
0.032
0.847
0.216
0.748
0.962
0.49
0.083
0.025
0.011
0.607
0.464
0.747
0.449
0.104
0.315
0.58
0.421
0.028
0.57
0.257
0.49
0.0
0.011
0.524
0.312
0.918
0.58
0
0.604
0.555
0.046
0.884
0.431
0.285
0.014
0.605
0.348
0.138
0.229
0.113
0.603
0.896
0.774
0.936
0.373
0.646
0.963
0.242
0.949
0.928
0.698
0.641
0.04
0.802
0.765
0.31
0.588
0.854
0.336
0.66
0.025
0.813
0.782
0.546
0.823
0.704
0.153
0.898
0.988
0.614
0.376
0.828
0.02
0.637
0.502
0.533
0.869
0.084
0.592
0.494
0.097
0.924
0.895
0.429
0.423
0.917
0.459
0.552
0.999
0.997
0.427
0.429
0.956
0.722
0.527
0.806
0.518
0.252
0.792
0.305
0.325
0.516
0.747
0.737
0.316
0.355
0.598
0.067
0.832
0.495
0.03
0.906
0.753
0.494
0.168
0.26
0.711
0.286
0.082
0.408
0.911
0.113
0.524
0.86
0.43
0.53
0.305
0.371
0.802
0.439
0.63
0.521
0.794
0.326
0.879
0.695
0.345
0.75
0.021
0.261
0.323
0.413
0.715
0.774
0.525
0.386
0.974
0.747
0.315
0.775
0.876
0.547
0.576
0.362
0.815
0.651
0.413
0.947
0.25
0.596
0.087
0.908
0.697
0.369
0.217
0.932
0.744
0.057
0.356
0.937
0.515
0.315
0.207
0.716
0.441
0.413
0.412
0.873
0.245
0.145
0.411
0.725
0.429
0.059
0.698
0.45
0.205
0.472
0.258
0.705
0.645
0.227
0.084
0.856
0.148
0.63
0.574
0.889
0.54
0.203
0.215
0.863
0.198
0.064
0.723
0.195
0.061
0.959
0
0.914
0.17
0.14
0.969
0.757
0.57
0.893
0.053
0.81
0.368
0.437
0.373
0.807
0.355
0.22
0.987
0.161
0.076
0
0.076
0.703
0.51
0.217
0.774
0.978
0.406
0.242
0.47
0.641
0.087
0.378
0.109
0.238
0.113
0.144
0.902
0.542
0.951
0.868
0.732
0.492
0.625
0.746
0.385
0.377
0.037
0.289
0.704
0.858
0.804
0.946
0.49
0.153
0.193
0.321
0.518
0.43
0.408
0.771
0.356
0.693
0.754
0.35
0.566
0.192
0.216
0.675
0.737
0.22
0.732
0.755
0.549
0.844
0.484
0.66
0.971
0.875
0.777
0.653
0.344
0.199
0.202
0.736
0.302
0.184
0.97
0.807
0.402
0.61
0.279
0.695
0.484
0.117
0.255
0.367
0.172
0.345
0.297
0.234
0.571
0.777
0.479
0.918
0.363
0.763
0.593
0.676
0.749
0.254
0.618
0.996
0.669
0.671
0.983
0.276
0.415
0.477
0.298
0.896
0.023
0.997
0.624
0.057
0.547
0.404
0.175
0.34
0.874
0.564
0.401
0.087
0.031
0.645
0.594
0.095
0.559
0.059
0.284
0.071
0.816
0.375
0.559
0.345
0.853
0
0.741
0.8
0.201
0.275
0.932
0.521
0.088
0.409
0.795
0.551
0.284
0.683
0.624
0.919
0.526
0.275
0.424
0.007
0.38
0.295
0.228
0.684
0.495
0.402
0.833
0.798
0.456
0.133
0.878
0.631
0.639
0.609
0.636
0.646
0.434
0.272
0.467
0.521
0.714
0.684
0.188
0.652
0.906
0.914
0.639
0.186
0.383
0.33
0.526
0.695
0.607
0.304
0.447
0.556
0.959
0.861
0.784
0
0.563
0.919
0.404
0.698
0.432
0.975
0.867
0.475
0.954
0.774
0.043
0.28
0.392
0.897
0.434
0.74
0.174
0.118
0.335
0.982
0.0
0.61
0.946
0.668
0.394
0.833
0.016
0.377
0.219
0.682
0.988
0.863
0.195
0.14
0.082
0.001
0.049
0.268
0.408
0.501
0.747
0.143
0.05
0.457
0.649
0.815
0.576
0.616
0.322
0.787
0.892
0.588
0.547
0.207
0.006
0.007
0.852
0.027
0.321
0.513
0.6
0.112
0.243
0.512
0.681
0.355
0.269
0.086
0.505
0.164
0.1
0.949
0.631
0.945
0.112
0.198
0.469
0.418
0.614
0.183
0.529
0.03
0.002
0.802
0.722
0.843
0.612
0.657
0.521
0.312
0.941
0.625
0.072
0.134
0.865
0.506
0.919
0.157
0.02
0.349
0.185
0.175
0.705
0.547
0.022
0.054
0.893
0.552
0.391
0.061
0.427
0.956
0.536
0.982
0.437
0.769
0.188
0.234
0.951
0.298
0.485
0.859
0.934
0.444
0.44
0.513
0.802
0.724
0.683
0.959
0.208
0.74
0.462
0.614
0.913
0.628
0.999
0.737
0.741
0.552
0.06
0.034
0.703
0.68
0.178
0.548
0.837
0.466
0.415
0.641
0.757
0.845
0.632
0.607
0.518
0.204
0.204
0.864
0.612
0.3
0.763
0.132
0.603
0.568
0.034
0.966
0.26
0.641
0.689
0.087
0.052
0.407
0.802
0.516
0.251
0.749
0.072
0.132
0.405
0.392
0.231
0.446
0.198
0.388
0.12
0.778
0.438
0.846
0.863
0.423
0.165
0.7
0.332
0.783
0.447
0.041
0.658
0.668
0.745
0.894
0.971
0.818
0.967
0.09
0.141
0.829
0.198
0.648
0.39
0.304
0.87
0.076
0.92
0.014
0.298
0.025
0.177
0.532
0.754
0.41
0.316
0.315
0.134
0.889
0.926
0.358
0.604
0.417
0.572
0.133
0.211
0.699
0.09
0.965
0.395
0.15
0.591
0.66
0.659
0.985
0.937
0.31
0.512
0.692
