0.683
0.395
0.138
0.048
0.385
0.807
0.943
0.961
0.894
0.299
0.315
0.488
0.423
0.161
0.385
0.376
0.98
0.671
0.907
0.231
0.834
0.307
0.19
0.682
0.244
0.622
0.768
0.381
0.643
0.758
0.823
0.99
0.471
0.501
0.091
0.114
0.716
0.707
0.65
0.253
0.834
0.673
0.978
0.584
0.102
0.762
0.645
0.339
0.732
0.561
0.508
0.273
0.447
0.042
0.64
0.535
0.842
0.841
0.938
0.141
0.929
0.811
0.156
0.829
0.296
0.207
0.805
0.398
0.467
0.523
0.01
0.44
0.899
0.251
0.81
0.171
0.951
0.103
0.469
0.144
0.523
0.436
0.675
0.775
0.346
0.887
0.948
0.218
0.102
0.903
0.738
0.729
0.154
0.276
0.802
0.352
0.412
0.71
0.226
0.872
0.056
0.091
0.103
0.432
0.905
0.064
0.096
0.301
0.394
0.587
0.864
0.552
0.429
0.74
0.701
0.354
0.68
0.323
0.053
0.572
0.014
0.454
0.941
0.589
0.257
0.216
0.849
0.595
0.904
0.775
0.442
0.51
0.832
0.543
0.002
0
0.581
0.711
0.236
0.113
0.236
0.793
0.624
0.449
0.218
0.572
0.633
0.493
0.919
0.524
0.186
0.84
0.651
0.301
0.831
0.39
0.158
0.658
0.543
0.127
0.668
0.194
0.331
0.244
0.608
0.186
0.793
0.187
0.448
0.792
0.406
0.52
0.047
0.406
0.108
0.257
0.641
0.05
0.239
0.786
0.425
0.624
0.935
0.567
0.962
0.998
0.528
0.553
0.183
0.976
0.436
0.266
0.852
0.145
0.735
0.292
0.355
0.604
0.737
0.67
0.896
0.568
0.783
0.007
0.433
0.316
0.404
0.216
0.672
0.307
0.732
0.777
0.979
0.667
0.991
0.191
0.688
0.654
0.163
0.378
0.44
0.679
0.222
0.732
0.055
0.343
0.493
0.197
0.783
0.904
0.515
0.475
0.559
0.565
0.549
0.533
0.573
0.667
0.603
0.645
0.643
0.236
0.249
0.31
0.117
0.063
0.665
0.298
0.564
0.484
0.804
0.068
0.952
0.795
0.806
0.748
0.076
0.584
0.671
0.988
0.509
0.926
0.457
0.057
0.111
0.943
0.18
0.263
0.807
0.227
0.276
0.724
0.175
0.819
0.415
0.497
0.863
0.019
0.448
0.469
0.336
0.828
0.149
0.157
0.988
0.519
0.406
0.325
0.35
0.172
0.936
0.411
0.352
0.406
0.559
0.909
0.945
0.066
0.253
0.928
0.386
0.012
0.285
0.848
0.486
0.86
0.225
0.54
0.788
0.04
0.386
0.616
0.811
0.183
0.995
0.967
0.264
0.74
0.323
0.418
0.912
0.435
0.207
0.948
0.133
0.001
0.158
0.491
0.383
0.489
0.478
0.961
0.905
0.215
0.826
0.488
0.482
0.249
0.455
0.624
0.612
0.49
0.48
0.027
0.953
0.474
0.42
0.873
0.196
0.543
0.42
0.78
0.83
0.574
0.491
0.992
0.515
0.299
0.786
0.023
0.353
0.427
0.892
0.538
0.922
0.908
0.092
0.447
0.174
0.249
0.013
0.386
0.592
0.396
0.292
0.95
0.18
0.872
0.152
0.074
0.244
0.255
0.496
0.568
0.516
0.232
0.412
0.228
0.477
0.059
0.905
0.399
0.316
0.932
0.7
0.451
0.573
0.562
0.976
0.937
0.091
0.53
0.609
0.671
0.51
0.724
0.913
0.072
0.203
0.563
0.432
0.37
0.071
0.852
0.328
0.752
0.029
0.253
0.409
0.086
0.518
0.818
0.652
0.432
0.563
0.263
0.083
0.858
0.598
0.21
0.489
0.476
0.37
0.101
0.162
0.345
0.686
0.752
0.621
0.545
0.184
0.296
0.124
0.466
0.261
0.662
0.2
0.383
0.607
0.99
0.016
0.375
0.511
0.096
0.207
0.727
0.649
0.556
0.574
0.665
0.678
0.102
0.134
0.303
0.432
0.782
0.703
0.077
0.226
0.166
0.011
0.167
0.519
0.769
0.808
0.93
0.337
0.219
0.581
0.748
0.244
0.33
0.492
0.786
0.375
0.408
0.883
0.098
0.035
0.011
0.493
0.171
0.436
0.294
0.577
0.208
0.299
0.469
0.873
0.676
0.992
0.492
0.734
0.557
0.86
0.961
0.788
0.932
0.828
0.229
0.44
0.223
0.813
0.488
0.668
0.477
0.545
0.561
0.102
0.231
0.511
0.357
0.979
0.404
0.716
0.392
0.147
0.491
0.36
0.129
0.985
0.595
0.166
0.372
0.009
0.963
0.751
0.457
0.189
0.486
0.676
0.058
0.268
0.901
0.837
0.266
0.683
0.151
0.539
0.242
0.739
0.706
0.397
0.603
0.531
0.718
0.459
0.041
0.779
0.609
0.506
0.101
0.177
0.548
0.025
0.813
0.347
0.784
0.111
0.779
0.303
0.424
0.823
0.807
0.103
0.108
0.948
0.191
0.162
0.566
0.269
0.99
0.92
0.414
0.795
0.947
0.406
0.274
0.552
0.995
0.363
0.467
0.924
0.897
0.103
0.813
0.567
0.438
0.913
0.786
0.012
0.769
0.277
0.474
0.066
0.861
0.187
0.235
0.156
0.734
0.099
0.399
0.888
0.264
0.334
0.1
0.423
0.097
0.546
0.666
0.897
0.037
0.155
0.645
0.14
0.337
0.359
0.199
0.168
0.009
0.121
0.086
0.726
0.056
0.708
0.381
0.422
0.44
0.678
0.753
0.268
0.766
0.56
0.44
0.498
0.555
0.958
0.754
0.647
0.232
0.698
0.576
0.661
0.206
0.581
0.559
0.18
0.338
0.21
0.628
0.528
0.36
0.103
0.996
0.944
0.341
0.411
0.921
0.237
0.452
0.464
0.395
0.731
0.524
0.295
0.049
0.346
0.783
0.118
0.634
0.92
0.401
0.122
0.635
0.531
0.348
0.068
0.301
0.194
0.65
0.401
0.827
0.386
0.408
0.1
0.489
0.34
0.813
0.541
0.601
0.399
0.313
0.397
0.098
0.825
0.456
0.193
0.161
0.471
0.111
0.751
0.357
0.959
0.253
0.458
0.818
0.923
0.25
0.655
0.112
0.521
0.837
0.311
0.793
0.809
0.595
0.395
0.333
0.699
0.938
0.047
0.136
0.864
0.387
0.64
0.963
0.443
0.966
0.965
0.117
0.325
0.554
0.551
0.128
0.909
0.825
0.427
0.504
0.078
0.464
0.554
0.656
0.112
0.967
0.273
0.002
0.038
0.652
0.604
0.768
0.241
0.965
0.496
0.053
0.538
0.139
0.44
0.309
0.355
0.263
0.79
0.807
0.408
0.25
0.08
0.458
0.63
0.139
0.443
0.564
0.466
0.17
0.033
0.529
0.189
0.171
0.189
0.355
0.694
0.934
0.774
0.004
0.679
0.095
0.885
0.708
0.151
0.183
0.355
0.242
0.422
0.079
0.471
0.073
0.715
0.33
0.92
0.189
0.823
0.839
0.582
0.311
0.22
0.678
0.424
0.506
0.737
0.871
0.511
0.491
0.835
0.08
0.388
0.789
0.064
0.479
0.943
0.564
0.915
0.051
0.129
0.577
0.165
0.647
0.351
0.824
0.394
0.858
0.675
0.649
0.637
0.413
0.408
0.514
0.181
0.0
0.147
0.114
0.474
0.926
0.861
0.961
0.188
0.782
0.022
0.618
0.261
0.242
0.115
0.862
0.185
0.649
0.004
0.695
0.993
0.244
0.067
0.135
0.362
0.135
0.053
0.208
0.278
0.117
0.135
0.495
0.21
0.514
0.2
0.434
0.31
0.46
0.328
0.143
0.383
0.808
0.518
0.039
0.118
0.937
0.81
0.125
0.32
0.293
0.934
0.099
0.908
0.373
0.62
0.179
0.703
0.962
0.774
0.146
0.899
0.68
0.291
0.357
0.044
0.929
0.105
0.513
0.354
0.85
0.299
0.349
0.809
0.9
0.257
0.406
0.529
0.179
0.258
0.657
0.994
0.274
0.496
0.105
0.522
0.096
0.917
0.553
0.626
0.032
0.165
0.108
0.76
0.452
0.063
0.189
0.624
0.882
0.877
0.08
0.867
0.087
0.378
0.47
0.428
0.994
0.737
0.071
0.898
0.623
0.921
0.603
0.199
0.191
0.573
0.833
0.479
0.225
0.154
0.381
0.956
0.758
0.194
0.286
0.211
0.96
0.248
0.553
0.907
0.266
0.257
0.034
0.216
0.513
0.975
0.089
0.536
0.019
0.084
0.866
0.129
0.629
0.72
0.512
0.366
0.454
0.195
0.791
0.977
0.415
0.638
0.355
0.592
0.521
0.479
0.216
