0.474
0.833
0.346
0.978
0.312
0.067
0.344
0.693
0.439
0.283
0.964
0.707
0.171
0.295
0.058
0.808
0.88
0.919
0.452
0.364
0.347
0.914
0.456
0.898
0.341
0.678
0.01
0.634
0.029
0.946
0.901
0.429
0.43
0.696
0.499
0.919
0.772
0.273
0.322
0.185
0.892
0.717
0.327
0.482
0.172
0.331
0.745
0.67
0.278
0.314
0.58
0.796
0.076
0.192
0.075
0.868
0.29
0.43
0.395
0.069
0.115
0.44
0.447
0.94
0.286
0.288
0.137
0.806
0.046
0.664
0.875
0.534
0.997
0.713
0.613
0.339
0.003
0.477
0.345
0.816
0.698
0.401
0.733
0.219
0.84
0.748
0.671
0.81
0.454
0.265
0.445
0.491
0.144
0.017
0.488
0.798
0.967
0.592
0.579
0.981
0.796
0.685
0.793
0.292
0.173
0.656
0.813
0.729
0.877
0.773
0.66
0.129
0.09
0.491
0.133
0.552
0.205
0.481
0.896
0.798
0.428
0.707
0.376
0.49
0.033
0.46
0.387
0.408
0.406
0.245
0.324
0.041
0.888
0.834
0.826
0.186
0.248
0.388
0.064
0.296
0.101
0.299
0.97
0.612
0.61
0.233
0.609
0.739
0.767
0.371
0.209
0.433
0.76
0.114
0.401
0.394
0.51
0.213
0.506
0.882
0.742
0.588
0.661
0.495
0.359
0.447
0.317
0.468
0.187
0.035
0.821
0.448
0.533
0.663
0.327
0.47
0.92
0.867
0.055
0.336
0.005
0.192
0.241
0.713
0.746
0.797
0.753
0.369
0.741
0.595
0.946
0.875
0.954
0.208
0.337
0.752
0.45
0.08
0.139
0.514
0.423
0.017
0.226
0.776
0.678
0.378
0.655
0.826
0.723
0.113
0.886
0.648
0.138
0.951
0.955
0.187
0.238
0.065
0.288
0.574
0.222
0.953
0.088
0.325
0.963
0.576
0.26
0.221
0.146
0.94
0.243
0.43
0.501
0.327
0.494
0.408
0.842
0.443
0.198
0.79
0.819
0.963
0.801
0.834
0.468
0.484
0.074
0.721
0.178
0.715
0.667
0.137
0.667
0.807
0.625
0.7
0.954
0.988
0.057
0.117
0.444
0.684
0.84
0.099
0.062
0.723
0.161
0.714
0.549
0.328
0.912
0.949
0.897
0.324
0.382
0.979
0.225
0.221
0.335
0.419
0.043
0.607
0.689
0.595
0.607
0.031
0.818
0.897
0.306
0.744
0.738
0.93
0.492
0.709
0.247
0.875
0.583
0.852
0.776
0.402
0.084
0.502
0.972
0.481
0.531
0.042
0.86
0.479
0.197
0.822
0.747
0.124
0.694
0.547
0.92
0.858
0.321
0.744
0.593
0.218
0.623
0.013
0.851
0.62
0.353
0.487
0.567
0.328
0.751
0.532
0.552
0.682
0.567
0.181
0.544
0.31
0.829
0.147
0.56
0.376
0.297
0.538
0.145
0.841
0.813
0.449
0.061
0.9
0.292
0.068
0.43
0.347
0.306
0.121
0.185
0.617
0.363
0.28
0.653
0.884
0.787
0.042
0.245
0.376
0.528
0.621
0.957
0.833
0.946
0.214
0.617
0.958
0.324
0.341
0.34
0.622
0.522
0.055
0.205
0.4
0.532
0.587
0.52
0.63
0.074
0.085
0.27
0.422
0.562
0.547
0.585
0.107
0.078
0.772
0.209
0.027
0.018
0.586
0.642
0.295
0.107
0.04
0.318
0.009
0.297
0.774
0.103
0.271
0.379
0.053
0.222
0.05
0.748
0.838
0.259
0.13
0.362
0.7
0.956
0.991
0.464
0.112
0.542
0.547
0.463
0.777
0.376
0.64
0.423
0.487
0.787
0.637
0.888
0.201
0.923
0.952
0.986
0.155
0.541
0.376
0.148
0.069
0.666
0.56
0.159
0.601
0.745
0.703
0.63
0.471
0.199
0.593
0.523
0.619
0.598
0.173
0.87
0.438
0.759
0.264
0.005
0.458
0.16
0.35
0.77
0.314
0.659
0.328
0.844
0.984
0.97
0.585
0.684
0.419
0.404
0.859
0.164
0.379
0.219
0.227
0.109
0.018
0.297
0.659
0.958
0.995
0.583
0.736
0.75
0.64
0.123
0.552
0.611
0.385
0.38
0.977
0.893
0.287
0.983
0.406
0.68
0.667
0.249
0.303
0.882
0.08
0.629
0.716
0.763
0.296
0.386
0.58
0.368
0.678
0.607
0.296
0.423
0.832
0.332
0.742
0.236
0.181
0.969
0.593
0.552
0.18
0.558
0.708
0.266
0.143
0.876
0.687
0.079
0.398
0.765
0.048
0.634
0.41
0.774
0.813
0.266
0.032
0.623
0.505
0.719
0.324
0.046
0.215
0.419
0.585
0.544
0.855
0.414
0.085
0.518
0.421
0.756
0.042
0.353
0.383
0.05
0.93
0.549
0.278
0.922
0.696
0.753
0.039
0.983
0.268
0.394
0.935
0.799
0.122
0.239
0.174
0.263
0.366
0.205
0.711
0.332
0.882
0.821
0.144
0.168
0.712
0.681
0.807
0.214
0.188
0.258
0.495
0.042
0.933
0.663
0.806
0.52
0.68
0.319
0.013
0.062
0.817
0.855
0.611
0.099
0.656
0.985
0.523
0.906
0.949
0.843
0.387
0.612
0.788
0.121
0.485
0.439
0.829
0.627
0.814
0.813
0.568
0.857
0.902
0.838
0.508
0.469
0.328
0.852
0.849
0.661
0.623
0.639
0.957
0.101
0.856
0.155
0.533
0.573
0.231
0.254
0.94
0.654
0.615
0.286
0.16
0.986
0.975
0.192
0.277
0.736
0.497
0.481
0.265
0.324
0.69
0.875
0.618
0.941
0.721
0.528
0.823
0.926
0.815
0.931
0.742
0.049
0.777
0.569
0.371
0.736
0.252
0.203
0.358
0.185
0.178
0.245
0.969
0.726
0.657
0.898
0.018
0.956
0.682
0.633
0.713
0.967
0.121
0.324
0.311
0.714
0.684
0.613
0.02
0.269
0.859
0.144
0.152
0.387
0.552
0.708
0.401
0.287
0.789
0.11
0.474
0.226
0.26
0.9
0.856
0.934
0.527
0.756
0.459
0.768
0.045
0.588
0.714
0.147
0.653
0.196
0.769
0.139
0.638
0.311
0.761
0.216
0.869
0.745
0.414
0.162
0.971
0.811
0.949
0.292
0.362
0.797
0.619
0.363
0.24
0.259
0.754
0.215
0.104
0.867
0.053
0.69
0.89
0.189
0.26
0.715
0.689
0.809
0.364
0.994
0.276
0.774
0.447
0.449
0.265
0.533
0.433
0.819
0.06
0.388
0.003
0.013
0.915
0.636
0.741
0.013
0.015
0.156
0.059
0.477
0.552
0.021
0.007
0.744
0.098
0.226
0.151
0.856
0.756
0.825
0.466
0.289
0.586
0.018
0.872
0.256
0.886
0.984
0.033
0.471
0.385
0.528
0.486
0.194
0.352
0.423
0.297
0.473
0.073
0.77
0.099
0.057
0.358
0.217
0.626
0.072
0.17
0.65
0.384
0.038
0.798
0.417
0.053
0.476
0.098
0.778
0.981
0.847
0.689
0.469
0.686
0.733
0.511
0.983
0.503
0.075
0.92
0.477
0.761
0.842
0.951
0.256
0.51
0.024
0.563
0.231
0.903
0.391
0.556
0.126
0.626
0.983
0.806
0.396
0.571
0.463
0.605
0.88
0.244
0.307
0.352
0.439
0.746
0.647
0.28
0.445
0.807
0.975
0.14
0.176
0.829
0.749
0.042
0.706
0.194
0.343
0.266
0.49
0.414
0.406
0.495
0.548
0.961
0.538
0.351
0.462
0.919
0.329
0.762
0.262
0.507
0.228
0.801
0.127
0.374
0.284
0.318
0.765
0.105
0.483
0.543
0.191
0.059
0.427
0.323
0.855
0.998
0.481
0.564
0.399
0.991
0.777
0.149
0.582
0.816
0.744
0.148
0.099
0.237
0.499
0.975
0.789
0.102
0.203
0.564
0.016
0.94
0.84
0.192
0.791
0.809
0.413
0.128
0.613
0.583
0.165
0.334
0
0.263
0.505
0.967
0.739
0.721
0.184
0.116
0.048
0.173
0.193
0.922
0.452
0.574
0.339
0.452
0.074
0.393
0.453
0.282
0.669
0.794
0.95
0.233
0.864
0.868
0.781
0.366
0.526
0.699
0.256
0.565
0.715
0.237
0.641
0.166
0.463
0.048
0.322
0.474
0.579
0.943
0.526
0.502
0.234
0.794
0.57
0.772
0.313
0.209
0.631
0.266
0.727
0.598
0.531
0.742
0.284
0.521
0.684
0.165
0.095
0.986
0.008
0.35
0.615
0.374
0.654
0.73
