0.244
0.236
0.853
0.21
0.767
0.221
0.322
0.387
0.547
0.471
0.639
0.528
0.571
0.246
0.255
0.24
0.645
0.624
0.011
0.778
0.804
0.253
0.344
0.717
0.058
0.779
0.004
0.773
0.169
0.74
0.679
0.766
0.405
0.801
0.489
0.026
0.39
0.153
0.462
0.811
0.213
0.19
0.276
0.21
0.707
0.35
0.805
0.584
0.36
0.202
0.609
0.784
0.563
0.319
0.123
0.574
0.492
0.091
0.934
0.447
0.805
0.431
0.816
0.36
0.634
0.655
0.506
0.61
0.135
0.202
0.986
0.6
0.099
0.058
0.418
0.576
0.16
0.795
0.439
0.683
0.349
0.882
0.268
0.811
0.268
0.266
0.981
0.159
0.138
0.049
0.796
0.26
0.729
0.651
0.124
0.009
0.733
0.15
0.978
0.847
0.673
0.835
0.938
0.04
0.091
0.031
0.272
0.773
0.149
0.418
0.746
0.082
0.988
0.761
0.027
0.407
0.479
0.429
0.238
0.987
0.544
0.586
0.925
0.324
0.519
0.005
0.12
0.733
0.617
0.944
0.271
0.826
0.175
0.354
0.571
0.33
0.13
0.647
0.925
0.936
0.759
0.675
0.686
0.567
0.673
0.291
0.287
0.113
0.65
0.194
0.201
0.958
0.135
0.839
0.184
0.233
0.248
0.605
0.986
0.313
0.581
0.927
0.748
0.572
0.142
0.433
0.208
0.712
0.426
0.419
0.018
0.544
0.333
0.243
0.953
0.745
0.241
0.662
0.941
0.502
0.997
0.877
0.543
0.649
0.532
0.969
0.721
0.069
0.311
0.369
0.594
0.822
0.126
0.16
0.502
0.752
0.112
0.201
0.396
0.148
0.844
0.755
0.855
0.942
0.068
0.136
0.287
0.808
0.671
0.164
0.023
0.296
0.781
0.92
0.178
0.757
0.562
0.217
0.2
0.797
0.063
0.767
0.8
0.085
0.326
0.595
0.565
0.073
0.819
0.239
0.323
0.278
0.438
0.281
0.14
0.187
0.201
0.178
0.99
0.363
0.083
0.724
0.002
0.466
0.711
0.139
0.764
0.342
0.621
0.205
0.695
0.82
0.96
0.784
0.406
0.378
0.05
0.753
0.017
0.11
0.436
0.859
0.791
0.981
0.579
0.04
0.848
0.439
0.272
0.62
0.872
0.992
0.871
0.578
0.315
0.135
0.921
0.014
0.907
0.487
0.441
0.832
0.273
0.618
0.001
0.271
0.565
0.592
0.155
0.473
0.654
0.323
0.859
0.885
0.218
0.429
0.204
0.181
0.077
0.629
0.979
0.603
0.902
0.04
0.049
0.739
0.579
0.934
0.81
0.497
0.658
0.192
0.968
0.097
0.39
0.95
0.854
0.566
0.052
0.111
0.969
0.37
0.913
0.3
0.258
0.504
0.054
0.659
0.836
0.551
0.904
0.249
0.638
0.964
0.946
0.953
0.37
0.523
0.722
0.913
0.71
0.945
0.898
0.882
0.585
0.531
0
0.273
0.04
0.275
0.36
0.289
0.977
0.087
0.512
0.603
0.322
0.408
0.846
0.509
0.454
0.689
0.911
0.888
0.446
0.264
0.41
0.636
0.674
0.218
0.021
0.326
0.295
0.831
0.841
0.456
0.154
0.927
0.514
0.823
0.295
0.585
0.243
0.112
0.937
0.128
0.635
0.825
0.723
0.804
0.433
0.482
0.757
0.596
0.238
0.24
0.914
0.276
0.472
0.988
0.575
0.623
0.683
0.084
0.011
0.564
0.377
0.291
0.505
0.677
0.076
0.009
0.249
0.949
0.856
0.886
0.997
0.325
0.762
0.923
0.902
0.41
0.226
0.325
0.371
0.567
0.527
0.378
0.458
0.613
0.575
0.527
0.152
0.705
0.512
0.135
0.309
0.088
0.767
0.339
0.194
0.559
0.285
0.928
0.78
0.889
0.088
0.351
0.638
0.841
0.289
0.636
0.498
0.387
0.114
0.529
0.909
0.839
0.745
0.233
0.614
0.56
0.475
0.485
0.708
0.37
0.707
0.622
0.435
0.737
0.281
0.456
0.137
0.657
0.596
0.764
0.045
0.689
0.366
0.924
0.705
0.357
0.673
0.987
0.687
0.491
0.362
0.473
0.592
0.071
0.9
0.942
0.225
0.695
0.689
0.321
0.493
0.152
0.831
0.876
0.758
0.003
0.672
0.173
0.308
0.164
0.701
0.21
0.161
0.519
0.182
0.725
0.338
0.776
0.412
0.478
0.823
0.3
0.823
0.095
0.634
0.088
0.343
0.433
0.136
0.16
0.373
0.915
0.118
0.548
0.08
0.503
0.499
0.049
0.043
0.321
0.788
0.821
0.75
0.038
0.7
0.466
0.094
0.591
0.86
0.237
0.622
0.461
0.915
0.891
0.746
0.429
0.912
0.584
0.554
0.165
0.859
0.799
0.489
0.333
0.124
0.826
0.681
0.318
0.685
0.034
0.13
0.183
0.252
0.364
0.865
1.0
0.941
0.223
0.012
0.475
0.547
0.271
0.39
0.637
0.244
0.432
0.941
0.981
0.077
0.225
0.617
0.29
0.107
0.667
0.311
0.523
0.657
0.186
0.687
0.614
0.079
0.686
0.912
0.916
0.938
0.076
0.542
0.014
0.769
0.944
0.337
0.644
0.984
0.127
0.657
0.827
0.994
0.808
0.507
0.918
0.344
0.542
0.863
0.698
0.099
0.27
0.56
0.84
0.41
0.372
0.981
0.442
0.284
0.301
0.167
0.184
0.361
0.519
0.198
0.992
0.729
0.963
0.786
0.113
0.019
0.771
0.121
0.333
0.977
0.935
0.915
0.518
0.221
0.612
0.3
0.675
0.629
0.817
0.417
0.605
0.22
0.183
0.602
0.719
0.39
0.138
0.301
0.089
0.234
0.563
0.73
0.462
0.966
0.022
0.177
0.302
0.324
0.193
0.915
0.564
0.171
0.631
0.731
0.829
0.027
0.86
0.742
0.753
0.515
0.029
0.424
0.67
0.753
0.67
0.88
0.87
0.871
0.577
0.5
0.313
0.297
0.346
0.722
0.717
0.254
0.347
0.984
0.569
0.125
0.474
0.695
0.995
0.859
0.502
0.814
0.709
0.51
0.061
0.289
0.702
0.669
0.798
0.724
0.649
0.692
0.876
0.678
0.314
0.283
0.925
0.225
0.35
0.421
0.072
0.333
0.389
0.762
0.83
0.305
0.648
0.576
0.302
0.381
0.209
0.684
0.729
0.158
0.017
0.913
0.784
0.043
0.785
0.275
0.94
0.481
0.023
0.635
0.754
0.451
0.078
0.52
0.72
0.062
0.62
0.246
0.453
0.196
0.644
0.842
0.263
0.489
0.616
0.97
0.968
0.358
0.667
0.288
0.503
0.115
0.306
0.789
0.808
0.192
0.239
0.443
0.146
0.795
0.091
0.945
0.998
0.219
0.963
0
0.713
0.477
0.166
0.85
0.966
0.959
0.186
0.51
0.94
0.628
0.942
0.185
0.523
0.697
0.028
0.122
0.232
0.084
0.775
0.204
0.756
0.868
0.5
0.101
0.484
0.783
0.558
0.385
0.011
0.504
0.78
0.493
0.121
0.961
0.425
0.604
0.972
0.115
0.646
0.517
0.256
0.414
0.748
0.501
0.553
0.306
0.797
0.813
0.252
0.899
0.194
0.117
0.764
0.111
0.643
0.131
0.774
0.133
0.829
0.223
0.757
0.315
0.452
0.629
0.94
0.568
0.435
0.288
0.106
0.051
0.701
0.73
0.309
0.033
0.083
0.713
0.361
0.786
0.389
0.799
0.257
0.875
0.997
0.358
0.655
0.909
0.446
0.121
0.877
0.395
0.375
0.814
0.269
0.265
0.198
0.593
0.872
0.71
0.538
0.116
0.071
0.584
0.234
0.012
0.381
0.961
0.537
0.713
0.579
0.09
0.562
0.51
0.729
0.453
0.853
0.478
0.982
0.8
0.111
0.933
0.866
0.172
0.987
0.852
0.194
0.168
0.583
0.284
0.768
0.196
0.161
0.502
0.954
0.268
0.322
0.484
0.493
0.788
0.363
0.97
0.647
0.991
0.159
0.496
0.416
0.419
0.564
0.802
0.524
0.725
0.076
0.764
0.461
0.355
0.767
0.572
0.171
0.996
0.455
0.646
0.756
0.112
0.498
0.933
0.104
0.742
0.377
0.122
0.235
0.364
0.706
0.518
0.613
0.526
0.777
0.23
0.417
0.994
0.319
0.271
0.991
0.907
0.27
0.735
0.028
0.982
0.591
0.527
0.32
0.835
0.895
0.998
0.872
0.928
0.729
0.978
0.99
0.32
0.351
0.063
0.5
0.723
0.461
0.67
0.85
0.127
0.447
0.357
0.41
0.957
0.288
