0.074
0.947
0.58
0.453
0.849
0.864
0.059
0.866
0.024
0.338
0.98
0.39
0.87
0.279
0.446
0.485
0.959
0.314
0.674
0.45
0.009
0.112
0.331
0.65
0.746
0.339
0.441
0.569
0.798
0.774
0.864
0.746
0.969
0.259
0.808
0.224
0.825
0.09
0.766
0.51
0.553
0.583
0.532
0.785
0.428
0.725
0.256
0.687
0.591
0.744
0.006
0.444
0.478
0.664
0.782
0.452
0.115
0.295
0.189
0.963
0.327
0.332
0.033
0.569
0.567
0.978
0.136
0.81
0.18
0.306
0.257
0.824
0.809
0.933
0.937
0.148
0.285
0.664
0.869
0.625
0.098
0.649
0.387
0.547
0.198
0.144
0.607
0.854
0.766
0.303
0.263
0.917
0.934
0.987
0.38
0.893
0.033
0.518
0.444
0.135
0.171
0.589
0.609
0.276
0.251
0.989
0.159
0.985
0.407
0.537
0.457
0.236
0.48
0.076
0.586
0.492
0.54
0.188
0.108
0.391
0.871
0.911
0.64
0.674
0.05
0.148
0.886
0.994
0.546
0.466
0.869
0.236
0.081
0.404
0.833
0.581
0.536
0.862
0.858
0.256
0.174
0.469
0.074
0.345
0.964
0.232
0.65
0.991
0.492
0.882
0.007
0.347
0.956
0.05
0.024
0.401
0.134
0.918
0.186
0.42
0.656
0.246
0.355
0.326
0.317
0.924
0.394
0.182
0.439
0.515
0.377
0.93
0.392
0.352
0.111
0.371
0.441
0.623
0.507
0.967
0.481
0.089
0.669
0.361
0.523
0.979
0.278
0.431
0.378
0.791
0.459
0.478
0.742
0.607
0.885
0.305
0.524
0.307
0.203
0.318
0.536
0.778
0.569
0.259
0.251
0.046
0.0
0.665
0.941
0.749
0.21
0.596
0.443
0.464
0.612
0.05
0.458
0.866
0.174
0.874
0.006
0.759
0.222
0.446
0.893
0.228
0.198
0.072
0.665
0.154
0.517
0.798
0.464
0.517
0.168
0.031
0.269
0.038
0.647
0.34
0.466
0.341
0.734
0.253
0.817
0.648
0.348
0.032
0.604
0.023
0.677
0.162
0.951
0.39
0.627
0.733
0.976
0.632
0.3
0.995
0.308
0.296
0.021
0.767
0.122
0.386
0.084
0.405
0.426
0.532
0.472
0.877
0.941
0.897
0.148
0.625
0.875
0.336
0.346
0.848
0.271
0.653
0.803
0.577
0.752
0.86
0.347
0.646
0.572
0.62
0.721
0.877
0.908
0.907
0.014
0.23
0.28
0.971
0.101
0.23
0.041
0.594
0.081
0.736
0.915
0.332
0.348
0.686
0.258
0.279
0.551
0.309
0.129
0.414
0.344
0.019
0.734
0.531
0.629
0.452
0.799
0.49
0.431
0.528
0.388
0.057
0.448
0.955
0.458
0.662
0.284
0.794
0.51
0.7
0.663
0.821
0.966
0.105
0.623
0.945
0.014
0.731
0.926
0.93
0.353
0.992
0.82
0.867
0.15
0.483
0.864
0.81
0.558
0.499
0.173
0.141
0.719
0.527
0.264
0.416
0.366
0.215
0.67
0.853
0.64
0.004
0.816
0.93
0.327
0.598
0.706
0.783
0.136
0.28
0.139
0.811
0.391
0.718
0.468
0.49
0.584
0.471
0.187
0.328
0.509
0.566
0.482
0.443
0.61
0.234
0.447
0.311
0.3
0.194
0.073
0.316
0.576
0.742
0.361
0.595
0.791
0.044
0.669
0.549
0.481
0.132
0.165
0.492
0.533
0.393
0.188
0.689
0.785
0.437
0.323
0.371
0.402
0.698
0.215
0.252
0.721
0.931
0.809
0.688
0.015
0.343
0.725
0.155
0.331
0.593
0.98
0.793
0.579
0.131
0.526
0.432
0.24
0.878
0.917
0.704
0.053
0.285
0.199
0.868
0.6
0.79
0.478
0.501
0.065
0.719
0.466
0.444
0.461
0.586
0.853
0.064
0.506
0.636
0.517
0.602
0.281
0.188
0.618
0.191
0.599
0.341
0.083
0.596
0.577
0.07
0.513
0.192
0.395
0.173
0.954
0.62
0.359
0.492
0.498
0.62
0.29
0.451
0.874
0.061
0.937
0.06
0.042
0.281
0.89
0.68
0.609
0.459
0.496
0.096
0.478
0.381
0.464
0.439
0.239
0.71
0.655
0.306
0.01
0.962
0.553
0.21
0.03
0.131
0.491
0.707
0.872
0.043
0.045
0.199
0.106
0.949
0.376
0.569
0.596
0.751
0.594
0.649
0.853
0.194
0.189
0.269
0.545
0.396
0.614
0.889
0.213
0.634
0.018
0.913
0.913
0.82
0.017
0.725
0.678
0.279
0.299
0.449
0.72
0.421
0.717
0.91
0.03
0.916
0.323
0.796
0.19
0.349
0.377
0.59
0.867
0.751
0.072
0.974
0.983
0.326
0.503
0.091
0.889
0.154
0.162
0.088
0.698
0.504
0.324
0.954
0.589
0.782
0.555
0.537
0.407
0.951
0.772
0.526
0.635
0.266
0.079
0.298
0.907
0.608
0.268
0.863
0.303
0.338
0.367
0.965
0.322
0.015
0.883
0.738
0.251
0.707
0.558
0.402
0.909
0.502
0.721
0.754
0.03
0.959
0.843
0.991
0.774
0.195
0.25
0.127
0.91
0.787
0.288
0.051
0.143
0.618
0.259
0.743
0.207
0.72
0.731
0.706
0.132
0.738
0.652
0.719
0.276
0.182
0.301
0.743
0.503
0.038
0.301
0.813
0.964
0.635
0.884
0.816
0.028
0.615
0.922
0.541
0.018
0.091
0.141
0.703
0.833
0.922
0.02
0.477
0.524
0.104
0.052
0.185
0.365
0.651
0.606
0.29
0.899
0.177
0.363
0.393
0.856
0.073
0.418
0.304
0.219
0.031
0.408
0.432
0.358
0.632
0.998
0.618
0.68
0.495
0.901
0.329
0.594
0.836
0.915
0.261
0.005
0.464
0.578
0.597
0.793
0.079
0.329
0.894
0.274
0.146
0.971
0.204
0.095
0.49
0.654
0.544
0.31
0.128
0.109
0.245
0.229
0.227
0.941
0.478
0.173
0.838
0.82
0.376
0.252
0.556
0.033
0.066
0.167
0.11
0.478
0.136
0.808
0.52
0.601
0.605
0.308
0.177
0.119
0.61
0.136
0.819
0.286
0.302
0.036
0.95
0.027
0.404
0.63
0.851
0.283
0.086
0.431
0.0
0.117
0.419
0.479
0.038
0.932
0.943
0.483
0.535
0.511
0.692
0.98
0.085
0.757
0.308
0.313
0.14
0.59
0.589
0.255
0.921
0.046
0.832
0.111
0.603
0.651
0.608
0.049
0.341
0.011
0.142
0.576
0.97
0.468
0.877
0.314
0.636
0.842
0.154
0.912
0.707
0.778
0.069
0.755
0.402
0.611
0.86
0.13
0.749
0.316
0.224
0.334
0.841
0.509
0.304
0.797
0.435
0.513
0.656
0.849
0.687
0.808
0.107
0.328
0.169
0.651
0.138
0.397
0.711
0.594
0.483
0.205
0.162
0.015
0.409
0.888
0.732
0.625
0.9
0.429
0.735
0.975
0.096
0.151
0.371
0.096
0.432
0.208
0.104
0.239
0.638
0.419
0.539
0.544
0.826
0.417
0.98
0.888
0.016
0.276
0.508
0.745
0.65
0.962
0.843
0.079
0.887
0.349
0.936
0.168
0.233
0.282
0.128
0.629
0.222
0.116
0.674
0.823
0.359
0.176
0.244
0.267
0.932
0.582
0.173
0.465
0.44
0.048
0.537
0.682
0.717
0.837
0.243
0.92
0.753
0.49
0.154
0.133
0.753
0.777
0.889
0.393
0.994
0.55
0.243
0.806
0.38
0.486
0.82
0.412
0.294
0.094
0.593
0.351
0.741
0.831
0.148
0.933
0.96
0.812
0.912
0.209
0.135
0.884
0.765
0.369
0.873
0.09
0.27
0.922
0.247
0.82
0.109
0.554
0.108
0.663
0.747
0.07
0.27
0.431
0.672
0.824
0.081
0.275
0.294
0.214
0.726
0.922
0.407
0.634
0.532
0.459
0.428
0.337
0.005
0.425
0.837
0.76
0.259
0.155
0.661
0.705
0.241
0.232
0.577
0.441
0.669
0.582
0.923
0.51
0.463
0.929
0.541
0.501
0.05
0.319
0.662
0.143
0.067
0.377
0.52
0.015
0.326
0.575
0.789
0.316
0.474
0.423
0.232
0.776
0.459
0.767
0.558
0.787
0.319
0.801
0.668
0.415
0.542
0.653
0.663
0.993
0.531
0.726
0.117
0.187
0.142
0.532
0.975
0.084
0.757
0.107
0.274
0.235
0.959
0.89
0.614
0.642
0.026
0.067
0.314
