0.317
0.316
0.981
0.856
0.445
0.824
0.345
0.094
0.067
0.869
0.742
0.894
0.333
0.234
0.175
0.747
0.347
0.362
0.609
0.663
0.432
0.608
0.96
0.478
0.057
0.824
0.319
0.668
0.982
0.301
0.43
0.823
0.065
0.955
0.792
0.363
0.618
0.863
0.359
0.818
0.538
0.953
0.371
0.566
0.354
0.74
0.554
0.851
0.088
0.893
0.176
0.002
0.515
0.007
0.556
0.361
0.531
0.477
0.828
0.012
0.312
0.09
0.865
0.938
0.487
0.244
0.117
0.376
0.689
0.697
0.008
0.463
0.303
0.582
0.639
0.664
0.383
0.819
0.836
0.31
0.96
0.7
0.446
0.462
0.535
0.446
0.884
0.045
0.771
0.55
0.323
0.556
0.017
0.521
0.37
0.44
0.925
0.464
0.868
0.572
0.684
0.749
0.49
0.171
0.43
0.306
0.403
0.245
0.253
0.358
0.334
0.621
0.765
0.089
0.13
0.997
0.332
0.247
0.947
0.65
0.904
0.389
0.687
0.84
0.39
0.775
0.629
0.293
0.258
0.133
0.452
0.137
0.876
0.569
0.589
0.247
0.792
0.698
0.374
0.533
0.302
0.438
0.359
0.222
0.036
0.732
0.705
0.655
0.042
0.122
0.897
0.011
0.893
0.306
0.325
0.259
0.741
0.009
0.655
0.165
0.779
0.177
0.93
0.405
0.082
0
0.443
0.844
0.804
0.814
0.727
0.359
0.288
0.834
0.638
0.251
0.741
0.712
0.25
0.67
0.999
0.887
0.836
0.855
0.353
0.306
0.449
0.66
0.747
0.552
0.522
0.682
0.535
0.789
0.559
0.453
0.008
0.466
0.083
0.786
0.062
0.653
0.801
0.034
0.246
0.623
0.609
0.848
0.987
0.902
0.358
0.882
0.475
0.461
0.739
0.173
0.18
0.37
0.183
0.337
0.601
0.842
0.434
0.36
0.237
0.654
0.128
0.597
0.014
0.263
0.086
0.914
0.254
0.73
0.026
0.446
0.897
0.066
0.167
0.783
0.712
0.792
0.857
0.6
0.167
0.525
0.595
0.115
0.459
0.257
0.904
0.523
0.137
0.337
0.92
0.536
0.332
0.267
0.14
0.036
0.041
0.188
0.947
0.352
0.225
0.912
0.092
0.113
0.462
0.052
0.534
0.609
0.033
0.974
0.136
0.749
0.768
0.59
0.616
0.216
0.455
0.749
0.561
0.11
0.213
0.381
0.567
0.118
0.2
0.632
0.1
0.554
0.938
0.329
0.552
0.82
0.645
0.957
0.461
0.619
0.815
0.199
0.176
0.405
0.421
0.234
0.758
0.07
0.898
0.07
0.455
0.107
0.061
0.043
0.089
0.293
0.714
0.658
0.969
0.353
0.802
0.239
0.072
0.343
0.157
0.928
0.024
0.813
0.725
0.576
0.406
0.696
0.725
0.438
0.708
0.347
0.591
0.177
0.069
0.621
0.373
0.814
0.205
0.574
0.356
0.446
0.563
0.157
0.394
0.262
0.964
0.473
0.324
0.088
0.754
0.956
0.692
0.648
0.338
0.705
0.449
0.075
0.283
0.349
0.889
0.743
0.725
0.264
0.054
0.885
0.118
0.051
0.38
0.123
0.853
0.001
0.569
0.472
0.579
0.525
0.2
0.165
0.955
0.292
0.57
0.046
0.284
0.471
0.292
0.227
0.155
0.946
0
0.651
0.622
0.599
0.763
0.59
0.02
0.878
0.536
0.321
0.333
0.078
0.608
0.583
0.298
0.878
0.26
0.364
0.179
0.947
0.737
0.047
0.282
0.614
0.411
0.659
0.085
0.525
0.091
0.39
0.603
0.772
0.472
0.548
0.753
0.679
0.89
0.128
0.342
0.447
0.312
0.997
0.743
0.555
0.234
0.272
0.389
0.529
0.535
0.239
0.22
0.452
0.775
0.955
0.555
0.802
0.762
0.271
0.423
0.706
0.246
0.262
0.846
0.386
0.881
0.926
0.414
0.103
0.494
0.607
0.8
0.975
0.373
0.094
0.136
0.831
0.347
0.11
0.62
0.507
0.645
0.971
0.453
0.948
0.979
0.783
0.638
0.406
0.886
0.382
0.775
0.466
0.438
0.598
0.713
0.664
0.221
0.921
0.447
0.174
0.162
0.784
0.898
0.067
0.538
0.175
0.801
0.431
0.23
0.863
0.603
0.889
0.125
0.617
0.164
0.79
0.445
0.327
0.63
0.856
0.637
0.674
0.804
0.476
0.491
0.988
0.746
0.189
0.1
0.549
0.172
0.351
0.529
0.568
0.741
0.349
0.588
0.322
0.954
0.414
0.133
0.031
0.822
0.608
0.415
0.526
0.144
0.753
0.375
0.654
0.281
0.845
0.187
0.43
0.039
0.71
0.504
0.13
0.514
0.639
0.5
0.279
0.087
0.544
0.706
0.77
0.419
0.727
0.564
0.58
0.523
1.0
0.78
0.738
0.989
0.52
0.487
0.754
0.54
0.453
0.397
0.394
0.229
0.975
0.574
0.814
0.373
0.691
0.26
0.235
0.054
0.932
0.508
0.746
0.713
0.223
0.844
0.969
0.504
0.004
0.265
0.774
0.953
0.17
0.438
0.853
0.727
0.925
0.456
0.841
0.416
0.152
0.219
0.537
0.746
0.002
0.824
0.272
0.884
0.323
0.466
0.245
0.617
0.159
0.311
0.584
0.456
0.533
0.685
0
0.461
0.096
0.101
0.067
0.408
0.679
0.749
0.428
0.315
0.703
0.117
0.991
0.484
0.621
0.079
0.478
0.724
0.622
0.665
0.343
0.78
0.523
0.71
0.875
0.786
0.806
0.691
0.4
0.664
0.223
0.783
0.454
0.096
0.934
0.592
0.918
0.964
0.475
0.876
0.062
0.019
0.199
0.795
0.503
0.334
0.134
0.848
0.161
0.692
0.154
0
0.719
0.389
0.53
0.88
0.988
0.451
0.174
0.299
0.701
0.755
0.417
0.614
0.588
0.933
0.104
0.697
0.83
0.81
0.278
0.564
0.096
0.381
0.093
0.019
0.126
0.626
0.756
0.961
0.928
0.215
0.181
0.337
0.375
0.831
0.32
0.909
0.196
0.447
0.946
0.989
0.776
0.283
0.54
0.533
0.319
0.243
0.887
0.353
0.968
0.361
0.279
0.847
0.93
0.389
0.2
0.861
0.334
0.241
0.772
0.32
0.255
0.075
0.363
0.548
0.423
0.341
0.506
0.998
0.524
0.683
0.863
0.324
0.74
0.872
0.822
0.151
0
0.76
0.083
0.967
0.557
0.281
0.161
0.452
0.794
0.639
0.805
0.536
0.422
0.661
0.318
0.269
0.028
0.018
0.672
0.757
0.958
0.928
0.043
0.36
0.805
0.551
0.463
0.35
0.649
0.659
0.022
0.883
0.182
0.507
0.747
0.822
0.685
0.798
0.04
0.133
0.343
0.304
0.605
0.81
0.814
0.636
0.306
0.337
0.156
0.841
0.544
0.702
0.012
0.49
0.26
0.341
0.113
0.89
0.5
0.01
0.509
0.727
0.77
0.444
0.715
0.488
0.17
0.299
0.919
0.164
0.63
0.232
0.595
0.271
0.103
0.997
0.392
0.793
0.248
0.57
0.671
0.841
0.92
0.546
0.264
0.225
0.127
0.077
0.227
0.058
0.728
0.03
0.037
0.928
0.397
0.439
0.217
0.711
0.293
0.726
0.323
0.47
0.323
0.214
0.353
0.023
0.079
0.135
0.995
0.932
0.982
0.72
0.561
0.915
0.696
0.543
0.865
0.769
0.839
0.583
0.038
0.92
0.731
0.206
0.667
0.864
0.829
0.702
0.06
0.922
0.146
0.965
0.723
0.271
0.014
0.358
0.61
0.651
0.385
0.993
0.54
0.716
0.209
0.032
0.825
0.543
0.624
0.416
0.36
0.896
0.036
0.225
0.658
0.429
0.683
0.943
0.915
0.46
0.415
0.989
0.637
0.75
0.847
0.844
0.788
0.165
0.801
0.634
0.834
0.17
0.524
0.875
0.788
0.71
0.314
0.845
0.445
0.086
0.872
0.671
0.543
0.113
0.284
0.715
0.996
0.706
0.606
0.841
0.772
0.614
0.395
0.761
0.924
0.283
0.718
0.973
0.407
0.966
0.253
0.368
0.663
0.973
0.075
0.406
0.042
0.258
0.804
0.67
0.884
0.901
0.589
0.832
0.641
0.879
0.024
0.283
0.292
0.886
0.335
0.746
0.495
0.886
0.638
0.244
0.444
0.71
0.137
0.044
0.091
0.439
0.754
0.179
0.626
0.965
0.919
0.845
0.838
0.136
0.292
0.373
0.238
0.485
0.476
0.292
0.765
0.232
0.262
0.946
0.241
0.762
0.547
