0.564
0.518
0.046
0.434
0.995
0.545
0.803
0.991
0.09
0.439
0.848
0.916
0.584
0.035
0.442
0.823
0.118
0.502
0.157
0.776
0.305
0.206
0.748
0.401
0.551
0.356
0.567
0.384
0.558
0.96
0.922
0.302
0.613
0
0.405
0.984
0.705
0.338
0.957
0.021
0.714
0.854
0.532
0.424
0.587
0.059
0.492
0.232
0.355
0.167
0.449
0.821
0.164
0.687
0.367
0.122
0.806
0.575
0.846
0.958
0.581
0.393
0.658
0.653
0.584
0.217
0.75
0.248
0.098
0.324
0.397
0.134
0.96
0.492
0.439
0.843
0.873
0.19
0.015
0.585
0.964
0.224
0.49
0.003
0.935
0.071
0.544
0.625
0.923
0.513
0.142
0.647
0.933
0.859
0.609
0.296
0.114
0.778
0.282
0.707
0.695
0.428
0.759
0.824
0.941
0.343
0.892
0.647
0.176
0.311
0.86
0.765
0.669
0.5
0.058
0.887
0.723
0.058
0.927
0.208
0.587
0.658
0.368
0.642
0.421
0.87
0.887
0.719
0.851
0.08
0.643
0.458
0.431
0.298
0.315
0.201
0.372
0.401
0.861
0.158
0.146
0.114
0.795
0.37
0.311
0.939
0.248
0.749
0.614
0.701
0.254
0.19
0.109
0.579
0.94
0.995
0.719
0.751
0.047
0.944
0.545
0.417
0.901
0.176
0.387
0.741
0.428
0.253
0.922
0.938
0.637
0.493
0.881
0.72
0.985
0.297
0.816
0.819
0.961
0.256
0.536
0.43
0.609
0.403
0.065
0.316
0.594
0.828
0.14
0.451
0.761
0.001
0.651
0.408
0.342
0.455
0.921
0.136
0.306
0.419
0.274
0.199
0.17
0
0.94
0.232
0.578
0.749
0.087
0.672
0.409
0.339
0.668
0.269
0.455
0.69
0.678
0.399
0.539
0.685
0.367
0.821
0.409
0.44
0.715
0.366
0.413
0.576
0.612
0.104
0.456
0.511
0.758
0.592
0.819
0.833
0.409
0.465
0.564
0.709
0.584
0.922
0.46
0.183
0.615
0.676
0.949
0.912
0.638
0.253
0.679
0.724
0.963
0.747
0.027
0.305
0.638
0.176
0.978
0.094
0.78
0.777
0.703
0.842
0.223
0.01
0.662
0.334
0.589
0.556
0.975
0.99
0.83
0.783
0.312
0.436
0.763
0.381
0.996
0.241
0.796
0.158
0.833
0.367
0.877
0.873
0.314
0.013
0.675
0.295
0.917
0.243
0.441
0.337
0.485
0.763
0.565
0.141
0.29
0.463
0.77
0.199
0.375
0.743
0.733
0.51
0.06
0.682
0
0.026
0.283
0.366
0.389
0.595
0.101
0.149
0.485
0.545
0.623
0.634
0.785
0.475
0.782
0.166
0.248
0.354
0.397
0.801
0.071
0.82
0.966
0.114
0.375
0.264
0.319
0.901
0.834
0.172
0.344
0.662
0.596
0.62
0.233
0.33
0.747
0.059
0.539
0.03
0.565
0.888
0.38
0.274
0.353
0.87
0.494
0.703
0.288
0.671
0.114
0.589
0.546
0.304
0.072
0.507
0.639
0.457
0.007
0.254
0.26
0.502
0.104
0.792
0.895
0.316
0.489
0.135
0.584
0.178
0.331
0.123
0.96
0.485
0.291
0.089
0.355
0.35
0.646
0.733
0.344
0.501
0.3
0.081
0.042
0.695
0.473
0.351
0.585
0.547
0.373
0.26
0.986
0.932
0.593
0.607
0.849
0.926
0.933
0.107
0.568
0.475
0.55
0.71
0.98
0.87
0.028
0.809
0.006
0.989
0.609
0.807
0.497
0.53
0.099
0.782
0.657
0.719
0.943
0.886
0.458
0.284
0.851
0.488
0.88
0.747
0.248
0.807
0.516
0.497
0.52
0.149
0.393
0.39
0.202
0.535
0.262
0.073
0.997
0.466
0.537
0.527
0.898
0.252
0.988
0.114
0.468
0.25
0.969
0.294
0.684
0.836
0.012
0.19
0.76
0.538
0.582
0.049
0.766
0.738
0.304
0.821
0.024
0.825
0.481
0.51
0.442
0.71
0.804
0.593
0.823
0.136
0.978
0.392
0.34
0.101
0.449
0.294
0.217
0.504
0.415
0.523
0.166
0.152
0.959
0.835
0.892
0.756
0.241
0.062
0.267
0.288
0.802
0.692
0.066
0.78
0.575
0.546
0.324
0.241
0.052
0.884
0.66
0.273
0.666
0.069
0.083
0.96
0.057
0.477
0.072
0.192
0.402
0.592
0.506
0.932
0.356
0.688
0.174
0.461
0.348
0.314
0.207
0.143
0.151
0.011
0.189
0.149
0.393
0.384
0.299
0.909
0.503
0.398
0.236
0.943
0.18
0.078
0.534
0.277
0.843
0.146
0.915
0.765
0.932
0.792
0.305
0.364
0.215
0.079
0.387
0.819
0.688
0.035
0.632
0.892
0.008
0.292
0.273
0.28
0.255
0.482
0.774
0.097
0.209
0.634
0.317
0.143
0.694
0.384
0.305
0.574
0.425
0.983
0.59
0.783
0.861
0.087
0.301
0.446
0.941
0.423
0.32
0.568
0.091
0.569
0.432
0.696
0.05
0.114
0.127
0.023
0.927
0.723
0.806
0.418
0.949
0.619
0.128
0.401
0.073
0.252
0.379
0.229
0.736
0.259
0.85
0.753
0.772
0.585
0.513
0.39
0.229
0.695
0.935
0.295
0.268
0.431
0.432
0.494
0.577
0.254
0.513
0.074
0.389
0.02
0.913
0.651
0.987
0.133
0.287
0.333
0.784
0.986
0.086
0.81
0.386
0.43
0.689
0.026
0.07
0.046
0.271
0.474
0.963
0.806
0.799
0.233
0.976
0.329
0.642
0.08
0.227
0.817
0.522
0.168
0.291
0.146
0.71
0.487
0.271
0.074
0.964
0.02
0.365
0.287
0.639
0.591
0.774
0.448
0.122
0.946
0.898
0.88
0.035
0.048
0.954
0.282
0.283
0.444
0.947
0.008
0.681
0.281
0.083
0.893
0.597
0.973
0.425
0.508
0.55
0.061
0.927
0.178
0.275
0.126
0.885
0.342
0.029
0.653
0.768
0.073
0.764
0.004
0.802
0.009
0.229
0.476
0.701
0.298
0.289
0.039
0.398
0.093
0.427
0.57
0.632
0.369
0.847
0.299
0.256
0.951
0.776
0.424
0.816
0.227
0.521
0.385
0.944
0.802
0.415
0.182
0.924
0.46
0.398
0.819
0.669
0.362
0.2
0.22
0.574
0.077
0.048
0.366
0.73
0.301
0.616
0.488
0.364
0.569
0.298
0.972
0.069
0.18
0.988
0.139
0.242
0.356
0.642
0.97
0.451
0.581
0.072
0.278
0.145
0.495
0.599
0.787
0.971
0.249
0.499
0.654
0.781
0.276
0.636
0.646
0
0.677
0.292
0.988
0.317
0.99
0.766
0.765
0.733
0.995
0.256
0.599
0.319
0.861
0.084
0.13
0.937
0.986
0.924
0.865
0.343
0.969
0.587
0.366
0.331
0.983
0.94
0.596
0.541
0.805
0.65
0.395
0.381
0.998
0.279
0.058
0.845
0.858
0.494
0.89
0.439
0.825
0.35
0.698
0.891
0.941
0.523
0.863
0.206
0.869
0.087
0.887
0.174
0.492
0.449
0.501
0.601
0.41
0.925
0.308
0.288
0.89
0.396
0.02
0.247
0.508
0.954
0.969
0.067
0.254
0.91
0.027
0.766
0.98
0.972
0.236
0.034
0.739
0.591
0.598
0.242
0.48
0.81
0.143
0.456
0.336
0.505
0.07
0.116
0.052
0.165
0.664
0.502
0.839
0.461
0.744
0.713
0.211
0.303
0.585
0.133
0.853
0.974
0.15
0.709
0.967
0.684
0.795
0.817
0.075
0.077
0.653
0.704
0.709
0.477
0.11
0.098
0.178
0.278
0.067
0.766
0.918
0.04
0.293
0.061
0.975
0.641
0.343
0.967
0.062
0.745
0.158
0.414
0.648
0.529
0.699
0.344
0.549
0.896
0.723
0.592
0.878
0.968
0.297
0.023
0.862
0.209
0.474
0.081
0.336
0.827
0.981
0.482
0.268
0.449
0.201
0.826
0.114
0.365
0.3
0.143
0.835
0.777
0.748
0.306
0.988
0.079
0.853
0.402
0.159
0.781
0.536
0.766
0.053
0.6
0.965
0.855
0.983
0.573
0.454
0.16
0.732
0.397
0.697
0.49
0.383
0.43
0.319
0.436
0.674
0.21
0.468
0.913
0.941
0.686
0.82
0.208
0.549
0.634
0.421
0.003
0.836
0.533
0.311
0.001
0.671
0.114
0.508
0.73
0.304
0.81
0.521
0.853
0.032
0.478
0.879
