0.229
0.828
0.445
0.802
0.978
0.853
0.103
0.531
0.634
0.722
0.284
0.833
0.26
0.597
0.805
0.697
0.155
0.422
0.632
0.838
0
0.105
0.736
0.834
0.524
0.765
0.522
0.641
0.482
0.903
0.679
0.25
0.501
0.22
0.463
0.246
0.661
0.619
0.07
0.909
0.523
0.306
0.275
0.702
0.074
0.119
0.297
0.869
0.58
0.29
0.887
0.859
0.286
0.64
0.068
0.428
0.319
0.607
0.977
0.369
0.581
0.943
0.176
0.892
0.82
0.466
0.852
0.932
0.704
0.867
0.211
0.304
0.22
0.079
0.625
0.781
0.922
0.407
0.85
0.607
0.701
0.451
0.862
0.943
0.978
0.257
0.217
0.696
0.972
0.291
0.769
0.369
0.387
0.079
0.69
0.761
0.771
0.445
0.452
0.87
0.214
0.843
0.439
0.684
0.466
0.726
0.817
0.426
0.64
0.572
0.196
0.735
0.432
0.217
0.185
0.261
0.511
0.381
0.068
0.331
0.922
0.155
0.154
0.505
0.228
0.181
0.966
0.108
0.272
0.895
0.927
0.263
0.629
0.95
0.836
0.093
0.795
0.921
0.367
0.589
0.077
0.42
0.999
0.482
0.218
0.724
0.188
0.01
0.601
0.861
0.445
0.806
0.665
0.837
0.869
0.065
0.782
0.812
0.695
0.203
0.266
0.356
0.661
0.89
0.039
0.823
0.099
0.464
0.301
0.407
0.367
0.227
0.536
0.737
0.612
0.712
0.974
0.619
0.714
0.639
0.499
0.417
0.157
0.444
0.559
0.686
0.205
0.435
0.123
0.035
0.357
0.473
0.411
0.922
0.329
0.986
0.935
0
0.056
0.7
0.705
0.76
0.749
0.645
0.178
0.758
0.321
0.204
0.999
0.09
0.844
0.958
0.873
0.976
0.014
0.477
0.447
0.272
0.556
0.468
0.146
0.038
0.977
0.39
0.939
0.593
0.477
0.623
0.695
0.425
0.267
0.954
0.115
0.885
0.311
0.844
0.75
0.892
0.932
0.039
0.893
0.164
0.646
0.889
0.99
0.906
0.539
0.111
0.613
0.17
0.559
0.324
0.418
0.982
0.445
0.75
0.923
0.942
0.865
0.567
0.056
0.358
0.083
0.354
0.871
0.912
0.53
0.784
0.649
0.142
0.588
0.245
0.04
0.936
0.064
0.307
0.989
0.913
0.737
0.797
0.446
0.311
0.893
0.921
0.33
0.005
0.126
0.898
0.661
0.615
0.612
0.87
0.0
0.408
0.017
0.31
0
0.014
0.603
0.764
0.881
0.266
0.014
0.893
0.21
0.971
0.453
0.223
0.735
0.765
0.96
0.658
0.496
0.177
0.617
0.497
0.443
0.224
0.305
0.726
0.282
0.508
0.233
0.64
0.687
0.815
0.35
0.443
0.608
0.303
0.973
0.192
0.194
0.423
0.119
0.909
0.687
0.834
0.613
0.773
0.283
0.51
0.581
0.283
0.88
0.186
0.364
0.494
0.444
0.509
0.914
0.859
0.631
0.302
0.41
0.038
0.192
0.464
0.594
0.696
0.241
0.084
0.806
0.673
0.984
0.238
0.689
0.43
0.089
0.677
0.455
0.639
0.306
0.081
0.169
0.834
0.239
0.148
0.415
0.789
0.798
0.816
0.959
0.021
0.676
0.07
0.104
0.002
0.236
0.241
0.678
0.458
0.546
0.471
0.883
0.176
0.565
0.467
0.231
0.514
0.818
0.376
0.552
0.25
0.741
0.538
0.361
0.508
0.598
0.453
0.377
0.692
0.76
0.851
0.621
0.668
0.308
1.0
0.893
0.617
0.201
0.657
0.492
0.944
0.727
0.385
0.806
0.376
0.435
0.739
0.644
0.132
0.063
0.239
0.732
0.635
0.049
0.914
0.897
0.686
0.278
0.783
0.413
0.62
0.583
0.485
0.681
0.507
0.161
0.177
0.841
0.123
0.452
0.727
0.26
0.159
0.171
0.525
0.398
0.292
0.954
0.868
0.555
0.631
0.667
0.148
0.685
0.325
0.11
0.999
0.175
0.771
0.82
0.517
0.374
0.419
0.756
0.285
0.392
0.004
0.556
0.077
0.935
0.806
0.37
0.881
0.494
0.379
0.943
0.722
0.059
0.953
0.155
0.746
0.185
0.882
0.671
0.8
0.522
0.546
0.042
0.963
0.863
0.787
0.213
0.753
0.793
0.229
0.986
0.725
0.239
0.453
0.998
0.294
0.938
0.989
0.652
0.794
0.51
0.689
0.71
0.478
0.552
0.904
0.173
0.315
0.895
0.403
0.342
0.908
0.532
0.618
0.07
0.66
0.416
0.806
0.575
0.766
0.546
0.326
0.596
0.225
0.909
0.525
0.508
0.383
0.652
0.332
0.5
0.95
0.446
0.355
0.035
0.202
0.571
0.281
0.311
0.452
0.051
0.108
0.262
0.972
0.007
0.627
0.591
0.99
0.178
0.627
0.824
0.144
0.893
0.191
0.407
0.983
0.546
0.175
0.431
0.25
0.746
0.714
0.84
0.117
0.63
0.517
0.361
0.66
0.018
0.952
0.907
0.241
0.845
0.051
0.172
0.287
0.866
0.304
0.603
0.272
0.395
0.63
0.209
0.145
0.389
0.272
0.077
0.047
0.489
0.085
0.976
0.929
0.771
0.211
0.777
0.565
0.804
0.583
0.306
0.827
0.209
0.792
0.016
0.867
0.943
0.49
0.341
0.932
0.637
0.455
0.918
0.195
0.978
0.508
0.651
0.248
0.813
0.158
0.065
0.05
0.639
0.369
0.361
0.555
0.45
0.525
0.518
0.295
0.211
0.012
0.774
0.469
0.23
0.707
0.889
0.412
0.767
0.855
0
0.397
0.984
0.352
0.659
0.624
0.704
0.997
0.192
0.197
0.577
0.712
0.162
0.746
0.384
0.845
0.341
0.755
0.876
0.743
0.013
0.113
0.08
0.938
0.132
0.306
0.073
0.182
0.71
0.99
0.428
0.977
0.336
0.268
0.886
0.412
0.832
0.691
0.861
0.651
0.843
0.231
0.067
0.858
0.281
0.73
0.838
0.643
0.905
0.573
0.336
0.402
0.784
0.249
0.616
0.263
0.151
0.339
0.807
0.005
0.943
0.254
0.849
0.439
0.667
0.411
0.357
0.406
0.412
0.087
0.381
0.342
0.435
0.478
0.19
0.14
0.12
0.862
0.589
0.883
0.011
0.818
0.93
0.412
0.936
0.904
0.806
0.374
0.321
0.194
0.429
0.749
0.255
0.046
0.465
0.065
0.288
0.215
0.639
0.949
0.977
0.684
0.521
0.547
0.939
0.113
0.963
0.769
0.673
0.537
0.598
0.667
0.077
0.543
0.935
0.96
0.67
0.619
0.513
0.266
0.779
0.846
0.35
0
0.204
0.394
0.871
0.43
0.838
0.362
0.943
0.23
0.946
0.405
0.975
0.16
0.556
0.68
0.962
0.842
0.933
0.18
0.75
0.883
0.299
0.483
0.462
0.056
0.297
0.372
0.532
0.222
0.354
0.197
0.669
0.564
0.159
0.123
0.905
0.078
0.412
0.71
0.215
0.598
0.185
0.827
0.938
0.513
0.28
0.708
0.492
0.738
0.851
0.859
0.027
0
0.883
0.752
0.631
0.876
0.78
0.957
0.771
0.323
0.532
0.478
0.081
0.437
0.471
0.409
0.987
0.534
0.799
0.482
0.329
0.459
0.817
0.324
0.156
0.174
0.321
0.004
0.552
0.815
0.678
0.651
0.185
0.152
0.782
0.554
0.585
0.771
0.767
0.401
0.216
0.23
0.672
0.173
0.928
0.123
0.437
0.302
0.892
0.136
0.412
0.594
0.469
0.114
0.752
0.287
0.488
0.744
0.933
0.516
0.223
0.541
0.208
0.096
0.245
0.91
0.766
0.282
0.063
0.189
0.858
0.683
0.491
0.512
0.628
0.937
0.024
0.687
0.821
0.256
0.104
0.503
0.922
0.393
0.697
0.351
0.505
0.604
0.96
0.361
0.27
0.471
0.71
0.25
0.871
0.693
0.766
0.758
0.163
0.792
0.142
0.512
0.77
0.711
0.249
0.236
0.926
0.714
0.25
0.771
0.303
0.133
0.012
0.014
0.338
0.417
0.862
0.063
0.023
0.444
0.497
0.396
0.916
0.991
0.399
0.517
0.676
0.439
0.524
0.596
0.889
0.193
0.796
0.7
0.848
0.924
0.163
0.619
0.422
0.601
0.077
0.762
0.681
0.842
0.004
0.614
0.815
0.091
0.083
0.485
0.098
0.411
0.507
0.532
0.736
0.327
0.533
0.492
0.915
0.191
0.789
0.725
0.736
0.713
0.553
0.436
0.525
0.403
1.0
0.36
