0.842
0.832
0.112
0.757
0.884
0.012
0.263
0.032
0.924
0.287
0.422
0.588
0.068
0.313
0.725
0.808
0.939
0.143
0.282
0.17
0.858
0.539
0.576
0.612
0.103
0.965
0.358
0.18
0.9
0.407
0.742
0.824
0.834
0.348
0.574
0.43
0.553
0.476
0.596
0.216
0.127
0.108
0.466
0.581
0.348
0.489
0.349
0.137
0.999
0.485
0.831
1.0
0.252
0.525
0.527
0.407
0.749
0.335
0.886
0.437
0.857
0.719
0.406
0.648
0.276
0.388
0.764
0.601
0.181
0.225
0.01
0.136
0.438
0.35
0.112
0.877
0.483
0.095
0.898
0.758
0.679
0.18
0.196
0.017
0.302
0.319
0.9
0.609
0.64
0.773
0.209
0.698
0.439
0.653
0.96
0.216
0.321
0.41
0.634
0.413
0.106
0.693
0.383
0.006
0.113
0.709
0.594
0.472
0.118
0.099
0
0.603
0.384
0.009
0.679
0.753
0.992
0.691
0.887
0.068
0.472
0.89
0.271
0.6
0.499
0.357
0.843
0.869
0.639
0.602
0
0.273
0.93
0.885
0.664
0.304
0.903
0.206
0.44
0.3
0.418
0.177
0.16
0.157
0.025
0.285
0.684
0.294
0.658
0.143
0.611
0.081
0.499
0.375
0.211
0.181
0.584
0.351
0.112
0.251
0.15
0.444
0.944
0.333
0.065
0.66
0.125
0
0.993
0.1
0.093
0.281
0.653
0.231
0.219
0.841
0.94
0.809
0.309
0.62
0.879
0.095
0.382
0.687
0.333
0.814
0.783
0.736
0.966
0.623
0.689
0.251
0.604
0.61
0.926
0.106
0.426
0.881
0.04
0.141
0.418
0.333
0.056
0.116
0.43
0.411
0.969
0.543
0.481
0.922
0.539
0.744
0.684
0.98
0.651
0.278
0.886
0.466
0.108
0.047
0.996
0.093
0.539
0.36
0.878
0.597
0.013
0.035
0.069
0.871
0.07
0.662
0.49
0.856
0.38
0.066
0.646
0.651
0.29
0.628
0.329
0.049
0.201
0.89
0.81
0.254
0.538
0.679
0.345
0.523
0.418
0.66
0.097
0.281
0.878
0.49
0.546
0.15
0.099
0.509
0.244
0.775
0.839
0.661
0.945
0.559
0.847
0.22
0.711
0.629
0.332
0.143
0.564
0.469
0.387
0.401
0.576
0.173
0.595
0.934
0.54
0.614
0.322
0.421
0.816
0.729
0.94
0.996
0.641
0.419
0.114
0.313
0.5
0.679
0.525
0.553
0.557
0.174
0.587
0.845
0.375
0.867
0.314
0.737
0.702
0.735
0.882
0.267
0.662
0.745
0.086
0.774
0.384
0.985
0.365
0.455
0.543
0.268
0.277
0.226
0.738
0.628
0.29
0.607
0.356
0.077
0.085
0.127
0.267
0.184
0.148
0.596
0.796
0.029
0.829
0.255
0.834
0.42
0.636
0.122
0.697
0.017
0.548
0.062
0.861
0.717
0.242
0.64
0.445
0.965
0.169
0
0.687
0.045
0.437
0
0.525
0.412
0.768
0.475
0.203
0.994
0.159
0.338
0.254
0.484
0.513
0.726
0.864
0.399
0.745
0.938
0.515
0.861
0.809
0.752
0.004
0.64
0.478
0.635
0.124
0.584
0.583
0.828
0.19
0.196
0.495
0.82
0.329
0.827
0.198
0.597
0.687
0.448
0.667
0.94
0.145
0.075
0.442
0.482
0.026
0.879
0.993
0.648
0.668
0.275
0.5
0.472
0.007
0.659
0.36
0.385
0.982
0.968
0.449
0.291
0.917
0.562
0.886
0.865
0.463
0.524
0.424
0.254
0.644
0.306
0.437
0.918
0.71
0.108
0.561
0.212
0.218
0.495
0.841
0.682
0.059
0.777
0.455
0.378
0.729
0
0.698
0.818
0.975
0.064
0.691
0.795
0.333
0.428
0.21
0.757
0.92
0.082
0.163
0.338
0.145
0.014
0.373
0.293
0.506
0.333
0.24
0.554
0.014
0.286
0.09
0.465
0.758
0.875
0.288
0.102
0.703
0.904
0.945
0.551
0.539
0.555
0.695
0.854
0.07
0.096
0.504
0.317
0.491
0.103
0.315
0.339
0.59
0.055
0.725
0.361
0.072
0.75
0.664
0.936
0.673
0.449
0.861
0.294
0.765
0.973
0.736
0.511
0.522
0.445
0.207
0.838
0.038
0.043
0.572
0.09
0.073
0.043
0.391
0.937
0.632
0.837
0.599
0.973
0.302
0.33
0.484
0.633
0.614
0.317
0.994
0.614
0.461
0.618
0.442
0.038
0.185
0.849
0.913
0.365
0.98
0.683
0.516
0.733
0.531
0.276
0.095
0.872
0.773
0.201
0.514
0.13
0.587
0.74
0.553
0.534
0.242
0.329
0.305
0.56
0.812
0.84
0.25
0.783
0.472
0.516
0.824
0.336
0.344
0.722
0.976
0.321
0.941
0.877
0.062
0.21
0.076
0.392
0.54
0.166
0.721
0.04
0.287
0.546
0.825
0.849
0.538
0.874
0.822
0.266
0.598
0.554
0.098
0.804
0.346
0.166
0.411
0.065
0.857
0.083
0.748
0.176
0.023
0.489
0.596
0.854
0.429
0.194
0.494
0.883
0.3
0.652
0.029
0.946
0.13
0.558
0.263
0.697
0.426
0.026
0.313
0.384
0.538
0.781
0.078
0.497
0.925
0.165
0.946
0.76
0.262
0.832
0.155
0.314
0.961
0.65
0.665
0.876
0.441
0.879
0.462
0.566
0.981
0.864
0.012
0.579
0.809
0.144
0.994
0.104
0.183
0.231
0.921
0.512
0.356
0.027
0.755
0.878
0.975
0.149
0.593
0.042
0.732
0.244
0.903
0.856
0
0.211
0.992
0.94
0.879
0.984
0.004
0.307
0.163
0.475
0.784
0.265
0.127
0.673
0.801
0.225
0.875
0.844
0.734
0.461
0.05
0.66
0.431
0.565
0.412
0.188
0.325
0.463
0.681
0.879
0.455
0.023
0.211
0.628
0.743
0.052
0.704
0.149
0.888
0.45
0.688
0.983
0.01
0.928
0.086
0.592
0.318
0.834
0.779
0.05
0.33
0.037
0.242
0.836
0
0.655
0.493
0.128
0.903
0.239
0.41
0.566
0.159
0.993
0.906
0.357
0.188
0
0.83
0.674
0.905
0.798
0.059
0.313
0.965
0.369
0.373
0.447
0.589
0.893
0.815
0.833
0.251
0.049
0.685
0.898
0.449
0.607
0.594
0.392
0.653
0.857
0.332
0.347
0.495
0.338
0.037
0.74
0.735
0.804
0.69
0.165
0.42
0.714
0.38
0.497
0.435
0.402
0.035
0.467
0.011
0.499
0.136
0.752
0.398
0.523
0.149
0.339
0.07
0.96
0.892
0.457
0.235
0.514
0.593
0.121
0.975
0.887
0.379
0.764
0.48
0.881
0.927
0.193
0.84
0.085
0.669
0.35
0.755
0.989
0.509
0.025
0.085
0.277
0.998
0.461
0.366
0.82
0.137
0.953
0.92
0.417
0.858
0.955
0.08
0.935
0.982
0.559
0.299
0.717
0.19
0.687
0.183
0.716
0.032
0.901
0.061
0.042
0.891
0.913
0.718
0.663
0.227
0.966
0.921
0.036
0.075
0.232
0.346
0.804
0.22
0.095
0.371
0.008
0.383
0.65
0.574
0.015
0.246
0.162
0.505
0.434
0.317
0.356
0.589
0.193
0.78
0.638
0.928
0.492
0.539
0.045
0.867
0.117
0.789
0.204
0.443
0.665
0.893
0.546
0.01
0.736
0.585
0.234
0.555
0.947
0.314
0.007
0.029
0.798
0.802
0.503
0.287
0.491
0.617
0.638
0.354
0.895
0.615
0.784
0.902
0.256
0.043
0.846
0.321
0.191
0.379
0.11
0.23
0.913
0.188
0.09
0.22
0.508
0.19
0.303
0.098
0.357
0.346
0.486
0.855
0.805
0.99
0.827
0.254
0.18
0.79
0.133
0.624
0.671
0.698
0.599
0.043
0.08
0.319
0.583
0.138
0.767
0.932
0.032
0.648
0.18
0.764
0.648
0.957
0.309
0.687
0.68
0.937
0.394
0.723
0.414
0.624
0.616
0.709
0.501
0.536
0.272
0.679
0.372
0.063
0.449
0.145
0.904
0.234
0.902
0.699
0.839
0.202
0.21
0.656
0.67
0.222
0.332
0.931
0.653
0.383
0.756
0.065
0.066
0.656
0.744
0.36
0.941
0.99
0.578
0.776
0.878
0.615
0.498
0.373
0.361
0.401
0.461
0.836
0.843
0.83
0.283
0.033
0.153
0.918
0.171
0.257
0.976
0.578
0.249
0.65
0.748
