0.936
0.269
0.703
0.492
0.615
0.769
0.662
0.319
0.703
0.029
0.232
0.418
0.83
0.862
0.435
0.225
0.084
0.235
0.355
0.277
0.576
0.494
0.554
0.266
0.055
0.319
0.944
0.62
0.38
0.638
0.912
0.074
0.466
0.574
0.102
0.337
0.153
0.952
0.62
0.305
0.907
0.152
0.684
0.811
0.27
0.215
0.699
0.993
0.218
0.559
0.872
0.443
0.654
0.78
0.963
0.849
0.295
0.976
0.612
0.311
0.515
0.682
0.016
0.661
0.461
0.424
0.214
0.065
0.863
0.526
0.818
0.142
0.55
0.578
0.629
0.386
0.909
0.285
0.663
0.706
0.924
0.449
0.295
0.018
0.627
0.97
0.845
0.175
0.536
0.629
0.665
0.05
0.286
0.299
0.342
0.798
0.456
0.356
0.096
0.846
0.132
0.035
0.549
0.642
0.314
0.471
0.035
0.698
0.988
0.255
0.249
0.136
0.521
0.236
0.967
0.22
0.891
0.325
0.554
0.807
0.307
0.904
0.04
0.413
0.735
0.247
0.92
0.335
0.674
0.105
0.608
0.474
0.76
0.349
0.79
0.922
0.823
0.321
0.7
0.081
0.7
0.626
0.898
0.523
0.883
0.757
0.328
0.082
0.349
0.659
0.948
0.396
0.436
0.127
0.058
0.872
0.003
0.297
0.988
0.564
0.572
0.772
0.268
0.945
0.391
0.116
0.733
0.885
0.489
0.778
0.761
0.058
0.827
0.109
0.243
0.529
0.179
0.763
0.487
0.874
0.669
0.796
0.685
0.495
0.969
0.567
0.323
0.346
0.816
0.394
0.076
0.233
0.077
0.295
0.894
0.655
0.007
0.455
0.086
0.416
0.073
0.849
0.428
0.591
0.527
0.822
0.01
0.982
0.162
0.151
0.591
0.885
0.704
0.038
0.602
0.171
0.672
0.554
0.917
0.962
0.315
0.631
0.733
0.431
0.305
0.616
0.55
0.61
0.767
0.364
0.756
0.625
0.17
0.415
0.378
0.745
0.574
0.278
0.468
0.019
0.325
0.353
0.151
0.502
0.286
0.252
0.248
0.47
0.719
0.318
0.396
0.493
0.967
0.343
0.801
0.931
0.233
0.343
0.544
0.787
0.315
0.395
0.072
0.558
0.678
0.865
0.612
0.728
0.431
0.806
0.762
0.555
0.351
0.623
0.949
0.664
0.128
0.526
0.078
0.125
0.582
0.324
0.72
0.956
0.231
0.242
0.809
0.701
0.523
0.989
0.795
0.438
0.659
0.581
0.167
0.878
0.472
0.904
0.906
0.757
0.311
0.231
0.344
0.289
0.604
0.748
0.913
0.964
0.781
0.473
0.727
0.53
0.696
0.916
0.19
0.834
0.799
0.654
0.081
0.045
0.272
0.393
0.986
0.795
0.67
0.968
0.175
0.498
0.555
0.891
0.239
0.629
0.785
0.28
0.937
0.03
0.444
0.976
0.32
0.871
0.563
0.965
0.401
0.581
0.145
0.533
0.445
0.653
0.805
0.301
0.511
0.474
0.317
0.316
0.491
0.881
0.493
0.537
0.01
0.276
0.195
0.387
0.502
0.733
0.558
0.01
0.884
0.212
0.921
0.709
0.085
0.868
0.254
0.456
0.329
0.306
0.083
0.278
0.125
0.176
0.936
0.093
0.087
0.609
1.0
0.675
0.579
0.11
0.87
0.323
0.419
0.505
0.829
0.413
0.114
0.003
0.121
0.148
0.961
0.7
0.303
0.841
0.663
0.728
0.521
0.742
0.181
0.744
0.082
0.107
0.164
0.282
0.351
0.234
0.493
0.361
0.038
0.328
0.028
0.779
0.88
0.594
0.18
0.848
0.248
0.652
0.953
0.388
0.368
0.433
0.043
0.775
0.075
0.199
0.791
0.265
0.984
0.62
0.422
0.713
0.441
0.81
0.878
0.972
0.331
0.358
0.278
0.661
0.529
0.551
0.297
0.331
0.558
0.18
0.851
0.181
0.421
0.155
0.759
0.737
0.148
0.169
0.471
0.61
0.597
0.381
0.078
0.841
0.902
0.411
0.81
0.337
0.576
0.821
0.615
0.886
0.903
0.05
0.968
0.56
0.561
0.506
0.488
0.059
0.565
0.891
0.007
0.853
0.261
0.488
0.183
0.846
0.359
0.95
0.395
0.43
0.644
0.06
0.99
0.486
0.146
0.613
0.643
0.592
0.231
0.253
0.952
0.585
0.47
0.694
0.462
0.798
0.692
0.796
0.491
0.109
0.188
0.548
0.051
0.391
0.795
0.808
0.169
0.309
0.503
0.206
0.14
0.0
0.257
0.025
0.808
0.266
0.982
0.177
0.982
0.239
0.564
0.034
0.675
0.346
0.891
0.737
0.894
0.397
0.154
0.762
0.983
0.293
0.755
0.705
0.247
0.096
0.854
0.684
0.302
0.081
0.225
0.13
0.47
0.437
0.813
0.02
0.503
0.107
0.802
0.074
0.687
0.682
0.403
0.805
0.492
0.953
0.555
0.881
0.638
0.305
0.115
0.723
0.263
0.841
0.116
0.223
0.381
0.763
0.955
0.734
0.928
0.136
0.986
0.174
0.845
0.755
0.099
0.684
0.248
0.107
0.608
0.994
0.728
0.203
0.302
0.755
0.44
0.369
0.623
0.922
0.316
0.808
0.805
0.074
0.14
0.284
0.88
0.055
0.249
0.297
0.898
0.002
0.224
0.97
0.658
0.833
0.159
0.112
0.412
0.16
0.773
0.65
0.418
0.17
0.077
0.05
0.964
0.922
0.001
0.914
0.731
0.823
0.04
0.956
0.106
0.405
0.047
0.585
0.999
0.408
0.205
0.757
0.347
0.942
0.968
0.724
0.039
0.861
0.435
0.343
0.803
0.413
0.668
0.532
0.83
0.231
0.982
0.068
0.771
0.428
0.202
0.722
0.249
0.019
0.907
0.988
0.941
0.456
0.51
0.352
0.81
0.071
0.948
0.239
0.078
0.321
0.336
0.726
0.533
0.473
0.525
0.26
0.732
0.261
0.465
0.961
0.671
0.359
0.932
0.814
0.223
0.426
0.087
0.437
0.517
0.524
0.902
0.748
0.012
0.307
0.17
0.161
0.371
0.154
0.926
0.445
0.477
0.581
0.105
0.048
0.151
0.193
0.062
0.318
0.17
0.782
0.174
0.997
0.258
0.153
0.795
0.662
0.977
0.081
0.782
0.966
0.641
0.704
0.132
0.878
0.116
0.624
0.666
0.172
0.001
0.29
0.552
0.778
0.423
0.401
0.27
0.522
0.067
0.16
0.517
0.309
0.393
0.931
0.182
0.889
0.906
0.862
0.598
0.015
0.659
0.301
0.333
0.744
0.566
0.781
0.665
0.921
0.095
0.014
0.438
0.294
0.115
0.959
0.551
0.45
0.945
0.673
0.246
1.0
0.081
0.103
0.832
0.361
0.134
0.895
0.268
0.816
0.117
0.087
0.355
0.029
0.568
0.134
0.085
0.875
0.08
0.73
0.246
0.506
0.198
0.519
0.458
0.668
0.83
0.455
0.511
0.938
0.294
0.218
0.377
0.285
0.52
0.442
0.82
0.095
0.904
0.239
0.512
0.343
0.017
0.325
0.22
0.36
0.066
0.116
0.137
0.278
0.94
0.068
0.276
0.353
0.128
0.612
0.7
0.149
0.865
0.821
0.526
0.123
0.833
0.758
0.348
0.312
0.54
0.947
0.792
0.985
0.574
0.031
0.788
0.555
0.869
0.541
0.487
0.614
0.384
0.762
0.873
0.488
0.119
0.439
0.66
0.506
0.821
0.54
0.939
0.782
0.837
0.484
0.334
0.075
0.765
0.238
0.39
0.332
0.777
0.629
0.74
0.517
0.158
0.684
0.4
0.002
0.6
0.275
0.055
0.593
0.379
0.901
0.891
0.169
0.274
0.553
0.269
0.355
0.026
0.713
0.989
0.566
0.759
0.762
0.075
0.624
0.004
0.799
0.671
0.461
0.161
0.977
0.408
0.932
0.564
0.699
0.662
0.699
0.224
0.611
0.611
0.263
0.873
0.473
0.958
0.32
0.279
0.643
0.372
0.713
0.198
0.613
0.468
0.084
0.007
0.833
0.932
0.847
0.965
0.939
0.941
0.242
0.137
0.307
0.654
0.971
0.935
0.624
0.378
0.598
0.199
0.624
0.854
0.205
0.181
0.543
0.494
0.62
0.659
0.263
0.674
0.681
0.013
0.563
0.419
0.247
0.23
0.094
0.912
0.664
0.419
0.744
0.618
0.133
0.289
0.29
0.788
0.049
0.45
0.866
0.321
0.585
0.319
0.364
0.414
0.053
0.331
0.086
0.812
0.009
0.733
0.761
0.812
0.533
0.131
0.705
0.324
0.59
0.762
0.883
0.565
0.841
