0.472
0.027
0.588
0.259
0.832
0.802
0.975
0.388
0.873
0.016
0.548
0.476
0.616
0.445
0.174
0.04
0.299
0.169
0.7
0.677
0.947
0.234
0.472
0.679
0.022
0.133
0.524
0.738
0.724
0.144
0.011
0.769
0.011
0.591
0.08
0.489
0.855
0.791
0.711
0.191
0.994
0.542
0.986
0.015
0.881
0.971
0.748
0.225
0.784
0.943
0.547
0.774
0.316
0.597
0.861
0.016
0.875
0.037
0.334
0.074
0.208
0.388
0.886
0.278
0.144
0.551
0.294
0.953
0.34
0.411
0.515
0.642
0.899
0.216
0.205
0.775
0.108
0.696
0.208
0.031
0.309
0.133
0.772
0.743
0.534
0.629
0.353
0.452
0.16
0.94
0.935
0.554
0.648
0.386
0.893
0.411
0.822
0.348
0.634
0.032
0.65
0.14
0.136
0.034
0.805
0.931
0.129
0.831
0.895
0.236
0.246
0.592
0.127
0.209
0.45
0.401
0.255
0.314
0.905
0.74
0.051
0.959
0.184
0.277
0.675
0.232
0.324
0.287
0.294
0.852
0.72
0.819
0.328
0.971
0.733
0.727
0.986
0.875
0.962
0.602
0.777
0.479
0.705
0.929
0.564
0.84
0.549
0.996
0.901
0.529
0.694
0.164
0.539
0.388
0.01
0.866
0.276
0.5
0.317
0.061
0.289
0.619
0.077
0.428
0.132
0.695
0.013
0.461
0.378
0.888
0.149
0.468
0.743
0.322
0.797
0.43
0.104
0.666
0.486
0.17
0.504
0.708
0.807
0.332
0.738
0.547
0.502
0.514
0.449
0.483
0.045
0.159
0.42
0.495
0.61
0.525
0.439
0.139
0.948
0.342
0.666
0.76
0.129
0.824
0.348
0.131
0.005
0.455
0.154
0.241
0.526
0.903
0.576
0.688
0.727
0.708
0.64
0.359
0.313
0.35
0.88
0.467
0.182
0.077
0.008
0.497
0.55
0.815
0.558
0.436
0.904
0.796
0.395
0.19
0.012
0.432
0.016
0.667
0.288
0.117
0.985
0.237
0.412
0.211
0.063
0.322
0.742
0.628
0.29
0.021
0.402
0.46
0.948
0.702
0.992
0.806
0.282
0.438
0.856
0.82
0.809
0.546
0.622
0.745
0.029
0.637
0.367
0.585
0.715
0.822
0.267
0.859
0.778
0.298
0.673
0.044
0.851
0.772
0.235
0.327
0.37
0.536
0.411
0.892
0.085
0.725
0.379
0.992
0.199
0.176
0.878
0.143
0.718
0.968
0.826
0.789
0.416
0.541
0.752
0.261
0.537
0.49
0.113
0.718
0.242
0.537
0.562
0.419
0.11
0.316
0.338
0.729
0.367
0.137
0.695
0.307
0.281
0.787
0.763
0.905
0.999
0.051
0.68
0.829
0.619
0.355
0.756
0.714
0.293
0.852
0.202
0.453
0.934
0.903
0.447
0.494
0.055
0.524
0.347
0.281
0.803
0.871
0.828
0.269
0.269
0.235
0.225
0.861
0.686
0.451
0.047
0.677
0.1
0.144
0.948
0.089
0.669
0.856
0.884
0.778
0.904
0.997
0.696
0.34
0.071
0.657
0.526
0.005
0.752
0.509
0.057
0.757
0.977
0.256
0.66
0.803
0.122
0.869
0.945
0.106
0.422
0.102
0.561
0.761
0.82
0.248
0.101
0.59
0.954
0.342
0.355
0.247
0.114
0.932
0.355
0.631
0.192
0.826
0.974
0.423
0.448
0.226
0.459
0.309
0.36
0.07
0.787
0.33
0.325
0.438
0.436
0.968
0.655
0.097
0.322
0.196
0.606
0.024
0.689
0.338
0.252
0.785
0.588
0.473
0.615
0.801
0.0
0.768
0.166
0.159
0.282
0.158
0.674
0.99
0.213
0.403
0.091
0.427
0.455
0.34
0.41
0.257
0.889
0.342
0.245
0.397
0.625
0.258
0.233
0.281
0.416
0.832
0.088
0.799
0.208
0.348
0.582
0.071
0.721
0.31
0.85
0.799
0.845
0.142
0.16
0.704
0.541
0.936
0.481
0.144
0.255
0.193
0.696
0.324
0.612
0.16
0.827
0.671
0.844
0.245
0.113
0.086
0.148
0.15
0.27
0.626
0.856
0.14
0.665
0.508
0.237
0.117
0.729
0.797
0.53
0.966
0.42
0.434
0.734
0.45
0.848
0.804
0.287
0.415
0.935
0.643
0.893
0.951
0.918
0.673
0.696
0.389
0.983
0.547
0.52
0.805
0.575
0.906
0.17
0.073
0.456
0.833
0.26
0.259
0.758
0.49
0.052
0.452
0.331
0.313
0.955
0.566
0.056
0.951
0.006
0.62
0.474
0.217
0.964
0.385
0.813
0.19
0.354
0.31
0.323
0.665
0.605
0.227
0.67
0.126
0.725
0.291
0.49
0.732
0.869
0.668
0.344
0.818
0.995
0.829
0.882
0.405
0.309
0.573
0.113
0.401
0.441
0.44
0.895
0.275
0.039
0.823
0.35
0.773
0.697
1.0
0.896
0.969
0.692
0.805
0.332
0.53
0.415
0.882
0.331
0.988
0.022
0.553
0.861
0.867
0.406
0.799
0.902
0.88
0.292
0.245
0.425
0.6
0.091
0.819
0.066
0.334
0.829
0.384
0.937
0.772
0.955
0.834
0.122
0.567
0.22
0.329
0.8
0.693
0.806
0.452
0.299
0.452
0.211
0.997
0.064
0.092
0.984
0.922
0.503
0.442
0.95
0.154
0.816
0.497
0.897
0.163
0.013
0.7
0.619
0.342
0.12
0.882
0.585
0.745
0.106
0.84
0.758
0.367
0.716
0.531
0.651
0.299
0.108
0.396
0.758
0.37
0.878
0.636
0.961
0.247
0.499
0.89
0.731
0.134
0.685
0.431
0.754
0.512
0.202
0.179
0.356
0.22
0.468
0.498
0.517
0.093
0.894
0.008
0.676
0.216
0.931
0.911
0.929
0.488
0.826
0.26
0.569
0.172
0.152
0.797
0.41
0.13
0.201
0.169
0.209
0.71
0.841
0.455
0.329
0.096
0.773
0.173
0.855
0.862
0.099
0.095
0.284
0.846
0.557
0.111
0.912
0.423
0.637
0.999
0.296
0.411
0.082
0.433
0.254
0.575
0.198
0.965
0.02
0.233
0.603
0.966
0.984
0.003
0.834
0.373
0.789
0.864
0.513
0.37
0.046
0.927
0.397
0.132
1.0
0.925
0.232
0.867
0.386
0.353
0.877
0.864
0.871
0.244
0.142
0.281
0.967
0.712
0.467
0.101
0.513
0.18
0.028
0.192
0.019
0.348
0.158
0.265
0.028
0.944
0.143
0.42
0.169
0.336
0.602
0.941
0.752
0.099
0.169
0.132
0.814
0.488
0.43
0.742
0.166
0.088
0.56
0.691
0.844
0.569
0.477
0.095
0.64
0.056
0.766
0.576
0.898
0.496
0.198
0.335
0.67
0.567
0.308
0.448
0.511
0.623
0.992
0.189
0.133
0.495
0.111
0.004
0.429
0.774
0.963
0.933
0.02
0.812
0.279
0.471
0.483
0.517
0.959
0.271
0.238
0.219
0.598
0.65
0.999
0.775
0.062
0.731
0.272
0.423
0.958
0.369
0.58
0.015
0.844
0.313
0.829
0.409
0.389
0.805
0.626
0.974
0.806
0.389
0.903
0.098
0.806
0.653
0.725
0.584
0.302
0.814
0.813
0.536
0.334
0.442
0.656
0.971
0.967
0.251
0.249
0.302
0.628
0.958
0.425
0.637
0.983
0.729
0.178
0.211
0.461
0.811
0.056
0.93
0.503
0.42
0.161
0.807
0.96
0.775
0.756
0.236
0.92
0.228
0.811
0.934
0.031
0.959
0.449
0.846
0.199
0.526
0.767
0.657
0.697
0.732
0.588
0.122
0.673
0.113
0.28
0.871
0.145
0.463
0.29
0.869
0.535
0.83
0.505
0.382
0.638
0.481
0.647
0.743
0.866
0.977
0.621
0.22
0.445
0.016
0.531
0.327
0.586
0.762
0.77
0.231
0.424
0.997
0.662
0.368
0.287
0.644
0.9
0.97
0.278
0.854
0.619
0.12
0.099
0.755
0.373
0.164
0.74
0.772
0.726
0.423
0.125
0.521
0.798
0.002
0.802
0.052
0.352
0.216
0.608
0.757
0.698
0.162
0.445
0.783
0.485
0.302
0.478
0.35
0.737
0.357
0.972
0.804
0.24
0.666
0.921
0.482
0.11
0.945
0.463
0.04
0.476
0.124
0.781
0.251
0.415
0.404
0.673
0.488
0.755
0.136
0.611
0.572
0.41
0.283
0.263
0.467
0.762
0.942
0.363
0.121
0.421
0.217
0.394
0.434
0.648
0.063
0.469
0.754
0.521
0.148
