0.853
0.593
0.377
0.488
0.613
0.964
0.653
0.404
0.829
0.686
0.487
0.625
0.297
0.067
0.26
0.995
0.601
0.018
0.932
0.486
0.874
0.038
0.465
0.251
0.498
0.029
0.396
0.663
0.3
0.026
0.926
0
0.492
0.044
0.4
0.773
0.463
0.319
0.336
0.388
0.458
0.23
0.096
0.58
0.538
0
0.132
0.267
0.135
0.377
0.45
0.748
0.023
0.324
0.928
0.177
0.508
0.246
0.196
0.123
0.666
0.701
0.055
0.539
0.908
0.933
0.89
0.902
0.837
0.961
0.892
0.11
0.986
0.995
0.779
0.631
0.244
0.009
0.53
0.179
0.499
0.337
0.782
0.103
0.804
0.193
0.734
0.103
0.864
0.293
0.33
0.572
0.519
0.987
0.226
0.662
0.768
0.513
0.598
0.317
0.666
0.43
0.671
0.288
0.081
0.249
0.711
0.009
0.275
0.381
0.698
0.993
0.996
0.681
0.374
0.032
0.677
0.244
0.659
0.351
0.892
0.84
0.242
0.082
0.764
0
0.428
0.342
0.153
0.819
0.338
0.103
0.492
0.823
0.317
0.504
0.736
0.606
0.475
0.341
0.626
0.626
0.397
0.505
0.682
0.362
0.402
0.975
0.1
0.313
0.088
0.098
0.71
0.564
0.811
0.216
0.559
0.114
0.23
0.159
0.126
0.025
0.334
0.47
0.914
0.513
0.24
0.87
0.352
0.182
0.975
0.004
0.382
0.176
0.746
0.569
0.427
0.293
0.757
0.075
0.411
0.493
0.945
0.501
0.76
0.748
0.291
0.65
0.504
0.824
0.645
0.775
0.948
0.264
0.387
0.271
0.882
0.1
0.66
0.716
0.205
0.45
0.748
0.643
0.64
0.621
0.802
0.065
0.965
0.842
0.737
0.405
0.657
0.435
0.408
0.118
0.867
0.226
0.166
0.741
0.63
0.679
0.909
0.256
0.374
0.904
0.927
0.16
0.204
0.966
0.539
0.625
0.208
0.03
0.25
0.605
0.433
0.767
0.229
0.908
0.12
0.678
0.338
0.954
0.243
0.86
0.201
0.709
0.328
0.276
0.403
0.971
0.431
0.723
0.115
0.646
0.266
0.535
0.361
0.834
0.986
0.566
0.195
0.017
0
0.552
0.956
0.043
0.686
0.282
0.419
0.763
0.872
0.166
0.944
0.909
0.48
0.269
0.782
0.749
0.782
0.632
0.342
0.938
0.315
0.881
0.882
0.404
0.257
0.983
0.284
0.336
0.231
0.273
0.9
0.938
0.394
0.601
0.991
0.963
0.185
0.492
0.964
0.298
0.521
0.297
0.772
0.206
0.415
0.165
0.929
0.725
0.077
0.375
0.6
0.961
0.872
0.087
0.399
0.839
0.671
0.485
0.544
0.406
0.927
0.916
0.287
0.123
0.844
0.171
0.477
0.61
0.599
0.324
0.416
0.337
0.544
0.574
0.348
0.209
0.697
0.399
0.928
0.908
0.265
0.203
0.471
0.474
0.656
0.924
0.014
0.572
0.554
0.177
0.505
0.29
0.016
0.917
0.62
0.999
0.268
0.281
0.335
0.599
0.782
0.793
0.547
0.078
0.787
0.984
0.268
0.147
0.842
0.275
0.606
0.649
0.339
0.41
0.893
0.433
0.652
0.861
0.132
0.157
0.177
0.532
0.226
0.614
0.736
0.504
0.93
0.197
0.265
0.234
0.166
0.298
0.203
0.501
0.151
0.896
0.639
0.51
0.004
0.916
0.177
0.49
0.743
0.625
0.236
0.519
0.315
0.897
0.394
0.962
0.503
0.912
0.18
0.558
0.177
0.155
0.61
0.591
0.07
0
0.278
0.711
0.37
0.157
0.123
0.427
0.779
0.842
0.966
0.393
0.916
0.223
0.483
0.42
0.31
0.844
0.251
0.712
0.623
0.191
0.521
0.237
0.07
0.05
0.931
0.323
0.913
0.316
0.186
0.489
0.687
0
0.074
0.3
0.953
0.935
0.408
0.795
0.276
0.289
0.985
0.756
0.726
0.483
0.158
0.564
0.437
0.087
0.967
0.083
0.387
0.446
0.779
0.22
0.101
0
0.1
0.047
0.801
0.685
0.841
0.267
0.177
0.264
0.554
0.53
0.678
0.443
0.726
0.08
0
0.256
0.463
0.809
0.171
0.101
0.726
0.48
0.671
0.854
0.173
0.305
0.259
0.462
0.663
0.323
0.571
0.363
0.811
0.733
0.688
0.478
0.873
0.951
0.858
0.173
0.587
0.698
0.631
0.908
0.615
0.53
0.664
0.584
0.022
0.649
0.189
0.372
0.618
0.286
0.341
0.004
0.797
0.849
0.119
0.268
0.504
0.043
0.768
0.449
0.313
0.409
0.307
0.692
0.86
0.092
0.681
0.14
0.257
0.653
0.979
0.073
0.249
0.783
0.671
0.012
0.504
0.611
0.785
0.045
0.256
0.772
0.744
0.028
0.926
0.625
0.974
0.797
0.664
0.683
0.172
0.036
0.562
0.274
0.395
0.4
0.501
0.435
0.649
0.039
0.183
0.835
0.109
0.692
0.581
0.416
0.334
0.138
0.849
0.252
0.614
0.389
0.973
0.153
0.169
0.505
0.317
0.06
0.495
0.249
0.55
0.925
0.612
0.169
0.67
0.725
0.88
0.631
0.471
0.044
0.359
0.217
0.888
0.116
0.303
0.571
0.089
0.334
0.773
0.367
0.503
0.824
0.475
0.811
0.056
0.158
0.914
0.02
0.314
0.455
0.802
0.058
0.636
0.618
0.187
0.815
0.609
0.151
0.036
0.693
0.946
0.927
0.739
0.806
0.978
0.699
0.848
0.497
0.5
0.288
0.874
0.713
0.097
0.936
0.737
0.036
0.613
0.279
0.145
0.597
0.006
0.594
0.597
0.467
0.875
0.121
0.138
0.728
0.77
0.062
0.096
0.328
0.243
0.943
0.288
0.622
0.069
0.147
0.115
0.787
0.832
0.006
0.134
0.892
0.718
0.039
0.678
0.85
0.482
0.526
0.858
0.788
0.544
0.545
0.26
0.795
0.89
0.818
0.257
0.446
0.488
0.742
0.356
0.864
0.164
0.378
0.01
0.927
0.19
0.072
0.866
0.818
0.458
0.526
0.508
0.156
0.743
0.476
0.32
0.192
0.458
0.218
0.667
0.253
0.318
0.436
0.546
0.462
0.022
0.172
0
0.021
0.519
0.092
0.156
0.309
0.657
0.022
0.259
0.37
0.132
0.755
0.704
0.035
0.224
0.076
0.337
0.835
0.44
0.93
0.715
0.801
0.399
0.255
0.661
0.797
0.282
0.258
0.764
0.193
0.1
0.901
0.655
0.894
0.129
0.843
0.152
0.677
0.278
0.113
0.19
0.061
0.642
0.924
0.352
0.688
0.319
0.658
0.972
0.247
0.324
0.018
0.451
0.995
0.858
0.743
0.114
0.494
0.277
0.3
0.426
0.462
0.772
0.505
0.849
0.883
0.935
0.65
0.43
0.328
0.11
0.84
0.104
0.975
0.698
0.339
0.503
0.004
0.104
0.974
0.401
0.899
0.857
0.996
0.544
0.41
0.191
0.3
0.805
0.315
0.356
0.324
0.394
0.878
0.445
0.094
0.98
0.918
0.749
0.681
0.65
0.22
0.011
0.049
0.907
0.557
0.573
0.272
0.932
0.076
0.905
0.076
0.234
0.363
0.726
0.088
0.033
0.154
0.085
0.131
0.509
0.86
0.256
0.054
0.569
0.913
0.863
0.361
0.675
0.441
0.824
0.895
0.166
0.448
0.003
0.909
0.095
0.974
0.964
0.63
0.736
0.366
0.05
0.315
0.005
0.431
0.676
0.322
0.136
0.726
0.536
0.631
0.036
0.875
0.252
0.9
0.587
0.546
0.648
0.033
0.708
0.15
0.337
0.699
0.293
0.39
0.528
0.46
0.678
0.842
0.504
0.01
0.775
0.573
0.431
0.942
0.963
0.616
0.599
0.541
0.377
0.658
0.317
0.186
0.756
0.859
0.74
0.289
0.529
0.457
0.974
0.79
0.564
0.519
0.107
0.439
0.935
0.051
0.98
0.685
0.568
0.754
0.913
0.43
0.363
0.023
0.841
0.75
0.375
0.29
0.499
0.483
0.421
0.449
0.864
0.092
0.394
0.882
0.078
0.055
0.851
0.787
0.182
0.502
0.401
0.53
0.422
0.516
0.07
0.398
0.67
0.418
0.315
0.126
0.199
0.371
0.134
0.049
0.613
0.611
0.056
0.986
0.357
0.578
0.613
0.154
0.441
0.083
0.493
0.596
0.297
0.558
0.424
0.703
0.234
0.793
0.807
0.556
0.441
0.872
0.66
0.261
0.971
0.781
0.444
0.257
