0.593
0.486
0.081
0.889
0.359
0.778
0.747
0.132
0.293
0.551
0.826
0.471
0.401
0.681
0.176
0.897
0.75
0.682
0.795
0.103
0.998
0.902
0.585
0.48
0.62
0.447
0.3
0.184
0.286
0.205
0.689
0.851
0.483
0.229
0.338
0.416
0.344
0.039
0.409
0.478
0.752
0.894
0.391
0.305
0.862
0.214
0.65
0.845
0.27
0.852
0.964
0.016
0.016
0.54
0.653
0.12
0.457
0.204
0.535
0.042
0.613
0.432
0.156
0.638
0.852
0.725
0.778
0.552
0.542
0.026
0.51
0.574
0.773
0.575
0.102
0.82
0.851
0.402
1.0
0.203
0.547
0.195
0.18
0.808
0.394
0.602
0.007
0.326
0.514
0.179
0.734
0.855
0.407
0.571
0.185
0.608
0.327
0.059
0.099
0.924
0.975
0.173
0.88
0.472
0.989
0.563
0.927
0.703
0.857
0.267
0.812
0.465
0.512
0.773
0.184
0.635
0.434
0.391
0.474
0.09
0.098
0.629
0.037
0.498
0.207
0.103
0.8
0.548
0.987
0.425
0.873
0.802
0.393
0.236
0.22
0.775
0.298
0.829
0.13
0.626
0.048
0.53
0.185
0.3
0.144
0.591
0.686
0.609
0.149
0.327
0.06
0.845
0.264
0.289
0.624
0.922
0.345
0.186
0.561
0.121
0.579
0.75
0.735
0.583
0.715
0.362
0.566
0.706
0.589
0.27
0.822
0.579
0.433
0.578
0.916
0.207
0.648
0.928
0.53
0.892
0.002
0.291
0.824
0.038
0.743
0.101
0.051
0.172
0.536
0.053
0.859
0.486
0.767
0.222
0.224
0.935
0.63
0.021
0.156
0.534
0.119
0.396
0.311
0.847
0.819
0.309
0.973
0.234
0.571
0.952
0.412
0.812
0.361
0.479
0.413
0.201
0.331
0.855
0.546
0.62
0.401
0.427
0.605
0.458
0.446
0.631
0.717
0.1
0.797
0.623
0.654
0.285
0.484
0.937
0.087
0.393
0.287
0.276
0.88
0.827
0.726
0.141
0.729
0.532
0.315
0.627
0.908
0.777
0.527
0.791
0.525
0.804
0.092
0.748
0.932
0.908
0.077
0.387
0.42
0.755
0.722
0.893
0.855
0.304
0.961
0.308
0.776
0.357
0.492
0.647
0.21
0.191
0.705
0.9
0.188
0.05
0.953
0.907
0.257
0.935
0.026
0.058
0.674
0.529
0.636
0.035
0.899
0.359
0.495
0.514
0.232
0.749
0.858
0.839
0.222
0.926
0.885
0.219
0.089
0.528
0.381
0.743
0.581
0.233
0.055
0.573
0.757
0.367
0.027
0.687
0.535
0.42
0.824
0.475
0.879
0.441
0.243
0.609
0.466
0.064
0.414
0.176
0.774
0.246
0.734
0.264
0.237
0.452
0.76
0.996
0.269
0.243
0.811
0.997
0.319
0.798
0.962
0.725
0.187
0.508
0.377
0.123
0.411
0.149
0.373
0.178
0.403
0.233
0.871
0.164
0.163
0.115
0.411
0.208
0.276
0.833
0.987
0.611
0.742
0.152
0.701
0.833
0.894
0.024
0.387
0.831
0.553
0.781
0.088
0.539
0.103
0.072
0.244
0.804
0.615
0.116
0.324
0.361
0.627
0.233
0.532
0.106
0.119
0.287
0.315
0.839
0.597
0.634
0.843
0.134
0.062
0.62
0.027
0.163
0.859
0.537
0.976
0.965
0.151
0.137
0.434
0.992
0.74
0.501
0.718
0.149
0.89
0.687
0.866
0.837
0.72
0.512
0.529
0.864
0.848
0.607
0.486
0.839
0.533
0.321
0.425
0.65
0.852
0.078
0.443
0.129
0.828
0.304
0.367
0.623
0.617
0.697
0.867
0.467
0.696
0.558
0.588
0.128
0.658
0.549
0.117
0.346
0.207
0.451
0.754
0.329
0.915
0.401
0.037
0.292
0.251
0.605
0.021
0.716
0.042
0.933
0.072
0.213
0.161
0.049
0.315
0.199
0.944
0.782
0.003
0.694
0.227
0.968
0.427
0.761
0.817
0.731
0.634
0.992
0.374
0.007
0.84
0.774
0.092
0.646
0.507
0.396
0.77
0.304
0.061
0.594
0.52
0.241
0.584
0.028
0.425
0.875
0.326
0.507
0.035
0.042
0.549
0.784
0.743
0.998
0.639
0.286
0.521
0.656
0.444
0.997
0.736
0.047
0.697
0.716
0.127
0.292
0.316
0.993
0.852
0.529
0.475
0.006
0.028
0.98
0.644
0.675
0.227
0.204
0.9
0.694
0.683
0.708
0.843
0.075
0.585
0.223
0.737
0.231
0.657
0.747
0.092
0.599
0.507
0.425
0.302
0.826
0.733
0.26
0.104
0.574
0.154
0.781
0.129
0.822
0.814
0.629
0.48
0.09
0.048
0.085
0.115
0.227
0.315
0.561
0.005
0.685
0.356
0.947
0.873
0.365
0.658
0.906
0.89
0.353
0.308
0.603
0.142
0.023
0.549
0.255
0.411
0.554
0.814
0.234
0.327
0.297
0.853
0.776
0.126
0.408
0.154
0.276
0.789
0.492
0.96
0.156
0.528
0.409
0.352
0.051
0.937
0.418
0.4
0.274
0.36
0.38
0.683
0.042
0.34
0.298
0.908
0.979
0.838
0.525
0.67
0.474
0.83
0.441
0.013
0.187
0.279
0.64
0.259
0.298
0.005
0.203
0.4
0.52
0.874
0.313
0.326
0.245
0.405
0.283
0.155
0.34
0.5
0.569
0.844
0.427
0.92
0.795
0.335
0.826
0.109
0.342
0.632
0.151
0.565
0.198
0.76
0.277
0.116
0.558
0.117
0.597
0.54
0.508
0.642
0.135
0.55
0.674
0.629
0.35
0.053
0.096
0.308
0.074
0.656
0.683
0.245
0.799
0.16
0.287
0.983
0.65
0.092
0.047
0.615
0.696
0.384
0.238
0.123
0.446
0.857
0.361
0.844
0.238
0.21
0.516
0.698
0.129
0.822
0.3
0.092
0.811
0.485
0.895
0.348
0.336
0.231
0.326
0.386
0.239
0.685
0.793
0.782
0.958
0.619
0.57
0.268
0.773
0.883
0.363
0.238
0.482
0.604
0.077
0.758
0.418
0.217
0.529
0.175
0.558
0.996
0.676
0.89
0.768
0.068
0.123
0.939
0.488
0.575
0.04
0.511
0.338
0.539
0.693
0.616
0.752
0.445
0.574
0.454
0.254
0.36
0.821
0.204
0.265
0.331
0.683
0.865
0.401
0.756
0.814
0.92
0.527
0.145
0.781
0.544
0.581
0.703
0.2
0.762
0.898
0.316
0.394
0.094
0.194
0.009
0.811
0.697
0.562
0.872
0.007
0.565
0.497
0.526
0.954
0.891
0.586
0.704
0.353
0.389
0.454
0.379
0.925
0.722
0.605
0.771
0.181
0.536
0.898
0.414
0.685
0.367
0.42
0.956
0.852
0.953
0.12
0.176
0.897
0.262
0.54
0.464
0.909
0.005
0.728
0.429
0.899
0.538
0.152
0.916
0.333
0.651
0.619
0.974
0.777
0.323
0.781
0.907
0.813
0.945
0.253
0.447
0.037
0.153
0.75
0.403
0.449
0.567
0.628
0.013
0.45
0.027
0.536
0.073
0.199
0.016
0.963
0.839
0.788
0.862
0.974
0.372
0.051
0.98
0.309
0.455
0.88
0.655
0.456
0.682
0.874
0.968
0.548
0.322
0.889
0.255
0.437
0.704
0.681
0.816
0.106
0.191
0.284
0.52
0.613
0.708
0.26
0.769
0.316
0.095
0.826
0.534
0.601
0.127
0.026
0.689
0.925
0.981
0.54
0.54
0.364
0.224
0.516
0.488
0.476
0.769
0.224
0.951
0.429
0.973
0.369
0.767
0.665
0.072
0.521
0.882
0.482
0.057
0.591
0.615
0.799
0.318
0.83
0.766
0.058
0.217
0.244
0.763
0.193
0.624
0.955
0.903
0.328
0.679
0.134
0.678
0.084
0.659
0.995
0.239
0.537
0.304
0.015
0.437
0.109
0.634
0.224
0.305
0.827
0.034
0.08
0.371
0.491
0.691
0.906
0.626
0.529
0.138
0.919
0.297
0.758
0.457
0.594
0.301
0.414
0.895
0.532
0.172
0.363
0.625
0.321
0.599
0.41
0.943
0.957
0.79
0.318
0.51
0.126
0.42
0.408
0.172
0.724
0.227
0.103
0.355
0.901
0.39
0.407
0.91
0.884
0.575
0.532
0.774
0.389
0.272
0.627
0.239
0.462
0.914
0.744
0.224
0.821
0.33
0.39
0.74
0.287
0.945
0.325
0.298
0.521
0.556
0.513
0.764
0.905
0.928
0.357
0.252
0.607
0.454
0.179
