0.111
0.97
0.065
0.492
0.536
0.583
0.23
0.333
0.319
0.406
0.309
0.886
0.927
0.368
0.385
0.033
0.7
0.909
0.173
0.143
0.379
0.663
0.485
0.647
0.307
0.349
0.635
0.473
0.237
0.562
0.157
0.288
0.745
0.137
0.38
0.464
0.647
0.326
0.079
0.389
0.833
0.004
0.473
0.476
0.545
0.56
0.008
0.179
0.174
0.267
0.727
0.485
0.805
0.521
0.252
0.114
0.191
0.66
0.023
0.194
0.236
0.858
0.648
0.086
0.92
0.155
0.515
0.284
0.481
0.289
0.424
0.559
0.89
0.482
0.125
0.022
0.166
0.2
0.716
0.194
0.735
0.943
0.406
0.7
0.987
0.267
0.631
0.596
0.353
0.928
0.448
0.823
0.874
0.196
0.652
0.27
0.289
0.094
0.18
0.241
0.253
0.191
0.186
0.641
0.797
0.267
0.666
0.592
0.993
0.985
0.32
0.373
0.411
0.524
0.624
0.687
0.736
0.868
0.44
0.85
0.836
0.612
0.544
0.289
0.553
0.67
0.601
0.811
0.902
0.248
0.016
0.939
0.473
0.906
0.571
0.94
0.768
0.551
0.855
0.203
0.757
0.366
0.304
0.841
0.022
0.039
0.82
0.482
0.338
0.632
0.605
0.374
0.742
0.47
0.919
0.563
0.037
0.846
0.739
0.359
0.577
0.521
0.149
0.351
0.632
0.661
0.016
0.189
0.887
0.806
0.24
0.299
0.317
0.054
0.437
0.731
0.819
0.33
0.649
0.874
0.163
0.312
0.305
0.066
0.943
0.259
0.688
0.057
0.317
0.006
0.054
0.138
0.017
0.798
0.116
0.15
0.535
0.62
0.99
0.748
0.938
0.808
0.78
0.436
0.974
0.722
0.674
0.327
0.596
0.298
0.939
0.944
0.829
0.126
0.817
0.046
0.547
0.931
0.732
0.57
0.542
0.878
0.798
0.072
0.804
0.915
0.327
0.801
0.091
0.194
0.193
0.644
0.215
0.662
0.89
0.859
0.176
0.25
0.04
0.492
0.477
0.695
0.454
0.704
0.165
0.245
0.441
0.292
0.462
0.481
0.077
0.794
0.501
0.713
0.982
0.438
0.678
0.504
0.842
0.551
0.386
0.037
0.707
0.605
0.314
0.883
0.391
0.151
0.691
0.877
0.308
0.179
0.131
0.318
0.885
0.625
0.435
0.968
0.363
0.153
0.763
0.581
0.769
0.655
0.52
0.586
0.296
0.379
0.879
0.562
0.99
0.234
0.167
0.005
0.41
0.342
0.223
0.007
0.796
0.337
0.671
0.518
0.288
0.847
0.287
0.268
0.327
0.496
0.934
0.33
0.171
0.169
0.78
0.171
0.982
0.033
0.063
0.687
0.076
0.458
0.08
0.455
0.773
0.236
0.715
0.746
0.257
0.349
0.014
0.671
0.22
0.834
0.099
0.261
0.94
0.702
0.388
0.033
0.797
0.178
0.045
0.274
0.94
0.21
0.271
0.417
0.091
0.009
0.196
0.637
0.782
0.052
0.98
0.982
0.482
0.386
0.523
0.747
0.601
0.826
0.782
0.02
0.262
0.715
0.673
0.275
0.43
0.55
0.846
0.55
0.483
0.415
0.824
0.45
0.733
0.112
0.605
0.918
0.982
0.155
0.132
0.555
0.31
0.941
0.941
0.937
0.985
0.607
0.11
0.987
0.076
0.786
0.29
0.711
0.842
0.006
0.039
0.687
0.696
0.704
0.303
0.352
0.888
0.731
0.511
0.246
0.015
0.981
0.711
0.501
0.05
0.505
0.554
0.991
0.101
0.671
0.919
0.655
0.838
0.066
0.671
0.507
0.657
0.721
0.055
0.603
0.41
0.173
0.345
0.324
0.121
0.715
0.314
0.726
0.607
0.58
0.008
0.695
0.677
0.123
0.423
0.583
0.135
0.801
0.198
0.363
0.816
0.204
0.629
0.878
0.379
0.069
0.095
0.067
0.472
0.913
0.612
0.212
0.155
0.687
0.434
0.401
0.391
0.637
0.31
0.736
0.216
0.864
0.382
0.881
0.175
0.554
0.045
0.192
0.008
0.193
0.979
0.511
0.722
0.027
0.177
0.273
0.645
0.452
0.652
0.86
0.565
0.72
0.008
0.178
0.236
0.255
0.709
0.662
0.683
0.736
0.408
0.301
0.216
0.843
0.132
0.839
0.32
0.083
0.676
0.347
0.623
0.952
0.817
0.513
0.514
0.795
0.365
0.771
0.098
0.962
0.26
0.563
0.62
0.863
0.39
0.343
0.327
0.538
0.046
0.06
0.731
0.347
0.607
0.751
0.598
0.622
0.88
0.542
0.533
0.112
0.458
0.056
0.297
0.304
0.597
0.916
0.646
0.555
0.561
0.083
0.64
0.027
0.161
0.5
0.869
0.131
0.547
0.801
0.552
0.756
0.816
0.195
0.526
0.915
0.565
0.871
0.499
0.182
0.378
0.833
0.007
0.928
0.835
0.606
0.48
0.548
0.944
0.983
0.918
0.489
0.669
0.032
0.46
0.76
0.592
0.656
0.478
0.525
0.801
0.242
0.849
0.552
0.391
0.389
0.348
0.971
0.208
0.818
0.843
0.585
0.387
0.421
0.215
0.804
0.65
0.875
0.732
0.43
0.675
0.126
0.449
0.402
0.827
0.534
0.087
0.33
0.514
0.208
0.65
0.674
0.31
0.987
0.2
0.89
0.048
0.228
0.545
0.33
0.427
0.232
0.452
0.997
0.861
0.445
0.438
0.571
0.036
0.305
0.256
0.139
0.353
0.392
0.298
0.289
0.882
0.007
0.833
0.675
0.113
0.892
0.895
0.698
0.739
0.024
0.465
0.423
0.931
0.06
0.097
0.08
0.441
0.19
0.815
0.599
0.517
0.274
0.797
0.995
0.43
0.197
0.102
0.536
0.55
0.022
0.32
0.614
0.152
0.148
0.875
0.534
0.503
0.471
0.398
0.499
0.957
0.1
0.03
0.132
0.702
0.02
0.245
0.968
0.216
0.533
0.69
0.195
0.794
0.41
0.909
0.93
0.358
0.898
0.028
0.141
0.409
0.999
0.546
0.618
0.977
0.24
0.364
0.595
0.408
0.706
0.151
0.864
0.665
0.543
0.837
0.165
0.946
0.578
0.263
0.255
0.649
0.556
0.966
0.509
0.049
0.66
0.13
0.173
0.703
0.345
0.75
0.242
0.045
0.141
0.422
0.252
0.437
0.797
0.391
0.249
0.673
0.697
0.966
0.131
0.005
0.625
0.648
0.513
0.837
0.615
0.433
0.744
0.42
0.867
0.637
0.453
0.169
0.327
0.292
0.631
0.205
0.753
0.447
0.211
0.861
0.918
0.885
0.901
0.128
0.858
0.205
0.452
0.756
0.428
0.583
0.118
0.55
0.484
0.127
0.789
0.331
0.88
0.914
0.975
0.38
0.552
0.25
0.162
0.073
0.844
0.345
0.519
0.323
0.717
0.256
0.991
0.429
0.004
0.89
0.193
0.055
0.591
0.073
0.184
0.799
0.406
0.328
0.039
0.953
0.449
0.494
0.405
0.79
0.895
0.509
0.958
0.242
0.793
0.276
0.97
0.821
0.787
0.998
0.868
0.307
0.136
0.476
0.637
0.024
0.325
0.168
0.824
0.446
0.754
0.141
0.234
0.495
0.558
0.866
0.93
0.998
0.709
0.783
0.141
0.182
0.498
0.528
0.141
0.426
0.135
0.388
0.131
0.066
0.664
0.269
0.354
0.405
0.687
0.945
0.451
0.904
0.114
0.263
0.453
0.212
0.351
0.741
0.987
0.051
0.049
0.873
0.309
0.697
0.385
0.13
0.811
0.82
0.712
0.085
0.419
0.896
0.74
0.86
0.47
0.882
0.184
0.564
0.084
0.065
0.554
0.598
0.451
0.016
0.169
0.254
0.396
0.915
0.564
0.497
0.926
0.667
0.18
0.091
0.897
0.846
0.745
0.09
0.674
0.195
0.864
0.936
0.48
0.839
0.703
0.576
0.035
0.226
0.398
0.588
0.674
0.716
0.189
0.171
0.245
0.532
0.087
0.686
0.661
0.351
0.987
0.041
0.27
0.894
0.954
0.942
0.195
0.508
0.93
0.405
0.032
0.324
0.882
0.608
0.41
0.389
0.876
0.639
0.367
0.892
0.002
0.407
0.011
0.653
0.661
0.3
0.9
0.778
0.343
0.727
0.871
0.621
0.937
0.067
0.231
0.565
0.53
0.541
0.361
0.363
0.262
0.765
0.771
0.78
0.88
0.005
0.382
0.914
0.574
0.112
0.092
0.602
0.854
0.177
0.178
0.941
0.755
0.678
0.733
0.898
0.943
0.646
0.337
0.977
0.665
0.089
0.114
0.947
0.004
0.029
0.538
