0.202
0.135
0.499
0.487
0.62
0.623
0.845
0.319
0.779
0.014
0.461
0.822
0.17
0.202
0.343
0.037
0.257
0.598
0.82
0.818
0.616
0.18
0.93
0.664
0.807
0.295
0.213
0.278
0.956
0.204
0.153
0.06
0.822
0.3
0.868
0.606
0.31
0.506
0.26
0.369
0.733
0.254
0.004
0.086
0.369
0.769
0.991
0.352
0.798
0.441
0.819
0.155
0.555
0.16
0.924
0.231
0.365
0.695
0.145
0.413
0.09
0.601
0.02
0.885
0.367
0.977
0.759
0.564
0.537
0.266
0.816
0.694
0.436
0.329
0.332
0.996
0.151
0.018
0.784
0.213
0.193
0.937
0.969
0.325
0.255
0.48
0.338
0.482
0.238
0.821
0.035
0.685
0.568
0.422
0.96
0.347
0.586
0.612
0.697
0.467
0.211
0.65
0.339
0.282
0.27
0.085
0.415
0.972
0.166
0.046
0.309
0.163
0.695
0.204
0.235
0.26
0.492
0.994
0.159
0.438
0.565
0.413
0.517
0.76
0.53
0.157
0.456
0.804
0.088
0.104
0.07
0.216
0.668
0.13
0.421
0.411
0.578
0.086
0.436
0.675
0.468
0.233
0.929
0.954
0.157
0.947
0.283
0.507
0.966
0.319
0.585
0.873
0.563
0.436
0.248
0.149
0.573
0.974
0.179
0.545
0.045
0.976
0.112
0.151
0.084
0.994
0.143
0.834
0.864
0.135
0.405
0.758
0.668
0.237
0.22
0.052
0.198
0.392
0.323
0.024
0.162
0.902
0.827
0.59
0.542
0.902
0.096
0.86
0.246
0.328
0.791
0.336
0.996
0.797
0.23
0.665
0.948
0.45
0.951
0.662
0.856
0.847
0.275
0.558
0.648
0.504
0.831
0.639
0.427
0.487
0.308
0.597
0.879
0.807
0.371
0.436
0.171
0.558
0.726
0.985
0.498
0.742
0.862
0.078
0.247
0.898
0.921
0.85
0.889
0.195
0.634
0.071
0.819
0.822
0.657
0.029
0.974
0.4
0.62
0.691
0.715
0.819
0.659
0.586
0.703
0.427
0.777
0.145
0.941
0.502
0.597
0.803
0.181
0.799
0.989
0.114
0.208
0.612
0.613
0.64
0.646
0.547
0.245
0.229
0.576
0.926
0.42
0.47
0.957
0.33
0.324
0.726
0.197
0.514
0.085
0.276
0.746
0.087
0.856
0.469
0.725
0.334
0.533
0.744
0.808
0.078
0.366
0.529
0.162
0.859
0.384
0.181
0.148
0.06
0.956
0.381
0.065
0.353
0.354
0.027
0.3
0.137
0.861
0.211
0.121
0.154
0.551
0.984
0.141
0.239
0.789
0.578
0.585
0.333
0.264
0.786
0.237
0.984
0.628
0.231
0.326
0.687
0.467
0.25
0.672
0.141
0.754
0.295
0.606
0.508
0.185
0.949
0.523
0.36
0.218
0.548
0.81
0.188
0.934
0.487
0.219
0.846
0.34
0.97
0.588
0.154
0.626
0.193
0.949
0.836
0.595
0.324
0.429
0.908
0.32
0.762
0.971
0.283
0.156
0.665
0.623
0.837
0.08
0.919
0.942
0.44
0.214
0.326
0.344
0.845
0.985
0.724
0.61
0.087
0.558
0.312
0.469
0.225
0.371
0.384
0.134
0.665
0.028
0.237
0.593
0.747
0.225
0.769
0.97
0.617
0.094
0.228
0.394
0.517
0.259
0.341
0.904
0.294
0.482
0.427
0.104
0.838
0.479
0.715
0.092
0.611
0.857
0.623
0.306
0.223
0.312
0.72
0.995
0.939
0.704
0.247
0.317
0.054
0.659
0.299
0.677
0.569
0.085
0.752
0.505
0.262
0.94
0.023
0.979
0.645
0.838
0.325
0.886
0.086
0.47
0.209
0.372
0.263
0.267
0.732
0.144
0.698
0.591
0.334
0.632
0.755
0.789
0.655
0.092
0.319
0.811
0.849
0.753
0.007
0.146
0.885
0.717
0.187
0.782
0.906
0.756
0.721
0.047
0.786
0.049
0.794
0.33
0.326
0.199
0.589
0.248
0.844
0.744
0.151
0.016
0.392
0.166
0.242
0.854
0.484
0.143
0.583
0.682
0.055
0.896
0.107
0.024
0.357
0.483
0.871
0.673
0.363
0.366
0.965
0.582
0.508
0.236
0.313
0.306
0.051
0.891
0.844
0.32
0.858
0.527
0.214
0.881
0.232
0.854
0.404
0.735
0.814
0.732
0.314
0.957
0.285
0.775
0.396
0.474
0.703
0.188
0.471
0.456
0.333
0.225
0.093
0.938
0.703
0.838
0.223
0.675
0.844
0.625
0.935
0.314
0.629
0.617
0.992
0.546
0.939
0.205
0.938
0.508
0.592
0.578
0.143
0.618
0.845
0.143
0.548
0.584
0.698
0.733
0.266
0.445
0.397
0.417
0.258
0.843
0.369
0.836
0.329
0.794
0.022
0.143
0.115
0.313
0.885
0.389
0.321
0.181
0.095
0.409
0.57
0.337
0.348
0.902
0.63
0.737
0.109
0.043
0.197
0.166
0.833
0.933
0.125
0.576
0.596
0.008
0.92
0.961
0.134
0.394
0.349
0.863
0.583
0.572
0.433
0.633
0.971
0.518
0.81
0.149
0.835
0.308
0.91
0.539
0.859
0.89
0.034
0.441
0.985
0.368
0.614
0.7
0.619
0.465
0.662
0.109
0.03
0.927
0.023
0.704
0.951
0.303
0.914
0.333
0.658
0.648
0.449
0.035
0.922
0.453
0.784
0.351
0.955
0.809
0.441
0.058
0.772
0.08
0.224
0.921
0.165
0.474
0.882
0.694
0.041
0.941
0.462
0.396
0.196
0.977
0.906
0.059
0.396
0.732
0.241
0.866
0.163
0.152
0.457
0.224
0.787
0.024
0.617
0.101
0.381
0.525
0.638
0.465
0.553
0.228
0.999
0.983
0.965
0.183
0.879
0.12
0.233
0.203
0.877
0.696
0
0.945
0.785
0.943
0.085
0.964
0.097
0.99
0.862
0.478
0.074
0.815
0.476
0.614
0.043
0.56
0.006
0.4
0.1
0.481
0.949
0.096
0.473
0.157
0.285
0.381
0.815
0.76
0.805
0.318
0.686
0.201
0.651
0.366
0.84
0.997
0.518
0.878
0.288
0.739
0.499
0.213
0.237
0.794
0.296
0.618
0.632
0.523
0.492
0.512
0.445
0.858
0.554
0.428
0.341
0.72
0.922
0.629
0.32
0.436
0.837
0.266
0.502
0.041
0.342
0.51
0.384
0.314
0.03
0.977
0.27
0.997
0.436
0.394
0.411
0.929
0.404
0.797
0.97
0.635
0.93
0.301
0.167
0.903
0.061
0.56
0.238
0.027
0.599
0.614
0.692
0.975
0.247
0.932
0.699
0.418
0.019
0.164
0.662
0.069
0.391
0.767
0.218
0.828
0.11
0.162
0.536
0.668
0.009
0.308
0.133
0.944
0.529
0.612
0.075
0.908
0.106
0.201
1.0
0.27
0.323
0.54
0.279
0.647
0.759
0.99
0.97
0.595
0.813
0.357
0.502
0.695
0.984
0.303
0.426
0.237
0.439
0.622
0.192
0.876
0.386
0.783
0.578
0.886
0.893
0.999
0.721
0.38
0.253
0.124
0.776
0.018
0.062
0.41
0.127
0.675
0.066
0.046
0.673
0.181
0.016
0.374
0.935
0.522
0.324
0.183
0
0.313
0.137
0.112
0.543
0.494
0.387
0.019
0.799
0.017
0.671
0.05
0.112
0.748
0.864
0.521
0.882
0.878
0.483
0.281
0.703
0.605
0.683
0.718
0.578
0.084
0.919
0.559
0.337
0.218
0.57
0.628
0.872
0.432
0.626
0.144
0.734
0.216
0.113
0.62
0.013
0.325
0.223
0.183
0.916
0.068
0.764
0.727
0.37
0.407
0.28
0.386
0.661
0.127
0.673
0.166
0.468
0.016
0.742
0.166
0.345
0.569
0.338
0.07
0.442
0.082
0.843
0.886
0.746
0.101
0.927
0.289
0.313
0.185
0.25
0.515
0.348
0.318
0.992
0.085
0.415
0.876
0.985
0.05
0.844
0.989
0.002
0.139
0.592
0.185
0.407
0.417
0.853
0.112
0.694
0.354
0.559
0.831
0.699
0.497
0.406
0.462
0.195
0.298
0.344
0.315
0.895
0.104
0.364
0.755
0.881
0.659
0.109
0.985
0.334
0.25
0.647
0.464
0.006
0.921
0.749
0.594
0.05
0.89
0.246
0.466
0.483
0.885
0.344
0.285
0.92
0.934
0.828
0.72
0.889
0.576
0.396
0.79
0.853
0.18
0.724
0.569
0.489
0.017
0.116
0.208
0.41
0.969
0.008
0.003
0.027
