0.091
0.781
0.244
0.796
0.788
0.79
0.636
0.672
0.364
0.019
0.31
0.468
0.561
0.688
0.882
0.455
0.245
0.91
0.73
0.351
0.148
0.707
0.85
0.493
0.097
0.498
0.179
0.514
0.891
0.169
0.726
0.423
0.266
0.311
0.133
0.057
0.264
0.294
0.466
0.029
0.813
0.568
0.548
0.961
0.345
0.667
0.41
0.478
0.78
0.548
0.848
0.997
0.362
0.25
0.035
0.795
0.86
0.092
0.258
0.448
0.398
0.721
0.324
0.667
0.955
0.311
0.901
0.379
0.035
0.718
0.479
0.063
0.544
0.629
0.228
0.357
0.964
0.706
0.831
0.01
0.627
0.458
0.871
0.557
0.464
0.182
0.319
0.183
0.948
0.516
0.773
0.356
0.274
0.464
0.124
0.498
0.989
0.611
0.65
0.288
0.115
0.777
0.572
0.244
0.517
0.62
0.849
0.224
0.581
0.227
0.831
0.945
0.477
0.598
0.761
0.046
0.458
0.09
0.936
0.719
0.144
0.271
0.251
0.242
0.995
0.803
0.845
0.597
0.516
0.989
0.952
0.577
0.024
0.52
0.148
0.187
0.013
0.633
0.398
0.07
0.446
0.24
0.379
0.557
0.822
0.045
0.015
0.814
0.193
0.074
0.115
0.059
0.002
0.389
0.435
0.816
0.169
0.318
0.325
0.613
0.679
0.11
0.944
0.483
0.598
0.246
0.005
0.821
0.492
0.054
0.223
0.835
0.302
0.804
0.851
0.206
0.396
0.981
0.969
0.893
0.726
0.769
0.077
0.882
0.483
0.906
0.015
0.488
0.103
0.757
0.859
0.047
0.957
0.067
0.601
0.519
0.574
0.022
0.655
0.608
0.744
0.622
0.276
0.997
0.901
0.431
0.09
0.302
0.024
0.779
0.155
0.242
0.799
0.034
0.697
0.608
0.043
0.328
0.814
0.973
0.209
0.36
0.083
0.218
0.981
0.004
0.248
0.128
0.286
0.932
0.678
0.578
0.587
0.202
0.275
0.412
0.254
0.313
0.609
0.967
0.46
0.988
0.279
0.963
0.615
0.614
0.2
0.933
0.094
0.082
0.001
0.846
0.777
0.713
0.717
0.526
0.481
0.715
0.861
0.787
0.847
0.263
0.573
0.756
0.875
0.429
0.811
0.538
0.842
0.629
0.474
0.805
0.881
0.797
0.2
0.912
0.215
0.154
0.895
0.32
0.598
0.115
0.47
0.381
0.935
0.577
0.148
0.422
0.723
0.542
0.003
0.41
0.644
0.143
0.041
0.644
0.027
0.351
0.092
0.647
0.406
0.334
0.96
0.638
0.588
0.92
0.133
0.065
0.437
0.895
0.554
0.141
0.864
0.459
0.152
0.713
0.162
0.874
0.961
0.425
0.661
0.009
0.957
0.184
0.092
0.953
0.796
0.01
0.452
0.803
0.392
0.288
0.374
0.144
0.548
0.541
0.297
0.658
0.405
0.517
0.71
0.488
0.694
0.438
0.894
0.808
0.038
0.511
0.797
0.683
0.742
0.866
0.478
0.712
0.041
0.587
0.743
0.29
0.748
0.723
0.08
0.316
0.949
0.989
0.007
0.887
0.58
0.093
0.385
0.595
0.815
0.736
0.624
0.772
0.691
0.017
0.039
0.431
0.66
1.0
0.727
0.715
0.741
0.06
0.4
0.037
0.764
0.664
0.868
0.08
0.359
0.02
0.873
0.052
0.872
0.583
0.342
0.693
0.742
0.801
0.562
0.609
0.401
0.59
0.076
0.687
0.334
0.649
0.464
0.452
0.671
0.363
0.675
0.152
0.163
0.321
0.885
0.203
0.241
0.705
0.398
0.469
0.708
0.226
0.085
0.159
0.249
0.987
0.245
0.24
0.619
0.39
0.8
0.794
0.71
0.644
0.562
0.166
0.673
0.922
0.831
0.197
0.825
0.432
0.489
0.122
0.114
0.148
0.927
0.241
0.47
0.294
0.036
0.428
0.383
0.199
0.385
0.093
0.095
0.877
0.051
0.422
0.644
0.718
0.05
0.265
0.578
0.842
0.239
0.419
0.285
0.751
0.268
0.34
0.317
0.714
0.553
0.458
0.395
0.671
0.746
0.182
0.908
0.1
0.438
0.571
0.042
0.832
0.603
0.761
0.065
0.851
0.205
0.086
0.23
0.222
0.161
0.73
0.855
0.365
0.274
0.834
0.434
0.563
0.119
0.152
0.893
0.933
0.351
0.679
0.899
0.691
0.612
0.314
0.49
0.93
0.007
0.827
0.972
0.762
0.34
0.017
0.998
0.111
0.186
0.255
0.067
0.051
0.752
0.218
0.887
0.978
0.419
0.562
0.974
0.893
0.463
0.462
0.661
0.071
0.669
0.745
0.75
0.816
0.601
0.598
0.207
0.699
0.075
0.726
0.612
0.556
0.367
0.52
0.735
0.597
0.771
0.337
0.083
0.225
0.987
0.692
0.059
0.65
0.236
0.713
0.903
0.59
0.824
0.301
0.918
0.295
0.124
0.705
0.895
0.37
0.46
0.46
0.073
0.879
0.753
0.171
0.779
0.727
0.375
0.543
0.794
0.868
0.127
0.828
0.331
0.088
0.097
0.604
0.26
0.257
0.913
0.541
0.896
0.731
0.969
0.532
0.509
0.816
0.312
0.031
0.572
0.485
0.391
0.544
0.367
0.429
0.543
0.37
0.044
0.241
0.602
0.766
0.29
0.585
0.242
0.845
0.423
0.7
0.075
0.706
0.066
0.839
0.045
0.503
0.196
0.249
0.576
0.818
0.246
0.901
0.106
0.909
0.337
0.109
0.959
0.171
0.883
0.168
0.013
0.554
0.632
0.394
0.703
0.6
0.225
0.234
0.396
0.507
0.419
0.577
0.54
0.348
0.092
0.36
0.692
0.791
0.879
0.762
0.114
0.688
0.149
0.394
0.894
0.549
0.585
0.627
0.078
0.858
0.36
0.077
0.446
0.493
0.748
0.41
0.693
0.086
0.365
0.278
0.386
0.932
0.338
0.158
0.66
0.17
0.116
0.099
0.543
0.658
0.284
0.718
0.446
0.209
0.203
0.595
0.942
0.282
0.718
0.993
0.393
0.433
0.957
0.443
0.956
0.855
0.433
0.423
0.31
0.317
0.959
0.091
0.237
0.735
0.4
0.793
0.906
0.105
0.307
0.254
0.961
0.954
0.886
0.106
0.337
0.832
0.826
0.53
0.472
0.449
0.428
0.782
0.086
0.835
0.115
0.711
0.935
0.776
0.727
0.966
0.897
0.811
0.715
0.899
0.632
0.041
0.893
0.186
0.813
0.585
0.18
0.994
0.933
0.766
0.472
0.198
1.0
0.459
0.424
0.057
0.862
0.664
0.208
0.182
0.258
0.004
0.885
0.136
0.45
0.374
0.725
0.2
0.553
0.208
0.328
0.14
0.112
0.935
0.128
0.665
0.375
0.752
0.802
0.79
0.81
0.929
0.824
0.748
0.912
0.754
0.128
0.02
0.85
0.598
0.08
0.015
0.618
0.394
0.044
0.832
0.989
0.488
0.249
0.966
0.966
0.407
0.684
0.77
0.737
0.41
0.794
0.974
0.826
0.719
0.614
0.747
0.76
0.806
0.971
0.358
0.736
0.367
0.609
0.934
0.935
0.314
0.696
0.733
0.176
0.148
0.452
0.016
0.228
0.777
0.058
0.386
0.17
0.998
0.67
0.563
0.337
0.546
0.803
0.568
0.074
0.729
0.926
0.756
0.083
0.42
0.398
0.524
0.953
0.054
0.406
0.521
0.431
0.152
0.417
0.617
0.342
0.692
0.048
0.981
0.49
0.807
0.615
0.222
0.015
0.897
0.204
0.656
0.475
0.037
0.813
0.937
0.899
0.502
0.052
0.755
0.429
0.08
0.304
0.454
0.322
0.403
0.35
0.495
0.267
0.714
0.992
0.307
0.68
0.02
0.713
0.552
0.492
0.817
0.923
0.513
0.167
0.216
0.999
0.758
0.318
0.253
0.149
0.913
0.234
0.422
0.006
0.394
0.606
0.808
0.264
0.001
0.202
0.223
0.631
0.837
0.698
0.403
0.394
0.293
0.092
0.338
0.9
0.651
0.584
0.397
0.411
0.98
0.41
0.273
0.201
0.849
0.548
0.47
0.233
0.273
0.347
0.692
0.464
0.714
0.075
0.186
0.893
0.467
0.837
0.345
0.617
0.404
0.039
0.216
0.385
0.921
0.656
0.164
0.298
0.911
0.039
0.224
0.691
0.484
0.325
0.772
0.376
0.672
0.667
0.934
0.896
0.253
0.452
0.379
0.049
0.216
0.444
0.168
0.143
0.797
0.555
0.147
0.021
0.197
0.327
0.471
0.354
0.803
0.968
0.449
0.555
0.663
0.056
0.773
0.325
0.393
