0.116
0.44
0.987
0.687
0.69
0.228
0.694
0.387
0.718
0.466
0.146
0.353
0.433
0.136
0.822
0.877
0.025
0.386
0.476
0.297
0.167
0.76
0.813
0.833
0.254
0.277
0.135
0.749
0.668
0.58
0.957
0.34
0.324
0.058
0.999
0.228
0.987
0.062
0.513
0.24
0.259
0.027
0.116
0.293
0.385
0.112
0.3
0.118
0.139
0.808
0.578
0.815
0.776
0.714
0.34
0.734
0.216
0.496
0.188
0.851
0.945
0.553
0.124
0.912
0.723
0.711
0.391
0.915
0.642
0.969
0.333
0.802
0.859
0.816
0.734
0.916
0.677
0.733
0.958
0.305
0.278
0.703
0.078
0.957
0.923
0.6
0.335
0.705
0.304
0.328
0.076
0.636
0.198
0.165
0.544
0.215
0.332
0.845
0.219
0.778
0.013
0.801
0.945
0.545
0.865
0.304
0.196
0.894
0.426
0.922
0.229
0.289
0.295
0.171
0.841
0.115
0.254
0.207
0.956
0.164
0.234
0.949
0.539
0.597
0.426
0.594
0.442
0.103
0.607
0.049
0.645
0.295
0.263
0.095
0.077
0.593
0.433
0.775
0.302
0.034
0.743
0.169
0.974
0.32
0.686
0.084
0.222
0.087
0.087
0.93
0.04
0.135
0.687
0.874
0.544
0.928
0.315
0.63
0.122
0.53
0.958
0.422
0.836
0.948
0.85
0.24
0.344
0.775
0.915
0.263
0.01
0.105
0.49
0.312
0.564
0.217
0.856
0.461
0.482
0.148
0.149
0.858
0.086
0.854
0.993
0.972
0.766
0.487
0.334
0.797
0.019
0.251
0.945
0.073
0.205
0.411
0.047
0.568
0.297
0.676
0.773
0.728
0.465
0.778
0.576
0.899
0.852
0.119
0.122
0.419
0.312
0.236
0.259
0.649
0.026
0
0.807
0.342
0.441
0.966
0.465
0.12
0.729
0.563
0.525
0.534
0.39
0.232
0.536
0.233
0.179
0.356
0.691
0.026
0.366
0.831
0.654
0.529
0.052
0.389
0.251
0.848
0.736
0.532
0.53
0.603
0.107
0.372
0.58
0.648
0.558
0.19
0.687
0.605
0.092
0.261
0.572
0.374
0.749
0.612
0.435
0.736
0.108
0.827
0.453
0.566
0.708
0.842
0.534
0.052
0.157
0.312
0.798
0.323
0.768
0.719
0.213
0.605
0.727
0.086
0.13
0.364
0.856
0.874
0.177
0.321
0.385
0.362
0.975
0.753
0.801
0.234
0.407
0.949
0.426
0.196
0.678
0.624
0.095
0.022
0.916
0.943
0.542
0.273
0.493
0.786
0.251
0.786
0.711
0.071
0.674
0.196
0.716
0.182
0.722
0.397
0.644
0.007
0.228
0.57
0.93
0.653
0.411
0.119
0.152
0.386
0.987
0.043
0.127
0.089
0.07
0.262
0.407
0.399
0.751
0.957
0.925
0.245
0.78
0.818
0.514
0.145
0.717
0.042
0.405
0.891
0.19
0.826
0.13
0.396
0.804
0.975
0.155
0.268
0.119
0.484
0.779
0.313
0.859
0.174
0.1
0.283
0.869
0.282
0.816
0.01
0.322
0.958
0.274
0.256
0.5
0.497
0.693
0.635
0.907
0.91
0.744
0.501
0.982
0.603
0.821
0.312
0.821
0.994
0.19
0.813
0.25
0.078
0.372
0.557
0.655
0.199
0.213
0.383
0.35
0.867
0.512
0.143
0.915
0.364
0.748
0.205
0.032
0.924
0.451
0.543
0.428
0.422
0.573
0.956
0.996
0.689
0.18
0.715
0.04
0.838
0.842
0.598
0.07
0.187
0.698
0.802
0.032
0.047
0.205
0.432
0.079
0.598
0.729
0.001
0.305
0.119
0.105
0.935
0.023
0.253
0.738
0.592
0.235
0.038
0.387
0.047
0.127
0.105
0.258
0.858
0.816
0.724
0.093
0.002
0.685
0.342
0.846
0.726
0.467
0.818
0.68
0.014
0.127
0.972
0.456
0.602
0.197
0.216
0.726
0.415
0.277
0.443
0.428
0.138
0.603
0.84
0.149
0.505
0.161
0.114
0.501
0.728
0.59
0.401
0.781
0.5
0.238
0.755
0.782
0.945
0.076
0.999
0.375
0.097
0.623
0.114
0.752
0.293
0.925
0.591
0.972
0.325
0.203
0.574
0.063
0.022
0.201
0.257
0.59
0.216
0.308
0.786
0.28
0.431
0.505
0.797
0.846
0.434
0.215
0.848
0.87
0.428
0.435
0.244
0.589
0.377
0.087
0.261
0.951
0.976
0.783
0.208
0.887
0.521
0.441
0.684
0.605
0.38
0.497
0.268
0.514
0.72
0.69
0.59
0.309
0.313
0.5
0.884
0.912
0.365
0.699
0.896
0.533
0.492
0.328
0.967
0.351
0.163
0.94
0.25
0.096
0.951
0.207
0.598
0.846
0.323
0.273
0.407
0.904
0.898
0.089
0.075
0.078
0.845
0.305
0.802
0.199
0.555
0.275
0.45
0.518
0.956
0.146
0.94
0.711
0.77
0.474
0.701
0.17
0.899
0.336
0.919
0.262
0.794
0.599
0.885
0.042
0.414
0.102
0.299
0.983
0.841
0.064
0.14
0.463
0.043
0.115
0.378
0.161
0.091
0.359
0.233
0.536
0.028
0.898
0.577
0.962
0.163
0.368
0.829
0.07
0.202
0.619
0.572
0.691
0.646
0.842
0.481
0.508
0.893
0.478
0.451
0.273
0.936
0.468
0.37
0.292
0.235
0.367
0.932
0.302
0.53
0.568
0.468
0.521
0.403
0.295
0.38
0.113
0.696
0.802
0.476
0.846
0.34
0.535
0.171
0.373
0.837
0.085
0.574
0.106
0.067
0.398
0.444
0.085
0.531
0.37
0.128
0.384
0.148
0.526
0.716
0.981
0.228
0.4
0.305
0.151
0.645
0.493
0.858
0.281
0.66
0.416
0.116
0.526
0.295
0.919
0.183
0.685
0.371
0.899
0.476
0.425
0.008
0.619
0.315
0.321
0.809
0.874
0.218
0.605
0.658
0.832
0.813
0.546
0.665
0.592
0.933
0.935
0.773
0.171
0.576
0.368
0.569
0
0.058
0.687
0.387
0.584
0.04
0.842
0.134
0.682
0.141
0.358
0.76
0.458
0.56
0.216
0.713
0.678
0.989
0.37
0.067
0.682
0.287
0.834
0.984
0.576
0.749
0.243
0.573
0.327
0.067
0.816
0.257
0.077
0.098
0.848
0.892
0.338
0.257
0.291
0.334
0.143
0.95
0.937
0.321
0.605
0.112
0.552
0.529
0.408
0.542
0.459
0.662
0.306
0.525
0.023
0.116
0.068
0.059
0.473
0.804
0.603
0.368
0.771
0.006
0.921
0
0.493
0.799
0.413
0.839
0.782
0.31
0.828
0.481
0.801
0.477
0.265
0.784
0.31
0.254
0.014
0.957
0.197
0.746
0.141
0.458
0.973
0.458
0.74
0.791
0.532
0.041
0.847
0.693
0.829
0.637
0.323
0.881
0.796
0.541
0.561
0.822
0.74
0.778
0.737
0.556
0.827
0.09
0.178
0.412
0.736
0.005
0.602
0.932
0.003
0.957
0.892
0.05
0.982
0.745
0.493
0.265
0.632
0.967
0.462
0.42
0.372
0.877
0.79
0.971
0.195
0.476
0.928
0.1
0.328
0.969
0.683
0.68
0.238
0.966
0.187
0.297
0.563
0.096
0.93
0.136
0.681
0.838
0.092
0.423
0.758
0.589
0.667
0.674
0.556
0.578
0.902
0.95
0.324
0.783
0.942
0.627
0.283
0.72
0.727
0.948
0.605
0.079
0.001
0.013
0.021
0.179
0.203
0.718
0.606
0.829
0.135
0.564
0.017
0.838
0.151
0.792
0.226
0.914
0.852
0.12
0.537
0.979
0.544
0.164
0.157
0.687
0.774
0.116
0.558
0.832
0.021
0.001
0.746
0.789
0.397
0.789
0.236
0.919
0.322
0.982
0.424
0.459
0.27
0.229
0.443
0.128
0.656
0.223
0.663
0.35
0.389
0.916
0.191
0.866
0.189
0.259
0.563
0.933
0.624
0.521
0.162
0.546
0.614
0.484
0.56
0.646
0.204
0.408
0.823
0.757
0.049
0.837
0.617
0.915
0.958
0.474
0.257
0.386
0.908
0.053
0.43
0.82
0.092
0.914
0.19
0.193
0.634
0.024
0.976
0.746
0.975
0.547
0.878
0.448
0.401
0.872
0.387
0.794
0.58
0.904
0.109
0.13
0.441
0.445
0.423
0.427
0.844
0.908
0.515
0.717
0.852
0.945
0.308
0.415
0.938
0.692
0.239
0.357
0.058
0.359
0.468
0.393
0.795
0.948
