0.567
0.479
0.578
0.603
0.265
0.592
0.552
0.181
0.595
0.559
0.132
0.008
0.202
0.919
0.215
0.593
0.124
0.811
0.372
0.57
0.907
0.417
0.759
0.795
0.037
0.235
0.765
0.716
0.922
0.745
0.223
0.811
0.051
0.055
0.996
0.181
0.209
0.585
0.962
0.733
0.045
0.788
0.602
0.786
0.117
0.866
0.428
0.025
0.655
0.947
0.178
0.577
0.879
0.271
0.219
0.152
0.277
0.773
0
0.401
0.505
0.127
0.311
0.099
0.898
0.813
0.688
0.656
0.657
0
0.791
0.166
0.26
0.225
0.957
0.602
0.323
0.225
0.522
0.943
0.988
0.385
0.534
0.228
0.842
0.259
0.36
0.805
0.773
0.469
0.979
0.051
0.928
0.863
0.001
0.99
0.558
0.702
0.393
0.339
0.802
0.619
0.106
0.95
0.558
0.907
0.6
0.153
0
0.683
0.744
0.282
0.712
0.247
0.579
0.567
0.58
0.923
0.204
0.231
0.002
0.965
0.685
0.672
0.958
0.937
0.793
0.146
0.465
0.908
0.866
0.68
0.762
0.92
0.528
0.581
0.956
0.308
0.141
0.418
0.318
0.891
0.781
0.529
0.094
0.575
0.041
0.007
0.13
0.371
0.849
0.251
0.272
0.391
0.995
0.552
0.356
0.036
0.585
0.453
0.975
0.998
0.8
0.204
0.458
0.513
0.082
0.066
0.008
0.008
0.304
0.674
0.726
0.873
0.714
0.457
0.537
0.689
0.079
0.146
0.23
0.67
0.081
0.095
0.032
0.686
0.923
0.438
0.592
0.607
0.906
0.209
0.366
0.959
0.897
0.452
0.225
0.131
0.681
0.004
0.856
0.248
0.434
0.431
0.246
0.065
0.253
0.373
0.847
0.616
0.692
0.192
0.945
0.645
0.359
0.134
0.002
0.72
0.591
0.003
0.58
0.708
0.392
0.254
0.597
0.709
0.113
0.156
0.823
0.49
0.015
0.367
0.822
0.322
0.083
0.016
0.752
0.288
0.866
0.471
0
0.696
0.245
0.643
0.043
0.056
0.444
0.588
0.551
0.676
0.408
0.963
0.5
0.542
0.133
0.32
0.993
0.33
0.909
0.414
0.191
0.318
0.783
0.776
0.138
0.029
0.788
0.967
0.608
0.236
0.226
0.355
0.592
0.798
0.045
0.363
0.96
0.464
0.626
0.998
0.893
0.5
0.762
0.459
0.677
0.925
0.26
0.708
0.836
0.657
0.663
0.369
0.574
0.449
0.731
0.591
0.451
0.27
0.657
0.889
0.971
0.713
0.726
0.138
0.553
0.4
0.015
0.431
0.222
0.676
0.981
0.231
0.118
0.051
0.603
0.949
0.183
0.624
0.566
0.915
0.368
0.443
0.74
0.909
0.324
0.37
0.064
0.057
0.906
0.228
0.407
0.156
0.552
0.447
0.348
0.79
0.711
0.575
0.826
0.524
0.019
0.633
0.784
0.525
0.694
0.084
0.111
0.723
0.786
0.918
0.836
0.698
0.344
0.437
0.145
0.435
0.134
0.662
0.084
0.623
0.196
0.556
0.619
0.913
0.532
0.602
0.473
0.323
0.334
0.239
0.078
0.61
0.08
0.709
0.513
0.172
0.188
0.784
0.321
0.578
0.597
0.207
0.984
0.206
0.999
0.278
0.719
0.943
0.044
0.294
0.694
0.7
0.913
0.316
0.336
0.497
0.546
0.874
0.009
0.324
0.312
0.295
0.514
0.35
0.714
0.029
0.097
0.304
0.705
0.176
0.279
0.878
0.736
0.641
0.664
0.377
0.738
0.737
0.929
0.005
0.319
0.179
0.619
0.771
0.735
0.329
0.107
0.14
0.546
0.284
0.651
0.937
0.522
0.279
0.399
0.972
0.157
0.288
0.91
0.137
0.889
0.065
0.947
0.464
0.387
0.55
0.273
0.08
0.032
0.768
0.538
0.041
0.485
0.015
0.871
0.457
0.985
0.834
0.01
0.409
0.858
0.953
0.624
0.41
0.186
0.266
0.95
0.373
0.203
0.835
0.1
0.394
0.92
0.619
0.549
0.824
0.466
0.404
0.345
0.442
0.384
0.589
0.355
0.381
0.078
0.84
0.148
0.611
0.649
0.966
0.993
0.963
0.233
0.155
0.781
0.188
0.162
0.198
0.68
0.626
0.822
0.877
0.477
0.657
0.891
0.134
0.315
0.933
0
0.89
0.721
0.191
0.733
0.898
0.024
0.756
0.07
0.569
0.363
0.413
0.442
0.096
0.905
0.833
0.906
0.923
0.411
0.725
0.256
0.764
0.949
0.771
0.904
0.04
0.592
0.2
0.417
0.647
0.426
0.583
0.547
0.357
0.676
0.656
0.512
0.314
0.291
0.305
0.105
0.939
0.289
0.58
0.433
0.739
0.107
0.124
0.077
0.594
0.51
0.443
0.097
0.502
0.358
0.3
0.903
0.396
0.133
0.336
0.465
0.321
0.148
0.821
0.123
0.695
0.407
0.821
0.828
0.916
0.206
0.754
0.756
0.398
0.297
0.752
0.416
0.78
0.809
0.059
0.388
0.663
0.683
0.062
0.806
0.191
0.62
0.25
0.295
0.182
0.798
0.152
0.264
0.086
0.918
0.777
0.914
0.358
0.597
0.782
0.463
0.5
0.496
0.977
0.039
0.083
0.483
0.178
0.075
0.369
0.467
0.362
0
0.216
0.134
0.161
0.35
0.833
0.037
0.544
0.884
0.27
0.666
0.05
0.762
0.293
0.048
0.356
0.039
0.446
0.136
0.047
0.515
0.808
0
0.855
0.112
0.744
0.349
0.803
0.669
0.002
0.721
0.192
0.723
0.936
0.792
0.649
0.22
0.308
0.949
0.716
0.328
0.178
0.164
0.188
0.878
0.724
0.263
0.35
0.782
0.181
0.775
0.831
0.514
0.05
0.25
0.739
0.997
0.792
0.305
0.125
0.899
0.464
0.694
0.827
0.342
0.289
0.179
0.152
0.813
0.817
0.575
0.019
0.963
0.356
0.896
0.521
0.959
0.403
0.997
0.505
0.87
0.306
0.907
0.447
0.909
0.808
0.447
0.923
0.515
0.297
0.027
0.541
0.937
0.665
0.735
0.525
0.097
0.865
0.864
0.506
0.287
0.247
0.145
0.761
0.482
0.561
0.015
0.241
0.679
0.378
0.168
0.273
0.91
0.258
0.137
0.799
0.375
0.015
0.389
0.908
0.743
0.669
0.551
0.732
0.701
0.336
0.624
0.175
0.989
0.159
0.483
0.063
0.223
0.593
0.968
0.682
0.221
0.469
0.331
0.598
0.622
0.985
0.67
0.634
0.301
0.783
0.674
0.041
0.67
0.501
0.311
0.641
0.64
0.67
0.717
0.602
0.746
1.0
0.546
0.034
0.363
0.927
0.228
0.47
0.957
0.247
0.359
0.81
0.77
0.552
0.907
0.719
0.849
0.282
0.786
0.184
0.814
0.928
0.66
0.076
0.267
0.078
0.81
0.304
0.468
0.736
0.092
0.463
0.434
0.963
0.209
0.789
0.287
0.623
0.945
0.202
0.053
0.075
0.616
0.806
0.803
0.083
0.028
0.164
0.947
0.503
0.04
0.263
0.771
0.784
0.527
0.316
0.806
0.102
0.629
0.319
0.307
0.876
0.873
0.846
0.865
0.32
0.038
0.632
0.135
0.483
0.447
0.821
0.955
0.645
0.27
0.209
0.816
0.365
0.414
0.262
0.724
0.226
0.341
0.145
0.521
0.891
0.735
0.394
0.05
0.749
0.019
0.69
0.97
0.247
0.802
0.479
0.767
0.841
0.159
0.405
0.715
0.928
0.346
0.619
0.308
0.845
0.731
0.802
0.933
0.831
0.327
0.544
0.688
0.537
0.415
0.356
0.2
0.576
0.114
0.85
0.995
0.525
0.729
0.771
0.796
0.394
0.373
0.003
0.354
0.805
0.221
0
0.023
0.82
0.984
0.558
0.667
0.773
0.069
0.491
0.718
0.705
0.257
0.04
0.513
0.228
0.312
0.335
0.102
0.38
0.8
0.605
0.553
0.523
0.513
0.992
0.411
0.007
0.218
0.898
0.17
0.244
0.415
0.835
0.699
0.908
0.654
0.016
0.835
0.238
0.42
0.509
0.762
0.881
0.487
0.226
0.298
0.975
0.409
0.255
0.753
0.989
0.328
0.233
0.128
0.482
0.727
0.841
0.729
0.293
0.672
0.207
0.524
0.956
0.513
0.436
0.382
0.175
0.522
0.291
0.79
0.899
0.57
0.449
0.698
0.585
0.202
0.047
0.125
0.978
0.983
0.629
0.308
0.537
0.201
0.616
0.645
0.981
0.619
0.112
0.161
0.63
0
0.072
