0.625
0
0.638
0.097
0.64
0.402
0.69
0.539
0.964
0.333
0.441
0.772
0.919
0.338
0.034
0.587
0.769
0.696
0.547
0.317
0.3
0.225
0.817
0.241
0.619
0.745
0.209
0.074
0.37
0.961
0.777
0.32
0.483
0.208
0.327
0.213
0.539
0.249
0.228
0.771
0.702
0.679
0.435
0.909
0.604
0.537
0.871
0.461
0.419
0.001
0.743
0.269
0.808
0.581
0.316
0.163
0.872
0.578
0.158
0.054
0.297
0.506
0.89
0.742
0.923
0.739
0.655
0.793
0.042
0.837
0.445
0.322
0.325
0.381
0.051
0.339
0.994
0.877
0.863
0.195
0.609
0.898
0.828
0.233
0.151
0.16
0.766
0.021
0.619
0.76
0.581
0.149
0.222
0.384
0.179
0.557
0.977
0.611
0.061
0.453
0.927
0.631
0.646
0.942
0.512
0.389
0.348
0.361
0.443
0.659
0.855
0.807
0.663
0.665
0.745
0.741
0.646
0.945
0.759
0.01
0.458
0.783
0.547
0.766
0.481
0.881
0.78
0.758
0.547
0.636
0.757
0.358
0.191
0
0.275
0.014
0.539
0.652
0.39
0.072
0.205
0.853
0.067
0.085
0.4
0.616
0.122
0.443
0.915
0.218
0.708
0.929
0.181
0.438
0.389
0.377
0.493
0.483
0.17
0.824
0.396
0
0.639
0.146
0.404
0.588
0.94
0.029
0.284
0.302
0.524
0.36
0.388
0.652
0.072
0.518
0.565
0.995
0.084
0.362
0.113
0.951
0.115
0.615
0.766
0.991
0.424
0.307
0.662
0.011
0.821
0.107
0.784
0.506
0.923
0.799
0.791
0.049
0.616
0.802
0.309
0.122
0.45
0.342
0.765
0.902
0.634
0.891
0.642
0.412
0.417
0.726
0.828
0.105
0.477
0.646
0.181
0.566
0.111
0.332
0.393
0.626
0.119
0.374
0.13
0.26
0.162
0.471
0.935
0.677
0.928
0.192
0.112
0.14
0.493
0.829
0.528
0.752
0.015
0.712
0.643
0.061
0.618
0.971
0.52
0.068
0.18
0.612
0.131
0.197
0.125
0.608
0
0.04
0.212
0.453
0.233
0.498
0.284
0.989
0.215
0.93
0.984
0.774
0.801
0.811
0.671
0.826
0.048
0.137
0.416
0.732
0.647
0.208
0.663
0.996
0.128
0.781
0.088
0.223
0.029
0.659
0.944
0.875
0.584
0.739
0.946
0.193
0.2
0.591
0.034
0.743
0.576
0.606
0.057
0
0.129
0.506
0.113
0.919
0.981
0.454
0.106
0.438
0.337
0.942
0.012
0.52
0.913
0.777
0.439
0.026
0.855
0.355
0.682
0.274
0.896
0.426
0.038
0.708
0.163
0.233
0.388
0.836
0.972
0.44
0.258
0.158
0.738
0.376
0.717
0.427
0.937
0.662
0.897
0.787
0.288
0.798
0.523
0.061
0.784
0.589
0.487
0.437
0.184
0.247
0.165
0.956
0.13
0.044
0.447
0.588
0.477
0.311
0.874
0.303
0.657
0.237
0.546
0.041
0.674
0.257
0.693
0.166
0.006
0.275
0.658
0.248
0.22
0.831
0.906
0.681
0.911
0.359
0.172
0.094
0.02
0.997
0.15
0.606
0.914
0.822
0.705
0.683
0.981
0.139
0.806
0.76
0.974
0.622
0.289
0.846
0.786
0.321
0.989
0.082
0.915
0.135
0.84
0.186
0.679
0.52
0.342
0.115
0.601
0.424
0.15
0.84
0.128
0.911
0.736
0.583
0.973
0.01
0.238
0.625
0.826
0.121
0.725
0.568
0.098
0.456
0.564
0.019
0.792
0.951
0.596
0.133
0.069
0.641
0.909
0.342
0.087
0.637
0.619
0.997
0.611
0.229
0.883
0.621
0.372
0.585
0.401
0.326
0.172
0.121
0.445
0.421
0.926
0.379
0.839
0.074
0.505
0.236
0.98
0.061
0.815
0.839
0.036
0.391
0.847
0.088
0
0.933
0.643
0.686
0.537
0.682
0.721
0.087
0.61
0.634
0.503
0.432
0.826
0.813
0.257
0.569
0.99
0.567
0.645
0.89
0.134
0.013
0.214
0.57
0.8
0.218
0.187
0.005
0.044
0.232
0.178
0.787
0.731
0.966
0.185
0.653
0.61
0.271
0.625
0.787
0.911
0.883
0.159
0.152
0.287
0.733
0.662
0.391
0.674
0.97
0.199
0.452
0.468
0.224
0.247
0.857
0.234
0.017
0.205
0.884
0.548
0.011
0.118
0.925
0.28
0.623
0.552
0.234
0.148
0.055
0.256
0.666
0.837
0.64
0.259
0.068
0.998
0.441
0.826
0.185
0.983
0.341
0.427
0.382
0.275
0.438
0.95
0.024
0.568
0.662
0.913
0.998
0.554
0.245
0.927
0.781
0.374
0.607
0.342
0.96
0.327
0.771
0.569
0.97
0.343
0.214
0.267
0.591
0.006
0.03
0.177
0.358
0.306
0.025
0.627
0.029
0.345
0.242
0.724
0.595
0.204
0.865
0.105
0.33
0.211
0.658
0.255
0.068
0.48
0.828
0.345
0.536
0.884
0.089
0.929
0.804
0.575
0.433
0.416
0.087
0.359
0.044
0.525
0.259
0.185
0.603
0.062
0.357
0.68
0.506
0.113
0.039
0.29
0.59
0.717
0.634
0.52
0.928
0.02
0.246
0.118
0.992
0.844
0.212
0.536
0.925
0.338
0.836
0.11
0.577
0.142
0.875
0.992
0.917
0.382
0.34
0.882
0.068
0.699
0.869
0.214
0.674
0.26
0.282
0.115
0.421
0.979
0.565
0.496
0.976
0.407
0.691
0.657
0.383
0.682
0.231
0.775
0.065
0.564
0.652
0.448
0.777
0.422
0.198
0.87
0.851
0.862
0
0.169
0.978
0.589
0.689
0.472
0.34
0.73
0.641
0.344
0.478
0.279
0.313
0.608
0.271
0.287
0.734
0.543
0.959
0.425
0.234
0.566
0.598
0.277
0.825
0.573
0.733
0.216
0.724
0.974
0.006
0.876
0.787
0.567
0.791
0.675
0.83
0.599
0.026
0.528
0.887
0.774
0.15
0.258
0.614
0.238
0.615
0.602
0.745
0.865
0.13
0.278
0.961
0.967
0.396
0.549
0.253
0.67
0.597
0.278
0.975
0.608
0.93
0.645
0.249
0.873
0.803
0.77
0.466
0.273
0.116
0.128
0.291
0.538
0.685
0.675
0.467
0.569
0.574
0.79
0.116
0.27
0.386
0.226
0.34
0.727
0.642
0.365
0.429
0.184
0.525
0.679
0.963
0.615
0.889
0.99
0.666
0.475
0.534
0.812
0.628
0.177
0.15
0.326
0.596
0.63
0.509
0.973
0.383
0.406
0.881
0.946
0.716
0.733
0.742
0.532
0.522
0.484
0.109
0.095
0.956
0.444
0.485
0.251
0.033
0.115
0.757
0.158
0.569
0.666
0.814
0.225
0.607
0.201
0.434
0.655
0.467
0.198
0.526
0.524
0.617
0.468
0.076
0.559
0.237
0.416
0.479
0.934
0.618
0.032
0.339
0.607
0
0.635
0.328
0.512
0.334
0.6
0.307
0.653
0.093
0.936
0.334
0.636
0.398
0.4
0.686
0.305
0.472
0.574
0.694
0.15
0.448
0.45
0.597
0.87
0.917
0.188
0.012
0.784
0.504
0.031
0.792
0.687
0.201
0.351
0.297
0.766
0.534
0.521
0.307
0.145
0.034
0.499
0.395
0.858
0.245
0.333
0.581
0.361
0.937
0.481
0.979
0.069
0.089
0.704
0.41
0.126
0.737
0.753
0.607
0.137
0.157
0.746
0
0.028
0.706
0.053
0.543
0.276
0.845
0.566
0.681
0.751
0.781
0.734
0.504
0.005
0.977
0.45
0.669
0.967
0.563
0.894
0.243
0.083
0.24
0.023
0.572
0.001
0.328
0.756
0.378
0.103
0.511
0.959
0.517
0.452
0.339
0.474
0.138
0.329
0.348
0.87
0.248
0.108
0.989
0.784
0.605
0.015
0.796
0.854
0.803
0.786
0.179
0.657
0.346
0.598
0.946
0.591
0.164
0.203
0.737
0.916
0.286
0.226
0.137
0.571
0.078
0.848
0.181
0.999
0.557
0.461
0.33
0.791
0.201
0.638
0.901
0.314
0.495
0.316
0.467
0.396
0.16
0.175
0.035
0.736
0.897
0.279
0.377
0.79
0.455
0.859
0.841
0.513
0.067
0.764
0.076
0.312
0.395
0.236
0.391
0.166
0.948
0.055
0.515
0.809
0.956
0.909
0.956
0.799
0.473
0.615
0.672
0.027
0.394
0.763
0.094
0.061
0.713
