0.61
0.214
0.583
0.266
0.248
0.947
0.269
0.383
0.056
0.869
0.35
0.581
0.696
0.982
0.57
0.263
0.906
0.754
0.695
0.324
0.991
0.318
0.329
0.778
0.386
0.116
0.868
0.438
0.296
0.433
0.917
0.161
0.965
0.677
0.575
0.662
0.448
0.358
0.709
0.777
0.938
0.11
0.863
0.105
0.702
0.274
0.679
0.149
0.939
0.783
0.819
0.481
0.335
0.406
0.533
0.091
0.219
0.843
0.556
0.875
0.099
0.321
0.111
0.958
0.522
0.885
0.171
0.167
0.35
0.43
0.8
0.623
0.442
0.578
0.899
0.741
0.674
0.845
0.745
0.668
0.314
0.05
0.392
0.076
0.228
0.672
0.408
0.174
0.171
0.384
0.489
0.36
0.83
0.374
0.702
0.288
0.045
0.385
0.542
0.266
0.066
0.357
0.755
0.181
0.477
0.885
0.24
0.811
0.251
0.628
0.621
0.252
0.176
0.792
0.328
0.365
0.941
0.348
0.012
0.671
0.956
0.604
0.619
0.732
0.581
0.403
0.805
0.399
0.119
0.935
0.893
0.909
0.798
0.528
0.5
0.998
0.798
0.336
0.067
0.635
0.505
0.81
0.917
0.666
0.815
0.781
0.48
0.714
0.415
0.893
0.961
0.673
0.064
0.471
0.489
0.193
0.56
0.188
0.268
0.17
0.368
0.685
0.545
0.511
0.693
0.924
0.783
0.336
0.484
0.215
0.436
0.823
0.112
0.541
0.989
0.3
0.167
0.865
0.004
0.008
0.128
0.198
0.836
0.252
0.485
0.003
0.918
0.66
0.894
0.63
0.099
0.105
0.803
0.547
0.155
0.732
0.387
0.332
0.57
0.187
0.111
0.614
0.074
0.665
0.134
0.487
0.171
0.93
0.189
0.935
0.456
0.316
0.846
0.202
0.611
0.13
0.686
0.331
0.042
0.032
0.629
0.777
0.76
0.741
0.877
0.359
0.118
0.306
0.047
0.25
0.113
0.89
0.914
0.808
0.501
0.166
0.57
0.134
0.117
0.22
0.861
0.544
0.605
0.599
0.813
0.932
0.17
0.247
0.209
0.611
0.654
0.117
0.613
0.243
0.849
0.119
0.342
0.74
0.642
0.538
0.527
0.319
0.37
0.031
0.05
0.252
0.155
0.454
0.0
0.074
0.347
0.505
0.877
0.712
0.38
0.598
0.797
0.891
0.829
0.209
0.325
0.73
0.07
0.463
0.962
0.937
0
0.395
0.198
0.718
0.77
0.446
0.967
0.034
0.347
0.029
0.539
0.111
0.49
0.323
0.834
0.295
0.051
0.061
0.368
0.888
0.653
0.339
0.298
0.495
0.946
0.359
0.57
0.51
0.129
0.747
0.664
0.197
0.893
0.616
0.751
0.57
0.71
0.518
0.127
0.312
0.806
0.303
0.217
0.993
0.537
0.618
0.878
0.666
0.383
0.194
0.317
0.296
0.071
0.298
0.896
0.579
0.001
0.597
0.017
0.925
0.968
0.33
0.391
0.869
0.959
0.788
0.098
0.587
0.992
0.974
0.768
0.305
0.819
0.614
0.874
0.665
0.012
0.04
0.398
0.707
0.923
0.955
0.427
0.979
0.398
0.662
0.894
0.207
0.774
0.126
0.03
0.226
0.768
0.665
0.161
0.963
0.259
0.548
0.649
0.743
0.94
0.418
0.41
0.951
0.844
0.002
0.924
0.48
0.619
0.05
0.873
0.705
0.891
0.516
0.167
0.464
0.946
0.118
0.711
0.771
0.547
0.224
0.204
0.711
0.162
0.599
0.467
0.696
0.616
0.4
0.152
0.622
0.282
0.699
0.72
0.829
0.062
0.529
0.01
0.266
0.105
0.3
0.636
0.838
0.957
0.072
0.269
0.469
0.451
0.624
0.695
0.66
0.259
0.749
0.848
0.338
0.579
0.102
0.176
0.139
0.075
0.231
0.834
0.834
0.963
0.596
0.597
0.555
0.104
0.886
0.958
0.322
0.436
0.646
0.79
0.129
0.559
0.887
0.736
0.45
0.954
0.599
0.161
0.961
0.272
0.371
0.23
0.803
0.033
0.347
0.555
0.346
0.692
0.794
0.561
0.828
0.09
0.171
0.69
0.717
0.344
0.795
0.05
0.879
0.262
0.104
0.493
0.485
0.293
0.271
0.597
0.384
0.493
0.323
0.103
0.515
0.445
0.852
0.058
0.122
0.311
0.491
0.319
0.585
0.122
0.256
0.184
0.301
0.562
0.933
0.3
0.203
0.762
0.849
0.608
0.921
0.158
0.708
0.393
0.738
0.739
0.636
0.296
0.186
0.761
0.776
0.799
0.253
0.3
0.265
0.774
0.831
0.535
0.492
0.527
0.148
0.511
0.749
0.391
0.95
0.922
0.157
0.927
0.827
0.421
0.829
0.693
0.299
0.562
0.288
0
0.88
0.726
0.868
0.727
0.066
0.469
0.969
0.375
0.768
0.849
0.101
0.991
0.935
0.664
0.64
0.248
0.452
0.706
0.301
0.55
0.247
0.252
0.293
0.491
0.238
0.005
0.067
0.197
0.166
0.491
0.474
0.061
0.17
0.245
0.863
0.47
0.282
0.811
0.319
0.333
0.558
0.172
0.674
0.967
0.114
0.982
0.132
0.355
0.846
0.597
0.542
0.403
0.214
0.383
0.819
0.26
0.645
0.13
0.48
0.055
0.576
0.27
0.648
0.455
0.389
0.085
0.547
0.292
0.825
0.379
0.148
0.169
0.925
0.852
0.8
0.201
0.655
0.127
0.149
0.495
0.949
0.709
0.516
0.628
0.62
0.762
0.251
0.104
0.477
0.53
0.385
0.641
0.528
0.115
0.356
0.938
0.211
0.301
0.809
0.286
0.098
0.921
0.084
0.687
0.31
0.611
0.288
0.136
0.402
0.162
0.641
0.931
0.068
0.046
0.107
0.388
0.888
0.828
0.861
0.899
0.93
0.96
0.628
0.424
0.606
0.69
0.947
0.381
0.295
0.022
0.61
0.131
0.446
0.238
0.575
0.027
0.82
0.551
0.456
0.424
0.974
0.907
0.148
0.234
0.933
0.744
0.61
0.888
0.708
0.596
0.809
0.596
0.704
0.576
0.684
0.707
0.669
0.742
0.627
0.347
0.291
0.167
0.433
0.614
0.041
0.648
0.717
0.444
0.392
0.381
0.759
0.886
0.675
0.497
0.382
0.501
0.396
0.659
0.476
0.801
0.298
0.525
0.355
0.838
0.745
0.479
0.877
0.589
0.194
0.088
0.623
0.476
0.844
0.185
0.568
0.869
0.534
0.184
0.124
0.673
0.241
0.15
0.152
0.587
0.253
0.534
0.391
0.436
0.078
0.772
0.937
0.217
0.882
0.53
0.715
0.207
0.138
0.289
0.393
0.91
0.367
0.687
0.136
0.353
0.152
0.001
0.899
0.075
0.487
0.128
0.511
0.405
0.617
0.826
0.074
0.393
0.473
0.933
0.053
0.778
0.845
0.759
0.07
0.19
0.415
0.34
0.088
0.567
0.706
0.721
0.69
0.798
0.123
0.302
0
0.254
0.559
0.609
0.362
0.585
0.715
0.067
0.769
0.268
0.837
0.4
0.649
0.986
0.586
0.469
0.75
0.077
0.703
0.923
0.801
0.516
0.19
0.685
0.736
0.282
0.319
0.442
0.276
0.766
0.336
0.276
0.919
0.849
0.678
0.368
0.993
0.012
0.932
0.756
0.035
0.707
0.618
0.368
0.346
0.433
0.186
0.049
0.812
0.905
0.2
0.868
0.482
0.448
0.378
0.652
0.233
0.307
0.171
0.307
0.979
0.173
0.818
0.966
0.201
0.334
0.36
0.946
0.612
0.185
0.609
0.528
0.701
0.101
0.259
0.451
0.167
0.497
0.852
0.956
0.917
0.749
0.366
0.486
0.852
0.18
0.235
0.293
0.044
0.244
0.713
0.96
0.233
0.56
0.076
0.602
0.663
0.487
0.192
0.567
0.988
0.582
0.541
0.93
0.931
0.002
0.057
0.857
0.374
0.575
0.686
0.139
0.769
0.098
0.228
0.96
0.37
0.038
0.844
0.02
0.756
0.738
0.071
0.862
0.148
0.792
0.68
0.983
0.298
0.878
0.663
0.091
0.74
0.314
0.341
0.548
0.871
0.89
0.819
0.34
0.726
0.341
0.56
0.112
0.341
0.74
0.433
0.471
0.578
0.774
0.743
0.331
0.574
0.298
0.412
0.478
0.24
0.384
0.261
0.576
0.166
0.742
0.545
0.796
0.359
0.983
0.746
0.771
0.216
0.274
0.882
0.531
0.229
0.708
0.551
0.615
0.168
0.37
0.148
0.228
0.392
0.411
0.527
0.196
0.942
0.166
0.791
0.126
0.345
