0.866
0.445
0.578
0.179
0.486
0.549
0.148
0.281
0.505
0.82
0.374
0.039
0.769
0.823
0.748
0.118
0.679
0.175
0.664
0.169
0.033
0.6
0.399
0.574
0.819
0.815
0.464
0.031
0.002
0.998
0.648
0.141
0.177
0.311
0.029
0.29
0.824
0.664
0.601
0.236
0.227
0.628
0.661
0.826
0.202
0.916
0.073
0.852
0.838
0.094
0.308
0.138
0.047
0.069
0.444
0.695
0.014
0.002
0.757
0.689
0.083
0.714
0.534
0.159
0.476
0.903
0.057
0.975
0.728
0.179
0.773
0.668
0.324
0.996
0.47
0.986
0.148
0.896
0.559
0.231
0.597
0.558
0.826
0.949
0.03
0.675
0.139
0.863
0.164
0.721
0.702
0.61
0.345
0.493
0.31
0.96
0.325
0.767
0.597
0.249
0.116
0.304
0.654
0.021
0.015
0.886
0.205
0.847
0.661
0.077
0.955
0.094
0.561
0.536
0.255
0.66
0.135
0.084
0.206
0.144
0.779
0.729
0.522
0.739
0.155
0.494
0.936
0.409
0.542
0.372
0.34
0.278
0.895
0.148
0.993
0.885
0.995
0.955
0.11
0.713
0.73
0.905
0.373
0.461
0.187
0.74
0.108
0.954
0.531
0.045
0.391
0.026
0.85
0.137
0.415
0.686
0.944
0.638
0.209
0.702
0.784
0.717
0.187
0.092
0.234
0.557
0.399
0.205
0.42
0.025
0.706
0.836
0.187
0.545
0.483
0.619
0.718
0.083
0.741
0.852
0.699
0.547
0.391
0.406
0.064
0.943
0.611
0.266
0.035
0.528
0.967
0.661
0.432
0.127
0.101
0.612
0.955
0.153
0.622
0.004
0.631
0.5
0.819
0.349
0.404
0.071
0.794
0.758
0.37
0.799
0.983
0.143
0.802
0.44
0.078
0.624
0.033
0.928
0.754
0.412
0.266
0.702
0.875
0.6
0.29
0.957
0.116
0.619
0.204
0.387
0.006
0.694
0.202
0.763
0.372
0.038
0.19
0.851
0.847
0.777
0.593
0.641
0.492
0.196
0.213
0.156
0.219
0.932
0.192
0.077
0.333
0.935
0.625
0.372
0.463
0.578
0.645
0.356
0.194
0.164
0.295
0.95
0.593
0.329
0.753
0.421
0.386
0.022
0.343
0.275
0.167
0.78
0.895
0.575
0
0.959
0.209
0.21
0.866
0.18
0.992
0.994
0.738
0.815
0.426
0.534
0.468
0.544
0.562
0.839
0.462
0.499
0.114
0.058
0.419
0.86
0.206
0.787
0.345
0.091
0.8
0.956
0.356
0.974
0.533
0.868
0.845
0.88
0.339
0.254
0.064
0.485
0.942
0.991
0.359
0.185
0.244
0.797
0.796
0.799
0.087
0.267
0.613
0.92
0.823
0.093
0.683
0.944
0.64
0.877
0.703
0.251
0.354
0.782
0.407
0.148
0.174
0.772
0.902
0.513
0.177
0.462
0.052
0.783
0.167
0.351
0.906
0.452
0.227
0.877
0.33
0.734
0.201
0.272
0.943
0.618
0.481
0.761
0.482
0.399
0.628
0.148
0.229
0.083
0.064
0.659
0.785
0.246
0.914
0.245
0.218
0.636
0.029
0.945
0.594
0.028
0.833
0.051
0.486
0.245
0.647
0.649
0.065
0.081
0.867
0.058
0.47
0.168
0.86
0.877
0.438
0.066
0.741
0.38
0.054
0.03
0.352
0.453
0.733
0.517
0.783
0.843
0.941
0.941
0.886
0.986
0.396
0.005
0.123
0.815
0.887
0.131
0.714
0.418
0.506
0.509
0.913
0.244
0.493
0.541
0.041
0.069
0.766
0.129
0.324
0.876
0.589
0.739
0.649
0.506
0.019
0.127
0.775
0.04
0.415
0.87
0.789
0.659
0.219
0.531
0.992
0.861
0.257
0.135
0.261
0.915
0.337
0.943
0.706
0.829
0.813
0.725
0.358
0.152
0.722
0.49
0.19
0.049
0.332
0.494
0.51
0.266
0.966
0.568
0.963
0.221
0.883
0.988
0.706
0.622
0.419
0.411
0.153
0.888
0.494
0.459
0.896
0.329
0.983
0.51
0.242
0.382
0.783
0.936
0.506
0.623
0.574
0.712
0.498
0.686
0.273
0.817
0.267
0.487
0.807
0.294
0.073
0.197
0.483
0.352
0.519
0.405
0.189
0.398
0.297
0.374
0.275
0.298
0.81
0.026
0.993
0.145
0.889
0.931
0.738
0.437
0.838
0.01
0.381
0.883
0.824
0.391
0.453
0.258
0.178
0.988
0.393
0.458
0.915
0.378
0.96
0.126
0.741
0.257
0.645
0.853
0.515
0.807
0.981
0.152
0.24
0.966
0.43
0.062
0.317
0.555
0.901
0.887
0.997
0.591
0.543
0.872
0.19
0.512
0.125
0.191
0.273
0.971
0.784
0.256
0.913
0.993
0.205
0.442
0.954
0.502
0.612
0.613
0.191
0.81
0.297
0.992
0.888
0.724
0.737
0.758
0.49
0.991
0.235
0.6
0.939
0.555
0.34
0.123
0.111
0.659
0.758
0.174
0.968
0.147
0.674
0.267
0.805
0.746
0.128
0.347
0.754
0.932
0.639
0.912
0
0.546
0.827
0.432
0.239
0.468
0.771
0.533
0.04
0.861
0.881
0.135
0.442
0.697
0.955
0.346
0.806
0.897
0.036
0.516
0.501
0.464
0.445
0.63
0.066
0.624
0.584
0.992
0.17
0.079
0.202
0.81
0.247
0.379
0.111
0.345
0.164
0.124
0.874
0.85
0.908
0.922
0.043
0.775
0.737
0.465
0.052
0.928
0.503
0.979
0.24
0.087
0.16
0.184
0.449
0.205
0.331
0.823
0.223
0.754
0.933
0.182
0.094
0.716
0.021
0.029
0.089
0.09
0.616
0.662
0.802
0.173
0.842
0.661
0.269
0.223
0.9
0.322
0.544
0.529
0.286
0.803
0.367
0.884
0.396
0.181
0.385
0.701
0.672
0.839
0.196
0.956
0.391
0.563
0.544
0.595
0.756
0.35
0.33
0.079
0.477
0.473
0.509
0.861
0.573
0.474
0.099
0.973
0.259
0.919
0.487
0.566
0.78
0.186
0.885
0.374
0.62
0.867
0.124
0.711
0.504
0.796
0.206
0.299
0.187
0.876
0.663
0.27
0.341
0.997
0.18
0.469
0.845
0.336
0.346
0.321
0.814
0.576
0.866
0.186
0.741
0.982
0.255
0.246
0.772
0.462
0.403
0.045
0.653
0.627
0.815
0.879
0.946
0.543
0.201
0.889
0.229
0.119
0.137
0.701
0.675
0.999
0.864
0.952
0.384
0.741
0.61
0.077
0.917
0.071
0.81
0.308
0.78
0.769
0.679
0.783
0.656
0.935
0.056
0.769
0.423
0.8
0.311
0.425
0.441
0.652
0.556
0.325
0.599
0.546
0.296
0.692
0.646
0.638
0.0
0.258
0.782
0.53
0.545
0.994
0.558
0.614
0.652
0.502
0.451
0.538
0.983
0.284
0.158
0.919
0.375
0.997
0.976
0.214
0.076
0.615
0.32
0.847
0.982
0.401
0.632
0.939
0.284
0.412
0.865
0.402
0.705
0.425
0.748
0.816
0.448
0.981
0.188
0.037
0.195
0.137
0.139
0.171
0.293
0.476
0.539
0.827
0.821
0.52
0.079
0.722
0.048
0.132
0.444
0.411
0.718
0.793
0.418
0.41
0.375
0.353
0.298
0.926
0.113
0.815
0.14
0.502
0.264
0.649
0.787
0.391
0.814
0.14
0.153
0.028
0.237
0.001
0.71
0.363
0.085
0.354
0.669
0.133
0.763
0.573
0.286
0.861
0.038
0.809
0.735
0.535
0.213
0.24
0.059
0.876
0.572
0.687
0.34
0.614
0.064
0.096
0.561
0.344
0.88
0.064
0.694
0.63
0.14
0.982
0.9
0.087
0.848
0.681
0.818
0.997
0.018
0.639
0.972
0.804
0.147
0.316
0.272
0.598
0.944
0.363
0.424
0.504
0.823
0.807
0.456
0.683
0.918
0.614
0.648
0.421
0.26
0.654
0.774
0.463
0.512
0.019
0.955
0.329
0.022
0.387
0.321
0.652
0.989
0.679
0.571
0.321
0.183
0.698
0.435
0.408
0.191
0.656
0.319
0.128
0.905
0.511
0.861
0.737
0.033
0.778
0.045
0.057
0.152
0.427
0.416
0.643
0.591
0.125
0.884
0.919
0.001
0.49
0.22
0.884
0.105
0.378
0.991
0.528
0.776
0.617
0.545
0.227
0.772
0.505
0.112
0.086
0
0.026
0.695
0.846
0.784
0.211
0.745
0.705
0.666
0.747
0.337
0.513
0.353
0.761
