0.929
0.119
0.005
0.073
0.511
0.899
0.234
0.076
0.647
0.594
0.27
0.928
0.087
0.466
0.256
0.015
0.515
0.202
0.059
0.773
0.858
0.353
0.159
0.363
0.406
0.463
0.014
0.394
0.299
0.424
0.271
0.428
0.209
0.828
0.411
0.885
0.458
0.499
0.361
0.803
0.598
0.482
0.407
0.659
0.354
0.088
0.633
0.86
0.913
0.597
0.356
0.36
0.365
0.679
0.339
0.098
0.785
0.132
0.304
0.247
0.707
0.188
0.56
0.411
0.896
0.267
0.425
0.45
0.722
0.517
0.284
0.076
0.409
0.708
0.407
0.922
0.458
0.213
0.09
0.054
0.512
0.268
0.048
0.862
0.568
0.238
0.483
0.889
0.565
0.306
0.741
0.431
0.472
0.669
0.157
0.616
0.092
0.038
0.731
0.423
0.927
0.827
0.4
0.538
0.268
0.112
0.905
0.894
0.433
0.839
0.054
0.963
0.619
0.59
0.455
0.874
0.814
0.89
0.494
0.646
0.872
0.191
0.918
0.813
0.09
0.956
0.617
0.129
0.529
0.571
0.782
0.86
0.048
0.199
0.992
0.808
0.373
0.331
0.537
0.397
0.949
0.828
0.848
0.129
0.899
0.987
0.859
0.596
0.732
0.73
0.87
0.197
0.571
0.508
0.913
0.44
0.69
0.061
0.113
0.585
0.933
0.298
0.293
0.922
0.821
0.166
0.997
0.244
0.197
0.579
0.13
0.718
0.793
0.016
0.322
0.113
0.756
0.855
0.7
0.996
0.347
0.343
0.755
0.419
0.949
0.687
0.464
0.324
0.169
0.555
0.102
0.356
0.882
0.796
0.995
0.266
0.842
0.055
0.632
0.631
0.725
0.006
0.744
0
0.414
0.925
0.985
0.721
0.974
0.035
0.655
0.725
0.309
0.637
0.546
0.801
0.791
0.481
0.115
0.305
0.026
0.692
0.683
0.637
0.081
0.435
0.695
0.654
0.711
0.563
0.378
0.711
0.897
0.614
0.799
0.282
0.98
0.821
0.151
0.444
0.231
0.987
0.953
0.598
0.71
0.678
0.634
0.284
0.125
0.198
0
0.246
0.754
0.991
0.845
0.575
0.488
0.434
0.403
0.108
0.884
0.194
0.8
0.168
0.967
0.697
0.448
0.032
0.12
0.729
0.078
0.269
0.116
0.844
0.987
0.192
0.713
0.668
0.34
0.84
0.641
0.105
0.021
0.661
0.706
0.729
0.572
0.115
0.262
0.707
0.863
0.589
0.154
0.23
0.111
0.162
0.688
0.204
0.928
0.996
0.973
0.077
0.279
0.105
0.698
0.675
0.281
0.969
0.535
0.506
0.414
0.284
0.288
0.132
0.704
0.867
0.831
0.4
0.989
0.171
0.247
0.34
0.444
0.748
0.292
0.394
0.687
0.534
0.052
0.304
0.561
0.26
0.68
0.451
0.525
0.419
0.571
0.06
0.464
0.315
0.947
0.52
0.8
0.861
0.962
0.42
0.585
0.24
0.798
0.916
0.619
0.112
0.598
0.784
0.671
0.319
0.328
0.309
0.112
0.491
0.505
0.714
0.33
0.195
0.977
0.283
0.73
0.035
0.133
0.532
0.83
0.102
0.483
0.553
0.239
0.98
0.331
0.279
0.214
0.69
0.305
0.561
0.068
0.207
0.213
0.264
0.117
0.246
0.311
0.221
0.912
0.237
0.074
0.732
0.054
0.446
0.223
0.705
0.957
0.559
0.757
0.357
0.198
0.542
0.379
0
0.275
0.276
0.216
0.812
0.126
0.696
0.5
0.594
0.764
0.393
0.848
0.877
0.663
0.393
0.361
0.972
0.663
0.964
0.458
0.66
0.912
0.07
0.271
0.168
0.32
0.626
0.613
0.615
0.79
0.933
0.669
0.751
0.95
0.302
0.502
0.565
0.622
0.182
0.724
0.601
0.705
0.693
0.741
0.038
0.156
0.561
0.51
0.032
0.828
0.019
0.994
0.098
0.757
0.192
0.83
0.184
0.882
0.709
0.118
0.974
0.817
0.777
0.653
0.038
0.252
0.673
0.513
0.26
0.524
0.539
0.353
0.092
0.158
0.008
0.152
0.445
0.129
0.646
0.226
0.908
0.169
0.925
0.389
0.058
0.424
0.359
0.192
0.675
0.878
0.401
0.943
0.556
0.004
0.194
0.37
0.936
0.637
0.992
0.197
0.522
0.529
0.573
0.231
0.626
0.375
0.218
0.959
0.306
0.491
0.015
0.074
0.792
0.779
0.611
0.734
0.596
0.975
0.06
0.438
0.658
0.038
0.977
0.7
0.459
0.537
0.69
0.184
0.219
0.37
0.388
0.425
0.373
0.632
0.311
0.308
0.98
0.061
0.47
0.265
0.063
0.6
0.267
0.725
0.381
0.075
0.904
0.642
0.863
0.446
0.966
0.742
0.963
0.691
0.915
0.876
0.291
0.692
0.849
0.797
0.883
0.933
0.082
0.757
0.052
0.483
0.705
0.764
0.446
0.24
0.887
0.583
0.089
0.025
0.777
0.744
0.617
0.636
0.36
0.57
0.572
0.578
0.85
0.983
0.139
0.261
0.125
0.384
0.867
0.294
0.476
0.492
0.222
0.167
0.133
0.57
0.499
0.504
0.866
0.142
0.037
0.475
0.77
0.627
0.166
0.354
0.626
0.046
0.511
0.031
0.759
0.014
0.188
0.763
0.12
0.609
0.044
0.146
0.858
0.614
0.71
0.306
0.059
0.453
0.108
0.339
0.28
0.294
0.39
0.575
0.073
0.917
0.401
0.936
0.181
0.908
0.748
0.996
0.517
0.495
0.075
0.427
0.412
0.397
0.996
0.182
0.078
0.642
0.573
0.362
0.478
0.594
0.734
0.559
0
0.555
0.356
0.983
0.409
0.862
0.45
0.906
0.03
0.22
0.548
0.195
0.911
0.263
0.209
0.043
0.036
0.944
0.214
0.723
0.895
0.782
0.856
0.757
0.561
0.039
0.889
0.686
0.659
0.025
0.493
0.936
0.907
0.47
0.986
0.44
0.031
0.395
0.166
0.595
0.302
0.926
0.327
0.581
0.259
0.765
0.948
0.855
0.579
0.426
0.996
0.146
0.705
0.32
0.473
0.939
0.429
0.663
0.504
0.575
0.407
0.388
0.606
0.64
0.282
0.588
0.183
0.753
0.403
0.286
0.558
0.347
0.788
0.77
0.628
0.481
0.834
0.427
0.724
0.039
0.913
0.72
0.177
0.863
0.338
0.39
0.042
0.486
0.868
0.324
0.905
0.383
0.837
0.736
0.485
0.167
0.759
0.386
0.123
0.286
0.605
0.564
0.187
0.002
0.344
0.404
0.211
0.037
0.04
0.309
0.426
0.429
0.194
0.915
0.11
0.372
0.573
0.514
0.922
0.338
0.506
0.958
0.565
0.261
0.869
0.766
0.984
0.108
0.224
0.746
0.45
0.248
0.371
0.091
0.567
0.198
0.492
0.875
0.339
0.553
0.572
0.387
0.689
0.262
0.238
0.027
0.641
0.783
0.321
0.251
0.481
0.996
0.315
0.173
0.257
0.504
0.256
0.292
0.422
0.07
0.222
0.705
0.135
0.209
0.46
0.932
0.652
0.976
0.346
0.709
0.886
0.278
0.125
0.121
0.394
0.695
0.432
0.177
0.622
0.259
0.829
0.033
0.586
0.492
0.093
0.228
0.748
0.05
0.446
0.495
0.697
0.085
0.26
0.265
0.778
0.074
0.591
0.406
0.112
0.464
0.41
0.386
0.802
0.75
0.63
0.025
0.318
0.102
0.975
0.318
0.669
0.54
0.776
0.462
0.223
0.563
0
0.42
0.512
0
0.066
0.075
0.235
0.765
0.386
0.494
0.739
0.862
0.905
0.976
0.689
0.466
0.096
0.555
0.985
0.943
0.169
0.714
0.836
0.901
0.023
0.248
0.572
0.105
0.539
0.443
0.661
0.959
0.836
0.823
0.729
0.574
0.626
0.907
0.104
0.857
0.605
0.797
0.393
0.332
0.646
0.943
0.698
0.571
0.047
0.922
0.002
0.469
0.146
0.115
0.269
0.073
0.012
0.713
0.901
0.689
0.505
0.123
0.797
0.891
0.481
0.35
0.22
0.704
0.675
0.486
0.894
0.524
0.838
0.864
0.779
0.381
0.583
0.882
0.359
0.202
0.541
0.551
0.253
0.157
0.805
0.829
0.841
0.647
0.94
0.448
0.503
0.321
0.073
0.689
0.346
0.645
0.423
0.257
0.018
0.541
0.437
0.087
0.805
0.853
0.565
0.914
0.725
0.253
0.35
0.404
0.353
0.506
0.861
0.397
0.981
0.35
0.866
0.466
0.55
0.273
0.57
0.901
0.806
0.821
0.697
