0.433
0.783
0.57
0.071
0.966
0.955
0.954
0.524
0.467
0.805
0.837
0.066
0.611
0.459
0.556
0.451
0.147
0.095
0.196
0.129
0.474
0.981
0.901
0.976
0.58
0.953
0.456
0.094
0.187
0.415
0.877
0.929
0.978
0.474
0.556
0.878
0.394
0.866
0.059
0.312
0.352
0.883
0.36
0.826
0.933
0.62
0.59
0.265
0.359
0.039
0.603
0.496
0.202
0.988
0.028
0.977
0.273
0.534
0.789
0.812
0.622
0.833
0.283
0.395
0.397
0.884
0.132
0.697
0.663
0.961
0.4
0.665
0.459
0.965
0.219
0.608
0.943
0.396
0.257
0.455
0.902
0.657
0.946
0.376
0.191
0.922
0.641
0.623
0.291
0.01
0.692
0.892
0.067
0.737
0.606
0.593
0.63
0.713
0.194
0.596
0.203
0.567
0.979
0.805
0.661
0.602
0.365
0.478
0.083
0.931
0.012
0.027
0.267
0.048
0.087
0.608
0.942
0.371
0.739
0.421
0.543
0.017
0.028
0.856
0.238
0.486
0.833
0.615
0.886
0.692
0.723
0.038
0.383
0.544
0.548
0.403
0.633
0.411
0.295
0.965
0.497
0.501
0.595
0.85
0.612
0.539
0.388
0.503
0.016
0.825
0.906
0.661
0.902
0.502
0.624
0.255
0.322
0.383
0.66
0.742
0.681
0.182
0.494
0.678
0.729
0.944
0.729
0.725
0.727
0.028
0.608
0.452
0.159
0.761
0.278
0.84
0.95
0.291
0.145
0.942
0.633
0.261
0.378
0.191
0.07
0.549
0.394
0.541
0.977
0.883
0.903
0.486
0.59
0.603
0.309
0.803
0.884
0.0
0.07
0.167
0.761
0.95
0.078
0.518
0.373
0.518
0.144
0.114
0.867
0.829
0.333
0.261
0.306
0.973
0.541
0.188
0.557
0.29
0.264
0.864
0.133
0.669
0.169
0.708
0.09
0.38
0.248
0.473
0.215
0.555
0.865
0.926
0.449
0.59
0.823
0.639
0.766
0.038
0.317
0.598
0.223
0.252
0.636
0.621
0.818
0.025
0.932
0.34
0.657
0.022
0.271
0.078
0.771
0.479
0.554
0.995
0.753
0.752
0.048
0.921
0.003
0.685
0.316
0.01
0.532
0.206
0.114
0.521
0.887
0.129
0.495
0.642
0.883
0.168
0.851
0.625
0.737
0.365
0.426
0.723
0.381
0.34
0.922
0.007
0.494
0.697
0.005
0.652
0.473
0.323
0.546
0.01
0.211
0.803
0.034
0.316
0.308
0.432
0.352
0.562
0.858
0.555
0.825
0.792
0.158
0.558
0.146
0.753
0.198
0.15
0.808
0.516
0.691
0.49
0.746
0.566
0.208
0.569
0.449
0.293
0.167
0
0.39
0.14
0.84
0.002
0.532
0.484
0.942
0.066
0.897
0.973
0.033
0.135
0.046
0.19
0.826
0.614
0.319
0.42
0.806
0.439
0.133
0.171
0.267
0.405
0.996
0.948
0.429
0.437
0.956
0.728
0.028
0.316
0.158
0.472
0.465
0.197
0.323
0.385
0.667
0.027
0.999
0.604
0.597
0.637
0.225
0.717
0.846
0.939
0.499
0.436
0.121
0.193
0.369
0.808
0.034
0.466
0.113
0.325
0.375
0.765
0.132
0.776
0.504
0.842
0.085
0.815
0.864
0.942
0.582
0.196
0.948
0.314
0.509
0.66
0.194
0.364
0.505
0.533
0.726
0.159
0.699
0.842
0.177
0.986
0.367
0.514
0.642
0.971
0.4
0.506
0.412
0.232
0.888
0.133
0.416
0.668
0.463
0.943
0.724
0.136
0.522
0.943
0.648
0.802
0.951
0.736
0.836
0.366
0.112
0.545
0.58
0.085
0.991
0.037
0.615
0.974
0.928
0.583
0.575
0.049
0.925
0.982
0.019
0.614
0.999
0.438
0.786
0.017
0.225
0.419
0.469
0.271
0.443
0.676
0.261
0.465
0.888
0.414
0.186
0.573
0.093
0.751
0.523
0.422
0.53
0.27
0.205
0.128
0.685
0.074
0.398
0.269
0.203
0.624
0.129
0.903
0.054
0.026
0.411
0.32
0.657
0.028
0.166
0.55
0.832
0.12
0.547
0.597
0.533
0.73
0.458
0.914
0.628
0.862
0.379
0.059
0.728
0.72
0.432
0.497
0.793
0.263
0.959
0.165
0.227
0.552
0.343
0.264
0.702
0.566
0.475
0.265
0.198
0.647
0.124
0.305
0.536
0.823
0.221
0.813
0.634
0.577
0.514
0.26
0.437
0.187
0.325
0.978
0.194
0.359
0.093
0.628
0.983
0.735
0.863
0.958
0.902
0.106
0.743
0.705
0.941
0.089
0.769
0.505
0.551
0.434
0.885
0
0.318
0.412
0.597
0.43
0.804
0.953
0.465
0.731
0.07
0.831
0.128
0.66
0.124
0.077
0.332
0.355
0.462
0.963
0.879
0.371
0.402
0.617
0.01
0.839
0.499
0.058
0.198
0.612
0.627
0.051
0.504
0.355
0.169
0.478
0.102
0.047
0.944
0.588
0.629
0.35
0.778
0.897
0.991
0.503
0.905
0.605
0.56
0.794
0.971
0.856
0.838
0.014
0.499
0.829
0.874
0.466
0.806
0.462
0.719
0.331
0.786
0.812
0.852
0.798
0.385
0.263
0.468
0.251
0.065
0.878
0.333
0.382
0.796
0.509
0.443
0.345
0.459
0.649
0.857
0.492
0.147
0.917
0.708
0.723
0.061
0.655
0.093
0.25
0.743
0.557
0.821
0.818
0.994
0.705
0.219
0.682
0.578
0.781
0.625
0.589
0.911
0.919
0.087
0.264
0.812
0.706
0.511
0.573
0.306
0.431
0.796
0.871
0.321
0.206
0.574
0.546
0.542
0.509
0.615
0.039
0.672
0.022
0.444
0.331
0.419
0.575
0.532
0.364
0.137
0.437
0.587
0.192
0.664
0.571
0.145
0.729
0.581
0.689
0.414
0.053
0.445
0.926
0.659
0.697
0.514
0.681
0.841
0.746
0.824
0.444
0.718
0.715
0.202
0.491
0.957
0.025
0.676
0.7
0.098
0.696
0.325
0.927
0.426
0.208
0.594
0.014
0.539
0.849
0.348
0.003
0.902
0.612
0.24
0.083
0.603
0.736
0.39
0.469
0.77
0.104
0.81
0.128
0.172
0.151
0.493
0.426
0.783
0.273
0.469
0.38
0.171
0.275
0.267
0.1
0.99
0.218
0.973
0.582
0.875
0.269
0.52
0.111
0.092
0.37
0.232
0.867
0.156
0.859
0.778
0.175
0.532
0.557
0.715
0.426
0.953
0.629
0.104
0.074
0.552
0.571
0.023
0.948
0.527
0.044
0.679
0.97
0.113
0.724
0.464
0.837
0.586
0.39
0.348
0.434
0.782
0.391
0.846
0.916
0.514
0.482
0.143
0.5
0.273
0.864
0.606
0.487
0.697
0.347
0.595
0.571
0.436
0.132
0.125
0.034
0.681
0.314
0.128
0.428
0.998
0.962
0.982
0.436
0.785
0.309
0.581
0.768
0.546
0.292
0.794
0.603
0.607
0.606
0.449
0.043
0.666
0.641
0.646
0.96
0.555
0.446
0.529
0.239
0.397
0.734
0.593
0.117
0.268
0.586
0.03
0.608
0.538
0.871
0.145
0.917
0.91
0.104
0.082
0.207
0.707
0.402
0.834
0.088
0.065
0.02
0.072
0.775
0.632
0.418
0.357
0.449
0.531
0.63
0.688
0.195
0.241
0.154
0.354
0.808
0.669
0.056
0.066
0.265
0.707
0.852
0.172
0.624
0.431
0.251
0.258
0.653
0.863
0.277
0.663
0.909
0.256
0.416
0.243
0.31
0.424
0.534
0.702
0.03
0.033
0
0.679
0.654
0.549
0.465
0.502
0.757
0.938
0.109
0.434
0.361
0.15
0.909
0.533
0.827
0.945
0.514
0.973
0.961
0.226
0.229
0.673
0.682
0.772
0.365
0.525
0.014
0.636
0.92
0
0.664
0.525
0.304
0.955
0.419
0.568
0.16
0.719
0.912
0.036
0.324
0.88
0.907
0.969
0.152
0.828
0.097
0.083
0.265
0.024
0.634
0.386
0.108
0.257
0.319
0.594
0.46
0.064
0.634
0.656
0.747
0.76
0.932
0.41
0.655
0.564
0.577
0.802
0.358
0.983
0.314
0.207
0.066
0.013
0.813
0.476
0.424
0.419
0.854
0.471
0.147
0.747
0.962
0.42
0.91
0.337
0.646
0.6
0.993
0.177
0.024
0.599
0.658
0.211
0.955
0.691
0.063
0.885
0.812
0.065
0.446
0.32
0.14
0.631
0.582
0.342
0.148
