0.702
0.499
0.204
0.643
0.663
0.394
0.384
0.831
0.416
0.132
0.402
0.345
0.057
0.18
0.282
0.219
0.805
0.691
0.355
0.506
0.934
0.132
0.436
0.261
0.077
0.147
0.805
0.822
0.258
0.447
0.19
0.491
0.601
0.115
0.665
0.938
0.649
0.891
0.243
0.805
0.194
0.127
0.952
0.541
0.034
0.316
0.55
0.166
0.442
0.145
0.001
0.011
0.567
0.209
0.781
0.052
0.91
0.22
0.9
0.68
0.619
0.228
0.34
0.332
0.705
0.78
0.808
0.278
0.983
0.664
0.052
0.654
0.243
0.126
0.628
0.648
0.304
0.036
0.897
0.756
0.179
0.841
0.213
0.669
0.879
0.626
0.44
0.802
0.084
0.619
0.614
0.655
0.801
0.872
0.87
0.411
0.877
0.792
0.844
0.361
0.177
0.504
0.757
0.589
0.738
0.743
0.727
0.429
0.501
0.172
0.039
0.713
0.133
0.2
0.864
0.543
0.453
0.329
0.896
0.247
0.04
0.833
0.829
0.168
0.059
0.215
0.898
0.545
0.842
0.199
0.522
0.231
0.146
0.297
0.651
0.35
0.699
0.287
0.92
0.49
0.417
0.777
0.447
0.902
0.27
0.68
0.795
0.017
0.692
0.504
0.458
0.849
0.239
0.372
0.803
0.837
0.92
0.68
0.18
0.678
0.753
0.985
0.133
0.792
0.159
0.026
0.793
0.279
0.96
0.3
0.172
0.63
0.775
0.878
0.93
0.111
0.107
0.251
0.377
0.806
0.664
0.337
0.944
0.494
0.506
0.582
0.851
0.765
0.489
0.274
0.948
0.14
0.302
0.322
0.796
0.985
0.339
0.326
0.895
0.718
0.885
0.761
0.395
0.341
0.267
0.493
0.973
0.037
0.437
0.701
0.596
0.21
0.456
0.346
0.472
0.253
0.407
0.134
0.141
0.229
0.617
0.7
0.929
0.043
0.78
0.143
0.389
0.369
0.02
0.24
0.933
0.11
0.152
0.2
0.83
0.874
0.947
0.465
0.104
0.747
0.578
0.792
0.22
0.353
0.334
0.837
0.508
0.744
0.247
0.348
0.189
0.785
0.506
0.133
0.153
0.827
0.76
0.769
0.743
0.553
0.271
0.412
0.794
0.29
0.44
0.982
0.065
0.901
0.292
0.155
0.11
0.297
0.298
0.496
0.664
0.734
0.546
0.185
0.338
0.711
0.468
0.953
0.053
0.857
0.522
0.377
0.865
0.121
0.546
0.526
0.758
0.614
0.955
0.703
0.209
0.445
0.118
0.937
0.131
0.808
0.036
0.401
0.24
0.066
0.286
0.49
0.334
0.393
0.619
0.209
0.515
0.444
0.573
0.109
0.281
0.468
0.521
0.579
0.387
0.856
0.677
0.637
0.187
0.909
0.542
0.038
0.439
0.74
0.4
0.969
0.348
0.407
0.468
0.617
0.32
0.416
0.355
0.837
0.35
0.784
0.084
0.412
0.806
0.328
0.326
0.118
0.464
0.316
0.866
0.233
0.739
0.051
0.86
0.568
0.451
0.798
0.565
0.573
0.926
0.334
0.313
0.855
0.273
0.016
0.856
0.347
0.074
0.898
0.622
0.302
0.888
0.474
0.466
0.401
0.428
0.421
0.962
0.01
0.882
0.37
0.108
0.873
0.67
0.628
0.433
0.123
0.703
0.917
0.17
0.166
0.225
0.475
0.682
0.547
0.329
0.494
0.934
0.228
0.051
0.509
0.149
0.856
0.605
0.355
0.859
0.313
0.634
0.363
0.25
0.521
0.981
0.302
0.874
0.488
0.269
0.912
0.417
0.569
0.417
0.461
0.151
0.392
0.75
0.647
0.8
0.801
0.923
0.384
0.402
0.009
0.748
0.362
0.843
0.7
0.82
0.108
0.553
0.789
0.723
0.186
0.29
0.127
0.257
0.893
0.509
0.159
0.52
0.758
0.84
0.459
0.783
0.917
0.293
0.705
0.929
0.824
0.05
0.407
0.095
0.662
0.847
0.955
0.41
0.996
0.672
0.283
0.134
0.584
0.772
0.353
0.514
0.308
0.583
0.863
0.408
0.471
0.459
0.839
0.576
0.801
0.711
0.137
0.726
0.289
0.073
0.603
0.993
0.803
0.047
0.941
0.974
0.085
0.247
0.74
0.839
0.005
0.63
0.061
0.076
0.932
0.64
0.61
0.638
0.656
0.493
0.108
0.379
0.694
0.771
0.253
0.037
0.466
0.564
0.603
0.308
0.724
0.626
0.381
0.082
0.986
0.326
0.155
0.735
0.954
0.174
0.004
0.243
0.044
0.053
0.464
0.255
0.029
0.949
0.382
0.207
0.688
0.15
0.411
0.279
0.958
0.509
0.438
0.366
0.62
0.37
0.53
0.281
0.473
0.648
0.126
0.748
0.179
0.575
0.306
0.002
0.448
0.509
0.167
0.398
0.654
0.094
0
0.96
0.919
0.866
0.092
0.492
0.55
0.672
0.937
0.076
0.714
0.023
0.534
0.214
0.566
0.495
0.689
0.274
0.123
0.397
0.088
0.196
0.892
0.618
0.174
0.843
0.501
0.252
0.078
0.52
0.099
0.431
0.822
0.677
0.616
0.901
0.874
0.563
0.969
0.263
0.232
0.125
0.196
0.47
0.173
0.397
0.017
0.637
0.222
0.21
0.329
0.4
0.502
0.208
0.678
0.636
0.266
0.582
0.425
0.998
0.407
0.563
0.747
0.147
0.06
0.695
0.108
0.163
0.694
0.448
0.687
0.566
0.289
0.398
0.807
0.783
0.814
0.614
0.991
0.036
0.603
0.167
0.034
0.914
0.56
0.255
0.292
0.329
0.537
0.82
0.057
0.936
0.805
0.938
0.171
0.197
0.559
0.683
0.376
0.652
0.442
0.041
0.82
0.275
0.643
0.799
0.635
0.624
0.411
0.263
0.58
0.21
0.968
0.782
0.019
0.607
0.059
0.829
0.246
0.103
0.005
0.623
0.827
0.492
0.993
0.868
0.45
0.965
0.393
0.799
0.602
0.293
0.31
0.788
0.132
0.408
0.767
0.287
0.046
0.446
0.823
0.698
0.761
0.136
0.881
0.947
0.591
0.471
0.666
0.606
0.97
0.268
0.894
0.815
0.466
0.555
0.333
0.173
0.881
0.836
0.975
0.904
0.678
0.566
0.892
0.936
0.578
0.898
0.18
0.928
0.923
0.984
0.2
0.045
0.507
0.245
0.747
0.224
0.179
0.646
0.037
0.413
0.204
0.632
0.443
0.792
0.107
0.282
0.901
0.276
0.109
0.545
0.041
0.243
0.43
0.675
0.364
0.529
0.933
0.652
0.108
0.337
0.329
0.045
0.45
0.514
0.145
0.113
0.281
0.231
0.65
0.487
0.574
0.432
0.957
0.7
0.32
0.062
0.981
0.183
0.928
0.773
0.409
0.163
0.195
0.107
0.205
0.775
0.456
0.467
0.622
0.807
0.273
0.312
0.251
0.825
0.141
0.628
0.795
0.474
0.115
0.116
0.009
0.02
0.8
0.27
0.153
0.986
0.227
0.836
0.935
0.011
0.98
0.862
0.5
0.075
0.624
0.176
0.116
0.576
0.072
0.978
0.542
0.461
0.714
0.916
0.69
0.901
0.734
0.335
0.282
0.916
0.438
0.097
0.55
0.878
0.502
0.904
0.919
0.196
0.524
0.446
0.19
0.46
0.373
0.402
0.649
0.178
0.74
0.741
0.971
0.16
0.936
0.987
0.617
0.107
0.658
0.969
0.49
0.83
0.521
0.597
0.053
0.291
0.494
0.594
0.207
0.568
0.923
0.685
0.887
0.364
0.228
0.628
0.396
0.506
0.736
0.937
0.572
0.985
0.732
0.218
0.813
0.03
0.725
0.415
0.289
0.877
0.073
0.297
0.366
0.663
0.497
0.882
0.85
0.747
0.617
0.677
0.413
0.064
0.373
0.98
0.573
0.723
0.588
0.867
0.991
0.54
0.272
0.412
0.363
0.727
0.686
0.139
0.602
0.106
0.518
0.898
0.907
0.994
0.409
0.077
0.432
0.968
0.222
0.364
0.728
0.808
0.343
0.476
0.219
0.565
0.936
0.096
0.94
0.979
0.557
0.809
0.229
0.773
0.55
0.659
0.327
0.788
0.273
0.294
0.814
0.818
0.322
0.42
0.719
0.538
0.946
0.543
0.855
0.433
0.581
0.048
0.95
0.962
0.199
0.158
0.545
0.471
0.353
0.244
0.494
0.974
0.625
0.041
0.185
0.523
0.611
0.78
0.99
0.614
0.154
0.651
0.034
0.198
0.137
0.675
0.083
0.714
0.396
0.905
0.064
0.297
0.991
0.388
0.966
0.83
0.617
0.862
0.519
0.785
0.978
0.786
0.68
