0.889
0.531
0.627
0.996
0.247
0.409
0.591
0.188
0.613
0.124
0.316
0.986
0.909
0.496
0.619
0.661
0.642
0.033
0.568
0.019
0.593
0.519
0.871
0.611
0.699
0.527
0.903
0.613
0.779
0.93
0.742
0.036
0.936
0.807
0.42
0.785
0.637
0.646
0.189
0.559
0.208
0.304
0.492
0.496
0.015
0.401
0.766
0.4
0.99
0.731
0.412
0.879
0.603
0.667
0.062
0.907
0.308
0.565
0.426
0.209
0.225
0.52
0.306
0.375
0.968
0.238
0.756
0.568
0.047
0.551
0.01
0.707
0.668
0.132
0.519
0.584
0.853
0.376
0.362
0.503
0.278
0.939
0.88
0.266
0.547
0.367
0.203
0.59
0.32
0.12
0.079
0.015
0.71
0.279
0.596
0.632
0.072
0.224
0.755
0.664
0.237
0.288
0.292
0.032
0.872
0.323
0.172
0.682
0.718
0.654
0.235
0.949
0.499
0.809
0.662
0.926
0.387
0.427
0.033
0.191
0.99
0.628
0.109
0.904
0.113
0.537
0.397
0.531
0.293
0.21
0.776
0.718
0.222
0.781
0.524
0.123
0.021
0.328
0.169
0.516
0.726
0.435
0.641
0.32
0.337
0.63
0.786
0.073
0.179
0.344
0.358
0.286
0.727
0.718
0.532
0.929
0.521
0.566
0.044
0.488
0.445
0.824
0.89
0.955
0.577
0.648
0.936
0.876
0.144
0.271
0.574
0.235
0.118
0.958
0.492
0.772
0.813
0.68
0.662
0.902
0.695
0.045
0.512
0.597
0.001
0.815
0.261
0.964
0.297
0.51
0.685
0.17
0.055
0.356
0.411
0.277
0.145
0.412
0.36
0.476
0.106
0.389
0.953
0.153
0.208
0.675
0.184
0.842
0.761
0.576
0.521
0.992
0.056
0.894
0.932
0.152
0.421
0.038
0.623
0.825
0.821
0.039
0.98
0.843
0.848
0.13
0.177
0.381
0.234
0.995
0.929
0.824
0.278
0.918
0.388
0.478
0.774
0.999
0.466
0.421
0.653
0.394
0.284
0.192
0.437
0.996
0.036
0.426
0.188
0.252
0.759
0.273
0.872
0.82
0.357
0.117
0.406
0.769
0.513
0.194
0.165
0.464
0.736
0.864
0.416
0.034
0.915
0.899
0.43
0.501
0.975
0.427
0.27
0.354
0.095
0.865
0.275
0.338
0.572
0.109
0.649
0.715
0.951
0.916
0.166
0.862
0.217
0.215
0.375
0.418
0.728
0.839
0.651
0.856
0.044
0.088
0.429
0.397
0.746
0.625
0.426
0.796
0.798
0.343
0.38
0.56
0.475
0.877
0.493
0.853
0.943
0.245
0.899
0.007
0.067
0.34
0.305
0.065
0.647
0.651
0.48
0.762
0.874
0.111
0.336
0.207
0.615
0
0.69
0.965
0.516
0.418
0.578
0.249
0.641
0.489
0.986
0.3
0.741
0.476
0.334
0.203
0.381
0.861
0.905
0.396
0.308
0.193
0.719
0.247
0.443
0.097
0.742
0.406
0.906
0.985
0.56
0.716
0.838
0.907
0.411
0.5
0.422
0.145
0.434
0.867
0.419
0.418
0.337
0.394
0.12
0.175
0.115
0.028
0.003
0.517
0.474
0.698
0.077
0.027
0.011
0.727
0.809
0.221
0.834
0.562
0.874
0.093
0.461
0.666
0.775
0.905
0.813
0.648
0.044
0.27
0.381
0.23
0.207
0.663
0.333
0.686
0.753
0.289
0.232
0.188
0.224
0.32
0.518
0.21
0.74
0.514
0.453
0.117
0.408
0.329
0.898
0.729
0.085
0.869
0.765
0.847
0.129
0.503
0.408
0.748
0.687
0.548
0.819
0.477
0.853
0.354
0.405
0.361
0.066
0.513
0.415
0.207
0.961
0.42
0.497
0.689
0.269
0.715
0
0.178
0.303
0.875
0.755
0.905
0.459
0.082
0.931
0.767
0.696
0.151
0.982
0.358
0.998
0.814
0.228
0.207
0.719
0.928
0.66
0.974
0.662
0.176
0.877
0.085
0.57
0.515
0.711
0.447
0.511
0.07
0.25
0.445
0.617
0.026
0.692
0.548
0.385
0.831
0.345
0.19
0.608
0.729
0.125
0.745
0.385
0.96
0.797
0.508
0.791
0.286
0.708
0.744
0.729
0.764
0.468
0.137
0.664
0.257
0.088
0.425
0.758
0.657
0.268
0.458
0.913
0.317
0.425
0.902
0.258
0.28
0.888
0.796
0.762
0.653
0.013
0.285
0.509
0.127
0.307
0.43
0.001
0.986
0.154
0.008
0.921
0.627
0.551
0.135
0.802
0.216
0.68
0.314
0.973
0.895
0.71
0.337
0.495
0.576
0.177
0.657
0.071
0.152
0.284
0.867
0.109
0.424
0.185
0.867
0.433
0.59
0.03
0.563
0.283
0.254
0.606
0.387
0.177
0.664
0.787
0.663
0.401
0.109
0.627
0.235
0.735
0.341
0.662
0.545
0.061
0.672
0.879
0.649
0.461
0.222
0.86
0.34
0.394
0.413
0.218
0.596
0.685
0.348
0.432
0.895
0.975
0.064
0.45
0.236
0.844
0.023
0.444
0.718
0.053
0.047
0.022
0.963
0.755
0.023
0.871
0.843
0.891
0.047
0.682
0.223
0.495
0.793
0.392
0.028
0.596
0.137
0.036
0.309
0.945
0.831
0
0.975
0.583
0.446
0.777
0.738
0.43
0.303
0.173
0.727
0.613
0.018
0.635
0.018
0.589
0.042
0.118
0.6
0.129
0.679
0.4
0.437
0.423
0.422
0.794
0.573
0.494
0.605
0.955
0.109
0.525
0.319
0.213
0.3
0.564
0.072
0.025
0.205
0.484
0.589
0.8
0.788
0.163
0.205
0.141
0.654
0.032
0.772
0.992
0.757
0.211
0.488
0.424
0.602
0.79
0.335
0.734
0.566
0.898
0.49
0.921
0.483
0.207
0.816
0.57
0.338
0.006
0.484
0.605
0.183
0.475
0.307
0.73
0.959
0.857
0.309
0.0
0.022
0.841
0.669
0.283
0.12
0.638
0.206
0.114
0.389
0.683
0.914
0.696
0.539
0.676
0.248
0.449
0.441
0.608
0.75
0.435
0.835
0.462
0.026
0.407
0.266
0.05
0.39
0.844
0.204
0.591
0.955
0.898
0.771
0.077
0.214
0.605
0.849
0.92
0.751
0.018
0.322
0.157
0.439
0.502
0.217
0.107
0.968
0.763
0.71
0.772
0.33
0.138
0.716
0.118
0.764
0.319
0.386
0.312
0.057
0.162
0.299
0.612
0.584
0.272
0.357
0.94
0.472
0.768
0.598
0.72
0.155
0.01
0.678
0.303
0.517
0.548
0.299
0.67
0.488
0.499
0.113
0.99
0.485
0.388
0.749
0.499
0.591
0.824
0.439
0.714
0.65
0.402
0.904
0.184
0.754
0.632
0.748
0.165
0.553
0.374
0.869
0.286
0.835
0.734
0.08
0.48
0.285
0.466
0.958
0.516
0.451
0.088
0.694
0.048
0.616
0.365
0.835
0.721
0.236
0.758
0.183
0.451
0.785
0.079
0.361
0.967
0.565
0.905
0.93
0.506
0.056
0.566
0.845
0.439
0.159
0.323
0.959
0.293
0.494
0.387
0.22
0.665
0.351
0.217
0.136
0.271
0.378
0.463
0.83
0.663
0.51
0.146
0.561
0.518
0.471
0.931
0.581
0.897
0.973
0.561
0.455
0.923
0.116
0.448
0.179
0.261
0.184
0.608
0.182
0.064
0.156
0.241
0.316
0.97
0.785
0.102
0.464
0.754
0.465
0.293
0.732
0.96
0.87
0.354
0.629
0.054
0.323
0.666
0.709
0.735
0.876
0.713
0.002
0.947
0.317
0.68
0.205
0.939
0.607
0.572
0.56
0.096
0.503
0.094
0.147
0.933
0.167
0.831
0.38
0.458
0.834
0.832
0.299
0.165
0.248
0.768
0.882
0.093
0.921
0.374
0.329
0.441
0.808
0.282
0.381
0.068
0.226
0.233
0.143
0.265
0.146
0.091
0.65
0.355
0.527
0.765
0.723
0.65
0.416
0.786
0.618
0.376
0.202
0.681
0.284
0.619
0.837
0.536
0.113
0.066
0.426
0.801
0.581
0.244
0.88
0.926
0.358
0.012
0.592
0.736
0.875
0.452
0.983
0.367
0.985
0.282
0.603
0.502
0.377
0.947
0.528
0.694
0.939
0.005
0.957
0.444
0.617
0.423
0.088
0.902
0.981
0.803
0.843
0.095
0.058
0.886
0.522
0.527
0.254
0.233
0.498
0.501
0.333
0.228
0.087
0.128
0.749
0.043
0.817
0.515
0.898
0.658
0.576
