0.897
0.685
0.578
0.062
0.71
0.308
0.165
0.732
0.983
0.572
0.551
0.281
0.087
0.599
0.052
0.556
0.903
0.794
0.634
0.727
1.0
0.527
0.086
0.788
0.368
0.327
0.796
0.616
0.261
0.185
0.538
0.036
0.563
0.11
0.295
0.724
0.46
0.456
0.831
0.261
0.545
0.645
0.745
0.691
0.344
0.52
0.797
0
0.316
0.372
0.165
0.651
0.988
0.144
0
0.448
0.338
0.853
0.908
0.426
0.074
0.53
0.249
0.964
0.612
0.299
0.087
0.972
0.479
0.454
0.986
0.028
0.885
0.237
0.439
0.539
0.423
0.296
0.287
0.37
0.253
0.997
0.723
0.031
0.225
0.825
0.593
0.88
0.131
0.765
0.607
0.911
0.648
0.974
0.799
0.299
0.505
0.718
0.755
0.759
0.873
0.529
0.39
0.257
0.84
0.493
0.218
0.075
0.53
0.214
0.232
0.986
0.544
0.644
0.357
0.768
0.054
0.885
0.038
0.408
0.615
0.598
0.284
0.461
0.398
0.954
0.311
0.216
0.199
0.189
0.602
0.047
0.702
0.266
0.494
0.797
0.32
0.848
0.34
0.229
0.436
0.659
0.97
0.471
0.526
0.757
0.415
0.867
0.157
0.216
0.287
0.99
0.879
0.603
0.094
0.311
0.741
0.126
0.692
0.476
0.916
0.212
0.226
0.247
0.13
0.794
0.193
0.508
0.874
0.365
0.484
0.397
0.373
0.902
0.306
0.161
0.998
0.734
0.409
0.647
0.789
0.868
0.081
0.656
0.051
1.0
0.639
0.125
0.359
0.238
0.538
0.199
0.56
0.045
0.67
0.425
0.725
0.382
0.1
0.986
0.789
0.739
0.082
0.468
0.598
0.276
0.856
0.909
0.647
0.439
0.968
0.478
0.113
0.718
0.835
0.407
0.036
0.999
0.308
0.069
0.676
0.89
0.035
0.854
0.029
0.181
0.611
0.946
0.54
0.418
0.006
0.03
0.406
0.04
0.039
0.05
0.945
0.674
0.857
0.44
0.096
0.057
0.367
0.267
0.831
0.676
0.579
0.943
0.611
0.624
0.683
0.975
0.499
0.577
0.1
0.407
0.277
0.484
0.711
0.187
0.871
0.663
0.937
0.204
0.603
0.992
0.266
0.088
0.101
0.044
0.709
0.626
0.015
0.968
0.385
0.799
0.921
0.511
0.835
0.624
0.344
0.193
0.262
0.541
0.976
0.698
0.57
0.123
0.96
0.012
0.453
0.346
0.212
0.33
0.088
0.15
0.735
0.153
0.536
0.689
0.128
0.607
0.014
0.668
0.321
0.681
0.069
0.308
0.834
0.545
0.628
0.406
0.891
0.179
0.873
0.636
0.414
0.49
0.924
0.146
0.327
0.459
0.386
0.371
0.548
0.22
0.791
0.739
0.311
0.184
0.118
0.937
0.007
0.963
0.592
0.028
0.247
0.532
0.722
0.941
0.823
0.074
0.14
0.147
0.737
0.023
0.383
0.523
0.822
0.91
0.652
0.462
0.71
0.22
0.548
0.604
0.427
0.788
0.905
0.265
0.839
0.688
0.29
0.846
0.181
0.021
0.932
0.176
0.822
0.311
0.23
0.086
0.734
0.979
0.856
0.653
0.99
0.57
0.228
0.912
0.254
0.588
0.566
0.297
0.6
0.009
0.458
0.449
0.98
0.313
0.281
0.528
0.213
0.698
0.523
0.356
0.252
0.423
0.03
0.355
0.999
0.634
0.775
0.291
0.344
0.649
0.068
0.607
0.069
0.188
0.9
0.441
0.646
0.417
0.588
0.342
0.988
0.125
0.377
0.786
0.673
0.332
0.415
0.154
0.524
0.128
0.846
0.643
0.948
0.313
0.069
0.063
0.517
0.719
0.774
0.745
0.816
0.039
0.563
0.765
0.145
0.652
0.989
0.575
0.259
0.67
0.559
0.615
0.91
0.73
0.024
0.264
0.571
0.291
0.073
0.257
0.58
0.696
0.344
0.49
0.437
0.488
0.425
0.628
0.243
0.675
0.143
0.219
0.851
0.646
0.584
0.563
0.884
0.191
0.0
0.305
0.939
0.343
0.167
0.602
0.219
0.169
0.713
0.881
0.016
0.925
0.3
0.176
0.377
0.491
0.004
0.175
0.603
0.334
0.598
0.831
0.774
0.526
0.675
0.178
0.783
0.539
0.954
0.407
0.737
0.539
0.307
0.284
0.193
0.753
0.724
0.401
0.298
0.867
0.641
0.967
0.187
0.751
0.172
0.444
0.259
0.724
0.362
0.118
0.388
0.187
0.475
0.414
0.505
0.956
0.846
0.759
0
0.321
0.177
0.596
0.451
0.728
0.144
0.09
0.092
0.492
0.467
0.787
0.008
0.449
0.099
0.888
0.205
0.308
0.006
0.699
0.506
0.375
0.145
0.793
0.65
0.77
0.99
0.087
0.543
0.253
0.058
0.089
0.271
0.256
0.66
0.588
0.344
0.338
0
0.198
0.049
0.662
0.344
0.31
0.797
0.371
0.906
0.869
0.221
0.714
0.492
0.262
0.738
0.282
0.329
0.179
0.494
0.703
0.653
0.354
0.039
0.723
0.888
0.157
0.862
0.056
0.989
0.605
0.005
0.366
0.758
0.483
0.627
0.381
0.27
0.802
0.36
0.082
0.753
0.976
0.864
0.493
0.19
0.419
0.329
0.971
0.257
0.06
0.602
0.242
0.738
0.758
0.633
0.581
0.408
0.897
0.385
0.13
0.897
0.185
0.286
0.595
0.027
0.69
0.861
0.06
0.088
0.149
0.306
0.218
0.907
0.875
0.503
0.754
0.994
0.288
0.47
0.793
0.331
0.762
0.101
0.264
0.228
0.991
0.164
0.608
0.162
0.444
0.688
0.937
0.293
0.526
0.562
0.015
0.352
0.309
0.816
0.099
0.435
0.907
0.543
0.788
0.371
0.329
0.63
0.114
0.957
0.214
0.008
0.293
0.194
0.79
0.409
0.1
0.818
0.017
0.511
0.497
0.595
0.569
0.114
0.65
0.787
0.115
0.661
0.11
0.614
0.032
0.506
0.206
0.754
0.707
0.212
0.975
0.161
0.659
0.173
0.212
0.631
0.79
0.146
0.89
0.43
0.491
0.789
0.761
0.268
0.213
0.47
0.529
0.184
0.225
0.099
0.806
0.589
0.186
0.267
0.762
0.096
0.073
0.744
0.99
0.412
0.981
0.957
0.307
0.375
0.299
0.52
0.662
0.564
0.759
0.974
0.583
0.622
0.092
0.19
0.457
0.466
0.186
0.52
0.968
0.214
0.831
0.06
0.293
0.108
0.152
0.541
0.186
0.042
0.83
0.676
0.02
0.777
0.817
0.829
0.195
0.802
0.151
0.664
0.543
0.741
0.385
0.501
0.116
0.251
0.762
0.952
0.059
0.94
0.154
0.46
0.414
0.297
0.595
0.023
0.666
0.042
0.568
0.834
0.974
0.411
0.865
0.066
0.921
0.065
0.889
0.243
0.115
0.576
0.354
0.974
0.28
0.4
0.369
0.031
0.546
0.082
0.268
0.509
0.228
0.029
0.374
0.077
0.51
0.072
0.23
0.589
0.744
0.567
0.213
0
0.207
0.496
0.081
0.078
0.688
0.988
0.418
0.491
0.139
0.065
0.355
0.482
0.568
0.652
0.473
0.171
0.511
0.909
0.048
0.448
0.432
0.422
0.143
0.233
0.236
0.46
0.022
0.643
0.655
0.833
0.541
0.984
0.669
0.251
0.712
0.894
0.693
0.784
0.384
0.945
0.739
0.252
0.798
0.214
0.211
0.547
0.319
0.547
0.092
0.304
0.912
0.186
0.79
0.672
0.758
0.8
0.134
0.707
0.342
0.388
0.925
0.597
0.875
0.554
0.836
0.644
0.363
0.79
0.582
0.96
0.399
0.173
0.775
0.776
0.301
0.207
0.222
0.444
0.579
0.951
0.94
0
0.242
0.716
0.055
0.622
0.424
0.063
0.286
0.241
0.585
0.661
0.557
0.391
0.436
0.667
0.178
0
0.388
0.163
0.977
0.424
0.63
0.503
0.405
0.424
0.012
0.697
0.539
0.578
0.309
0.82
0.128
0.32
0.432
0.682
0.506
0.932
0.08
0.709
0.279
0.393
0.489
0.741
0.783
0.467
0.414
0.645
0.973
0.606
0.684
0.31
0.883
0.185
0.997
0.835
0.253
0.096
0.941
0.485
0.394
0.144
0.343
0.936
0.95
0.414
0.351
0.19
0.309
0.076
0.63
0.92
0.985
0.402
0.778
0.283
0.26
0.994
0.642
0.821
0.98
0.27
0.081
0.227
0.336
0.801
0.509
0.052
0.565
0.852
0.23
0.482
0.964
0.347
0.365
