0.719
0.628
0.164
0.245
0.833
0.583
0.11
0.991
0.082
0.112
0.406
0.705
0.261
0.288
0.597
0.852
0.391
0.74
0.711
0.362
0.524
0.971
0.14
0.653
0.35
0.786
0.784
0.2
0.211
0.204
0.693
0.219
0.347
0.52
0.001
0.092
0.221
0.9
0.737
0.364
0.936
0.58
0.34
0.81
0.401
0.023
0.966
0.32
0.021
0.569
0.307
0.731
0.196
0.49
0.435
0.588
0.568
0.836
0.617
0.631
0.774
0.105
0.769
0.293
0.379
0.761
0.956
0.571
0.466
0.884
0.506
0.368
0.648
0.575
0.828
0.372
0.513
0.797
0.805
0.295
0.519
0.02
0.279
0.86
0.877
0.51
0.188
0.856
0.377
0.291
0.643
0.203
0.315
0.048
0.378
0.466
0.66
0.782
0.937
0.018
0.367
0.917
0.134
0.999
0.388
0.19
0.199
0.735
0.94
0.868
0.934
0.724
0.331
0.404
0.282
0.871
0.11
0.565
0.999
0.169
0.271
0.41
0.698
0.814
0.268
0.882
0.492
0.459
0.929
0.778
0.352
0.509
0.753
0.673
0.563
0.399
0.548
0.987
0.031
0.297
0.918
0
0.225
0.846
0.771
0.989
0.011
0.844
0.681
0.66
0.054
0.785
0.431
0.499
0.574
0.533
0.419
0.681
0.014
0.467
0.468
0.898
0.336
0.579
0.887
0.259
0.429
0.667
0.85
0.795
0.279
0.685
0.121
0.457
0.499
0.159
0.588
0.688
0.991
0.851
0.861
0.963
0.658
0.012
0.24
0.864
0.393
0.916
0.115
0.784
0.657
0.807
0.815
0.841
0.809
0.376
0.613
0.4
0.228
0.248
0.048
0.1
0.33
0.226
0.242
0
0.356
0.15
0.997
0.996
0.72
0
0.275
0.442
0.289
0.385
0.199
0.835
0.144
0.139
0.997
0.784
0.705
0.631
0.774
0.002
0.075
0.113
0.119
0.974
0.879
0.395
0.79
0.987
0.793
0.435
0.67
0.73
0.911
0.64
0.538
0.224
0.013
0.972
0.47
0.786
0.265
0.297
0.62
0.423
0.586
0.785
0.724
0.154
0.358
0.752
0.089
0.114
0.556
0.872
0.954
0.089
0.09
0.074
0.99
0.541
0.424
0.388
0.001
0.936
0.023
0.351
0.585
0.408
0.927
0.245
0.343
0.954
0.124
0.023
0.979
0.327
0.903
0.097
0.144
0.174
0.436
0.101
0.847
0.571
0.835
0.691
0.894
0.05
0.224
0.65
0.692
0.73
0.138
0.469
0.791
0.279
0.081
0.722
0.775
0.595
0.903
0.781
0.497
0.97
0.101
0.108
0.735
0.46
0.606
0.432
0.507
0.607
0.817
0.97
0.414
0.337
0.46
0.518
0.916
0.685
0.824
0.297
0.13
0.167
0.498
0.378
0.849
0.109
0.653
0.673
0.696
0.111
0.834
0.891
0.936
0.384
0.408
0.094
0.642
0.807
0.935
0.825
0.412
0.514
0.772
0.102
0.037
0.164
0.5
0.529
0.052
0.614
0.508
0.198
0.345
0.1
0.473
0.555
0.116
0.553
0.679
0.831
0.364
0.054
0.373
0.339
0.46
0.679
0.216
0.636
0.014
0.596
0.704
0.407
0.223
0.277
0.497
0.247
0.647
0.304
0.712
0.062
0.208
0.692
0.368
0.377
0.724
0.54
0.518
0.878
0.676
0.729
0.877
0.641
0.358
0.382
0.316
0.513
0.222
0.846
0.051
0.524
0.814
0.419
0.642
0.513
0.421
0.959
0.181
0.964
0.392
0.748
0.027
0.117
0.295
0.775
0.318
0.559
0.892
0.579
0.461
0.03
0.57
0.684
0.83
0.502
0.642
0.601
0.527
0.105
0.182
0.871
0.844
0.393
0.875
0.216
0.241
0.337
0.337
0.824
0.779
0.393
0.85
0.584
0.278
0.1
0.186
0.049
0.552
0.205
0.085
0.081
0.233
0.833
0.242
0.867
0.776
0.542
0.457
0.14
0.208
0.82
0.384
0.513
0.194
0.655
0.891
0.391
0.016
0.522
0.98
0.791
0.547
0.934
0.992
0.048
0.361
0.498
0.382
0.511
0.884
0.693
0.802
0.977
0.473
0.919
0.654
0.02
0.905
0.55
0.002
0.137
0.872
0.543
0.974
0.232
0.377
0.398
0.259
0.214
0.532
0.282
0.374
0.891
0.899
0.864
0.992
0.704
0.98
0.112
0.395
0.717
0.968
0.658
0.354
0.414
0.552
0.025
0.376
0.101
0.644
0.315
0.943
0.028
0.746
0.499
0.335
0.815
0.965
0.102
0.686
0.946
0.201
0.561
0.495
0.322
0.624
0.304
0.971
0.173
0.254
0.506
0.209
0.16
0.019
0.981
0.723
0.857
0.131
0.392
0.145
0.753
0.401
0.041
0.046
0.822
0.9
0.287
0.67
0
0.125
0.546
0.35
0.021
0.508
0.556
0.761
0.82
0.193
0.684
0.823
0.935
0.21
0.249
0.481
0.827
0.972
0.126
0.756
0.406
0.481
0.655
0.975
0.846
0.051
0.035
0.972
0.306
0.638
0.67
0.81
0.651
0.341
0.982
0.04
0.45
0.37
0.721
0.684
0.938
0.644
0.544
0.389
0.404
0.678
0.888
0.179
0.203
0.319
0.792
0.171
0.505
0.472
0.735
0.901
0.414
0.047
0.541
0.656
0.012
0.42
0.806
0.409
0.113
0.548
0.968
0.69
0.274
0.89
0.878
0.55
0.258
0.141
0.859
0.935
0.73
0.302
0.291
0.162
0.55
0.38
0.581
0.579
0.213
0.783
0.958
0.566
0.274
0.517
0.62
0.383
0.086
0.446
0.844
0.44
0.649
0.451
0.129
0.993
0.834
0.354
0.964
0.671
0.765
0.347
0.069
0.915
0.752
0.296
0.578
0.945
0.607
0.845
0.365
0.342
0.777
0.311
0.775
0.12
0.258
0.616
0.165
0.94
0.55
0.941
0.356
0.012
0.906
0.882
0.893
0.632
0.223
0.444
0.739
0.722
0.054
0.587
0.244
0.565
0.126
0.068
0.715
0.703
0.606
0.616
0.809
0.882
0.088
0.945
0.605
0.825
0.592
0.042
0.064
0.026
0.763
0.944
0.536
0.701
0.151
0.192
0.851
0.905
0.009
0.295
0.091
0.641
0.993
0.803
0.156
0.389
0.067
0.784
0.759
0.847
0.76
0.009
0.599
0.283
0.605
0.239
0.146
0.398
0.42
0.793
0.225
0.436
0.741
0.409
0.647
0.779
0.816
0.267
0.565
0.491
0.494
0.507
0.733
0.71
0.852
0.879
0.989
0.363
0.22
0.455
0.388
0.078
0.073
0.822
0.284
0.338
0.707
0.48
0.637
0.573
0.653
0.418
0.154
0.949
0.442
0.41
0.941
0.011
0.386
0.465
0.209
0.768
0.889
0.357
0.084
0.647
0.413
0.898
0.496
0.972
0.277
0.586
0.461
0.722
0.55
0.233
0.6
0.207
0.19
0.117
0.03
0.8
0.072
0.637
0.159
0.268
0.4
0.874
0.504
0.244
0
0.38
0.54
0.032
0.172
0.77
0.211
0.569
0.12
0
0.626
0.049
0.753
0.354
0.738
0.219
0.968
0.737
0.86
0.335
0.32
0.129
0.244
0.353
0.561
0.535
0.49
0.03
0.102
0.954
0.98
0.081
0.516
0.42
0.045
0.233
0.095
0.454
0.294
0.092
0.901
0.572
0.861
0.779
0.297
0.676
0.087
0.437
0.778
0.501
0.815
0.528
0.193
0.307
0.87
0.523
0.048
0.708
0.478
0.433
0.927
0.161
0.335
0.576
0.741
0.375
0.731
0.517
0.523
0.734
0.105
0.24
0.425
0.346
0.151
0.416
0.747
0.802
0.38
0.003
0.249
0.026
0.929
0.007
0.252
0.284
0.939
0.117
0.526
0.967
0.761
0.785
0.451
0.644
0.398
0.381
0.304
0.354
0.249
0.749
0.364
0.136
0.616
0.549
0.588
0.031
0.09
0.571
0.446
0.604
0.464
0.615
0.318
0.015
0.88
0.44
0.776
0.639
0.639
0.793
0.43
0.38
0.715
0.209
0.55
0.07
0.159
0.177
0.777
0.889
0.254
0.292
0.109
0.015
0.347
0.352
0.154
0.121
0.37
0.028
0.422
0.581
0.854
0.078
0.149
0.009
0.5
0.373
0.834
0.932
0.137
0.682
0.616
0.051
0.208
0.199
0.797
0.517
0.263
0.419
0.616
0.311
0.62
0.135
0
0.327
0.323
0.889
0.82
0.23
0.263
0.424
0.945
0.725
0.93
0.27
0.32
0.979
0.009
