0.038
0.605
0.539
0.59
0.65
0.15
0.556
0.037
0.808
0.191
0.686
0.11
0.623
0.458
0.603
0.132
0.822
0.598
0.602
0.11
0.085
0.833
0.001
0.341
0.048
0.503
0.805
0.016
0.408
0.009
0.377
0.811
0.769
0.21
0.813
0.795
0.179
0.295
0.234
0.531
0.396
0.377
0.724
0.19
0.968
0.106
0.308
0.561
0.573
0.558
0.429
0.762
0.963
0.804
0.195
0.624
0.328
0.383
0.571
0.342
0.161
0.214
0.578
0.686
0.128
0.017
0.719
0.372
0.273
0.048
0.805
0
0.181
0.546
0.011
0.913
0.056
0.955
0.879
0.976
0.433
0.46
0.455
0.471
0.742
0.817
0.282
0.745
0.578
0.736
0.131
0.678
0.571
0.147
0.062
0.546
0.164
0.952
0.452
0.413
0.967
0.703
0.821
0.7
0.768
0.46
0.961
0.031
0.973
0.255
0.264
0.972
0.756
0.844
0.947
0.405
0.898
0.43
0.688
0.524
0.89
0.623
0.926
0.106
0.028
0.841
0.478
0.787
0.524
0.368
0.753
0.303
0.617
0.59
0.916
0.384
0.828
0.377
0.746
0.191
0.628
0.727
0.514
0.87
0.001
0.632
0.065
0.02
0.189
0.773
0.379
0.801
0.026
0
0.321
0.654
0.122
0.591
0.672
0.756
0.919
0.487
0.99
0.126
0.703
0.966
0.084
0.83
0.15
0.836
0.677
0.383
0.654
0.487
0.353
0.478
0.749
0.037
0.742
0.001
0.93
0.775
0.903
0.782
0.792
0.972
0.327
0.912
0.456
0.949
0.461
0.459
0.567
0.726
0.17
0.213
0.524
0.653
0.566
0.525
0.463
0.712
0.385
0.046
0.109
0.628
0.7
0.205
0.124
0.739
0.216
0.233
0.638
0.9
0.954
0.413
0.149
0.627
0.841
0.139
0.735
0.034
0.346
0.891
0.677
0.042
0.525
0.95
0.366
0.736
0.012
0.568
0.207
0.822
0.587
0.734
0.362
0.889
0.192
0.394
0.709
0.325
0.48
0.084
0.13
0.2
0.621
0.777
0.037
0.143
0.318
0.973
0.563
0.397
0.989
0.627
0.863
0.498
0.093
0.885
0.27
0.446
0.365
0.285
0.993
0.85
0.77
0.156
0.043
0.38
0.739
0.789
0.559
0.072
0.868
0.941
0.345
0.636
0.033
0.372
0.298
0.345
0.11
0.177
0.588
0.911
0.297
0.811
0.409
0.739
0.927
0.386
0.953
0.428
0.793
0.297
0.571
0.32
0.223
0.613
0.83
0.432
0.417
0.14
0.721
0.754
0.68
0.911
0.218
0.02
0.671
0.122
0.003
0.583
0.141
0.199
0.46
0.983
0.645
0.006
0.134
0.798
0.3
0.241
0.243
0.466
0.697
0.591
0.432
0.371
0.359
0.228
0.427
0.646
0.407
0.919
0.819
0.681
0.785
0.16
0.519
0.886
0.844
0.859
0.461
0.397
0.391
0.518
0.624
0.228
0.954
0.207
0.541
0.64
0.171
0.576
0.757
0.524
0.473
0.384
0.614
0.577
0.323
0.214
0.226
0.615
0.692
0.788
0.892
0.755
0.335
0.589
0.446
0.021
0.155
0.948
0.683
0.087
0.135
0.353
0.155
0.166
0.812
0.884
0.721
0.102
0.67
0.994
0.747
0.651
0.609
0.669
0.579
0.821
0.125
0.329
0.375
0.633
0.193
0.522
0.879
0.894
0.044
0.31
0.591
0.563
0.926
0.157
0.087
0.078
0.963
0.259
0.478
0.168
0.331
0.005
0.52
0.125
0.149
0.733
0.782
0.056
0.046
0.983
0.115
0.658
0.995
0.381
0.327
0.203
0.033
0.574
0.54
0.455
0.39
0.077
0.195
0.273
0.698
0.319
0.975
0.153
0.165
0.444
0.787
0.319
0.483
0.942
0.189
0.771
0.208
0.885
0.57
0.985
0.184
0.316
0.286
0.225
0.704
0.36
0.353
0.293
0.711
0.727
0.849
0.079
0.153
0.581
0.744
0.438
0.456
0.109
0.932
0.487
0.106
0.537
0.251
0.633
0.342
0.831
0.033
0.041
0.268
0.356
0.322
0.384
0.505
0.894
0.762
0.751
0.693
0.92
0.932
0.199
0.361
0.134
0.382
0.829
0.335
0.067
0.644
0.476
0.482
0.278
0.575
0.046
0.575
0.077
0.846
0.236
0.808
0.292
0.072
0.833
0.435
0.752
0.396
0.293
0.015
0.839
0.658
0.132
0.865
0.48
0.438
0.324
0.226
0.581
0.625
0.699
0.733
0.642
0.91
0.322
0.844
0.75
0.655
0.889
0.298
0.541
0.706
0.83
0.835
0.177
0.032
0.855
0.899
0.64
0.733
0.989
0.105
0.994
0.217
0.938
0.899
0.388
0.517
0.55
0.223
0.912
0.155
0.955
0.274
0.089
0.889
0.842
0.904
0.413
0.02
0.08
0.281
0.58
0.047
0.378
0.544
0.43
0.251
0.183
0.943
0.468
0.487
0.566
0.316
0.786
0.835
0.538
0.99
0.154
0.03
0.099
0.609
0.782
0.112
0.582
0.572
0.746
0.02
0.739
0.423
0.84
0.508
0.051
0.728
0.375
0.84
0.609
0.693
0.438
0.468
0.248
0.088
0.447
0.237
0.375
0.436
0.372
0.104
0.847
0.371
0.469
0.594
0.573
0.86
0.524
0.113
0.208
0.925
0.933
0.687
0.488
0.067
0.265
0.322
0.795
0.542
0.063
0.557
0.563
0.288
0.009
0.143
0.687
0.2
0.73
0.655
0.386
0.453
0.758
0.917
0.303
0.032
0.317
0.509
0.435
0.737
0.456
0.468
0.773
0.743
0.416
0.524
0.995
0.774
0.717
0.333
0.364
0.509
0.336
0.422
0.17
0.412
0.656
0.415
0.925
0.198
0.88
0.048
0.668
0.912
0.479
0.901
0.057
0.429
0.183
0.695
0.302
0.4
0.099
0.382
0.986
0.845
0.485
0.377
0.37
0.122
0.894
0.805
0.749
0.691
0.114
0.046
0.138
0.064
0.642
0.273
0.318
0.666
0.799
0.798
0.475
0.725
0.99
0.38
0.02
0.786
0.98
0.321
0.398
0.417
0.283
0.882
0.271
0.276
0.428
0.174
0.739
0.345
0.706
0.274
0.717
0.077
0.701
0.5
0.055
0.767
0.839
0.443
0.502
0.999
0.33
0.028
0.289
0.896
0.322
0.663
0.702
0.714
0.641
0.567
0.287
0.419
0.238
0.653
0
0.813
0.295
0.864
0.76
0.05
0.745
0.823
0.165
0.818
0.904
0.785
0.808
0.512
0.498
0.218
0.864
0.11
0.176
0.659
0.149
0.715
0.324
0.836
0.569
0.823
0.014
0.993
0.044
0.135
0.276
0
0.222
0.06
0.419
0.119
0.925
0.786
0.644
0.088
0.881
0.955
0.842
0.174
0.187
0.031
0.25
0.395
0.412
0.683
0.651
0.375
0.876
0.394
0.566
0.146
0.549
0.84
0.917
0.482
0.569
0.69
0.358
0.199
0.098
0.991
0.58
0.816
0.761
0.556
0.894
0.321
0.404
0.906
0.189
0.464
0.161
0.208
0.113
0.029
0.313
0.182
0.085
0.009
0.903
0.427
0.455
0.934
0.179
0.639
0.523
0.029
0.308
0.884
0.277
0.448
0.389
0.693
0.323
0.349
0.124
0.468
0.129
0.89
0.789
0.39
0.595
0.787
0.088
0.423
0.5
0.16
0.799
0.437
0.268
0.312
0.615
0.658
0.474
0.611
0.77
0.574
0.581
0.673
0.259
0.808
0.739
0.984
0.022
0.71
0.267
0.253
0.265
0.439
0.344
0.445
0.972
0.355
0.145
0.33
0.663
0.965
0.777
0.84
0.585
0.081
0.477
0.137
0.49
0.359
0.744
0.821
0.283
0.075
0.12
0.269
0.223
0.977
0.21
0.617
0.808
0.084
0.236
0.701
0.396
0.325
0.384
0.065
0.08
0.941
0.603
0.828
0.887
0.928
0.369
0.262
0.989
0.03
0.625
0.094
0.273
0.504
0.761
0.24
0.75
0.203
0.525
0.957
0.226
0.711
0.613
0.184
0.552
0.402
0.802
0.768
0.691
0.067
0.192
0.149
0.59
0.078
0.982
0.71
0.729
0.821
0.657
0.714
0.804
0.358
0.18
0.509
0.273
0.32
0.221
0.19
0.97
0.972
0.211
0.031
0.64
0.461
0.4
0.303
0.678
0.488
0.569
0.869
0.494
0.4
0.409
0.211
0.51
0.47
0.284
0.954
0.845
0.472
0.129
0.23
0.517
0.4
0.912
0.582
0.482
0.358
0.929
