0.999
0.273
0.801
0.165
0.536
0.582
0.491
0.696
0.478
0.545
0.464
0.419
0.977
0.63
0.428
0.541
0.686
0.544
0.521
0.357
0.63
0.931
0.013
0.641
0.867
0.092
0.109
0.958
0.027
0.79
0.558
0.89
0.623
0.339
0.546
0.627
0.191
0.438
0.853
0.968
0.259
0.955
0.74
0.314
0.066
0.1
0.602
0.797
0.999
0.358
0.022
0.107
0.154
0.876
0.818
0.639
0.19
0.133
0.887
0.767
0.632
0.696
0.357
0.795
0.39
0.664
0.136
0.699
0.306
0.594
0.726
0.878
0.004
0.778
0.633
0.685
0.92
0.734
0.329
0.228
0.454
0.882
0.326
0.814
0.333
0.884
0.192
0.931
0.811
0.032
0.504
0.89
0.94
0.05
0.083
0.312
0.437
0.683
0.103
0.301
0.926
0.579
0.362
0.807
0.031
0.42
0.49
0.273
0.375
0.7
0.805
0.502
0.74
0.665
0.724
0.867
0.738
0.881
0.641
0.548
0.081
0.256
0.25
0.639
0.739
0.667
0.655
0.76
0.316
0.517
0.368
0.319
0.825
0.454
0.87
0.403
0.662
0.601
0.488
0.145
0.612
0.324
0.767
0.412
0.522
0.791
0.964
0.628
0.001
0.377
0.737
0.164
0.409
0.232
0.416
0.262
0.042
0.236
0.57
0.65
0.477
0.595
0.641
0.279
0.514
0.614
0.802
0.661
0.087
0.356
0.927
0.658
0.322
0.263
0.355
0.246
0.084
0.293
0.063
0.024
0.835
0.269
0.764
0.838
0.423
0.911
0.232
0.435
0.272
0.874
0.922
0.066
0.643
0.097
0.459
0.447
0.846
0.312
0.152
0.798
0.545
0.326
0.71
0.144
0.543
0.845
0.629
0.843
0.286
0.947
0.615
0.356
0.073
0.231
0.965
0.526
0.573
0.815
0.477
0.433
0.677
0.07
0.994
0.399
0.813
0.875
0.362
0.119
0.872
0.885
0.543
0.974
0.853
0.961
0.441
0.075
0.268
0.098
0.874
0.083
0.417
0.569
0.084
0.763
0.017
0.2
0.918
0.614
0.678
0.515
0.024
0.46
0.004
0.614
0.026
0.814
0.388
0.195
0.769
0.103
0.997
0.728
0.988
0.241
0.919
0.922
0.411
0.831
0.217
0.985
0.344
0.212
0.317
0.59
0.29
0.296
0.172
0.405
0.132
0.654
0.341
0.254
0.275
0.723
0.195
0.948
0.2
0.324
0.776
0.443
0.86
0.983
0.578
0.589
0.261
0.15
0.297
0.5
0.825
0.612
0.121
0.031
0.064
0.775
0.056
0.691
0.498
0.141
0.494
0.134
0.355
0.54
0.622
0.39
0.104
0.307
0.927
0.357
0.556
0.607
0.197
0.121
0.102
0.352
0.264
0.171
0.376
0.87
0.283
0.917
0.37
0.404
0.511
0.568
0.403
0.294
0.19
0.303
0.595
0.484
0.418
0.749
0.552
0.378
0.057
0.364
0.994
0.406
0.009
0.895
0.8
0.26
0.234
0.719
0.838
0.171
0.669
0.014
0.81
0.184
0.849
0.54
0.132
0.72
0.447
0.037
0.585
0.983
0.741
0.507
0.695
0.708
0.348
0.796
0.049
0.094
0.531
0.599
0.185
0.279
0.425
0.836
0.702
0.403
0.951
0.639
0.586
0.441
0.334
0.893
0.075
0.904
0.947
0.17
0.656
0.609
0.259
0.617
0.577
0.998
0.321
0.981
0.44
0.082
0.399
0.102
0.283
0.846
0.735
0.298
0.047
0.422
0.062
0.136
0.796
0.262
0.506
0.635
0.76
0.399
0.195
0.526
0.798
0.802
0.869
0.674
0.081
0.828
0.709
0.923
0.264
0.171
0.352
0.408
0.786
0.469
0.943
0.118
0.7
0.69
0.837
0.637
0.601
0.1
0.88
0.061
0.375
0.515
0.3
0.771
0.157
0.167
0.084
0.334
0.267
0.902
0.058
0.193
0.546
0.543
0.739
0.136
0.233
0.196
0.064
0.832
0.214
0.469
0.188
0.403
0.932
0.859
0.563
0.569
0.644
0.468
0.047
0.497
0.958
0.681
0.67
0.097
0.444
0.06
0.553
0.566
0.105
0.065
0.778
0.704
0.305
0.414
0.959
0.431
0.469
0.053
0.051
0.392
0.661
0.892
0.304
0.855
0.249
0.122
0.036
0.253
0.41
0.44
0.629
0.007
0.602
0.782
0.263
0.97
0.878
0.712
0.665
0.386
0.157
0.333
0.574
0.182
0.81
0.495
0.606
0.675
0.07
0.276
0.572
0.412
0.63
0.397
0.819
0.54
0.255
0.542
0.417
0.252
0.966
0.465
0.635
0.042
0.379
0.969
0.752
0.436
0.589
0.124
0.45
0.866
0.129
0.262
0.388
0.674
0.062
0.12
0.387
0.427
0.093
0.492
0.486
0.819
0.734
0.92
0.065
0.931
0.993
0.053
0.227
0.828
0.017
0.64
0.752
0.036
0.03
0.432
0.831
0.9
0.104
0.451
0.981
0.092
0.056
0.242
0.704
0.974
0.06
0.704
0.613
0.638
0.934
0.874
0.236
0.702
0.314
0.359
0.888
0.872
0.773
0.718
0.669
0.28
0.189
0.955
0.89
0.53
0.855
0.024
0.595
0.298
0.123
0.246
0.889
0.621
0.805
0.246
0.542
0.506
0.694
0.481
0.363
0.029
0.238
0.055
0.492
0.304
0.221
0.778
0.212
0.034
0.165
0.377
0.372
0.789
0.101
0.815
0.337
0.476
0.549
0.44
0.709
0.459
0.467
0.911
0.372
0.957
0.897
0.363
0.373
0.11
0.277
0.875
0.819
0.233
0.607
0.717
0.162
0.731
0.309
0.446
0.544
0.335
0.926
0.641
0.358
0.261
0.175
0.871
0.019
0.791
0.396
0.583
0.307
0.673
0.879
0.507
0.471
0.22
0.5
0.109
0.105
0.911
0.327
0.913
0.868
0.142
0.763
0.639
0.592
0.405
0.17
0.479
0.585
0.518
0.239
0.936
0.071
0.811
0.567
0.569
0.923
0.133
0.198
0.123
0.313
0.076
0.435
0.559
0.512
0.797
0.111
0.329
0.128
0.225
0.328
0.614
0.18
0.351
0.714
0.325
0.515
0.393
0.358
0.944
0.194
0.623
0.038
0.077
0.342
0.031
0.625
0.482
0.981
0.806
0.239
0.703
0.155
0.385
0.507
0.787
0.493
0.399
0.42
0.236
0.664
0.715
0.468
0.356
0.738
0.066
0.01
0.912
0.486
0.626
0.427
0.998
0.848
0.583
0.059
0.82
0.769
0.076
0.191
0.751
0.298
0.916
0.997
0.615
0.657
0.274
0.925
0.802
0.472
0.966
0.499
0.402
0.425
0.994
0.014
0.53
0.583
0.574
0.252
0.326
0.684
0.784
0.757
0.229
0.918
0.754
0.518
0.743
0.435
0.299
0.854
0.62
0.18
0.745
0.258
0.562
0.403
0.946
0.165
0.143
0.765
0.79
0.794
0.586
0.804
0.635
0.832
0.481
0.544
0.555
0.556
0.648
0.824
0.966
0.748
0.715
0.445
0.489
0.217
0.091
0.216
0.455
0.798
0.211
0.355
0.621
0.583
0.027
0.769
0.703
0.361
0.104
0.694
0.442
0.567
0.422
0.944
0.583
0.108
0.037
0.411
0.516
0.085
0.078
0.778
0.041
0.624
0.391
0.598
0.237
0.323
0.829
0.353
0.423
0.767
0.786
0.308
0.087
0.918
0.877
0.216
0.282
0.46
0.099
0.617
0.622
0.905
0.357
0.867
0.706
0.969
0.499
0.354
0.452
0.249
0.976
0.37
0.248
0.913
0.871
0.444
0.713
0.297
0.514
0.907
0.976
0.449
0.644
0.326
0.816
0.491
0.868
0.245
0.371
0.83
0.416
0.503
0.978
0.198
0.339
0.631
0.119
0.647
0.943
0.522
0.457
0.471
0.053
0.852
0.116
0.643
0.07
0.02
0.908
0.09
0.909
0.884
0.187
0.512
0.548
0.856
0.815
0.525
0.427
0.004
0.678
0.197
0.817
0.905
0.43
0.953
0.957
0.875
0.886
0.348
0.384
0.839
0.17
0.576
0.189
0.41
0.891
0.608
0.492
0.376
0.917
0.746
0.09
0.373
0.371
0.461
0.159
0.99
0.846
0.499
0.374
0.649
0.749
0.136
0.595
0.658
0.9
0.194
0.422
0.028
0.123
0.978
0.628
0.269
0.528
0.643
0.896
0.817
0.149
0.486
0.191
0.788
0.043
0.66
0.006
0.15
0.375
0.566
0.588
0.798
0.668
0.34
0.566
0.726
0.765
0.875
0.476
0.582
0.312
0.962
0.397
