0.449
0.654
0.441
0.669
0.168
0.67
0.685
0.613
0.714
0.763
0.932
0.69
0.312
0.653
0.498
0.452
0.05
0.789
0.421
0.753
0.505
0.646
0.524
0.907
0.14
0.198
0.353
0.872
0.793
0.269
0.55
0.724
0.691
0.348
0.81
0.57
0.84
0.181
0.575
0.405
0.063
0.436
0.385
0.153
0.069
0.878
0.714
0.93
0.131
0.972
0.388
0.684
0.792
0.569
0.125
0.244
0.981
0.248
0.117
0.901
0.256
0.151
0.711
0.615
0.674
0.191
0.868
0.835
0.583
0.483
0.446
0.833
0.32
0.509
0.344
0.526
0.453
0.028
0.173
0.317
0.294
0.564
0.534
0.571
0.115
0.571
0.923
0.712
0.122
0.895
0.642
0.997
0.878
0.6
0.61
0.049
0.743
0.951
0.028
0.426
0.438
0.745
0.06
0.706
0.731
0.089
0.427
0.831
0.35
0.536
0.578
0.068
0.378
0.089
0.822
0.74
0.316
0.478
0.266
0.755
0.097
0.203
0.874
0.786
0.7
0.425
0.042
0.734
0.237
0.321
0.424
0.032
0.304
0.526
0.857
0.487
0.597
0.873
0.475
0
0.336
0.231
0.454
0.974
0.134
0.676
0.83
0.242
0.578
0.72
0.896
0.305
0.577
0.868
0.975
0.561
0.195
0.967
0.67
0.291
0.45
0.903
0.031
0.794
0.726
0.493
0.211
0.038
0.488
0.168
0.666
0.777
0.12
0.351
0.77
0.831
0.167
0.858
0.325
0.613
0.449
0.79
0.566
0.195
0.722
0.354
0.689
0.239
0.668
0.825
0.994
0.335
0.692
0.483
0.136
0.878
0.382
0.565
0.688
0.836
0.555
1.0
0.724
0.951
0.804
0.283
0.305
0.85
0.427
0.971
0.749
0.451
0.555
0.017
0.163
0.533
0.748
0.312
0.747
0.383
0.33
0.835
0.951
0.838
0.049
0.592
0.482
0.323
0.586
0.202
0.053
0.1
0.058
0.533
0.644
0.043
0.565
0.708
0.148
0.294
0.455
0.415
0.522
0.362
0.423
0.269
0.908
0.209
0.104
0.449
0.446
0.442
0.037
0.405
0.171
0.482
0.685
0.995
0.579
0.982
0.068
0.091
0.562
0.413
0.939
0.166
0.007
0.358
0.706
0.804
0.857
0.773
0.847
0.532
0.139
0.064
0.6
0.98
0.344
0.655
0.308
0.629
0.427
0.792
0.065
0.455
0.9
0.798
0.768
0.633
0.998
0.277
0.642
0.505
0.697
0.663
0.138
0.574
0.457
0.076
0.197
0.215
0.349
0.41
0.613
0.03
0.714
0.549
0.093
0.067
0.748
0.673
0.457
0.434
0.082
0.146
0.21
0.152
0.724
0.427
0.378
0.248
0.191
0.661
0.913
0.676
0.229
0.414
0.894
0.049
0.544
0.693
0.91
0.102
0.874
0.261
0.296
0.81
0.461
0.642
0.901
0.54
0.994
0.371
0.158
0.855
0.32
0.26
0.837
0.392
0.117
0.804
0.251
0.777
0.56
0.512
0.617
0.655
0.131
0.553
0.882
0.897
0.979
0.013
0.372
0.201
0.399
0.33
0.033
0.341
0.541
0.64
0.753
0.461
0.646
0.287
0.274
0.12
0.562
0.777
0.849
0.131
0.123
0.663
0.394
0.671
0.554
0.43
0.771
0.292
0.75
0.467
0.223
0.66
0.524
0.987
0.49
0.308
0.747
0.481
0.556
0.622
0.983
0.232
0.384
0.959
0.973
0.799
0.895
0.02
0.726
0.439
0.459
0.84
0.027
0.743
0.375
0.921
0.46
0.986
0.384
0.812
0.633
0.419
0.338
0.21
0.909
0.061
0.511
0.697
0.312
0.238
0.508
0.258
0.199
0.953
0.297
0.601
0.53
0.043
0.471
0.653
0.699
0.636
0.258
0.195
0.686
0.102
0.717
0.625
0.196
0.069
0.198
0.3
0.786
0.255
0.627
0.868
0.287
0.108
0.052
0.687
0.103
0.522
0.363
0.456
0.961
0.096
0.536
0.41
0.338
0.451
0.006
0.718
0.626
0.913
0.313
0.961
0.177
0.516
0.898
0.339
0.69
0.405
0.893
0.056
0.527
0.6
0.762
0.297
0.234
0.872
0.022
0.078
0.22
0.71
0.678
0.176
0.519
0.101
0.444
0.107
0.784
0.391
0.342
0.757
0.881
0.127
0.634
0.766
0.541
0.194
0.672
0.097
0.626
0.112
0.807
0
0.666
0.916
0.915
0.796
0.35
0.929
0.833
0.256
0.868
0.089
0.608
0.734
0.924
0.031
0.718
0.311
0.504
0.674
0.619
0.518
0.239
0.63
0.754
0.008
0.863
0.013
0.19
0.086
0.456
0.249
0.407
0.371
0.011
0.703
0.266
0.324
0.012
0.397
0.097
0.641
0.335
0.071
0.527
0.747
0.868
0.176
0.251
0.91
0.639
0.549
0.261
0.495
0.732
0.452
0.393
0.913
0.765
0.551
0.581
0.765
0.178
0.492
0.335
0.614
0.318
0.62
0.172
0.906
0.713
0.371
0.831
0.157
0.358
0.099
0.491
0.037
0.896
0.06
0.673
0.888
0.722
0.741
0.102
0.23
0.316
0.998
0.827
0.332
0.208
0.434
0.837
0.319
0.812
0.735
0.64
0.805
0.236
0.477
0.431
0.699
0.383
0.225
0.108
0.202
0.573
0.389
0.684
0.475
0.839
0.056
0.65
0.158
0.41
0.029
0.8
0.285
0.63
0.484
0.881
0.182
0.465
0.33
0.92
0.423
0.147
0.095
0.769
0.642
0.987
0.404
0.902
0.84
0.206
0.571
0.454
0.481
0.682
0.294
0.072
0.568
0.374
0.21
0.852
0.523
0.794
0.13
0.799
0.751
0.992
0.237
0.3
0.601
0.44
0.067
0.033
0.964
0.563
0.569
0.104
0.663
0.436
0.133
0.01
0.223
0.312
0.925
0.135
0.735
0.066
0.624
0.97
0.173
0.271
0.526
0.076
0.366
0.42
0.58
0.437
0.897
0.388
0.99
0.199
0.187
0.988
0.292
0.113
0.633
0.865
0.997
0.713
0.035
0.913
0.829
0.018
0.723
0.649
0.161
0.534
0.083
0.595
0.492
0.187
0.703
0.833
0.429
0.694
0.709
0.824
0.832
0.175
0.519
0.516
0.649
0.005
0.213
0.368
0.614
0.22
0.046
0.748
0.531
0.941
0.136
0.912
0.71
0.962
0.852
0.467
0.146
0.123
0.195
0.26
0.261
0.882
0.815
0.306
0.882
0.376
0.793
0.153
0.035
0.543
0.564
0.331
0.837
0.862
0.157
0.346
0.721
0.319
0.467
0.139
0.04
0.005
0.344
0.576
0.69
0.896
0.642
0.373
0.465
0.004
0.481
0.107
0.555
0.914
0.411
0.758
0.407
0.651
0.49
0.143
0.274
0.395
0.771
0.766
0.465
0.719
0.79
0.695
0.308
0.229
0.321
0.71
0.125
0.356
0.223
0.599
0.346
0.599
0.038
0.109
0.128
0.712
0.662
0.039
0.797
0.887
0.082
0.761
0.187
0.999
0.122
0.202
0.255
0.185
0.223
0.57
0.581
0.968
0.242
0.845
0.033
0.242
0.772
0.233
0.129
0.892
0.07
0.972
0.452
0.792
0.945
0.115
0.324
0.544
0.939
0.021
0.138
0.44
0.556
0.397
0.74
0.281
0.078
0.9
0.228
0.678
0.378
0.984
0.494
0.097
0.84
0.733
0.049
0.764
0.251
0.969
0.017
0.081
0.393
0.081
0.696
0.903
0.166
0.241
0.154
0.323
0.352
0.993
0.611
0.332
0.036
0.744
0.697
0.926
0.81
0.302
0.093
0.858
0.585
0.471
0.182
0.396
0.995
0.456
0.905
0.276
0.338
0.498
0.849
0.671
0.433
0.675
0
0.977
0.803
0.694
0.328
0.427
0.98
0.807
0.555
0.858
0.921
0.276
0.495
0.141
0.577
0.822
0.853
0.35
0.879
0.376
0.172
0.054
0.497
0.238
0.536
0.797
0.908
0.722
0.281
0.685
0.434
0.575
0.018
0.034
0.115
0.635
0.453
0.384
0.044
0.327
0.634
0.612
0.595
0.008
0.532
0.987
0.02
0.098
0.182
0.504
0.657
0.724
0.189
0.428
0.478
0.128
0.623
0.45
0.092
0.045
0.846
0.496
0.237
0.377
0.391
0.549
0.774
0.542
0.496
0.172
0.375
0.841
0.668
0.114
0.082
0.938
0.01
0.663
0.179
0.728
0.872
0.134
0.813
0.193
0.118
0.426
0.119
0.839
0.027
0.167
0.156
0.564
0.351
0.195
0.074
0.434
0.091
