0.741
0.357
0.926
0.196
0.266
0.845
0.178
0.019
0.322
0.432
0.154
0.038
0.501
0.642
0.724
0.305
0.829
0.427
0.519
0.986
0.539
0.251
0.076
0.679
0.11
0.408
0.157
0.357
0.854
0.251
0.249
0.028
0.481
0.883
0.894
0.434
0.531
0.423
0.226
0.795
0
0.773
0.215
0.124
0.351
0.759
0.43
0.568
0.413
0.609
0.909
0.537
0.704
0.208
0.517
0.484
0.897
0.572
0.453
0.936
0.017
0.522
0.521
0.229
0.482
0.125
0.413
0.352
0.263
0.514
0.826
0.889
0.967
0.14
0.313
0
0.794
0.097
0.433
0.612
0.007
0.246
0.005
0.997
0.418
0.537
0.629
0.26
0.319
0.792
0.95
0.272
0.105
0.869
0.521
0.681
0.211
0.638
0.822
0.266
0.681
0.956
0.571
0.676
0.114
0.278
0.448
0.367
0.606
0.513
0.466
0.367
0.175
0.879
0.547
0.945
0.279
0.406
0.78
0.929
0.052
0.926
0.104
0.793
0.735
0.578
0.624
0.292
0.021
0.68
0.175
0.171
0.221
0.083
0.532
0.547
0.156
0.989
0.695
0.984
0.304
0.095
0.418
0.831
0.905
0.54
0.037
0.631
0.63
0.259
0.105
0.477
0.177
0.23
0.003
0.697
0.252
0.73
0.412
0.267
0.102
0
0.268
0.476
0.119
0.016
0.433
0.684
0.798
0.622
0.426
0.395
0.156
0.79
0.481
0.66
0.27
0.356
0.925
0.772
0.589
0.169
0.838
0.661
0.205
0.789
0.355
0.665
0.066
0.138
0.77
0.909
0.51
0.948
0.411
0.473
0.11
0.773
0.351
0.935
0.937
0.886
0.336
0.387
0.037
0.111
0.245
0.775
0
0.45
0.772
0.964
0.649
0.487
0.165
0.443
0.916
0.181
0.012
0.094
0.027
0.896
0.996
0.988
0.526
0.187
0.467
0.592
0.72
0.566
0.434
0.177
0.514
0.368
0.991
0.246
0.813
0.317
0.386
0.919
0.728
0.344
0.645
0.499
0.7
0.501
0.824
0.311
0.449
0.328
0.254
0.817
0.71
0.341
0.722
0.982
0.064
0.681
0.539
0.37
0
0.772
0.588
0.671
0.807
0.077
0.079
0.332
0.911
0.329
0.152
0.851
0.286
0.837
0.556
0.811
0.228
0.668
0.64
0.243
0.327
0.497
0.565
0.955
0.476
0.501
0.025
0.198
0.545
0.001
0.392
0.258
0.81
0.921
0.094
0.926
0.81
0.881
0.441
0.051
0.399
0.089
0.753
0.513
0.712
0.007
0.29
0.77
0.956
0.241
0.842
0.812
0.711
0.466
0.169
0.982
0.615
0.605
0.533
0.758
0.703
0.131
0.108
0.155
0.206
0.789
0.933
0.413
0.355
0.873
0.28
0.409
0.932
0.342
0.675
0.175
0.275
0.239
0.079
0.489
0.229
0.118
0.567
0.951
0.631
0.3
0.14
0.125
0.685
0.65
0.66
0.291
0.896
0.637
0.756
0.888
0.42
0.294
0.492
0.415
0.711
0.987
0.75
0.486
0.496
0.423
0.445
0.065
0.333
0.546
0.114
0.008
0.44
0.598
0.379
0.963
0.792
0.888
0.874
0.617
0.224
0.077
0.223
0.565
0.013
0.423
0.136
0.545
0.367
0.915
0.017
0.332
0.327
0.738
0.553
0.66
0.13
0.086
0.332
0.536
0.695
0.372
0.625
0.006
0.101
0.676
0.532
0.923
0.236
0.481
0.579
0.569
0.85
0.483
0.781
0.468
0.909
0.349
0.07
0.792
0.599
0.202
0.991
0.629
0.68
0.947
0.752
0.926
0.656
0.507
0.34
0.438
0.559
0.524
0.714
0.264
0.239
0.812
0.361
0.156
0.993
0.558
0.54
0.51
0.472
0.989
0.186
0.048
0.856
0.768
0.385
0.413
0.613
0.391
0.189
0.611
0.63
0.016
0.652
0.25
0.825
0.54
0.263
0.184
0.547
0.887
0.366
0.819
0.547
0.26
0.506
0.912
0.346
0.347
0.055
0.016
0.518
0.548
0.28
0.52
0.991
0.344
0.649
0.89
0.947
0.781
0.152
0.614
0.238
0.221
0.628
0.67
0.806
0.682
0.135
0.268
0.538
0.342
0.359
0.388
0.676
0.418
0.534
0.527
0.757
0.962
0.75
0.759
0.147
0.932
0.713
0.963
0.38
0.831
0.997
0.843
0.724
0.478
0.475
0.192
0.117
0.34
0.468
0.112
0.889
0.02
0.825
0.987
0.387
0.264
0.512
0.553
0.988
0.63
0.225
0.108
0.047
0.512
0.417
0.237
0.124
0.813
0.447
0.036
0.081
0.032
0.718
0.401
0.578
0.687
0.279
0.569
0.492
0.761
0.314
0.779
0.651
0.554
0.94
0.497
0.125
0.483
0.366
0.492
0.011
0.951
0.939
0.883
0.029
0.404
0.783
0.265
0.252
0.396
0.838
0.866
0.304
0.701
0.96
0.372
0.27
0.625
0.311
0.423
0.799
0.463
0.623
0.582
0.455
0.911
0.45
0.171
0.221
0.344
0.596
0.35
0.27
0.343
0.664
0.531
0.055
0.115
0.029
0.102
0.241
0.279
0.989
0.848
0.031
0.799
0.766
0.934
0.477
0.619
0.761
0.455
0.741
0.359
0.352
0.024
0.593
0.443
0.649
0.622
0.819
0.409
0.803
0.066
0.65
0.253
0.637
0.132
0.917
0.356
0.872
0.339
0.053
0.499
0.55
0.569
0.265
0.463
0.686
0.283
0.518
0.538
0.48
0.135
0.737
0.285
0.218
0.014
0.222
0.48
0.849
0.649
0.35
0.928
0.136
0.829
0.291
0.142
0.768
0.283
0.761
0.958
0
0.323
0.169
0.579
0.173
0.898
0.274
0.973
0.442
0.93
0.722
0.2
0.032
0.252
0.432
0.074
0.782
0.798
0.241
0.45
0.294
0.87
0.865
0.776
0.646
0.05
0.381
0.097
0.337
0.869
0.637
0.936
0.289
0.81
0.333
0.373
0.828
0.446
0.592
0.873
0.694
0.014
0.277
0.69
0.644
0.187
0.281
0.161
0.181
0.449
0.252
0.812
0.296
0.119
0.383
0.729
0.479
0.594
0.365
0.666
0.007
0.948
0.343
0.688
0.564
0.722
0.707
0.711
0.234
0.215
0.243
0.108
0.894
0.568
0.36
0.38
0.029
0.105
0.686
0.63
0.602
0.991
0.491
0.475
0.74
0.297
0.38
0.506
0.125
0.638
0.181
0.593
0.046
0.656
0.092
0.883
0.093
0.711
0.709
0.153
0.599
0.656
0.914
0.698
0.181
0.967
0.198
0.07
0.628
0.448
0.511
0.128
0.8
0.26
0.96
0.755
0.357
0.343
0.618
0.729
0.611
0.689
0.555
0.413
0.937
0.537
0.982
0.095
0.727
0.731
0.621
0.014
0.281
0.7
0.315
0.638
0.142
0.594
0.849
0.957
0.952
0.787
0.788
0.245
0.094
0.445
0.951
0.093
0.87
0.501
0.009
0.737
0.498
0.118
0.452
0.913
0.784
0.856
0.185
0.747
0.3
0.732
0.498
0.204
0.684
0.165
0.448
0.808
0.54
0.086
0.17
0.604
0.66
0.901
0.805
0.065
0.712
0.178
0.676
0.716
0.162
0.002
0.738
0.908
0.266
0.397
0.197
0.18
0.237
0.057
0.669
0.409
0.017
0.576
0.35
0.554
0.366
0.199
0.671
0.565
0.784
0.701
0.034
0.888
0.843
0.988
0.666
0.117
0.084
0.261
0.626
0.124
0.016
0.924
0.831
0.206
0.627
0.243
0.701
0.414
0.028
0.765
0.153
0.94
0.775
0.654
0.316
0.192
0.151
0.58
0.248
0.335
0.733
0.015
0.878
0.126
0.166
0.334
0.823
0.231
0.195
0.628
0.131
0.632
0.564
0.799
0.8
0.611
0.778
0.855
0.402
0.471
0.623
0.595
0.578
0.471
0.165
0.749
0.218
0.024
0.563
0.236
0.396
0.861
0.118
0.367
0.687
0.248
0.788
0.239
0.582
0.363
0.096
0.736
0.588
0.913
0.294
0.595
0.703
0.547
0.276
0.764
0.07
0.015
0.908
0.964
0.202
0.484
0.023
0.368
0.178
0.484
0.662
0.831
0.265
0.14
0.532
0.533
0.442
0.529
0.597
0.083
0.236
0.514
0.348
0.858
0.949
0.803
0.414
0.34
0.302
0.468
0.074
0.096
0.406
0.615
0.868
0.927
0.156
0.457
0.181
0.567
0.816
0.128
0.678
0.899
0.566
0.382
0.673
0.859
0.278
0.838
0.255
0.527
