0.451
0.81
0.155
0.027
0.933
0.364
0.68
0.244
0.932
0.726
0.903
0.483
0.485
0.595
0.092
0.445
0.442
0.401
0.843
0.483
0.01
0.633
0.805
0.651
0.281
0.605
0.137
0.048
0.361
0.969
0.015
0.528
0.017
0.008
0.905
0.595
0.885
0.692
0.076
0.376
0.915
0.587
0.737
0.639
0.321
0.127
0.072
0.662
0.267
0.849
0.38
0.245
0.741
0.185
0.277
0.351
0.291
0.181
0.231
0.992
0.224
0.097
0.495
0.871
0.929
0.667
0.973
0.299
0.847
0.897
0.445
0.574
0.087
0.894
0.652
0.588
0.854
0.808
0.036
0.205
0.716
0.465
0.021
0.661
0.449
0.072
0.303
0.765
0.734
0.222
0.443
0.521
0.473
0.784
0.078
0.304
0.198
0.241
0.862
0.66
0.126
0.992
0.622
0.711
0.765
0.128
0.525
0.4
0.007
0.128
0.278
0.374
0.528
0.265
0.506
0.228
0.893
0.372
0.681
0.783
0.62
0.957
0.378
0.072
0.124
0.744
0.91
0.696
0.642
0.409
0.29
0.709
0.478
0.577
0.828
0.684
0.171
0.93
0.009
0.77
0.269
0.03
0.86
0.695
0.989
0.444
0.822
0.37
0.582
0.833
0.746
0.702
0.921
0.296
0.283
0.557
0.578
0.648
0.246
0.109
0.975
0.479
0.025
0.158
0.32
0.136
0.693
0.795
0.585
0.519
0.669
0.807
0.396
0.979
0.069
0.192
0.088
0.284
0.5
0.588
0.239
0.097
0.205
0.206
0.977
0.036
0.925
0.973
0.27
0.162
0.523
0.514
0.838
0.683
0.589
0.536
0.644
0.019
0.344
0.367
0.79
0.88
0.614
0.456
0.562
0.577
0.534
0.322
0.103
0.052
0.496
0.64
0.793
0.625
0.115
0.213
0.035
0.799
0.33
0.731
0.786
0.16
0.033
0.069
0.972
0.63
0.678
0.597
0.027
0.699
0.046
0.539
0.282
0.003
0.745
0.873
0.837
0.727
0.539
0.617
0.56
0.049
0.871
0.311
0.282
0.524
0.698
0.547
0.841
0.911
0.308
0.185
0.756
0.583
0.106
0.046
0.057
0.844
0.624
0.194
0.724
0.03
0.273
0.003
0.047
0.399
0.46
0.439
0.362
0.097
0.679
0.447
0.503
0.867
0.091
0.535
0.905
0.454
0.505
0.874
0.751
0.028
0.255
0.306
0.247
0.317
0.546
0.051
0.449
0.414
0.74
0.5
0.046
0.245
0.287
0.026
0.264
0.082
0.45
0.989
0.292
0.408
0.255
0.707
0.009
0.922
0.739
0.296
0.974
0.377
0.531
0.04
0.285
0.958
0.614
0.327
0.91
0.285
0.165
0.167
0.51
0.272
0.602
0.111
0.084
0.019
0.949
0.184
0.347
0.657
0.409
0.711
0.302
0.84
0.49
0.502
0.007
0.837
0.686
0.612
0.697
0.239
0.398
0.05
0.978
0.591
0.349
0.718
0.618
0.719
0.821
0.061
0.542
0.44
0.863
0.354
0.734
0.809
0.352
0.467
0.471
0.725
0.687
0.388
0.372
0.254
0.516
0.166
0.008
0.632
0.143
0.174
0.105
0.836
0.957
0.257
0.08
0.594
0.572
0.995
0.608
0.478
0.98
0.358
0.434
0.699
0.921
0.512
0.382
0.926
0.957
0.072
0.609
0.594
0.238
0.57
0.184
0.341
0.866
0.967
0.066
0.984
0.037
0.923
0.415
0.916
0.231
0.577
0.085
0.258
0.427
0.87
0.993
0.476
0.629
0.115
0.46
0.89
0.226
0.675
0.491
0.884
0.92
0.472
0.878
0.871
0.203
0.118
0.65
0.061
0.543
0.882
0.014
0.378
0.598
0.248
0.208
0.219
0.33
0.151
0.052
0.435
0.02
0.033
0.155
0.057
0.279
0.043
0.762
0.534
0.182
0.436
0.778
0.625
0.521
0.757
0.284
0.688
0.105
0.03
0.249
0.672
0.285
0.682
0.779
0.049
0.766
0.367
0.024
0.705
0.409
0.763
0.82
0.597
0.599
0.151
0.402
0.518
0.039
0.751
0.966
0.508
0.174
0.726
0.714
0.6
0.521
0.297
0.831
0.508
0.614
0.05
0.85
0.523
0.893
0.739
0.335
0.378
0.72
0.151
0.877
0.108
0.535
0.224
0.918
0.995
0.351
0.786
0.866
0.484
0.915
0.152
0.973
0.998
0.279
0.356
0.814
0.866
0.924
0.901
0.014
0.283
0.218
0.235
0.227
0.266
0.895
0.897
0.894
0.303
0.089
0.918
0.295
0.12
0.764
0.141
0.111
0.154
0.561
0.326
0.382
0.53
0.446
0.414
0.58
0.911
0.817
0.354
0.608
0.508
0.43
0.196
0.798
0.211
0.021
0.855
0.817
0.98
0.631
0.831
0.859
0.351
0.2
0.523
0.176
0.292
0.451
0.871
0.654
0.374
0.316
0.037
0.323
0.971
0.854
0.393
0.131
0.104
0.293
0.414
0.479
0.134
0.707
0.153
0.054
0.959
0.455
0.463
0.87
0.465
0.336
0.416
0.691
0.463
0.327
0.309
0.401
0.0
0.821
0.166
0.681
0.509
0.491
0.077
0.134
0.906
0.374
0.204
0.812
0.993
0.802
0.498
0.676
0.788
0.814
0.847
0.755
0.448
0.866
0.523
0.593
0.067
0.056
0.779
0.411
0.865
0.543
0.271
0.007
0.114
0.303
0.389
0.397
0.781
0.885
0.066
0.356
0.176
0.355
0.611
0.308
0.317
0.295
0.78
0.226
0.153
0.799
0.125
0.834
0.795
0.413
0.63
0.906
0.76
0.837
0.276
0.876
0.94
0.368
0.684
0.561
0.215
0.218
0.865
0.433
0.255
0.89
0.403
0.52
0.228
0.512
0.448
0.374
0.843
0.494
0.821
0.856
0.585
0.148
0.282
0.879
0.354
0.861
0.388
0.699
0.815
0.119
0.701
0.518
0.656
0.186
0.907
0.32
0.083
0.595
0.341
0.103
0.9
0.281
0.767
0.064
0.712
0.175
0.754
0.009
0.16
0.366
0.811
0.934
0.472
0.106
0.293
0.586
0.53
0.286
0.439
0.513
0.238
0.949
0.763
0.792
0.011
0.562
0.959
0.525
0.098
0.322
0.066
0.195
0.572
0.185
0.39
0.889
0.45
0.954
0.411
0.567
0.125
0.832
0.427
0.211
0.209
0.73
0.618
0.795
0.649
0.518
0.923
0.076
0.794
0.862
0.347
0.096
0.188
0.329
0.304
0.758
0.588
0.327
0.654
0.006
0.182
0.709
0.166
0.454
0.303
0.979
0.616
0.119
0.446
0.186
0.551
0.784
0.082
0.663
0.171
0.33
0.459
0.608
0.785
0.49
0.198
0.036
0.774
0.539
0.53
0.961
0.544
0.481
0.961
0.909
0.641
0.646
0.988
0.923
0.219
0.459
0.493
0.497
0.737
0.682
0.497
0.538
0.75
0.737
0.979
0.667
0.762
0.224
0.094
0.544
0.085
0.934
0.942
0.275
0.911
0.396
0.604
0.405
0.535
0.848
0.18
0.951
0.086
0.556
0.865
0.485
0.089
0.006
0.058
0.794
0.197
0.099
0.26
0.343
0.601
0.874
0.698
0.428
0.323
0.694
0.339
0.21
0.528
0.072
0.08
0.196
0.863
0.456
0.667
0.042
0.198
0.308
0.427
0.132
0.509
0.198
0.643
0.822
0.037
0.412
0.089
0.875
0.509
0.25
0.853
0.799
0.677
0.793
0.041
0.277
0.948
0.523
0.372
0.299
0.427
0.487
0.962
0.883
0.815
0.194
0.204
0.569
0.478
0.509
0.048
0.176
0.31
0.726
0.373
0.103
0.034
0.167
0.868
0.812
0.845
0.492
0.885
0.335
0.592
0.035
0.858
0.227
0.982
0.767
0.841
0.565
0.993
0.891
0.403
0.334
0.735
0.148
0.902
0.396
0.008
0.842
0.945
0.719
0.126
0.994
0.69
0.323
0.543
0.152
0.634
0.498
0.646
0.521
0.631
0.254
0.587
0.447
0.746
0.697
0.305
0.311
0.146
0.423
0.02
0.395
0.143
0.135
0.088
0.303
0.537
0.847
0.837
0.85
0.216
0.663
0.372
0.621
0.133
0.405
0.336
0.688
0.868
0.913
0.201
0.752
0.637
0.826
0.348
0.033
0.723
0.666
0.676
0.035
0.344
0.226
0.484
0.21
0.392
0.822
0.575
0.451
0.699
0.911
0.195
0.566
0.76
0.102
0.591
0.625
0.331
0.584
0.287
0.742
0.568
0.628
0.54
0.354
0.282
0.675
0.835
0.114
0.391
0.229
0.611
