0.308
0.174
0.508
0.704
0.172
0.333
0.765
0.224
0.447
0.083
0.887
0.682
0.347
0.83
0.926
0.277
0.212
0.969
0.994
0.556
0.858
0.525
0.599
0.561
0.636
0.031
0.372
0.943
0.101
0.192
0.474
0.965
0.918
0.368
0.85
0.188
0.154
0.799
0.752
0.675
0.611
0.903
0.453
0.776
0.78
0.399
0.731
0.93
0.085
0.33
0.669
0.929
0.202
0.315
0.578
0.344
0.161
0.665
0.763
0.98
0.824
0.718
0.593
0.061
0.609
0.579
0.422
0.465
0.974
0.15
0.752
0.599
0.356
0.343
0.578
0.722
0.59
0.446
0.852
0.025
0.416
0.396
0.903
0.318
0.204
0.772
0.256
0.326
0.251
0.856
0.355
0.419
0.001
0.796
0.838
0.275
0.56
0.534
0.989
0.493
0.955
0.953
0.241
0.322
0.115
0.468
0.805
0.138
0.232
0.981
0.931
0.915
0.144
0.746
0.185
0.817
0.751
0.359
0.856
0.681
0.655
0.748
0.139
0.995
0.159
0.519
0.69
0.552
0.511
0.18
0.3
0.13
0.361
0.643
0.26
0.072
0.63
0.465
0.162
0.47
0.447
0.752
0.738
0.411
0.599
0.823
0.409
0.702
0.949
0.259
0.335
0.328
0.708
0.703
0.583
0.254
0.927
0.171
0.143
0.952
0.665
0.731
0.85
0.146
0.009
0.995
0.026
0.252
0.06
0.314
0.13
0.683
0.352
0.025
0.862
0.702
0.056
0.627
0.85
0.715
0.107
0.802
0.505
0.127
0.012
0.884
0.255
0.498
0.928
0.348
0.164
0.909
0.554
0.592
0.922
0.069
0.596
0.757
0.573
0.314
0.812
0.291
0.048
0.261
0.358
0.666
0.26
0.052
0.859
0.17
0.833
0.533
0.516
0.879
0.838
0.307
0.636
0.466
0.237
0.106
0.575
0.301
0.541
0.052
0.61
0.098
0.633
0.893
0.585
0.394
0.114
0.915
0.713
0.272
0.865
0.096
0.614
0.461
0.479
0.124
0.173
0.916
0.76
0.719
0.906
0.029
0.417
0.801
0.466
0.336
0.052
0.91
0.469
0.217
0.739
0.221
0.864
0.209
0.393
0.059
0.724
0.002
0.555
0.672
0.843
0.155
0.706
0.82
0.556
0.012
0.593
0.875
0.751
0.387
0.057
0.607
0.577
0.163
0.177
0.69
0.715
0.939
0.432
0.764
0.808
0.889
0.259
0.939
0.202
0.923
0.507
0.204
0.452
0.066
0.101
0.068
0.28
0.846
0.518
0.123
0.426
0.812
0.074
0.445
0.616
0.109
0.386
0.125
0.152
0.402
0.798
0.561
0.749
0.83
0.177
0.821
0.812
0.345
0.045
0.214
0.201
0.347
0.535
0.848
0.203
0.751
0.298
0.177
0.726
0.331
0.026
0.804
0.043
0.285
0.167
0.248
0.905
0.046
0.619
0.481
0.797
0.737
0.299
0.493
0.036
0.957
0.777
0.506
0.155
0.606
0.574
0.205
0.618
0.584
0.12
0.315
0.38
0.949
0.905
0.196
0.714
0.35
0.188
0.657
0.552
0.783
0.829
0.812
0.559
0.536
0.491
0.513
0.009
0.267
0.555
0.206
0.685
0.575
0.348
0.391
0.255
0.145
0.816
0.964
0.438
0.908
0.264
0.311
0.776
0.896
0.158
0.456
0.415
0.946
0.468
0.846
0.175
0.027
0.003
0.243
0.252
0.24
0.838
0.912
0.318
0.071
0.749
0.913
0.114
0.402
0.69
0.545
0.399
0.847
0.45
0.429
0.556
0.191
0.458
0.72
0.542
0.855
0.152
0.109
0.161
0.696
0.969
0.002
0.568
0.482
0.115
0.796
0.239
0.486
0.191
0.919
0.116
0.583
0.78
0.11
0.684
0.509
0.562
0.599
0.397
0.988
0.313
0.577
0.271
0.425
0.405
0.534
0.367
0.116
0.063
0.091
0.46
0.541
0.447
0.23
0.822
0.876
0.42
0.442
0.296
0.212
0.801
0.775
0.365
0.29
0.423
0.417
0.589
0.068
0.155
0.477
0.77
0.867
0.284
0.428
0.893
0.67
0.008
0.415
0.773
0.321
0.267
0.405
0.501
0.075
0.825
0.171
0.305
0.787
0.601
0.273
0.481
0.807
0.111
0.863
0.059
0.078
0.242
0.071
0.052
0.884
0.108
0.203
0.4
0.364
0.138
0.006
0.847
0.863
0.368
0.396
0.955
0.864
0.653
0.408
0.766
0.027
0.408
0.249
0.116
0.957
0.426
0.306
0.123
0.077
0.909
0.877
0.076
0.035
0.072
0.915
0.653
0.81
0.422
0.626
0.048
0.754
0.925
0.836
0.826
0.87
0.487
0.644
0.523
0.052
0.019
0.862
0.375
0.497
0.508
0.769
0.592
0.226
0.673
0.18
0.73
0.392
0.376
0.932
0.33
0.15
0.272
0.464
0.162
0.156
0.882
0.522
0.57
0.503
0.792
0.531
0.64
0.683
0.966
0.543
0.856
0.673
0.765
0.286
0.511
0.594
0.266
0.395
0.402
0.362
0.459
0.275
0.764
0.991
0.432
0.774
0.933
0.472
0.71
0.157
0.972
0.809
0.334
0.736
0.658
0.193
0.991
0.658
0.607
0.045
0.559
0.335
0.522
0.25
0.008
0.705
0.216
0.77
0.311
0.484
0.418
0.457
0.015
0.528
0.291
0.666
0.67
0.933
0.185
0.013
0.782
0.568
0.09
0.105
0.24
0.997
0.871
0.413
0.424
0.357
0.224
0.074
0.573
0.403
0.286
0.675
0.497
0.533
0.994
0.33
0.999
0.688
0.098
0.995
0.075
0.134
0.591
0.834
0.489
0.17
0.141
0.168
0.977
0.131
0.629
0.241
0.781
0.193
0.082
0.255
0.272
0.526
0.42
0.194
0.159
0.516
0.175
0.675
0.292
0.299
0.765
0.358
0.292
0.642
0.962
0.177
0.632
0.631
0.222
0.651
0.039
0.67
0.46
0.922
0.566
0.942
0.809
0.883
0.203
0.123
0.756
0.747
0.455
0.682
0.844
0.726
0.487
0.987
0.555
0.214
0.709
0.231
0.997
0.819
0.047
0.085
0.194
0.368
0.785
0.956
0.329
0.582
0.438
0.937
0.46
0
0.395
0.511
0.022
0.016
0.313
0.735
0.585
0.987
0.918
0.113
0.508
0.3
0.236
0.868
0.637
0.051
0.319
0.335
0.37
0.635
0.999
0.837
0.613
0.019
0.031
0.465
0.875
0.856
0.094
0.494
0.899
0.171
0.461
0.55
0.005
0.409
0.021
0.239
0.457
0.735
0.509
0.479
0.998
0.708
0.456
0.979
0.273
0.41
0.797
0.784
0.111
0.565
0.509
0.655
0.809
0.437
0.204
0.938
0.625
0.509
0
0.084
0.286
0.288
0.04
0.153
0.969
0.726
0.291
0.444
0.719
0.89
0.575
0.174
0.945
0.092
0.278
0.869
0.694
0.889
0.431
0.797
0.489
0.292
0.929
0.749
0.521
0.201
0.227
0.225
0.33
0.562
0.388
0.58
0.659
0.391
0.917
0.337
0.02
0.693
0.541
0.245
0.252
0.227
0.295
0.495
0.584
0.139
0.124
0.519
0.943
0.218
0.041
0.432
0.534
0.111
0.587
0.54
0.022
0.333
0.598
0.909
0.04
0.001
0.124
0.148
0.797
0.551
0.633
0.249
0.154
0.793
0.307
0.723
0.3
0.6
0.118
0.583
0.359
0.404
0.115
0.075
0.845
0.635
0.871
0.132
0.256
0.895
0.047
0.184
0.293
0.034
0.098
0.757
0.023
0.249
0.505
0.599
0.079
0.863
0.178
0.499
0.881
0.457
0.301
0.259
0.528
0.554
0.319
0.562
0.373
0.616
0.785
0.407
0.152
0.584
0.817
0.96
0.003
0.208
0.267
0.039
0.571
0.11
0.013
0.764
0.217
0.129
0.468
0.19
0.283
0.105
0.775
0.289
0.699
0.034
0.655
0.489
0.461
0.043
0.273
0.019
0.085
0.676
0.706
0.996
0.678
0.946
0.689
0
0.538
0.315
0.576
0.702
0.292
0.705
0.214
0.287
0.546
0.153
0.294
0.728
0.918
0.27
0.619
0.783
0.121
0.504
0.895
0.767
0.554
0.763
0.459
0.458
0.672
0.972
0.238
0.355
0.778
0.317
0.542
0.244
0.637
0.653
0.67
0.84
0.901
0.758
0.368
0.465
0.678
0.902
0.742
0.664
0.631
0.967
0.254
0.57
0.964
0.416
0.398
0.007
0.03
0.08
0.167
0.482
0.434
0.568
0.125
0.851
0.061
0.5
0.218
0.24
