0.289
0.887
0.31
0.272
0.34
0.519
0.44
0.871
0.404
0.259
0.337
0.454
0.204
0.212
0.573
0.128
0.399
0.521
0.491
0.494
0.453
0.562
0.22
0.137
0.704
0.513
0.43
0.018
0.541
0.998
0.47
0.086
0.414
0.895
0.509
0.163
0.33
0.005
0.742
0.622
0.135
0.631
0.145
0.554
0.852
0.382
0.792
0.842
0.735
0.567
0.25
0.208
0.478
0.652
0.027
0.083
0.562
0.272
0
0.875
0.681
0.326
0.011
0.775
0.562
0.034
0.238
0.82
0.622
0.863
0.124
0.24
0.44
0.018
0.235
0.861
0.549
0.12
0.727
0.451
0.964
0.769
0.073
0.641
0.962
0.029
0.405
0.387
0.787
0.323
0.329
0.796
0.682
0.817
0.407
0.087
0.281
0.009
0.148
0.169
0.763
0.165
0.434
0.934
0.01
0.635
0.281
0.961
0.616
0.59
0.014
0.678
0.472
0
0.254
0.617
0.546
0.923
0.157
0.766
0.751
0.627
0.543
0.236
0.519
0.01
0
0.177
0.39
0.475
0.537
0.008
0.482
0.479
0.287
0.668
0.267
0.512
0.867
0.273
0.194
0.3
0.925
0.336
0.13
0.905
0.219
0.703
0.247
0.152
0.879
0.736
0.538
0.509
0.317
0.272
0.772
0.567
0.279
0.297
0.972
0.423
0.823
0.106
0.22
0.28
0.978
0.993
0.654
0.604
0.47
0.023
0.787
0.579
0.21
0.612
0.107
0.373
0.823
0.067
0.666
0.778
0.554
0.4
0.361
0.669
0.978
0.678
0.983
0.776
0.255
0
0.172
0.009
0.022
0.42
0.541
0.036
0.668
0.438
0.177
0.549
0.222
0.417
0.47
0.214
0.739
0.921
0.656
0
0.05
0.643
0.283
0.648
0.646
0.317
0.153
0.837
0.031
0.433
0.002
0.59
0.558
0.985
0.874
0.159
0.629
0.28
0.286
0.981
0.416
0.232
0.476
0.846
0.29
0.555
0.176
0.108
0.58
0.703
0.357
0.334
0.675
0.083
0.597
0.723
0.788
0.245
0.639
0.17
0.623
0.095
0.678
0.088
0.954
0.483
0.824
0.104
0.846
0.196
0.3
0.886
0.411
0.29
0.681
0.487
0.646
0.075
0.633
0.645
0.734
0.391
0.842
0.275
0.883
0.831
0.075
0.985
0.626
0.64
0.362
0.794
0.551
0.962
0.548
0.098
0.461
0.498
0.429
0.358
0.265
0.149
0.325
0
0.784
0.071
0.431
0.846
0.979
0.278
0.543
0.423
0.877
0.249
0.181
0.406
0.111
0.162
0.248
0.293
0.125
0.921
0.403
0.643
0.333
0.677
0.669
0.689
0.788
0.513
0.435
0.144
0.597
0.755
0.964
0.934
0.104
0.384
0.469
0.624
0.988
0.176
0.781
0.667
0.156
0.449
0.63
0.88
0.672
0.472
0.241
0.127
0.468
0.082
0.445
0.241
0.115
0.714
0.563
0.628
0.773
0.874
0.694
0.299
0.724
0.392
0.41
0.035
0.706
0.799
0.611
0.162
0.174
0.296
0.867
0.348
0.554
0.492
0
0.188
0.341
0.219
0.835
0.764
0.492
0.06
0.715
0.789
0.268
0.047
0.524
0.103
0.643
0.91
0.653
0.694
0.517
0.619
0.273
0.083
0.522
0.467
0.238
0.064
0.704
0.086
0.083
0.893
0.851
0.0
0.201
0.023
0.361
0.702
0.735
0.785
0.289
0.44
0.445
0.207
0.557
0.789
0.89
0.232
0.545
0.194
0.483
0.321
0.153
0.866
0.843
0.202
0.642
0.518
0.466
0.477
0.114
0.375
0.533
0.944
0.945
0.158
0.037
0.21
0.501
0.336
0.14
0.974
0.506
0.52
0.559
0.691
0.662
0.463
0.918
0.603
0.063
0.974
0.459
0.931
0.831
0.098
0.138
0.367
0.728
0.684
0.996
0.811
0.277
0.172
0.631
0.051
0.17
0.302
0.036
0.706
0.286
0.557
0.354
0.937
0.594
0.598
0.172
0.198
0.608
0.067
0.973
0.047
0.496
0.846
0.413
0.345
0.329
0.084
0.118
0.936
0.875
0.431
0.651
0.104
0.347
0.331
0.965
0.372
0.467
0.038
0.823
0.227
0.562
0.552
0.036
0.095
0.473
0.31
0.152
0.068
0.454
0.577
0.242
0.464
0.888
0.91
0.276
0.12
0.861
0.682
0.744
0.665
0.612
0.006
0.153
0.456
0.609
0.195
0.765
0.465
0.497
0.938
0.726
0.846
0.944
0.646
0.027
0.063
0.623
0.022
0.604
0.279
0.923
0.815
0.205
0.512
0.963
0.176
0.667
0.089
0.304
0.303
0.489
0.018
0.3
0.395
0.057
0.21
0.031
0.939
0.543
0.421
0.653
0.596
0.089
0.791
0.393
0.266
0.788
0.381
0.783
0.034
0.285
0.085
0.536
0.32
0.55
0.42
0.546
0.898
0.245
0.187
0.664
0.078
0.325
0.928
0.133
0.525
0.85
0.48
0.039
0.938
0.189
0.034
0.57
0.928
0.54
0.308
0.415
0.002
0.929
0.822
0.759
0.503
0.071
0.362
0.4
0.952
0.209
0.138
0.988
0.764
0.89
0.308
0.852
0.298
0.718
0.436
0.2
0.225
0.773
0.423
0.58
0.674
0.268
0.319
0.59
0.478
0.168
0.27
0.898
0
0.372
0.834
0.856
0.687
0.662
0.994
0.654
0.889
0.085
0.418
0.42
0.429
0.433
0.381
0.244
0.618
0.714
0.504
0.075
0.678
0.927
0.865
0.133
0.932
0.7
0.093
0.012
0.893
0.235
0.006
0.286
0.938
0.067
0.235
0.987
0.906
0.243
0.94
0.661
0.717
0.012
0.109
0.796
0.669
0.621
0.19
0.567
0.951
0.583
0.289
0.28
0.587
0.797
0.9
0.843
0.438
0.45
0.692
0.983
0.128
0.461
0.963
0.11
0.426
0.45
0.143
0.791
0.228
0.851
0.511
0.264
0.137
0.261
0.631
0.241
0.657
0.305
0.429
0.846
0.261
0.039
0.753
0.654
0.873
0.59
0.785
0.027
0.19
0.008
0.398
0.368
0.16
0.477
0.726
0.423
0.478
0.479
0.893
0.267
0.205
0.402
0.695
0.002
0.312
0.197
0.338
0.391
0.496
0.485
0.727
0.886
0.483
0.96
0.914
0.632
0.154
0.706
0.429
0.842
0.549
0.046
0.25
0.209
0.215
0.103
0.483
0.276
0.346
0.329
0.296
0.526
0.456
0.458
0.265
0.489
0.499
0.905
0.854
0.686
0.073
0.92
0.411
0.926
0.735
0.984
0.842
0.896
0.368
0.874
0.809
0.212
0.551
0.464
0.888
0.361
0.575
0.637
0.85
0.284
0.449
0.717
0.547
0.839
0.49
0.506
0.042
0.632
0.656
0.839
0.68
0.759
0.647
0.055
0.722
0.548
0.432
0.757
0.179
0.018
0.511
0.925
0.663
0.287
0.564
0.202
0.874
0.306
0.983
0.913
0.131
0.978
0.28
0.95
0.406
0.221
0.571
0.736
0.488
0.0
0.664
0.781
0.741
0.262
0.711
0.875
0.677
0.099
0.596
0.197
0.625
0.582
0.758
0.565
0.843
0.525
0.139
0.325
0.604
0.304
0.313
0.38
0.497
0.255
0.981
0.93
0.992
0.05
0.495
0.283
0.616
0.136
0.862
0.458
0.293
0.955
0.978
0.643
0.772
0.783
0.994
0.939
0.456
0.923
0.196
0.67
0.367
0.268
0.633
0.151
0.011
0.497
0.416
0.37
0.946
0.857
0.628
0.696
0.699
0.912
0.116
0.249
0.385
0.742
0.675
0.828
0.264
0.169
0.719
0.465
0.324
0.356
0.888
0.543
0.468
0.398
0.104
0.478
0.574
0.097
0.806
0.203
0.17
0.731
0.812
0.611
0.178
0.301
0.114
0.907
0.672
0.446
0.516
0.449
0.606
0.953
0.74
0.669
0.061
0.115
0.45
0.104
0.949
0.629
0.056
0.095
0.475
0.995
0.115
0.577
0.144
0.521
0.832
0.428
0.884
0.355
0.713
0.225
0.332
0.764
0.591
0.313
0.566
0.966
0.535
0.365
0.681
0.509
0.663
0.03
0.78
0.321
0.3
0.397
0.199
0.846
0.788
0.615
0.717
0.592
0.546
0.254
0.399
0.992
0.848
0.776
0.194
0.332
0.957
0.696
0.438
0.695
0.701
0.527
0.121
0.538
0.371
0.714
0.5
0.011
0.075
0.052
0.937
0.985
0.932
0.546
0.385
0.486
0.687
0.104
0.039
0.51
0.889
