0.976
0.575
0.408
0.522
0.854
0.849
0.246
0.314
0.536
0.989
0.84
0.613
0.277
0.561
0.047
0.88
0.795
0.101
0.851
0.835
0.656
0.318
0.277
0.753
0.827
0.193
0.219
0.527
0.688
0.518
0.637
0
0.292
0.529
0.854
0.542
0.918
0.388
0.562
0.185
0.598
0.235
0.197
0.394
0.038
0.546
0.027
0.404
0.634
0.173
0.326
0.394
0.866
0.255
0.03
0.133
0.691
0.899
0.493
0.074
0.936
0.037
0.547
0.984
0.028
0.635
0.27
0.347
0.721
0.359
0.081
0.688
0.916
0.606
0.119
0.393
0.975
0.697
0.961
0.953
0.629
0.939
0.464
0.317
0.416
0.517
0.929
0.321
0.486
0.425
0.22
0.21
0.23
0.564
0.963
0.243
0.983
0.121
0.102
0.793
0.572
0.219
0.849
0.934
0.104
0.217
0.626
0.353
0.139
0.778
0.3
0.271
0.348
0.905
0.808
0.779
0.613
0.35
0.311
0.638
0.612
0.328
0.889
0.954
0.777
0.342
0.035
0.775
0.264
0.522
0.521
0.049
0.376
0.0
0.91
0.153
0.996
0.758
0.724
0.507
0.974
0.32
0.562
0.76
0.044
0.528
0.55
0.081
0.877
0.956
0.252
0.26
0.533
0.965
0.639
0.947
0.062
0.478
0.876
0.619
0.676
0.442
0.323
0.171
0.814
0.159
0.193
0.656
0.347
0.113
0.448
0.55
0.919
0.123
0.195
0.127
0.05
0.945
0.753
0.34
0.449
0.914
0.62
0.776
0.754
0.008
0.093
0.306
0.564
0.203
0.302
0.647
0.138
0.046
0.215
0.188
0.934
0.359
0.19
0.455
0.387
0.172
0.378
0.922
0.713
0.098
0.21
0.142
0.487
0.625
0.072
0.497
0.04
0.929
0.583
0.575
0.846
0.977
0.8
0.603
0.829
0.348
0.643
0.021
0.482
0.017
0.939
0.725
0.73
0.801
0.617
0.662
0.704
0.859
0.537
0.459
0.729
0.38
0.519
0.006
0.874
0.271
0.793
0.57
0.556
0.744
0.449
0.971
0.573
0.4
0.903
0.693
0.033
0.98
0.724
0.303
0.15
0.986
0.55
0.482
0.664
0.292
0.384
0.205
0.486
0.38
0.792
0.753
0.324
0.258
0.858
0.179
0.069
0.354
0.042
0.481
0.868
0.251
0.864
0.765
0.307
0.125
0.393
0.235
0.717
0.504
0.72
0.634
0.529
0.651
0.296
0.397
0.853
0.895
0.474
0.18
0.322
0.907
0.008
0.82
0.513
0.866
0.382
0.887
0.443
0.893
0.76
0.54
0.998
0.789
0.283
0.853
0.102
0.641
0.911
0.312
0.704
0.616
0.526
0.393
0.459
0.352
0.226
0.357
0.947
0.679
0.425
0.93
0.073
0.747
0.981
0.88
0.332
0.437
0.199
0.697
0.104
0.634
0.76
0.916
0.827
0.745
0.54
0.78
0.983
0.964
0.916
0.071
0.877
0.523
0.467
0.978
0.477
0.54
0.443
0.174
0.664
0.816
0.462
0.812
0.703
0.522
0.049
0.322
0.539
0.852
0.116
0.885
0.062
0.686
0.655
0.043
0.65
0.129
0.033
0.159
0.944
0.221
0.126
0.075
0.342
0.923
0.108
0.8
0.405
0.422
0.885
0.206
0.092
0.708
0.413
1.0
0.459
0.479
0.7
0.672
0
0.816
0.582
0.428
0.268
0.899
0.21
0.743
0.456
0.589
0.531
0.865
0.585
0.852
0.346
0.385
0.421
0.384
0.56
0.764
0.349
0.156
0.245
0.838
0.796
0.311
0.464
0.961
0.384
0.263
0.938
0.942
0.059
0.411
0.384
0.483
0.109
0.368
0.056
0.888
0.636
0.903
0.311
0.337
0.914
0.174
0.866
0.862
0.357
0.355
0.803
0.373
0.801
0.85
0.14
0.186
0.242
0.669
0.434
0.437
0.111
0.371
0.329
0.472
0.187
0.601
0.871
0.035
0.239
0.403
0.91
0.559
0.392
0.401
0.591
0.268
0.395
0.359
0.226
0.299
0.763
0.975
0.022
0.078
0.032
0.957
0.549
0.469
0.236
0.866
0.531
0.33
0.066
0.474
0.191
0.957
0.292
0.775
0.707
0.883
0.675
0.197
0.554
0.943
0.095
0.0
0.617
0.247
0.801
0.094
0.965
0.407
0.467
0.566
0.107
0.629
0.013
0.477
0.187
0.559
0.154
0.142
0.642
0.336
0.418
0.658
0.801
0.273
0.569
0.301
0.352
0.628
0.814
0.977
0.232
0.634
0.034
0.996
0.102
0.719
0.737
0.626
0.731
0.63
0.954
0.241
0.688
0.124
0.053
0.505
0.423
0.814
0.894
0.51
0.646
0.485
0.918
0.883
0.281
0.487
0.718
0.346
0.142
0.04
0.519
0.043
0.106
0.455
0.464
0.899
0.166
0.418
0.34
0.013
0.523
0.03
0.559
0.027
0.213
0.864
0.822
0.093
0.119
0.804
0.807
0.475
0.559
0.556
0.738
0.559
0.651
0.523
0.555
0.945
0.581
0.716
0.765
0.064
0.347
0.415
0.325
0.25
0.602
0.528
0.49
0.756
0.138
0.888
0.047
0.948
0.069
0.826
0.358
0.654
0.421
0.858
0.74
0.058
0.615
0.539
0.768
0.344
0.219
0.707
0.02
0.723
0.518
0.674
0.274
0.557
0.056
0.351
0.442
0.061
0.942
0.184
0.067
0.494
0.33
0.827
0.297
0.926
0.134
0.965
0.682
0.489
0.707
0.186
0.495
0.995
0.986
0.751
0.607
0.087
0.584
0.142
0.552
0.409
0.289
0.98
0.702
0.41
0.504
0.767
0.574
0.966
0.593
0.354
0.843
0.307
0.553
0.206
0.874
0.884
0.072
0.355
0.538
0.226
0
0.016
0.028
0.824
0.427
0.542
0.206
0.911
0.312
0.699
0.076
0.339
0.336
0.506
0.24
0.918
0.482
0.044
0.889
0.433
0.702
0.767
0.337
0.881
0.857
0.57
0.736
0.325
0.923
0.233
0.733
0.533
0.707
0.611
0.339
0.298
0.937
0.773
0.857
0.168
0.57
0.745
0.004
0.827
0.033
0.738
0.669
0.84
0.143
0.028
0.895
0.107
0.624
0.392
0.151
0.106
0.851
0.868
0.34
0.294
0.274
0.013
0.436
0.498
0.771
0.756
0.104
0.971
0.966
0.984
0.457
0.223
0.467
0.257
0.744
0.521
0.855
0.403
0.46
0.888
0.551
0.951
0.506
0.016
0.024
0.019
0.09
0.399
0.791
0.445
0.83
0.349
0.445
0.073
0.587
0.302
0.085
0.786
0.808
0.411
0.183
0.056
0.807
0.568
0.072
0.841
0.997
0.037
0.422
0.336
0.432
0.158
0.256
0.459
0.208
0.005
0.981
0.8
0.037
0.499
0.011
0.496
0.11
0.688
0.768
0.357
0.638
0.82
0.815
0.983
0.66
0.564
0.008
0.559
0.491
0.557
0.085
0.636
0.737
0.903
0.188
0.15
0.334
0.483
0.606
1.0
0.315
0.454
0.486
0.61
0.064
0.454
0.671
0.234
0.727
0.235
0.488
0.174
0.877
0.413
0.51
0.348
0.507
0.757
0.365
0.999
0.224
0.707
0.698
0.182
0.364
0.359
0.507
0.18
0.373
0.855
0.547
0.861
0.148
0.047
0.033
0.997
0.318
0.447
0.526
0.01
0.849
0.094
0.52
0.649
0
0.824
0.861
0.603
0.261
0.088
0.488
0.374
0.029
0.754
0.763
0.97
0.913
0.399
0.249
0.339
0.254
0.832
0.023
0.029
0.224
0.351
0.524
0.944
0.141
0.983
0.18
0.735
0.888
0.467
0.232
0.366
0.016
0.02
0.765
0.848
0.933
0.299
0.919
0.472
0.943
0.177
0.778
0.031
0.796
0.61
0.922
0.237
0.983
0.599
0.491
0.34
0.054
0.065
0.191
0.419
0.48
0.307
0.054
0.8
0.939
0.372
0.817
0.137
0.414
0.028
0.219
0.834
0.812
0.652
0.505
0.628
0.787
0.112
0.871
0.23
0.344
0.37
0.166
0.884
0.872
0.975
0.736
0.673
0.661
0.641
0.153
0.925
0.252
0.909
0.425
0.56
0.841
0.261
0.009
0.504
0.956
0.636
0.396
0.992
0.665
0.096
0.036
0.611
0.338
0.822
0.07
0.181
0.753
0.765
0.661
0.499
0.484
0.953
0.055
0.029
0.737
0.945
0.268
0.51
0.021
0.841
0.234
0.242
0.121
0.783
0.351
0.263
0.384
0.21
0.277
0.254
0.648
0.324
0.278
0.496
