0.378
0.956
0.126
0.926
0.199
0.721
0.479
0.324
0.545
0.113
0.381
0.28
0.967
0.702
0.706
0.349
0.934
0.015
0.827
0.303
0.786
0.346
0.781
0.37
0.608
0.068
0.068
0.539
0.702
0.723
0.848
0.553
0.606
0.985
0.493
0.051
0.134
0.157
0.856
0.694
0.116
0.261
0.541
0.251
0.045
0.622
0.296
0.69
0.194
0.074
0.704
0.585
0.939
0.39
0.923
0.863
0.117
0.687
0.281
0.729
0.168
0.492
0.235
0.456
0.809
0.926
0.188
0.515
0.815
0.986
0.616
0.403
0.071
0.911
0.098
0.83
0.353
0.782
0.488
0.268
0.429
0.352
0.267
0.957
0.981
0.351
0.164
0.173
0.605
0.967
0.226
0.784
0.957
0.108
0.613
0.654
0.859
0.166
0.802
0.68
0.82
0.921
0.756
0.465
0.553
0.706
0.669
0.25
0.491
0.596
0.136
0.934
0.501
0.436
0.15
0.477
0.781
0.063
0.924
0.263
0.643
0.56
0.867
0.309
0.908
0.453
0.952
0.895
0.774
0.47
0.281
0.462
0.384
0.574
0.239
0.406
0.672
0.295
0.794
0.855
0.27
0.39
0.211
0.449
0.127
0.791
0.929
0.739
0.155
0.212
0.059
0.491
0.651
0.909
0.245
0.615
0.646
0.543
0.72
0.294
0.504
0.862
0.358
0.091
0.745
0.917
0.186
0.292
0.147
0.402
0.87
0.888
0.511
0.666
0.174
0.567
0.027
0.513
0.699
0.009
0.646
0.293
0.568
0.633
0.028
0.541
0.639
0.652
0.724
0.473
0.608
0.512
0.258
0.187
0.466
0.944
0.911
0.719
0.093
0.122
0.593
0.476
0.891
0.467
0.815
0.305
0.571
0.647
0.622
0.706
0.64
0.128
0.066
0.727
0.118
0.244
0.719
0.501
0.784
0.107
0.073
0.203
0.733
0.486
0.716
0.854
0.332
0.818
0.073
0.006
0.39
0.441
0.215
0.534
0.178
0.202
0.036
0.538
0.09
0.644
0.927
0.571
0.717
0.452
0.594
0.884
0.765
0.028
0.213
0.131
0.423
0.677
0.51
0.942
0.019
0.168
0.889
0.038
0.348
0.274
0.679
0.169
0.942
0.454
0.607
0.121
0.147
0.276
0.478
0.068
0.595
0.604
0.978
0.409
0.32
0.228
0.584
0.055
0.081
0.797
0.613
0.625
0.408
0.096
0.32
0.602
0.027
0.961
0.036
0.41
0.125
0.982
0.72
0.42
0.255
0.783
0.659
0.44
0.42
0.39
0.012
0.727
0.632
0.095
0.601
0.834
0.543
0.369
0.755
0.49
0.945
0.221
0.368
0.375
0.357
0.797
0.684
0.768
0.074
0.302
0.929
0.458
0.737
0.259
0.812
0.862
0.111
0.165
0.115
0.415
0.916
0.107
0.883
0.954
0.132
0.17
0.01
0.63
0.228
0.163
0.889
0.113
0.596
0.667
0.459
0.848
0.597
0.143
0.459
0.673
0.842
0.367
0.672
0.373
0.142
0.903
0.438
0.224
0.233
0.617
0.37
0.454
0.169
0.736
0.495
0.539
0.847
0.953
0.812
0.629
0.303
0.282
0.637
0.572
0.909
0.438
0.907
0.367
0.951
0.538
0.929
0.615
0.095
0.823
0.321
0.098
0.789
0.838
0.885
0.812
0.098
0.065
0.249
0.493
0.884
0.923
0.25
0.147
0.899
0.223
0.911
0.171
0.598
0.691
0.769
0.666
0.798
0.399
0.976
0.455
0.584
0.897
0.463
0.495
0.252
0.286
0.835
0.445
0.989
0.347
0.755
0.14
0.793
0.198
0.101
0.15
0.424
0.213
0.336
0.29
0.691
0.196
0.08
0.243
0.896
0.574
0.2
0.691
0.305
0.849
0.352
0.319
0.944
0.479
0.85
0.908
0.771
0.821
0.88
0.783
0.398
0.755
0.496
0.141
0.082
0
0.575
0.023
0.537
0.279
0.525
0.688
0.013
0.228
0.071
0.932
0.842
0.544
0.457
0.461
0.808
0.504
0.037
0.06
0.076
0.261
0.99
0.5
0.892
0.036
0.025
0.88
0.634
0.672
0.655
0.924
0.566
0.758
0.586
0.754
0.443
0.475
0.988
0.502
0.708
0.914
0.145
0.159
0.483
0.538
0.569
0.955
0.387
0.227
0.011
0.753
0.132
0.325
0.622
0.683
0.356
0.494
0.725
0.876
0.214
0.348
0.54
0.148
0.841
0.418
0.445
0.885
0.47
0.668
0.19
0.442
0.016
0.85
0.989
0.097
0.68
0.657
0.721
0.292
0.082
0.673
0.826
0.961
0.824
0.236
0.061
0.465
0.394
0.643
0.034
0.895
0.358
0.939
0.823
0.375
0.452
0.756
0.649
0.585
0.682
0.617
0.152
0.651
0.464
0.8
0.075
0.787
0.06
0.584
0.358
0.813
0.799
0.264
0.05
0.365
0.023
0.771
0.22
0.277
0.015
0.039
0.593
0.995
0.318
0.712
0.709
0.822
0.083
0.89
0.668
0.664
0.815
0.013
0.344
0.032
0.582
0.461
0.706
0.217
0.768
0.242
0.677
0.128
0.656
0.658
0.733
0.506
0.741
0.497
0.566
0.679
0.511
0.613
0.852
0.367
0.121
0.706
0.713
0.727
0.298
0.725
0.694
0.383
0.783
0.821
0.435
0.455
0.875
0.754
0.416
0.239
0.259
0.865
0.961
0.979
0.149
0.789
0.642
0.911
0.555
0.156
0.785
0.408
0.982
0.227
0.45
0.367
0.185
0.535
0.826
0.25
0.362
0.149
0.02
0.02
0.529
0.285
0.464
0.438
0.273
0.083
0.355
0.002
0.382
0
0.554
0.342
0.552
0.553
0.555
0.034
0.599
0.572
0.893
0.031
0.61
0.685
0.713
0.834
0.248
0.17
0.219
0.365
0.253
0.422
0.75
0.206
0.248
0.921
0.678
0.397
0
0
0.55
0.735
0.983
0.862
0.168
0.831
0.746
0.147
0.525
0.506
0.366
0.972
0.061
0.84
0.454
0.478
0.685
0.171
0.078
0.206
0.101
0.108
0.145
0.737
0.276
0.437
0.603
0.425
0.825
0.74
0.602
0.832
0.821
0.05
0.82
0.527
0.673
0.891
0.096
0.943
0.81
0.04
0.529
0.334
0.037
0.57
0.837
0.208
0.994
0.824
0.482
0.467
0.298
0.123
0.726
0.536
0.817
0.7
0.151
0.844
0.877
0.939
0.953
0.324
0.077
0.523
0.807
0.451
0.997
0.015
0.066
0.967
0.839
0.727
0.182
0
0.805
0.931
0.388
0.445
0.844
0.118
0.03
0.793
0
0.7
0.696
0.901
0.675
0.88
0.511
0.841
0.014
0.905
0.527
0.982
0.14
0.082
0.017
0.132
0.051
0.109
0.017
0.482
0.87
0.094
0.004
0.15
0.381
0.927
0.944
0.736
0.075
0.542
0.164
0.947
0.637
0.799
0.327
0.196
0.943
0.25
0.459
0.583
0.537
0.139
0.981
0.396
0.895
0.195
0.305
0.641
0.295
0.222
0.308
0.158
0.549
0.105
0.624
0.248
0.249
0.931
0.921
0.145
0.612
0.685
0.66
0.92
0.095
0
0.944
0.329
0.068
0.074
0.454
0.988
0.98
0.72
0.783
0.734
0.116
0.164
0.646
0.516
0.474
0.951
0.643
0.672
0.317
0.31
0.911
0.631
0.62
0.741
0.329
0.992
0.088
0.816
0.573
0.07
0.311
0.844
0.627
0.123
0.807
0.759
0.411
0.075
0.281
0.902
0.597
0.688
0.557
0.485
0.977
0.532
0.997
0.713
0.883
0.062
0.663
0.366
0.913
0.027
0.709
0.495
0.846
0.353
0.577
0.371
0.402
0.491
0.682
0.894
0.899
0.352
0.376
0.22
0.606
0
0.933
0.313
0.861
0.303
0.457
0.988
0.191
0.723
0.737
0.644
0.201
0.643
0.919
0.817
0.99
0.778
0.161
0.675
0.222
0.542
0.517
0.205
0
0.855
0.892
0.58
0.301
0.168
0.103
0.396
0.464
0.558
0.71
0.713
0.57
0.977
0.83
0.65
0.869
0.17
0.513
0.286
0.131
0.136
0.311
0.664
0.013
0.291
0.979
0.018
0.486
0.292
0.465
0.647
0.274
0.809
0.473
0.988
0.36
0.971
0.799
0.769
0.895
0.179
0.585
0.047
0.718
0.003
0.96
0.985
0.865
0.2
0.916
0.509
0.564
0.633
0.685
0.653
0.897
0.705
0.653
0.74
0.722
0.77
0.942
0.016
0.879
0.054
0.958
0.391
0.175
0.609
