0.824
0.221
0.705
0.805
0
0.714
0.016
0.991
0.05
0.134
0.711
0.434
0.816
0.995
0.418
0.149
0.933
0.309
0.615
0.248
0.33
0.662
0.491
0.133
0.872
0.688
0.412
0.083
0.381
0.467
0.583
0.068
0.114
0.294
0.892
0.544
0.623
0.837
0.805
0.509
0.314
0.889
0.22
0.414
0.321
0.149
0.429
0.203
0.958
0.714
0.002
0.637
0.54
0.077
0.111
0.507
0.347
0.188
0.197
0.364
0.762
0.295
0.769
0.039
0.11
0.014
0.107
0.607
0.099
0.576
0.715
0.309
0.052
0.768
0.486
0.691
0.361
0.344
0.384
0.772
0.698
0.004
0.02
0.368
0.383
0.08
0.17
0.099
0.727
0.683
0.252
0.885
0.618
0.731
0.752
0.073
0.804
0.491
0.471
0.096
0.122
0.333
0.803
0.542
0.378
0.627
0.38
0.194
0.605
0.686
0.246
0.149
0.523
0.103
0.754
0.577
0.459
0.742
0.536
0.441
0.818
0.296
0.226
0.675
0.055
0.823
0.771
0.305
0.609
0.604
0.668
0.751
0.38
0.936
0.419
0.739
0.122
0.182
0.215
0.101
0.665
0.668
0.207
0
0.811
0.34
0.493
0.838
0.376
0.226
0.994
0.581
0.334
0.629
0.096
0.94
0.639
0.526
0.31
0.662
0.424
0.487
0.096
0.614
0.995
0.759
0.995
0.814
0.542
0.905
0.154
0.307
0.864
0.38
0.021
0.485
0.48
0.17
0.448
0.638
0.071
0.835
0.302
0.761
0.6
0.387
0.257
0.146
0.585
0.206
0.946
0.549
0.576
0.244
0.264
0.757
0.337
0.379
0.122
0.538
0.259
0.955
0.258
0.364
0.269
0.439
0.457
0.235
0.223
0.634
0.878
0.201
0.072
0.831
0.381
0.155
0.819
0.317
0.5
0.102
0.744
0.081
0.783
0.175
0.315
0.409
0.373
0.865
0.356
0.642
0.587
0.957
0.289
0.395
0.673
0.657
0.835
0.824
0.506
0.371
0.967
0.594
0.327
0.922
0.698
0.927
0.614
0.955
0.293
0.473
0.013
0.735
0.359
0.484
0.71
0.3
0.321
0.32
0.232
0.066
0.485
0.95
0.822
0.248
0.328
0.109
0.917
0.24
0.451
0.762
0.946
0.986
0.358
0.577
0.643
0.32
0.393
0.002
0.026
0.886
0.71
0.723
0.802
0.849
0.976
0.784
0.514
0.69
0.384
0.456
0.726
0.183
0.162
0.429
0.544
0.056
0.323
0.572
0.902
0.623
0.56
0.233
0.683
0.858
0.653
0.87
0.234
0.414
0.095
0.902
0.533
0.833
0.023
0.609
0.395
0.215
0.174
0.854
0.524
0.611
0.14
0.189
0.164
0.956
0.15
0.156
0.616
0.763
0.045
0.321
0.063
0.517
0.845
0.075
0.601
0.612
0.064
0.747
0.966
0.619
0.804
0.586
0.53
0.152
0.862
0.959
0.642
0.773
0.287
0.959
0.044
0.775
0.422
0.579
0.158
0.727
0.698
0.533
0.745
0.694
0.781
0.376
0.053
0.747
0.931
0.83
0.937
0.062
0.755
0.918
0.863
0.399
0.26
0.779
0.792
0.322
0.172
0.54
0.617
0.281
0.566
0.823
0.688
0.946
0.672
0.975
0.915
0.953
0.651
0.263
0.284
0.566
0.848
0.998
0.036
0.319
0.623
0.297
0.311
0.601
0.993
0.078
0.787
0.126
0.345
0.017
0.235
0.568
0.637
0.231
0.713
0.268
0.216
0.73
0.47
0.698
0.272
0.171
0.29
0.658
0.797
0.122
0.056
0.69
0.414
0.232
0.958
0.269
0.974
0.776
0.293
0.695
0.558
0.078
0.111
0.379
0.696
0.467
0.573
0.745
0.889
0.726
0.571
0.059
0.057
0.844
0.892
0.472
0.997
0.786
0.717
0.377
0.824
0.55
0.46
0.486
0.652
0.723
0.197
0.848
0.534
0.56
0.075
0.837
0.459
0.362
0.32
0.665
0.083
0.048
0.09
0.634
0.347
0.201
0.336
0.33
0.767
0.357
0.377
0.388
0.988
0.899
0.0
0.92
0.37
0.391
0.845
0.214
0.575
0.187
0.286
0.155
0.895
0.847
0.38
0.179
0.861
0.059
0.388
0.441
0.579
0.756
0.731
0.981
0.133
0.305
0.608
0.181
0.604
0.763
0.249
0.046
0.931
0.412
0.35
0.668
0.911
0.297
0.361
0.247
0.724
0.738
0.815
0.292
0.888
0.162
0.984
0.64
0.148
0.884
0.41
0.304
0.173
0.158
0.331
0.186
0.176
0.917
0.359
0.411
0.851
0.291
0.941
0.948
0.041
0.433
0.413
0.667
0.808
0.496
0.591
0.923
0.474
0.172
0.497
0.9
0.555
0.795
0.28
0.133
0.69
0.256
0.468
0.55
0.527
0.319
0.796
0.268
0.901
0.394
0.305
0.68
0.747
0.571
0.151
0.971
0.2
0.202
0.139
0.008
0.444
0.918
0.106
0.917
0.091
0.429
0.65
0.39
0.93
0.644
0.794
0.318
0.162
0.087
0.059
0.786
0.84
0.31
0.268
0.028
0.909
0.554
0.563
0.619
0.538
0.674
0.433
0.237
0.403
0.559
0.405
0.934
0.779
0.846
0.922
0.507
0.958
0.582
0.386
0.598
0.552
0.502
0.375
0.46
0.373
0.214
0.158
0.207
0.203
0.416
0.227
0.634
0.661
0.555
0.695
0.151
0.362
0.915
0.527
0.91
0.41
0.77
0.083
0.304
0.148
0.286
0.482
0.356
0.395
0.659
0.147
0.052
0.235
0.443
0.676
0.757
0.398
0.581
0.743
0.425
0.818
0.922
0.12
0.539
0.557
0.51
0.249
0.371
0.775
0.222
0.473
0.948
0.698
0.244
0.764
0.164
0.585
0.708
0.55
0.118
0
0.287
0.954
0.419
0.442
0.997
0.966
0.045
0.331
0.918
0
0.006
0.189
0.768
0.194
0.095
0.953
0.887
0.868
0.586
0.017
0.374
0.438
0.257
0.063
0.418
0.651
0.659
0.233
0.499
0.991
0.618
0.263
0.82
0.523
0.893
0.739
0.061
0.658
0.193
0.129
0.326
0.358
0.196
0.669
0.244
0.169
0.994
0.156
0.462
0.682
0.177
0.292
0.337
0.868
0.97
0.093
0.692
0.795
0.558
0.879
0.446
0.998
0.123
0.403
0.971
0.195
0.386
0.521
0.215
0.645
0.096
0.386
0.754
0.731
0.231
0.884
0.096
0.79
0.127
0.029
0.415
0.647
0.443
0.109
0.857
0.922
0.99
0.415
0.636
0.473
0.265
0.607
0.594
0.449
0.4
0.292
0.567
0.925
0.239
0.177
0.35
0.755
0.276
0.755
0.218
0.536
0.086
0.21
0.291
0.988
0.762
0.768
0.362
0.771
0.029
0.087
0.456
0.234
0.787
0.303
0.013
0.442
0.237
0.524
0.748
0.131
0.418
0.902
0.75
0.149
0.324
0.457
0.225
0.491
0.501
0.705
0.919
0.704
0.848
0.023
0.661
0.432
0.129
0.486
0
0.316
0.497
0.951
0.289
0.129
0.552
0.883
0.216
0.116
0.359
0.061
0.619
0.974
0.884
0.506
0.241
0.512
0.404
0.625
0.594
0.745
0.804
0.642
0.776
0
0.22
0.906
0.675
0.277
0.047
0.94
0.948
0.097
0.963
0.24
0.027
0.082
0.218
0.818
0.863
0.827
0.088
0.377
0.382
0.953
0.355
0.042
0.955
0.402
0.272
0.243
0.36
0.555
0.773
0.041
0.018
0.959
0.438
0.943
0.282
0.577
0.951
0.661
0.995
0.347
0.84
0.758
0.452
0.904
0.373
0.364
0.693
0.912
0.567
0.665
0.592
0.296
0.389
0.912
0.181
0.411
0.062
0.548
0.364
0.426
0.717
0.016
0.605
0.708
0.812
0.008
0.845
0.115
0.334
0.024
0.578
0.485
0.392
0.545
0.564
0.124
0.383
0.532
0.762
0.655
0.799
0.022
0.289
0.945
0.585
0.42
0.663
0.413
0.226
0.882
0.2
0.981
0.134
0.417
0.97
0.093
0.57
0.051
0.76
0.564
0.843
0.03
0.232
0.432
0.686
0.324
0.817
0.939
0.582
0.47
0.438
0.704
0.46
0.506
0.001
0.41
0.884
0.291
0.326
0.381
0.288
0.544
0.423
0.839
0.334
0.243
0.525
0.508
0.855
0.93
0.979
0.413
0.884
0.745
0.669
0.614
0.53
0.867
0.427
0.856
0.776
0.692
0.415
0.202
0.166
0.128
0.022
0.88
0.466
