0.091
0.508
0.513
0.29
0.686
0.052
0.557
0.689
0.253
0.533
0.235
0.918
0.932
0.665
0.756
0.308
0.453
0.699
0.452
0.965
0.676
0.385
0.205
0.182
0.773
0.552
0.683
0.089
0.874
0.361
0.144
0.152
0.355
0.642
0.635
0.043
0.762
0.158
0.466
0.865
0.021
0.609
0.093
0.873
0.942
0.819
0.59
0.854
0.103
0.318
0.683
0.812
0.348
0.393
0.1
0.687
0.381
0.793
0.584
0.354
0.882
0.019
0.592
0.696
0.724
0.148
0.086
0.441
0.571
0.828
0.866
0.418
0.925
0.309
0.423
0.441
0.529
0.391
0.77
0.51
0.827
0.806
0.667
0.348
0.972
0.527
0.304
0.244
0.706
0.585
0.03
0.022
0.337
0.05
0.348
0.717
0.368
0.783
0.119
0.631
0.183
0.171
0.668
0
0.798
0.914
0.852
0.061
0.802
0.455
0.355
0.424
0.768
0.069
0.405
0.082
0.15
0.493
0.724
0.697
0.306
0.102
0.686
0.438
0.453
0.092
0.133
0.054
0.25
0.357
0.686
0.74
0.763
0.399
0.515
0.366
0.205
0.606
0.427
0.315
0.564
0.831
0.555
0.76
0.945
0.271
0.441
0.623
0.411
0.696
0.973
0.824
0.749
0.23
0.271
0.423
0.911
0.13
0.204
0.444
0.47
0.95
0.072
0.149
0.793
0.525
0.676
0.903
0.089
0.472
0.207
0.707
0.207
0.585
0.13
0.579
0.04
0.359
0.717
0.259
0.902
0.33
0.591
0.352
0.502
0.803
0.222
0.023
0.084
0.031
0.634
0.921
0.88
0.6
0.652
0.045
0.598
0.85
0.261
0.256
0.99
0.525
0.011
0.573
0.883
0.126
0.231
0.801
0.637
0.368
0.927
0.594
0.837
0.662
0.907
0.445
0.666
0.46
0.434
0.974
0.195
0.175
0.916
0.156
0.424
0.965
0.369
0.008
0.637
0.255
0.268
0.543
0.259
0.232
0.445
0.522
0.491
0.457
0.303
0.677
0.24
0.851
0.457
0.164
0.456
0.723
0.529
0.032
0.713
0.416
0.461
0.126
0.061
0.085
0.256
0.348
0.387
0.42
0.191
0.573
0.917
0.287
0.509
0.107
0.126
0.864
0.001
0.577
0.729
0.435
0.238
0.202
0.938
0.198
0.57
0.533
0.637
0.939
0.635
0.15
0.529
0.355
0.477
0.883
0.621
0.966
0.279
0.612
0.575
0.465
0.926
0.086
0.323
0.265
0.854
0.192
0.826
0.933
0.574
0.39
0.779
0.363
0.573
0.56
0.129
0.058
0.342
0.674
0.29
0.959
0.997
0.304
0.682
0.193
0.737
0.53
0.879
0.159
0.059
0.393
0.833
0.888
0.565
0.276
0.845
0.365
0.622
0.354
0.688
0.058
0.092
0.837
0.972
0.235
0.975
0.305
0.293
0.905
0.196
0.982
0.163
0.841
0.181
0.828
0.4
0.901
0.052
0.023
0.64
0.827
0.805
0.46
0.142
0.464
0.286
0.759
0.418
0.804
0.106
0.267
0.379
0.816
0.224
0.555
0.476
0.856
0.521
0.338
0.754
0.612
0.453
0.428
0.16
0.212
0.663
0.183
0.023
0.953
0.066
0.166
0.556
0.489
0.271
0.487
0.688
0.151
0.838
0.327
0.06
0.417
0.201
0.851
0.506
0.986
0.419
0.594
0.071
0.097
0.85
0.264
0.293
0.214
0.681
0.538
0.393
0.49
0.014
0.11
0.659
0.516
0.216
0.105
0.062
0.171
0.286
0.414
0.944
0.904
0.642
0.754
0.489
0.649
0.561
0.269
0.874
0.815
0.24
0.439
0.106
0.765
0.383
0.708
0.613
0.163
0.697
0.757
0.613
0.791
0.69
0.473
0.736
0.153
0.877
0.762
0.74
0.814
0.436
0.102
0.589
0.526
0.623
0.664
0.153
0.875
0.445
0.635
0.838
0.86
0.827
0.631
0.947
0.634
0.864
0.367
0.369
0.338
0.628
0.623
0.393
0.663
0.131
0.221
0.139
0.155
0.702
0.319
0.396
0.966
0.931
0
0.719
0.453
0.466
0.448
0.087
0.989
0.351
0.868
0.652
0.548
0.215
0.802
0.55
0.695
0.51
0.304
0.918
0.14
0.887
0.669
0.939
0.803
0.21
0.169
0.503
0.599
0.474
0.855
0.842
0.087
0.691
0.886
0.985
0.142
0.316
0.711
0.385
0.981
0.693
0.576
0.166
0.446
0.84
0.764
0.506
0.274
0.202
0.397
0.048
0.973
0.723
0.331
0.268
0.604
0.925
0.295
0.649
0.832
0.685
0.091
0.042
0.452
0.338
0.572
0.665
0.917
0.54
0.736
0.391
0.147
0.425
0.236
0.641
0.327
0.358
0.2
0.736
0.502
0.424
0.397
0.279
0.925
0.753
0.079
0.593
0.01
0.08
0.991
0.913
0.436
0.537
0.67
0.681
0.477
0.178
0.589
0.146
0.939
0.831
0.999
0.696
0.032
0.578
0.727
0.871
0.811
0.253
0.502
0.183
0.814
0.62
0.829
0.628
0.453
0.823
0.206
0.126
0.425
0.081
0.803
0.197
0.639
0.06
0.962
0.913
0.291
0.897
0.455
0.131
0.973
0.869
0.858
0.033
0.733
0.579
0.415
0.54
0.806
0.287
0.227
0.723
0.666
0.068
0.5
0.874
0.283
0.905
0.97
0.939
0.176
0.213
0.992
0.941
0.286
0.264
0.555
0.774
0.089
0.486
0.934
0.079
0.0
0.043
0.663
0.106
0.902
0.202
0.798
0.476
0.07
0.329
0.468
0.459
0.545
0.492
0.651
0.987
0.335
0.661
0.812
0.816
0.917
0.831
0.818
0.196
0.14
0.909
0.366
0.937
0.976
0.505
0.076
0.839
0.876
0.881
0.323
0.621
0.421
0.445
0.181
0.834
0.277
0.985
0.147
0.652
0.194
0.566
0.615
0.456
0.755
0.407
0.006
0.565
0.889
0.744
0.165
0.059
0.847
0.765
0.108
0.395
0.847
0.928
0.851
0.701
0.233
0.686
0.864
0.131
0.39
0.034
0.386
0.011
0.512
0.613
0.951
0.054
0.819
0.783
0.086
0.638
0.191
0.738
0.946
0.22
0.555
0.175
0.516
0.084
0.884
0.044
0.41
0.69
0.713
0.871
0.189
0.042
0.053
0.811
0.05
0.116
0.343
0.588
0.299
0.36
0.935
0.984
0.587
0.767
0.038
0.78
0.227
0.028
0.769
0.469
0.825
0.212
0.13
0.264
0.697
0.995
0.237
0.979
0.849
0.877
0.334
0.138
0.571
0.339
0.819
0.528
0.237
0.064
0.648
0.173
0.461
0.744
0.717
0.963
0.231
0.702
0.081
0.198
0.94
0.572
0.133
0.087
0.783
0.978
0.211
0.628
0.286
0.756
0.942
0.62
0.864
0.593
0.835
0.113
0.691
0.439
0.416
0.284
0.105
0.344
0.077
0.088
0.472
0.347
0.229
0.161
0.517
0.842
0.695
0.841
0.589
0.486
0.123
0.944
0.258
0.144
0.302
0.633
0.724
0.138
0.916
0.03
0.023
0.764
0.102
0.365
0.91
0.662
0.171
0.737
0.163
0.353
0.641
0.551
0.425
0.099
0.158
0.036
0.813
0.391
0.815
0.63
0.72
0.036
0.502
0.596
0.775
0.195
0.208
0.599
0.165
0.566
0.113
0.614
0.374
0.712
0.85
0.058
0.089
0.469
0.369
0.781
0.184
0.121
0.707
0.937
0.038
0.384
0.559
0.03
0.482
0.222
0.528
0.608
0.658
0.341
0.195
0.184
0.653
0.784
0.596
0.412
0.211
0.921
0.901
0.097
0.506
0.421
0.654
0.139
0.681
0.305
0.359
0.79
0.06
0.923
0.194
0.219
0.175
0.59
0.909
0.775
0.811
0.128
0.717
0.49
0.423
0.614
0.643
0.958
0.369
0.682
0.052
0.93
0.069
0.813
0.451
0.881
0.964
0.753
0.078
0.999
0.692
0.929
0.312
0.584
0.535
0.401
0.436
0.181
0.287
0.199
0.103
0.194
0.884
0.692
0.302
0.451
0.113
0.278
0.27
0.241
0.13
0.54
0.152
0.642
0.033
0.818
0.356
0.597
0.319
0.984
0.157
0.486
0.877
0.353
0.155
0.724
0.959
0.072
0.776
0.911
0.186
0.892
0.26
0.449
0.296
0.51
0.707
0.681
0.163
0.883
0.832
0.899
0.346
0.263
0.222
0.498
0.835
0.709
0.355
0.326
0.629
0.493
0.963
0.203
0.651
0.719
0.621
0.501
0.295
0.645
0.586
0.631
0.989
