0.231
0.122
0.505
0.76
0.661
0.381
0.807
0.765
0.268
0.526
0.152
0.186
0.292
0.272
0.291
0.494
0.243
0.283
0.864
0.301
0.089
0.87
0.697
0.882
0.772
0.014
0.367
0.94
0.92
0.275
0.732
0.884
0.98
0.114
0.138
0.131
0.82
0.796
0.263
0.928
0.16
0.093
0.888
0.89
0.954
0.606
0.429
0.244
0.808
0.891
0.225
0.841
0.804
0.602
0.47
0.052
0.245
0.049
0.412
0.396
0.716
0.386
0.032
0.925
0.571
0.961
0.633
0.735
0.603
0.453
0.455
0.946
0.089
0.988
0.583
0.495
0.963
0.833
0.015
0.83
0.423
0.709
0.193
0.419
0.311
0.877
0.24
0.009
0.295
0.052
0.678
0.025
0.345
0.307
0.651
0.892
0.329
0.678
0.395
0.738
0.931
0.507
0.014
0.702
0.965
0.13
0.405
0.851
0.484
0.066
0.601
0.213
0.546
0.862
0.869
0.432
0.709
0.573
0.215
0.088
0.004
0.499
0.172
0.33
0.463
0.379
0.995
0.83
0.299
0.443
0.787
0.314
0.752
0.84
0.602
0.108
0.933
0.146
0.444
0.89
0.142
0.667
0.045
0.831
0.141
0.792
0.628
0.94
0.428
0.452
0.8
0.807
0.349
0.317
0.067
0.173
0.782
0.974
0.348
0.582
0.608
0.487
0.703
0.199
0.361
0.606
0.891
0.801
0.414
0.67
0.526
0.348
0.384
0.257
0.177
0.219
0.097
0.352
0.479
0
0.463
0.471
0.66
0.763
0.528
0.835
0.589
0.999
0.434
0.044
0.646
0.564
0.29
0.378
0
0.15
0.983
0.319
0.44
0.763
0.07
0.138
0.83
0.127
0.75
0.453
0.413
0.687
0.535
0.466
0.172
0.873
0.496
0.693
0.337
0.682
0.595
0.859
0.882
0.27
0.867
0.301
0.195
0.392
0.267
0.958
0.26
0.612
0.394
0.016
0.233
0.462
0.779
0.844
0.289
0.788
0.152
0.88
0.331
0.076
0.44
0.752
0.784
0.427
0.225
0.049
0.692
0.878
0.62
0.875
0.647
0.791
0.224
0.193
0.844
0.824
0.254
0.527
0.482
0.091
0.306
0.051
0.722
0.002
0.798
0.761
0.3
0.653
0.285
0.36
0.938
0.635
0.625
0.231
0.928
0.505
0.589
0.592
0.759
0.963
0.33
0.349
0.62
0.766
0.117
0.612
0.275
0.442
0.779
0.788
0.919
0.532
0.218
0.904
0.602
0.092
0.479
0.915
0.883
0.944
0.862
0.35
0.072
0.425
0.096
0.29
0.747
0.149
0.688
0.054
0.958
0.041
0.156
0.573
0.685
0.055
0.558
0.027
0.339
0.035
0.137
0.947
0.548
0.358
0.766
0.197
0.261
0.824
0.683
0.042
0.125
0.864
0.607
0.146
0.033
0.416
0.968
0.86
0.756
0.458
0.788
0.76
0.983
0.843
0.909
0.95
0.273
0.462
0.873
0.956
0.344
0.768
0.413
0.531
0.966
0
0.458
0.637
0.754
0.417
0.325
0.441
0.378
0.441
0.147
0.949
0.742
0.726
0.006
0.945
0.836
0.136
0.276
0.161
0.686
0.917
0.861
0.391
0.198
0.979
0.489
0.859
0.926
0.818
0.227
0.29
0.578
0.728
0.064
0.161
0.368
0.707
0.032
0.517
0.101
0.675
0.061
0.24
0.5
0
0.976
0.574
0.847
0.412
0.784
0.119
0.538
0.432
0.105
0.868
0.085
0.884
0.873
0.136
0.635
0.386
0.426
0.638
0.367
0.038
0.186
0.932
0.155
0.658
0.617
0.969
0.239
0.213
0.305
0.437
0.243
0.826
0.44
0.773
0.92
0.785
0.989
0.391
0.026
0.573
0.628
0.981
0.47
0.881
0.49
0.871
0.921
0.601
0.294
0.366
0.473
0.774
0.646
0.724
0.957
0.706
0.045
0.075
0.94
0.63
0.216
0.266
0.052
0.817
0
0.888
0.028
0.567
0.673
0.696
0.533
0.634
0.821
0.054
0.446
0.132
0.095
0.716
0.646
0.082
0.152
0.925
0.248
0.831
0.795
0.284
0.229
0.265
0.718
0.242
0.498
0.301
0.668
0.601
0.196
0.229
0.416
0.484
0.474
0.434
0.765
0.023
0.419
0.279
0.955
0.525
0.154
0.225
0.708
0.03
0.983
0.537
0.404
0.158
0.747
0.782
0.945
0.079
0.805
0.163
0.214
0.869
0.413
0.612
0.217
0.457
0.68
0.428
0.522
0.16
0.703
0.661
0.32
0.479
0.529
0.776
0.315
0.496
0.002
0.768
0.429
0.518
0.855
0.186
0.055
0.192
0.354
0.57
0.164
0.468
0.704
0.578
0.678
0.385
0.19
0.894
0.5
0.449
0.312
0.528
0.97
0.209
0.362
0.709
0.374
0.816
0.313
0.748
0.8
0.717
0.868
0.171
0.057
0.518
0.653
0.692
0.588
0.59
0.292
0.846
0.31
0.152
0.722
0.546
0.829
0.481
0.113
0.725
0.707
0.627
0.57
0.433
0.821
0.243
0.353
0.889
0.37
0.648
0.494
0.862
0.66
0.018
0.189
0.106
0.805
0.286
0.618
0.388
0.204
0.32
0.837
0.314
0.576
0.427
0.541
0.021
0.592
0.63
0.676
0.679
0.547
0.769
0.015
0.442
0.778
0.952
0.943
0.708
0.586
0.238
0.401
0.335
0.694
0.699
0.158
0.088
0.923
0.744
0.452
0.338
0.565
0.373
0.934
0.371
0.372
0.441
0.554
0.62
0.137
0.096
0.343
0.085
0.508
0.608
0.663
0.942
0.887
0.557
0.62
0.735
0.474
0.871
0.718
0.818
0.306
0.152
0.044
0.861
0.177
0.887
0.633
0.431
0.657
0.297
0.301
0.074
0.526
0.141
0.163
0.092
0.354
0.096
0.885
0.613
0.051
0.519
0.783
0.828
0.206
0.75
0.528
0.449
0.19
0.039
0.035
0.362
0.47
0.072
0.579
0.45
0.652
0.238
0.209
0.847
0.982
0.557
0.55
0.218
0.194
0.194
0.784
0.003
0.965
0.012
0.646
0.058
0.711
0.165
0.02
0.391
0.247
0.476
0.091
0.215
0.672
0.477
0.961
0.267
0.17
0.286
0.727
0.742
0.682
0.255
0.168
0.442
0.119
0.328
0.525
0.029
0.378
0.901
0.465
0.162
0.479
0.412
0.519
0.744
0.172
0.931
0.684
0.192
0.09
0.01
0.156
0.294
0.103
0.98
0.991
0.916
0.909
0.827
0.802
0.27
0.632
0.307
0.893
0.251
0.383
0.546
0.407
0.926
0.188
0.212
0.905
0.716
0.28
0.974
0.861
0.747
0.48
0.233
0.957
0.302
0.716
0.733
0.056
0.58
0.315
0.298
0.473
0.146
0.884
0.517
0.74
0.144
0.185
0.157
0.784
0.619
0.058
0.98
0.981
0.031
0.953
0.862
0.124
0.878
0.366
0.473
0.002
0.7
0.02
0.654
0.658
0.522
0.007
0.643
0.791
0.573
0.892
0.921
0.779
0.694
0.563
0.1
0.78
0.613
0.573
0.403
0.451
0.576
0.577
0.218
0.828
0.422
0.931
0.618
0.529
0.19
0.966
0.902
0.289
0.289
0.726
0.321
0.481
0.907
0.757
0.824
0.903
0.789
0.551
0.824
0.471
0.828
0.466
0.564
0.637
0.042
0.525
0.744
0.685
0.957
0.358
0.164
0.766
0.509
0.194
0.383
0.634
0.748
0.144
0.301
0.298
0.073
0.559
0.761
0.271
0.818
0.577
0.573
0.556
0.362
0.521
0.426
0.309
0.198
0.006
0.414
0.117
0.538
0.281
0.992
0.644
0.804
0.653
0.38
0.324
0.696
0.908
0.14
0.827
0.518
0.536
0.06
0.697
0.784
0.767
0.86
0.084
0.466
0.865
0.247
0.051
0.631
0.237
0.752
0.372
0.172
0.079
0.792
0.752
0.767
0.974
0.163
0.209
0.84
0.486
0.54
0.661
0.424
0.924
0.166
0.216
0.918
0.077
0.825
0.354
0.75
0.398
0.33
0.896
0.52
0.443
0.855
0.685
0.602
0.417
0.716
0.361
0.355
0.098
0.742
0.363
0.012
0.139
0.593
0.336
0.484
0.094
0.124
0.642
0.014
0.519
0
0.402
0.77
0.543
0.387
0.62
0.602
0.064
0.8
0.419
0.354
0.852
0.253
0.774
0.03
0.066
0.74
0.786
0.925
0.937
0.883
0.075
0.854
0.534
0.986
0.3
0.273
0.626
0.95
0.76
0.998
0.241
0.081
0.157
0.608
