0.185
0.983
0.744
0.923
0.134
0.369
0.521
0.57
0.381
0.494
0.1
0.357
0.352
0.76
0.897
0.867
0.319
0.306
0.255
0.078
0.556
0.911
0.904
0.735
0.346
0.709
0.044
0.876
0.768
0.434
0.725
0.795
0.864
0.472
0.557
0.33
0.107
0.057
0.476
0.605
0.012
0.611
0.683
0.728
0.279
0.033
0.86
0.541
0.388
0.657
0.759
0.086
0.834
0.835
0.643
0.434
0.259
0.391
0.067
0.137
0.926
0.576
0.533
0.249
0.907
0.544
0.432
0.444
0.403
0.16
0.608
0.898
0.093
0.072
0.936
0.125
0.568
0.978
0.305
0.565
0.514
0.84
0.206
0.276
0.698
0.882
0.577
0.616
0.288
0.893
0.057
0.427
0.707
0.25
0.418
0.223
0.097
0.141
0.58
0.341
0.543
0.402
0.361
0.274
0.339
0.789
0.036
0.661
0.682
0.093
0.256
0.497
0.859
0.019
0.283
0.248
0.339
0.193
0
0.174
0.906
0.008
0.993
0.656
0.249
0.55
0.458
0.459
0.632
0.795
0.623
0.285
0.444
0.458
0.601
0.991
0.877
0.934
0.927
0.058
0.176
0.656
0.969
0.215
0.272
0.899
0.762
0.054
0.21
0.247
0.764
0.118
0.507
0.797
0.019
0.225
0.319
0.004
0.306
0.835
0.2
0.649
0.994
0.342
0.499
0.274
0.765
0.954
0.429
0.753
0.593
0.066
0.279
0.353
0.931
0.986
0.168
0.621
0.373
0.072
0.741
0.194
0.281
0.82
0.846
0.753
0.277
0.22
0.798
0.085
0.177
0.315
0.445
0.435
0.654
0.064
0.636
0.274
0.184
0.386
0.57
0.652
0.59
0.164
0.221
0.233
0.956
0.466
0.597
0.753
0.015
0.097
0.082
0.459
0.699
0.352
0.636
0.442
0.778
0.262
0.29
0.657
0.03
0.918
0.749
0.457
0.229
0.992
0.794
0.959
0.564
0.533
0.641
0.988
0.099
0.867
0.76
0.003
0.554
0.843
0.274
0.974
0.363
0.624
0.766
0.73
0.89
0.7
0.064
0.646
0.406
0.033
0.827
0.01
0.655
0.939
0.023
0.584
0.944
0.083
0.385
0.66
0.168
0.078
0.865
0.49
0.61
0.331
0.433
0.247
0.278
0.343
0.877
0.648
0.276
0.331
0.735
0.587
0.592
0.693
0.407
0.899
0.258
0.928
0.261
0.386
0.104
0.933
0.485
0.65
0.057
0.324
0.03
0.654
0.972
0.222
0.57
0.905
0.031
0.074
0.872
0.769
0.573
0.302
0.944
0.393
0.638
0.861
0.947
0.943
0
0.567
0.261
0.342
0.769
0.617
0.424
0.508
0.117
0.508
0.951
0.973
0.01
0.093
0.409
0.976
0.22
0.645
0.254
0.761
0.477
0.826
0.128
0.002
0.005
0.764
0.225
0.233
0.959
0.404
0.367
0.587
0.753
0.784
0.659
0.264
0.75
0.251
0.242
0.898
0.885
0.757
0.686
0.839
0.329
0.52
0.755
0.777
0.652
0.997
0.264
0.247
0.428
0.008
0.962
0.893
0.027
0.404
0.789
0.042
0.511
0.023
0.963
0.026
0.078
0.263
0.758
0.968
0.614
0.107
0.807
0.052
0.193
0.906
0.015
0.638
0.971
0.402
0.717
0.999
0.236
0.913
0.217
0.91
0.915
0.434
0.192
0.298
0.494
0.971
0.333
0.974
0.825
0.665
0.444
0.195
0.344
0.849
0.928
0.004
0.717
0.718
0.917
0.22
0.915
0.951
0.44
0.996
0.91
0.998
0.052
0.27
0.277
0.233
0.313
0.569
0.443
0.965
0.892
0.738
0.041
0.414
0.04
0.982
0.73
0.55
0.571
0.981
0.166
0.7
0.897
0.72
0.082
0.474
0.256
0.166
0.159
0.735
0.667
0.233
0.384
0.272
0.801
0.035
0.629
0.855
0.425
0.996
0.998
0.268
0.828
0.772
0.154
0.931
0.207
0.14
0.993
0.801
0.633
0.248
0.695
0.252
0.381
0.036
0.921
0.149
0.478
0.998
0.01
0.103
0.33
0.735
0.952
0.804
0.285
0.648
0.23
0.152
0.444
0.012
0.025
0.431
0.969
0.845
0.318
0.532
0.741
0.169
0.78
0.65
0.967
0.409
0.167
0.115
0.559
0.622
0.589
0.993
0.49
0.63
0.168
0.401
0.959
0.775
0.824
0.3
0.246
0
0.648
0.495
0.473
0.297
0.993
0.242
0.7
0.148
0.865
0.499
0.192
0.383
0.108
0.687
0.979
0.486
0.762
0.696
0.934
0.454
0.221
0.886
0.503
0.804
0.023
0.398
0.157
0.386
0.126
0.369
0.055
0.553
0.6
0.842
0.397
0.332
0.1
0.088
0.608
0.284
0.669
0.435
0.987
0.393
0.788
0.653
0.579
0.754
0.165
0.751
0.314
0.226
0.049
0.901
0.844
0.858
0.256
0.565
0.409
0.294
0.006
0.364
0.664
0.333
0.043
0.002
0.794
0.179
0.061
0.29
0.412
0.139
0.925
0.21
0.119
0.433
0.415
0.126
0.571
0.972
0.972
0.785
0.155
0.356
0.122
0.863
0.822
0.894
0.379
0.736
0.747
0.557
0.78
0.091
0.27
0.437
0.719
0.073
0.886
0.288
0.162
0.407
0.139
0.987
0.81
0.22
0.787
0.211
0.852
0.148
0.36
0.462
0.991
0.174
0.817
0.409
0.739
0.562
0.933
0.142
0.999
0.068
0.36
0.129
0.011
0.618
0.693
0.68
0.644
0.337
0.336
0.252
0.603
0.533
0.262
0.639
0.292
0.802
0.954
0.335
0.689
0.213
0.811
0.562
0.938
0.258
0.093
0.841
0.392
0.442
0.458
0.352
0.299
0.91
0.995
0.504
0.215
0.779
0.694
0.381
0.545
0.889
0.464
0.266
0.417
0.788
0.12
0.221
0.407
0.452
0.006
0.511
0.394
0.393
0.372
0.891
0.782
0.382
0.299
0.964
0.336
0.834
0.27
0
0.823
0.295
0.835
0.089
0.689
0.135
0.359
0.047
0.662
0.078
0.872
0.171
0.707
0.444
0.999
0.538
0.873
0.391
0.039
0.988
0.091
0.254
0.087
0.085
0.199
0.681
0.368
0.562
0.931
0.827
0.966
0.657
0.725
0.862
0.304
0.391
0.301
0.302
0.499
0.497
0.481
0.221
0.495
0.79
0.443
0.678
0.195
0.252
0.016
0.861
0.069
0.355
0.635
0.854
0.038
0.112
0.374
0.584
0.72
0.281
0.173
0.654
0.13
0.782
0.554
0.551
0.554
0.159
0.932
0.983
0.956
0.519
0.671
0.052
0.404
0.995
0.894
0.767
0.812
0.635
0.398
0.751
0.358
0.031
0.888
0.139
0.178
0.717
0.058
0.082
0.262
0.476
0.205
0.969
0.562
0.876
0.078
0.369
0.456
0.071
0.843
0.474
0.889
0.962
0.977
0.257
0.73
0.605
0.898
0.25
0.198
0.807
0.077
0.517
0.427
0.33
0.338
0.73
0.893
0.835
0.665
0.548
0.574
0.949
0.173
0.939
0.997
0.336
0.137
0.769
0.212
0.074
0.65
0.301
0.576
0.887
0.486
0.64
0.815
0.388
0.965
0.486
0.898
0.762
0.825
0.273
0.99
0.022
0.962
0.68
0.611
0.936
0.992
0.798
0.53
0.158
0.991
0.89
0.066
0.551
0.48
0.704
0.511
0.559
0.894
0.133
0.368
0.428
0.918
0.939
0.3
0.291
0.563
0.795
0.717
0.392
0.687
0.016
0.881
0.235
0.353
0.314
0.925
0.336
0.566
0.311
0.99
0.216
0.779
0.9
0.076
0.983
0.813
0.575
0.758
0.263
0.105
0.717
0.009
0.834
0.976
0.98
0.846
0.672
0.161
0.448
0.795
0.44
0.95
0.133
0.86
0.888
0.914
0.218
0.164
0.297
0.398
0.399
0.679
0.292
0.248
0.956
0.102
0.952
0.968
0.859
0.623
0.74
0.169
0.27
0.634
0.93
0.153
0.811
0.224
0.225
0.224
0.993
0.337
0.521
0.671
0.61
0.74
0.11
0.836
0.891
0.156
0.007
0.39
0.739
0.042
0.8
0.076
0.706
0.507
0.317
0.861
0.018
0.907
0.675
0.766
0.025
0.044
0.664
0.446
0.647
0.991
0.524
0.208
0.766
0.645
0.127
0.872
0.412
0.056
0.548
0.223
0.851
0.198
0.618
0.247
0.688
0.401
0.924
0.676
0.181
0.623
0.177
0.396
0.237
0.328
0.188
0.813
0.738
0.184
0.923
0.473
0.977
