0.61
0.825
0.954
0.953
0.387
0.514
0.655
0.996
0.307
0.139
0.757
0.864
0.248
0.596
0.039
0.561
0.602
0.584
0.406
0.171
0.211
0.29
0.087
0.132
0.447
0.778
0.734
0.702
0.875
0.666
0.887
0.002
0.143
0.227
0.257
0.567
0.231
0.889
0.782
0.95
0.989
0.683
0.922
0.556
0.816
0.062
0.182
0.946
0.836
0.195
0.023
0.036
0.112
0.521
0.861
0.467
0.319
0.043
0.998
0.095
0.864
0.162
0.271
0.953
0.29
0.277
0.78
0.124
0.766
0.938
0.251
0.659
0.433
0.698
0.937
0.626
0.369
0.114
0.149
0.373
0.628
0.516
0.089
0.129
0.833
0.825
0.539
0.678
0.878
0.039
0.482
0.543
0.503
0.212
0.292
0.619
0.482
0.209
0.309
0.864
0.839
0.476
0.833
0.354
0.606
0.599
0.338
0.796
0.87
0.784
0.552
0.298
0.097
0
0.597
0.03
0.221
0.484
0.42
0.055
0.6
0.594
0.707
0.439
0.828
0.988
0.761
0.612
0.833
0.837
0.914
0.918
0.351
0.48
0.221
0.271
0.961
0.135
0.777
0.741
0.066
0.142
0.465
0.951
0.256
0.904
0.648
0.036
0.086
0.802
0.656
0.168
0.763
0.819
0.696
0.552
0.696
0.532
0.484
0.3
0.755
0.861
0.345
0.762
0.393
0.116
0.074
0.063
0.71
0.561
0.232
0.444
0.61
0.274
0.703
0.872
0.257
0.899
0.36
0.154
0.374
0.616
0.708
0.638
0.283
0.294
0.141
0.134
0.172
0.305
0.306
0.838
0.54
0.843
0.072
0.871
0.957
0.745
0.36
0.179
0.176
0.049
0.917
0.421
0.592
0.172
0.57
0.862
0.647
0.171
0.95
0.19
0.789
0.886
0.602
0.383
0.033
0.829
0.848
0.837
0.133
0.153
0.591
0.026
0.604
0.23
0.167
0.814
0.595
0.15
0.633
0.884
0.247
0.764
0.274
0.121
0.792
0.141
0.429
0.36
0.821
0.282
0.518
0.505
0.109
0.114
0.596
0.677
0.917
0.397
0.219
0.445
0.205
0.097
0.468
0.157
0.318
0.543
0.877
0.605
0.947
0.951
0.674
0.741
0.367
0.359
0.509
0.971
0.314
0.34
0.864
0.784
0.129
0.519
0.08
0.01
0.569
0.528
0.855
0.206
0.716
0.008
0.992
0.116
0.673
0.397
0.12
0.213
0.127
0.717
0.872
0.126
0.446
0.857
0.4
0.938
0.86
0.821
0.31
0.201
0.963
0.754
0.207
0.917
0.209
0.76
0.638
0.681
0.458
0.868
0.356
0.369
0.008
0.963
0.622
0.239
0.209
0.868
0.363
0.748
0.819
0.651
0
0.545
0.941
0.791
0.911
0.132
0.178
0.875
0.063
0.141
0.067
0.692
0.371
0.443
0.064
0.71
0.25
0.743
0.539
0.326
0
0.05
0.395
0.936
0.106
0.051
0.492
0.808
0.945
0.905
0.462
0.618
0.009
0.27
0.33
0.877
0.381
0.613
0.187
0.291
0.569
0.235
0.244
0.408
0.406
0.685
0.033
0.446
0.138
0.951
0.658
0.534
0.629
0.559
0.322
0.519
0.83
0.796
0.027
0.752
0.726
0.631
0.998
0.824
0.974
0.397
0.627
0.045
0.477
0.695
0.067
0.235
0.254
0.53
0.246
0.583
0.777
0.691
0.238
0.666
0.657
0.32
0
0.747
0.654
0.946
0.871
0.798
0.429
0.876
0.725
0.568
0.407
0.285
0.24
0.956
0.953
0.303
0.322
0.209
0.815
0.328
0.598
0.562
0.025
0.085
0.058
0.13
0.42
0.904
0.258
0.807
0.781
0.337
0.498
0.871
0.451
0.299
0.071
0.189
0.671
0.799
0.96
0.186
0.175
0.243
0.242
0.1
0.942
0.887
0.787
0.851
0.34
0.398
0.922
0.982
0.487
0.092
0.241
0.286
0.872
0.812
0.098
0
0.632
0.316
0.685
0.609
0.673
0.926
0.971
0.876
0.382
0.806
0.629
0.683
0.837
0.609
0.21
0.428
0.778
0.7
0.465
0.088
0.336
0.776
0.445
0.29
0.736
0.498
0.122
0.698
0.199
0.299
0.311
0.276
0.743
0.54
0.391
0.549
0.045
0.736
0.338
0.431
0.337
0.731
0.053
0.819
0.825
0.468
0.926
0.847
0.264
0.631
0.976
0.766
0.31
0.997
0.858
0.251
0.514
0.384
0.602
0.435
0.4
0.1
0.203
0.883
0.943
0.58
0.773
0.183
0.151
0.809
0.617
0.012
0.756
0.383
0.21
0.871
0.185
0.199
0.803
0.754
0.755
0.928
0.988
0.163
0.992
0.82
0.438
0.299
0.953
0.854
0.321
0.484
0.289
0.775
0.722
0.386
0
0.25
0.918
0.185
0.252
0.574
0.36
0.321
0.224
0.711
0.424
0.437
0.538
0.394
0.69
0.846
0.846
0.306
0.028
0.214
0.696
0.899
0.271
0.854
0.413
0.881
0.54
0.508
0.476
0.933
0.021
0.537
0.289
0.234
0.088
0.788
0.534
0.525
0.307
0.118
0.877
0.644
0.648
0.665
0.281
0.093
0.349
0.559
0.709
0.76
0.172
0.944
0.434
0.757
0.156
0.838
0.724
0.452
0.538
0.021
0.818
0.33
0.2
0.622
0.792
0.199
0.698
0.997
0.641
0.841
0.76
0.849
0.718
0.701
0.108
0.136
0.767
0.705
0.645
0.51
0.673
0.55
0.78
0.271
0.578
0.894
0.576
0.469
0.562
0.045
0.867
0.425
0.781
0.209
0.809
0.757
0.317
0.607
0.675
0.884
0.812
0.374
0.359
0.466
0.466
0.803
0.389
0.775
0.448
0.952
0.04
0.197
0.738
0.261
0.4
0.691
0.637
0.53
0.452
0.853
0.23
0.733
0.629
0.67
0.384
0.379
0.003
0.667
0.179
0.617
0.634
0.059
0.623
0.033
0.307
0.115
0.514
0.162
0.098
0.767
0.591
0.174
0.263
0.623
0.39
0.5
0.031
0.037
0.057
0.268
0.725
0.114
0.791
0.824
0.164
0.65
0.333
0.733
0.924
0.215
0.654
0.365
0.889
0.932
0.585
0.78
0.618
0.183
0.472
0.829
0.331
0.149
0
0.462
0.286
0.24
0.541
0.392
0.75
0.464
0.001
0.49
0.168
0.806
0.35
0.487
0.09
0.132
0.32
0.647
0.722
0.07
0.292
0.03
0.506
0.476
0.398
0.483
0.845
0.021
0.858
0.888
0.782
0.054
0.791
0.562
0.244
0.598
0.665
0.015
0.352
0.424
0
0.725
0.726
0.338
0.399
0.372
0.652
0.582
0.864
0.097
0.582
0.199
0.963
0.079
0.415
0.159
0.562
0.935
0.542
0.292
0.749
0.056
0.742
0.262
0.988
0.372
0.347
0.531
0.228
0.865
0.526
0
0.307
0.791
0.184
0.274
0.435
0.418
0.856
0.499
0.885
0.274
0.132
0.487
0.588
0.33
0.639
0.405
0.668
0.69
0.031
0.929
0.016
0.779
0.807
0.768
0.291
0.781
0.689
0.973
0.712
0.413
0.016
0.051
0.069
0.179
0.868
0.134
0.579
0.205
0.036
0.574
0.243
0.533
0.295
0.349
0.593
1.0
0.97
0.001
0.006
0.511
0.015
0.646
0.409
0.679
0.448
0.957
0.289
0.365
0.722
0.326
0.131
0.489
0.6
0.017
0.504
0.104
0.547
0.201
0.058
0.047
0.673
0.959
0.57
0.018
0.096
0.398
0.356
0.631
0.955
0.238
0.881
0.548
0.045
0.101
0.025
0.218
0.118
0.161
0.096
0.506
0.768
0.486
0.729
0.967
0.812
0.274
0.014
0.706
0.383
0.69
0.79
0.856
0.087
0.536
0.025
0.128
0.453
0.584
0.532
0.924
0.081
0.314
0.681
0.685
0.597
0.401
0.04
0.819
0.305
0.691
0.652
0.612
0.877
0.096
0.944
0.673
0.152
0.867
0.584
0.35
0.609
0.465
0.325
0.761
0.758
0.774
0.217
0.017
0.694
0.707
0.911
0.965
0.212
0.686
0.565
0.869
0.265
0.362
0.14
0.595
0.463
0.649
0.239
0.332
0.567
0.679
0.613
0.528
0.977
0.055
0.812
0.942
0.921
0.192
0.538
0.184
0.66
0.234
0.204
0.006
0.332
0.906
0.649
0.042
0.932
0.258
0.407
0.594
0.519
0.005
0.863
0.056
0.396
0.102
0.2
0.715
0.54
0.257
0.446
0.482
0.324
0.766
0.523
0.668
