0.058
0.164
0.543
0.565
0.267
0.868
0.57
0.791
0.594
0.132
0.099
0.52
0.14
0.636
0.605
0.333
0.037
0.987
0.613
0.738
0.239
0.818
0.346
0.367
0.815
0.031
0.602
0.406
0.705
0.227
0.014
0.759
0.224
0.139
0.699
0.723
0.691
0.829
0.041
0.717
0.074
0.428
0.248
0.049
0.216
0.624
0.453
0.21
0.718
0.052
0.743
0.937
0.626
0.882
0.111
0.976
0.638
0.653
0.768
0.336
0.842
0.192
0.086
0.868
0.636
0.984
0.548
0.994
0.542
0.235
0.336
0.078
0.475
0.219
0.603
0.3
0.363
0.41
0.274
0.246
0.031
0.539
0.867
0.666
0.589
0.928
0.084
0.555
0.737
0.146
0.971
0.452
0.492
0.18
0.824
0.227
0.663
0.224
0.247
0.65
0.048
0.39
0.887
0.349
0.421
0.802
0.03
0.468
0.106
0.445
0.376
0.324
0.013
0.319
0.2
0.899
0.115
0.586
0.45
0.21
0.699
0.428
0.838
0.047
0.569
0.637
0.124
0.039
0.726
0.124
0.625
0.353
0.185
0.943
0.883
0.267
0.935
0.208
0.97
0.75
0.109
0.584
0.107
0.725
0.552
0.627
0.363
0.562
0.308
0.237
0.584
0.7
0.598
0.832
0.85
0.43
0.09
0.323
0.051
0.009
0.663
0.17
0.312
0.501
0.622
0.277
0.231
0.996
0.103
0.153
0.251
0.986
0.898
0.987
0.272
0.22
0.493
0.513
0.483
0.701
0.117
0.406
0.07
0.963
0.248
0.824
0.833
0.743
0.69
0.11
0.441
0.974
0.675
0.031
0.976
0.222
0.685
0.714
0.411
0.068
0.349
0.689
0.195
0.773
0.824
0.69
0.743
0.712
0.596
0.955
0.064
0.075
0.724
0.899
0.597
0.076
0.694
0.517
0.722
0.445
0.61
0.671
0.359
0.277
0.026
0.27
0.261
0.947
0.729
0.164
0.411
0.892
0.421
0.108
0.508
0.902
0.287
0.356
0.801
0.271
0.496
0.972
0.849
0.068
0.918
0.36
0.962
0.094
0.806
0.348
0.272
0.178
0.137
0.751
0.574
0.185
0.734
0.844
0.69
0.71
0.202
0.578
0.525
0.569
0.59
0.288
0.12
0.313
0.583
0.635
0.622
0.984
0.879
0.393
0.019
0.409
0.541
0.397
0.195
0.982
0.232
0.171
0.366
0.133
0.528
0.894
0.266
0.165
0.288
0.099
0.224
0.971
0.44
0.548
0.695
0.692
0.4
0.78
0.994
0.115
0.029
0.532
0.974
0.766
0.514
0.937
0.763
0.792
0.657
0.66
0.497
0.981
0.521
0.128
0.598
0.478
0.302
0.868
0.01
0.957
0.67
0.997
0.327
0.827
0.958
0.005
0.337
0.295
0.555
0.451
0.198
0.546
0.189
0.918
0.814
0.666
0.085
0.336
0.121
0.667
0.687
0.721
0.562
0.042
0.036
0.722
0.75
0.939
0.3
0.355
0.058
0.199
0.686
0.912
0.724
0.427
0.844
0.719
0.101
0.983
0.808
0.671
0.422
0.224
0.929
0.805
0.131
0.579
0.324
0.762
0.615
0.689
0.343
0.289
0.109
0.019
0.316
0.213
0.293
0.949
0.009
0.549
0.932
0.641
0.998
0.539
0.108
0.964
0.686
0.164
0.17
0.104
0.773
0.909
0.677
0.771
0.208
0.947
0.921
0.559
0.424
0.274
0.555
0.751
0.856
0.246
0.378
0.788
0.185
0.628
0.703
0.497
0.786
0.661
0.309
0.268
0.971
0.532
0.383
0.334
0.424
0.076
0.328
0.145
0.99
0.197
0.781
0.852
0.546
0.725
0.396
0.395
0.153
0.403
0.853
0.873
0.866
0.129
0.86
0.391
0.375
0.456
0.489
0.221
0.341
0.325
0.358
0.147
0.873
0.121
0.23
0.784
0.759
0.185
0.562
0.715
0.358
0.171
0.021
0.006
0.91
0.462
0.684
0.501
0.324
0.287
0.652
0.127
0.009
0.988
0.251
0.249
0.476
0.334
0.809
0.871
0.859
0.663
0.336
0.559
0.834
0.56
0.395
0.921
0.397
0.118
0.282
0.522
0.975
0.289
0.555
0.965
0.79
0.654
0.016
0.495
0.046
0.403
0.902
0.379
0.432
0.847
0.641
0.702
0.669
0.921
0.775
0.385
0.904
0.412
0.351
0.265
0.948
1.0
0.319
0.724
0.287
0.081
0.8
0.883
0.979
0.622
0.002
0.198
0.118
0.302
0.503
0.629
0.127
0.325
0.407
0.488
0.318
0.177
0.204
0.877
0.058
0.215
0.161
0.753
0.031
0.359
0.46
0.492
0.829
0.07
0.472
0.25
0.733
0.367
0.866
0.285
0.122
0.5
0.921
0.397
0.963
0.206
0.333
0.983
0.363
0.492
0.172
0.373
0.218
0.073
0.433
0.075
0.498
0.556
0.766
0.382
0.729
0.043
0.405
0.263
0.254
0.656
0.138
0.48
0.913
0.411
0.22
0.868
0.116
0.428
0.486
0.736
0.22
0.184
0.136
0.728
0.773
0.253
0.131
0.747
0.237
0.074
0.385
0.051
0.817
0.623
0.509
0.62
0.154
0.468
0.367
0.098
0.964
0.438
0.669
0.077
0.059
0.88
0.669
0.671
0.511
0.639
0.338
0.602
0.682
0.658
0.769
0.76
0.375
0.767
0.92
0.648
0.666
0.152
0.648
0.088
0.649
0.373
0.622
0.624
0.038
0.412
0.791
0.226
0.749
0.086
0.063
0.988
0.366
0.577
0.792
0.255
0.328
0.184
0.822
0.879
0.308
0.856
0.03
0.236
0.633
0.723
0.304
0.847
0.108
0.049
0.892
0.34
0.842
0.403
0.162
0.067
0.911
0.038
0.104
0.19
0.346
0.69
0.585
0.613
0.08
0.424
0.893
0.581
0.871
0.679
0.227
0.617
0.216
0.117
0.36
0.903
0.659
0.614
0.271
0.386
0.378
0.555
0.503
0.865
0.167
0.327
0.261
0.506
0.259
0.939
0.04
0.861
0.793
0.148
0.63
0.705
0.228
0.562
0.137
0.568
0.969
0.863
0.876
0.804
0.243
0.657
0.75
0.439
0.348
0.422
0.454
0.541
0.948
0.601
0.243
0.568
0.006
0.143
0.56
0.019
0.375
0.629
0.192
0.74
0.04
0.014
0.173
0.201
0.48
0.508
0.258
0.089
0.323
0.081
0.709
0.474
0.442
0.428
0.529
0.269
0.581
0.503
0.554
0.795
0.945
0.847
0.497
0.208
0.552
0.201
0.0
0.469
0.297
0.818
0.635
0.771
0.527
0.265
0.527
0.814
0.598
0.74
0.702
0.036
0.132
0.324
0.395
0.272
0.162
0.608
0.604
0.672
0.897
0.928
0.321
0.434
0.758
0.637
0.897
0.452
0.994
0.759
0.06
0.492
0.402
0.886
0.043
0.304
0.051
0.438
0.102
0.459
0.003
0.797
0.729
0.513
0.392
0.448
0.626
0.486
0.164
0.623
0.714
0.701
0.294
0.05
0.015
0.501
0.441
0.299
0.632
0.418
0.195
0.044
0.781
0.302
0.051
0.156
0.525
0.477
0.907
0.121
0.171
0.344
0.692
0.675
0.649
0.1
0.265
0.29
0.145
0.825
0.303
0.068
0.415
0.165
0.877
0.249
0.71
0.159
0.136
0.685
0.835
0.163
0.567
0.469
0.322
0.983
0.095
0.89
0.343
0.374
0.735
0.885
0.133
0.689
0.663
0.58
0.057
0.591
0.852
0.941
0.953
0.525
0.171
0.839
0.326
0.665
0.011
0.017
0.484
0.073
0.328
0.967
0.371
0.522
0.198
0.014
0.373
0.939
0.903
0.531
0.188
0.692
0.166
0.417
0.455
0.932
0.817
0.208
0.85
0.244
0.539
0.353
0.209
0.656
0.141
0.157
0.595
0.17
0.741
0.895
0.105
0.926
0.194
0.692
0.36
0.07
0.581
0.459
0.298
0.744
0.367
0.752
0.782
0.722
0.651
0.87
0.701
0.792
0.547
0.102
0.547
0.781
0.567
0.499
0.724
0.028
0.601
0.406
0.508
0.679
0.709
0.946
0.521
0.843
0.037
0.703
0.175
0.553
0.018
0.124
0.231
0.182
0.515
0.837
0.539
0.888
0.771
0.112
0.22
0.265
0.526
0.915
0.434
0.219
0.36
0.926
0.706
0.812
0.403
0.48
0.352
0.257
0.428
0.686
0.741
0.526
0.913
0.342
0.976
0.588
0.047
0.375
0.103
0.626
0.63
0.289
0.282
0.584
0.635
0.7
0.157
0.241
0.252
0.044
0.029
0.05
