0.511
0.498
0.072
0.79
0.437
0.92
0.414
0.527
0.269
0.413
0.737
0.15
0.195
0.522
0.954
0.552
0.8
0.971
0.18
0.799
0.341
0.15
0.293
0.338
0.063
0.233
0.221
0.05
0.217
0.699
0.75
0.137
0.635
0.835
0.83
0.679
0.202
0.25
0.616
0.557
0.372
0.789
0.896
0.283
0.649
0.134
0.633
0.142
0.992
0.039
0.427
0.137
0.044
0.25
0.393
0.741
0.053
0.409
0.883
0.922
0.379
0.178
0.832
0.606
0.107
0.245
0.699
0.552
0.227
0.355
0.155
0.323
0.024
0.547
0.458
0.217
0.082
0.429
0.177
0.4
0.393
0.856
0.425
0.782
0.796
0.172
0.001
0.593
0.594
0.479
0.963
0.172
0.144
0.667
0.112
0.391
0.095
0.568
0.734
0.483
0.483
0.16
0.953
0.726
0.129
0.411
0.083
0.359
0.789
0.604
0.679
0.199
0.22
0.149
0.935
0.944
0.108
0.721
0.723
0.849
0.406
0.259
0.69
0.937
0.919
0.55
0.622
0.126
0.793
0.852
0.945
0.68
0.347
0.773
0.201
0.59
0.373
0.063
0.455
0.521
0.103
0.68
0.499
0.783
0.249
0.886
0.015
0.788
0.804
0.104
0.515
0.86
0.687
0.735
0.84
0.758
0.8
0.978
0.84
0.762
0.449
0.46
0.025
0.056
0.694
0.251
0.611
0.078
0.086
0.026
0.564
0.795
0.935
0.692
0.213
0.202
0.99
0.885
0.528
0.118
0.454
0.046
0.931
0.892
0.85
0.337
0.156
0.319
0.826
0.155
0.306
0.536
0.286
0.56
0.298
0.905
0.832
0.03
0.5
0.369
0.38
0.987
0.711
0.107
0.28
0.526
0.032
0.565
0.944
0.352
0.163
0.482
0.464
0.535
0.669
0.057
0.65
0.595
0.533
0.41
0.713
0.324
0.024
0.245
0.886
0.97
0.819
0.196
0.081
0.319
0.918
0.318
0.185
0.046
0.842
0.069
0.752
0.138
0.275
0.038
0.195
0.934
0.217
0.423
0.457
0.764
0.075
0.561
0.062
0.973
0.196
0.087
0
0.131
0.032
0.011
0.455
0.369
0.448
0.859
0.354
0.181
0.026
0.435
0.659
0.3
0.355
0.094
0.68
0.876
0.037
0.14
0.079
0.505
0.833
0.868
0.604
0.381
0.743
0.311
0.613
0.206
0.166
0.796
0.369
0.512
0.376
0.677
0.802
0.795
0.126
0.061
0.824
0.625
0.318
0.119
0.486
0.885
0.896
0.665
0.654
0.872
0.718
0.521
0.707
0.816
0.444
0.903
0.071
0.919
0.944
0.211
0.051
0.947
0.492
0.64
0.292
0.579
0.749
0.935
0.43
0.952
0.596
0.176
0.554
0.226
0.53
0.429
0.875
0.265
0.573
0.309
0.449
0.824
0.757
0.06
0.011
0.468
0.355
0.807
0.948
0.048
0.777
0.738
0.889
0.629
0.549
0.6
0.758
0.518
0.312
0.885
0.285
0.3
0.13
0.985
0
0.593
0.938
0.689
0.671
0.563
0.157
0.335
0.472
0.732
0.231
0.826
0.263
0.731
0.748
0.537
0.351
0.629
0.026
0.15
0.107
0.242
0.963
0.773
0.933
0.169
0.948
0.449
0.107
0.511
0.731
0
0.396
0.459
0.798
0.816
0.854
0.35
0.354
0.504
0.937
0.847
0.977
0.163
0.19
0.317
0.072
0.828
0.28
0.922
0.683
0.214
0.628
0.758
0.018
0.682
0.601
0.969
0.553
0.372
0.974
0.261
0.4
0.427
0.375
0.835
0.791
0.56
0.398
0.67
0.093
0.921
0.786
0.853
0.157
0.164
0.314
0.904
0.085
0.913
0.38
0.247
0.099
0.204
0.945
0.515
0.217
0.733
0.397
0.903
0.901
0.842
0.851
0.959
0.302
0.318
0.211
0.543
0.559
0.277
0.848
0.878
0.612
0.394
0.331
0.641
0.416
0.924
0.778
0.629
0.031
0.92
0.52
0.034
0.29
0.561
0.578
0.464
0.743
0.795
0.632
0.193
0.752
0.058
0.564
0.931
0.041
0.952
0.129
0.838
0.129
0.504
0.607
0.091
0.64
0.005
0.777
0
0.15
0.797
0.846
0.526
0.914
0.216
0.531
0.259
0.717
0.555
0.103
0.394
0.677
0.395
0.838
0.695
0.411
0.058
0.741
0.923
0.532
0.248
0.437
0.709
0.783
0.385
0.331
0.115
0.993
0.496
0.055
0.434
0.606
0.756
0.438
0.734
0.64
0.535
0.507
0.861
0.767
0.511
0.929
0.309
0.562
0.141
0.521
0.369
0.99
0.432
0.711
0.008
0.849
0.649
0.507
0.493
0.817
0.086
0.282
0.714
0.191
0.991
0.993
0.257
0.014
0.107
0.192
0.336
0.499
0.366
0.738
0.737
0.75
0.465
0.161
0.898
0.638
0.266
0.398
0.889
0.87
0.674
0.21
0.654
0.715
0.314
0.89
0.364
0
0.821
0.05
0.093
0.893
0.988
0.96
0.29
0.694
0.009
0.032
0.166
0.278
0.929
0.457
0.136
0.393
0.674
0.299
0.545
0.783
0.767
0.123
0.8
0.645
0.235
0.543
0.072
0.316
0.912
0.722
0.606
0
0.6
0.284
0.898
0.345
0.426
0.52
0.56
0.787
0.669
0.362
0.243
0.569
0.288
0.319
0.065
0.697
0.676
0.498
0.465
0.65
0.948
0.883
0.41
0.265
0.691
0.886
0.627
0.988
0.714
0.981
0.138
0.486
0.157
0.443
0.907
0.015
0.019
0.989
0.244
0.624
0.019
0.933
0.082
0.827
0.832
0.067
0.328
0.019
0.688
0.293
0.352
0.696
0.101
0.429
0.803
0.136
0.342
0.79
0.279
0.417
0.82
0.349
0.276
0.492
0.491
0.544
0.682
0.677
0.914
0.407
0.632
0.333
0.423
0.807
0.565
0.29
0.43
0.862
0.4
0.137
0.926
0.027
0.396
0.95
0.957
0.151
0.127
0.086
0.034
0.79
0.861
0.058
0.128
0.364
0.812
0.834
0.621
0.398
0.645
0.545
0.443
0.436
0.953
0.146
0.459
0.241
0.978
0.941
0.632
0.723
0.852
0.398
0.868
0.722
0.344
0.613
0.465
0.717
0.589
0.233
0.638
0.016
0.318
0.208
0.611
0.429
0.051
0.038
0.874
0.256
0.485
0.111
0.606
0.245
0.949
0.919
0.627
0.51
0.154
0.481
0.515
0.268
0.764
0.572
0.593
0.83
0.459
0.146
0.622
0.321
0.203
0.762
0.495
0.481
0.261
0.597
0.907
0.085
0.593
0.193
0.175
0.794
0.823
0.079
0.252
0.547
0.094
0.589
0.474
0.833
0.041
0
0.424
0.757
0.914
0.394
0.784
0.831
0.008
0.817
0.343
0.405
0.566
0.69
0.332
0.32
0.806
0.049
0.878
0.256
0.649
0.261
0.703
0.914
0.375
0.141
0.717
0.99
0.946
0.047
0.253
0.624
0.116
0.119
0.608
0.285
0.429
0.003
0.613
0.902
0.557
0.066
0.303
0.888
0.374
0.475
0.019
0.41
0.32
0.576
0.34
0.588
0.129
0.219
0.021
0.218
0.486
0.074
0.391
0.655
0.334
0.806
0.142
0.267
0.414
0.714
0.69
0.757
0.373
0.639
0.736
0.255
0.587
0.999
0.632
0.106
0.295
0.408
0.523
0.343
0.106
0.512
0.118
0.897
0.225
0.123
0.485
0.969
0.323
0.256
0.196
0.907
0.84
0.634
0.353
0.662
0.115
0.991
0.271
0.254
0.579
0.342
0.644
0.31
0.506
0.135
0.695
0.005
0.554
0.106
0.436
0.331
0.702
0.407
0.096
0.973
0.425
0.592
0.926
0.969
0.438
0.443
0.498
0.352
0.628
0.21
0.431
0.122
0.464
0.484
0.637
0.904
0.88
0.862
0.38
0.87
0.16
0.089
0.866
0.093
0.092
0.343
0.557
0.612
0.985
0.326
0.784
0.968
0.103
0.969
0.128
0.198
0.141
0.77
0.125
0.465
0.82
0.634
0.339
0.064
0.04
0.367
0.074
0.879
0.111
0.73
0.297
0.236
0.377
0.356
0.281
0.331
0.699
0.927
0.376
0.472
0.739
0.743
0.985
0.318
0.684
0.975
0.277
0.954
0.928
0.45
0.438
0.022
0.554
0.153
0.275
0.107
0.109
0.157
0.833
0.185
0.604
0.25
0.68
0.241
0.906
0.206
0.354
0.085
0.962
0.02
0
0.447
0.792
0.18
0.072
0.324
0.663
0.98
0.71
