0.587
0.26
0.829
0.688
0.077
0.197
0.25
0.585
0.266
0.648
0.887
0.523
0.017
0.761
0.229
0.818
0.14
0.36
0.78
0.182
0.286
0.523
0.008
0.04
0.419
0.683
0.906
0.849
0.455
0.478
0.923
0.874
0.803
0.94
0.429
0.159
0.601
0.045
0.552
0.805
0.964
0.572
0.588
0.703
0.738
0.435
0.889
0.506
0.406
0.922
0.931
0.137
0.106
0.423
0.875
0.045
0.269
0.896
0.259
0.972
0.423
0.197
0.299
0.739
0.647
0.394
0.565
0.619
0.031
0.188
0.693
0.688
0.9
0.289
0.86
0.168
0.77
0.464
0.78
0.156
0.381
0.508
0.008
0.174
0.575
0.061
0.136
0.175
0.909
0.683
0.974
0.296
0.746
0.15
0.517
0.403
0.58
0.514
0.652
0.503
0.662
0.967
0.825
0.264
0.594
0.375
0.391
0.558
0.61
0.43
0.363
0.228
0.949
0.586
0.341
0.233
0.791
0.763
0.199
0.996
0.183
0.133
0.747
0.859
0.941
0.5
0.391
0.335
0.316
0.25
0.236
0.132
0.944
0.178
0.626
0.807
0.996
0.188
0.908
0.284
0.517
0.638
0.901
0.074
0.255
0.842
0.603
0.771
0.084
0.475
0.962
0.043
0.651
0.602
0.915
0.752
0.198
0.742
0.22
0.151
0.124
0.547
0.428
0.83
0.91
0.749
0.466
0.282
0.389
0.064
0.036
0.702
0.856
0.422
0.693
0.433
0.458
0.109
0.096
0.484
0.9
0.011
0.709
0.337
0.703
0.158
0.843
0.527
0.717
0.115
0.196
0.957
0.869
0.832
0.164
0.143
0.004
0.101
0.01
0.774
0.721
0.91
0.743
0.889
0.37
0.339
0.21
0.599
0.787
0.818
0.215
0.902
0.319
0.259
0.55
0.207
0.764
0.606
0.831
0.754
0.417
0.41
0.172
0.854
0.715
0.179
0.11
0.206
0.417
0.216
0.674
0.212
0.963
0.611
0.968
0.064
0.471
0.193
0.542
0.812
0.497
0.173
0.368
0.846
0.47
0.224
0.471
0.654
0.883
0.7
0.123
0.277
0.268
0.915
0.169
0.182
0
0.87
0.357
0.888
0.718
0.297
0.271
0.979
0.763
0.127
0.068
0.177
0.074
0.808
0.418
0.871
0.455
0.21
0.401
0.717
0.855
0.235
0.899
0.556
0.323
0.147
0.464
0.692
0.061
0.751
0.323
0.342
0.173
0.823
0.925
0.086
0.095
0.13
0.361
0.874
0.229
0.736
0.839
0.065
0.496
0.226
0.412
0.273
0.674
0.411
0.857
0.165
0.318
0.296
0.463
0.029
0.008
0.735
0.122
0.555
0.81
0.266
0.348
0.663
0.824
0.018
0.901
0.195
0.71
0.538
0.022
0.475
0.351
0.893
0.275
0.158
0.229
0.868
0.278
0.245
0.754
0.277
0.21
0.648
0.237
0.571
0.694
0.42
0.69
0.565
0
0.984
0.255
0.344
0.319
0.028
0.105
0.469
0.279
0.128
0.83
0.896
0.681
0.444
0.813
0.205
0.077
0.444
0.34
0.804
0.722
0.718
0.056
0.218
0.261
0.599
0.843
0.33
0.216
0.083
0.399
0.008
0.745
0.741
0.695
0.336
0.783
0.732
0.505
0.372
0.013
0.059
0.329
0.279
0.692
0.837
0.517
0.339
0.983
0.047
0.437
0.031
0.862
0.853
0.438
0.23
0.717
0.719
0.662
0.073
0.84
0.454
0.906
0.795
0.191
0.038
0.836
0.819
0.663
0.182
0.057
0.104
0.058
0.474
0.114
0.572
0.277
0.725
0.302
0.68
0.188
0.275
0.499
0.976
0.803
0.033
0.412
0.943
0.596
0.946
0.764
0.637
0.469
0.401
0.155
0.138
0.322
0.004
0.389
0.971
0.723
0.733
0.013
0.772
0.443
0.436
0.329
0.484
0.909
0.125
0.705
0.211
0.687
0.16
0.252
0.488
0.449
0.694
0.197
0.02
0.882
0.568
0.193
0.271
0.602
0.993
0.653
0.187
0.513
0.351
0.787
0.033
0.5
0.944
0.925
0.334
0.823
0.941
0.65
0.865
0.363
0.861
0.209
0.173
0.788
0.733
0.106
0.569
0.954
0.342
0.692
0.813
0.292
0.432
0.976
0.492
0.505
0.476
0.263
0.511
0.639
0.673
0.322
0.015
0.796
0.13
0.548
0.865
0.343
0.24
0.211
0.41
0.051
0.995
0.716
0.872
0.767
0.347
0.71
0.573
0.137
0.51
0.945
0.719
0.038
0.448
0.278
0.618
0.776
0.03
0.833
0.24
0.199
0.054
0.846
0.506
0.267
0.15
0.076
0.256
0.047
0.846
0.775
0.918
0.627
0.811
0.099
0.753
0.223
0.874
0.505
0.676
0.235
0.638
0.956
0.81
0.308
0.789
0.967
0.038
0.887
0.113
0.748
0.566
0.25
0.217
0.498
0.543
0.095
0.443
0.31
0.571
0.502
0.839
0.652
0.153
0.15
0.514
0.092
0.612
0.717
0.55
0.64
0.14
0.616
0.379
0.385
0.945
0.023
0.995
0.719
0.279
0.304
0.565
0.771
0.352
0.83
0.029
0.009
0.576
0.62
0.819
0.218
0.908
0.223
0.643
0.2
0.913
0.305
0.765
0.39
0.318
0.895
0.059
0.367
0.737
0.115
0.277
0.219
0.895
0.589
0.519
0.725
0.949
0.705
0.451
0.991
0.758
0.244
0.916
0.63
0.041
0.94
0.098
0.966
0.141
0.389
0.734
0.555
0.299
0.681
0.252
0.784
0.404
0.103
0.998
0.884
0.593
0.225
0.917
0.458
0.424
0.344
0.703
0.727
0.483
0.642
0.757
0.521
0.492
0.457
0.164
0.215
0.727
0.509
0.275
0.239
0.663
0.39
0.535
0.823
0.722
0.141
0.135
0.88
0.445
0.444
0.724
0.677
0.857
0.461
0.165
0.584
0.207
0.174
0.926
0.84
0.476
0.5
0.578
0.707
0.905
0.702
0.284
0.363
0.442
0.036
0.285
0.082
0.534
0.901
0.887
0.95
0.261
0.418
0.264
0.301
0.969
0.206
0.191
0.033
0.664
0.217
0.785
0.71
0.645
0.95
0.852
0.602
0.086
0.923
0.005
0.525
0.361
0.065
0.687
0.933
0.044
0.133
0.394
0.291
0.669
0.175
0.847
0.216
0.424
0.078
0.516
0.034
0.029
0.409
0.633
0.144
0.585
0.668
0.676
0.542
0.494
0.881
0.403
0.696
0.231
0.6
0.212
0.887
0.644
0.219
0.57
0.177
0.019
0.462
0.251
0.254
0.958
0.644
0.488
0.666
0
0.434
0.519
0.893
0.92
0.025
0.675
0.624
0.232
0.358
0.532
0.272
0.842
0.587
0.249
0.972
0.849
0.064
0.41
0.985
0.673
0.256
0.398
0.862
0.614
0.827
0.01
0.538
0.995
0.867
0.722
0.994
0.635
0.983
0.913
0.012
0.11
0.38
0.365
0.612
0.899
0.916
0.848
0.244
0.823
0.441
0.656
0.641
0.882
0.046
0.142
0.285
0.439
0.907
0.224
0.343
0.501
0.213
0.26
0.381
0.396
0.05
0.035
0.533
0.746
0.573
0.548
0.66
0.93
0.113
0.85
0.648
0.761
0.084
0.858
0.422
0.162
0.207
0.198
0.848
0.773
0.564
0.862
0.23
0.869
0.144
0.39
0.47
0.162
0.707
0.378
0.424
0.082
0.47
0.573
0.859
0.528
0.507
0.859
0.268
0.065
0.55
0.049
0.915
0.049
0.388
0.429
0.87
0.882
0.573
0.808
0.917
0.25
0.241
0.332
0.824
0.788
0.69
0.172
0.791
0.132
0.443
0.288
0.514
0.858
0.007
0.719
0.633
0.516
0.397
0.044
0.184
0.27
0.177
0.94
0.295
0.463
0.724
0.261
0.757
0.017
0.488
0.826
0.054
0.628
0.375
0.163
0.159
0.715
0.008
0.959
0.188
0.03
0.048
0.168
0.059
0.624
0.343
0.544
0.72
0.931
0.78
0.523
0.068
0.526
0.511
0.311
0.291
0.234
0.35
0.507
0.76
0.175
0.708
0.845
0.681
0.239
0.48
0.342
0.671
0.832
0.126
0.86
0.766
0.361
0.25
0.425
0.406
0.055
0.461
0.823
0.707
0.657
0.455
0.578
0.842
0.157
0.825
0.083
0.197
0.436
0.707
0.149
0.347
0.106
0.777
0.98
0.994
0.957
0.73
0.022
0.026
0.362
0.813
0.398
0.424
0.339
0.019
0.598
0.299
0.778
0.172
0.305
0.869
0.163
0.3
0.653
