0.652
0.818
0.97
0.824
0.12
0.858
0.182
0.95
0.942
0.191
0.642
0.738
0.652
0.195
0.747
0.12
0.306
0.646
0.16
0.215
0.881
0.797
0.914
0.644
0.274
0.498
0.609
0.835
0.76
0.097
0.756
0.107
0.873
0.803
0.408
0.625
0.145
0.059
0.049
0.156
0.082
0.422
0.129
0.972
0.288
0.679
0.851
0.249
0.368
0.542
0.287
0.13
0.928
0.524
0.077
0.084
0.954
0.716
0.614
0.205
0.699
0.327
0.701
0.112
0.439
0.715
0.289
0.007
0.168
0.927
0.581
0.755
0.416
0.455
0.059
0.739
0.534
0.555
0.784
0.433
0.011
0.519
0.174
0.588
0.52
0.78
0.883
0.153
0.901
0.008
0.199
0.743
0.264
0.809
0.681
0.133
0.981
0.111
0.316
0.65
0.692
0
0.997
0.846
0.323
0.476
0.655
0.454
0.283
0.107
0.46
0.962
0.526
0.621
0.663
0.681
0.952
0.035
0.817
0.774
0.98
0.631
0.303
0.13
0.516
0.613
0.107
0.216
0.173
0.927
0.311
0.154
0.863
0.971
0.413
0.009
0.231
0.323
0.415
0.133
0.561
0.793
0.21
0.466
0.621
0.249
0.394
0.432
0.117
0.176
0.695
0.377
0.634
0.492
0.124
0.212
0.99
0.058
0.231
0.872
0.59
0.219
0.834
0.203
0.853
0.479
0.339
0.027
0.51
0.385
0.436
0.612
0.134
0.882
0.264
0.077
0.193
0.394
0.325
0.054
0.53
0.076
0.599
0.674
0.367
0.729
0.774
0.745
0.121
0.604
0.428
0.809
0.27
0.802
0.651
0.827
0.094
0.495
0.046
0.762
0.396
0.66
0.756
0.247
0.845
0.338
0.096
0.727
0.548
0.9
0.42
0.773
0.425
0.941
0.702
0.166
0.883
0.187
0.391
0.0
0.626
0.086
0.955
0.047
0.774
0.925
0.683
0.512
0.639
0.144
0.473
0.335
0.506
0.361
0.661
0.168
0.484
0.623
0.311
0.849
0.089
0.434
0.274
0.222
0.458
0.277
0.82
0.698
0.723
0.356
0.193
0.834
0.294
0.72
0.853
0.397
0.364
0.135
0.728
0.048
0.78
0.498
0.962
0.04
0.708
0.725
0.235
0.914
0.738
0.507
0.927
0.147
0.784
0.789
0.424
0.542
0.959
0.259
0.47
0.487
0.062
0.261
0.172
0.144
0.067
0.766
0.708
0.966
0.51
0.011
0.121
0.188
0.449
0.302
0.423
0.768
0.171
0.005
0.001
0.071
0.042
0.972
0.489
0.605
0.325
0.614
0.341
0.765
0.203
0.462
0.679
0.584
0.753
0.742
0.382
0.098
0.828
0.12
0.247
0.143
0.448
0.513
0.33
0.004
0.948
0.934
0.469
0.496
0.58
0.684
0.841
0.012
0.676
0.809
0.588
0.249
0.251
0.659
0.667
0.016
0.483
0.622
0.49
0.388
0.858
0.05
0.195
0.506
0.54
0.596
0.194
0.148
0.878
0.024
0.111
0.178
0.207
0.684
0.188
0.472
0.755
0.195
0.758
0.734
0.726
0.747
0.58
0.398
0.582
0.996
0.365
0.28
0.17
0.236
0.829
0.602
0.153
0.815
0.295
0.613
0.973
0.561
0.627
0.312
0.256
0.919
0.747
0.121
0.547
0.802
0.696
0.523
0.836
0.243
0.006
0.046
0.006
0.694
0.415
0.683
0.329
0.384
0.401
0.878
0.484
0.655
0.081
0.71
0.376
0.714
0.23
0.292
0.069
0.888
0.212
0.567
0.052
0.278
0.687
0.432
0.63
0.314
0.581
0.487
0.837
0.328
0.101
0.498
0.402
0.413
0.703
0.215
0.497
0.435
0.343
0.816
0.356
0.97
0.4
0.495
0.925
0.858
0.761
0.635
0.57
0.94
0.988
0.368
0.543
0.478
0.531
0.244
0.633
0.863
0.593
0.225
0.687
0.839
0.606
0.988
0.935
0.691
0.019
0.039
0.335
0.749
0.875
0.727
0.729
0.512
0.782
0.54
0.738
0.491
0.858
0.817
0.039
0.654
0.972
0.761
0.281
0.525
0.918
0.383
0.402
0.202
0.976
0.9
0.624
0.974
0.623
0.975
0.877
0.191
0.483
0.397
0.218
0.652
0.668
0.795
0.006
0.294
0.103
0.221
0.791
0.98
0.004
0.215
0.713
0.864
0.416
0.06
0.967
0.233
0.26
0.834
0.666
0.428
0.288
0.716
0.615
0.392
0.501
0.059
0.842
0.725
0.343
0.895
0.535
0.525
0.037
0.732
0.764
0.138
0.927
0.622
0.504
0.493
0.341
0.837
0.001
0.955
0.841
0.992
0.633
0.408
0.076
0.748
0.71
0.84
0.034
0.172
0.25
0.123
0.167
0.021
0
0.572
0.634
0.731
0.049
0.749
0.631
0.733
0.55
0.979
0.1
0.146
0.892
0.42
0.661
0.608
0.934
0.487
0.845
0.055
0.39
0.475
0.064
0.962
0.933
0.639
0.229
0.743
0.119
0.782
0.465
0.199
0.691
0
0.76
0.192
0.316
0.077
0.47
0.086
0.501
0.64
0.137
0.883
0.608
0.834
0.278
0.051
0.756
0.699
0.259
0.243
0.639
0.546
0.281
0.656
0.201
0.959
0.492
0.849
0.721
0.522
0.795
0.812
0.648
0.444
0.747
0.271
0.788
0.913
0.735
0.264
0.324
0.392
0.931
0.878
0.14
0.757
0.376
0.367
0.86
0.872
0.649
0.229
0.314
0.906
0.972
0.796
0.957
0.774
0.313
0.698
0.772
0.343
0.418
0.534
0.718
0.394
0.306
0.898
0.268
0.919
0.229
0.316
0.093
0.201
0.411
0.16
0.704
0.717
0.76
0.91
0.21
0.554
0.802
0
0.998
0.702
0.886
0.525
0.041
0.733
0.201
0.218
0.368
0.62
0.406
0.223
0.168
0.708
0.911
0.21
0.516
0.52
0.886
0.902
0.138
0.603
0.979
0.231
0.765
0.863
0.868
0.687
0.763
0.191
0.711
0.207
0.477
0.275
0.748
0.847
0.893
0.69
0.213
0.32
0.517
0.31
0.251
0.572
0.655
0.333
0.278
0.698
0.473
0.781
0.954
0.956
0.437
0.065
0.436
0.912
0.68
0.645
0.812
0.987
0.579
0.968
0.859
0.022
0.056
0.378
0.117
0.539
0.784
0.612
0.746
0.136
0.989
0.533
0.789
0.635
0.852
0.963
0.791
0.195
0.428
0.71
0.878
0.231
0.344
1.0
0.323
0.388
0.171
0.899
0.066
0.497
0.684
0.597
0.935
0.165
0.764
0.829
0.799
0.375
0.412
0.067
0.095
0.269
0.096
0.052
0.229
0.603
0.811
0.048
0.273
0.614
0.903
0.975
0.71
0.458
0.549
0.546
0.754
0.584
0.81
0.256
0.566
0.625
0.19
0.719
0.345
0.315
0.86
0.249
0.786
0.165
0.685
0.337
0.928
0.835
0
0.21
0.301
0.017
0.989
0.239
0.368
0.325
0.482
0.284
0.235
0.822
0.194
0.175
0.962
0.516
0.958
0.394
0.943
0.196
0.733
0.09
0.607
0.223
0.119
0.01
0.861
0.318
0.85
0.372
0.808
0.612
0.314
0.178
0.311
0.371
0.646
0.944
0.879
0.066
0.863
0.505
0.285
0.336
0.436
0.648
0.106
0.751
0.71
0.152
0.648
0.476
0.303
0.169
0.484
0.794
0.343
0.419
0.72
0.631
0.494
0.157
0.352
0.767
0.541
0.609
0.182
0.551
0.012
0.639
0.708
0.749
0.001
0.684
0.288
0.773
0.525
0.804
0.407
0.28
0.476
0.158
0.815
0.26
0.699
0.669
0.384
0.308
0.493
0.373
0.891
0
0.612
0.397
0.355
0.004
0.662
0.933
0.664
0.391
0.903
0.762
0.184
0.154
0.834
0.034
0.417
0.72
0.497
0.841
0.878
0.226
0.269
0.342
0.632
0.425
0.301
0.046
0.868
0.62
0.899
0.121
0.812
0.587
0.576
0.011
0.025
0.842
0.136
0.276
0.066
0.354
0.5
0.701
0.612
0.787
0.507
0.517
0.6
0.544
0.016
0.557
0.293
0.297
0.587
0.009
0.226
0.102
0
0.406
0.715
0.752
0.061
0.932
0.89
0.056
0.788
0.766
0.324
0.467
0.127
0.298
0.303
0.725
0.765
0.868
0.873
0.018
0.315
0.795
0.908
0.893
0.576
0.411
0.159
0.359
0.188
0.666
0.513
0.206
0.387
0.38
0.45
0.462
0.444
0.963
0.197
0.674
0.434
0.223
0.001
0.158
