0.669
0.505
0.385
0.429
0.183
0.407
0.082
0.849
0.26
0.622
0.986
0.94
0.266
0.779
0.857
0.694
0.403
0.374
0.681
0.321
0.469
0.991
0.987
0.264
0.359
0.234
0.59
0.094
0.575
0.493
0.547
0.123
0.598
0.347
0.061
0.992
0.527
0.421
0.477
0.759
0.636
0.687
0.871
0.542
0.102
0.063
0.271
0.937
0.699
0.223
0.516
0.653
0.721
0.698
0.38
0.22
0.896
0.251
0.537
0.951
0.86
0.777
0.962
0.107
0.724
0.943
0.295
0.165
0.311
0.42
0.532
0.55
0.84
0.788
0.508
0.444
0.957
0.378
0.909
0.804
0.439
0.437
0.394
0.867
0.847
0.917
0.529
0.834
0.861
0.12
0.918
0.828
0.639
0.299
0.051
0.818
0.904
0.298
0.67
0.879
0.744
0.877
0.748
0.208
0.571
0.298
0.634
0.119
0.169
0.231
0.712
0.567
0.126
0.519
0.849
0.057
0.137
0.127
0.37
0.832
0.422
0.393
0.409
0.44
0.797
0.98
0.038
0.754
0.541
0.271
0.211
0.952
0.965
0.187
0.527
0.265
0.363
0.868
0.467
0.007
0.402
0.156
0.109
0.506
0.589
0.485
0.409
0.834
0.069
0.044
0.352
0.134
0.675
0.755
0.164
0.47
0.533
0.609
0.283
0.795
0.794
0.699
0.897
0.574
0.584
0.768
0.13
0.564
0.376
0.85
0.094
0.877
0.94
0.975
0.857
0.645
0.453
0.058
0.345
0.94
0.53
0.034
0.008
0.013
0.503
0.405
0.343
0.001
0.549
0.826
0.37
0.94
0.612
0.525
0.245
0.458
0.773
0.064
0.853
0.56
0.046
0.772
0.674
0.545
0.564
0.872
0.911
0.106
0.136
0.567
0.094
0.821
0.059
0.445
0.596
0.982
0.593
0.46
0.079
0.966
0.822
0.578
0.783
0.707
0.471
0.626
0.497
0.592
0.672
0.708
0.668
0.207
0.786
0.821
0.972
0.753
0.369
0.41
0.686
0.448
0.685
0.976
0.072
0.139
0.535
0.297
0.016
0.279
0.542
0.178
0.549
0.985
0.091
0.565
0.899
0.945
0.096
0.703
0.634
0.144
0.491
0.353
0.307
0.349
0.972
0.949
0.648
0.207
0.518
0.544
0.414
0.033
0.266
0.557
0.511
0.596
0.818
0.74
0.818
0.67
0.42
0.347
0.001
0.314
0.582
0.34
0.437
0.151
0.281
0.859
0.04
0.024
0.002
0.488
0.494
0.278
0.042
0.328
0.731
0.872
0.933
0.993
0.971
0.572
0.2
0.733
0.049
0.05
0.535
0.106
0.65
0.922
0.679
0.498
0.622
0.153
0.363
0.102
0.824
0.334
0.101
0.668
0.03
0.194
0.869
0.359
0.375
0.933
0.171
0.929
0.417
0.527
0.036
0.677
0.299
0.799
0.406
0.152
0.223
0.003
0.694
0.146
0.366
0.232
0.916
0.675
0.024
0.477
0.117
0.206
0.243
0.247
0.397
0.013
0.743
0.877
0.945
0.702
0.606
0.497
0.723
0.015
0.667
0.259
0.35
0.37
0.086
0.208
0.195
0.4
0.996
0.654
0.26
0.78
0.532
0.787
0.358
0.333
0.127
0.441
0.316
0.696
0.964
0.465
0.256
0.684
0.993
0.023
0.533
0.487
0.165
0.64
0.81
0.987
0.883
0.745
0.553
0.823
0.093
0.154
0.48
0.469
0.677
0.183
0.382
0.06
0.41
0.189
0.402
0.972
0.849
0.535
0.19
0.522
0.393
0.132
0.511
0.467
0.347
0.235
0.923
0.938
0.297
0.253
0.297
0.08
0.769
0.801
0.674
0.347
0.371
0.047
0.844
0.373
0.611
0.326
0.063
0.868
0.086
0.917
0.138
0.532
0.493
0.225
0.514
0.548
0.36
0.151
0.48
0.852
0.016
0.168
0.441
0.02
0.12
0.064
0.02
0.627
0.138
0.043
0.546
0.921
0.17
0.68
0.181
0.719
0.634
0.186
0.689
0.428
0.015
0.68
0.838
0.681
0.675
0.114
0.233
0.574
0.575
0.593
0.365
0.051
0.003
0.094
0.515
0.446
0.975
0.904
0.049
0.561
0.621
0.584
0.314
0.856
0.833
0.791
0.466
0.288
0.147
0.434
0.834
0.971
0.648
0.897
0.415
0.448
0.268
0.137
0.844
0.197
0.421
0.169
0.975
0.027
0.379
0.988
0.984
0
0.16
0.059
0.316
0.782
0
0.003
0.405
0.015
0.062
0.252
0.914
0.173
0.93
0.871
0.514
0.412
0.713
0.131
0.105
0.911
0.489
0.25
0.885
0.503
0.363
0.881
0.34
0.173
0.219
0.969
0.66
0.393
0.564
0.724
0.718
0.779
0.135
0.057
0.577
0.248
0.784
0.203
0.725
0.341
0.684
0.386
0.343
0.923
0.138
0.657
0.38
0.085
0.581
0.334
0.889
0.729
0.821
0.445
0.817
0.97
0.167
0.891
0.354
0.802
0.961
0.79
0.767
0.471
0.377
0.792
0.771
0.325
0.253
0.662
0.231
0.347
0.716
0.532
0.468
0.57
0.652
0.872
0.578
0.233
0.311
0.373
0.999
0.012
0.567
0.27
0.764
0.122
0.16
0.082
0.863
0.725
0.442
0.641
0.011
0.067
0.741
0.119
0.422
0.852
0.887
0.044
0.551
0.427
0.735
0.137
0.583
0.56
0.459
0.09
0.522
0.75
0.852
0.611
0.246
0.345
0.384
0.554
0.486
0.052
0.286
0.873
0.128
0.3
0.47
0.718
0.84
0.501
0.687
0.129
0.677
0.8
0.413
0.227
0.059
0.46
0.242
0.866
0.722
0.598
0.238
0.674
0.331
0.808
0.091
0.042
0.469
0.874
0.756
0.201
0.949
0.757
0.845
0.288
0.894
0.379
0.919
0.911
0.62
0.189
0.37
0.821
0.846
0.118
0.796
0.748
0.664
0.801
0.398
0.897
0.259
0.858
0.1
0.362
0.243
0.139
0.487
0.966
0.014
0.453
0.972
0.875
0.981
0.411
0.455
0.892
0.999
0.387
0.287
0.682
0.286
0.043
0.706
0.959
0.262
0.305
0.087
0.492
0.618
0.784
0.472
0.986
0.985
0.357
0.475
0.096
0.649
0.828
0.602
0.668
0.094
0.44
0.501
0.142
0.26
0.358
0.833
0.375
0.451
0.935
0.597
0.142
0.307
0.864
0.057
0.774
0.585
0.487
0.854
0.74
0.968
0.25
0.614
0.066
0.565
0.426
0.398
0.62
0.894
0.972
0.017
0.148
0.038
0.359
0.274
0.133
0.42
0.191
0.645
0.936
0.52
0.766
0.223
0.733
0.049
0.05
0.736
0.113
0
0.674
0.922
0.144
0.356
0.167
0.248
0.108
0.101
0.218
0.138
0.304
0.32
0.527
0.167
0.645
0.07
0.407
0.005
0.129
0.333
0.376
0.031
0.198
0.348
0.175
0.056
0.662
0.721
0.108
0.667
0.687
0.763
0.998
0.861
0.495
0.673
0.885
0.803
0.065
0.581
0.542
0.297
0.988
0.364
0.862
0.589
0.31
0.813
0.983
0.011
0.373
0.463
0.166
0.046
0.648
0.942
0.795
0.707
0.287
0.656
0.867
0.647
0.668
0.905
0.144
0.031
0.619
0.306
0.513
0.801
0.599
0.447
0.794
0.985
0.437
0.003
0.076
0.153
0.19
0.452
0.701
0.259
0.378
0.646
0.394
0.418
0.456
0.348
0.027
0.467
0.861
0.388
0.912
0.997
0.041
0.349
0.731
0.62
0.129
0.454
0.957
0.434
0.373
0.508
0.755
0.055
0.347
0.711
0.399
0.847
0.332
0.496
0.162
0.339
0.405
0.222
0.416
0.259
0.569
0.541
0.272
0.107
0.037
0.783
0.023
0.96
0.031
0.001
0.269
0.741
0.505
0.378
0.582
0.686
0.137
0.874
0.083
0.556
0.229
0.388
0.572
0.824
0.814
0.236
0.346
0.893
0.034
0.755
0.469
0.641
0.41
0.14
0.668
0.269
0.691
0.131
0.325
0.144
0.515
0.026
0.591
0.854
0.768
0.264
0.149
0.357
0.779
0.233
0.377
0.092
0.351
0.343
0.373
0.508
0.708
0.365
0.425
0.159
0.053
0.13
0.985
0.427
0.246
0.014
0.905
0.526
0.163
0.01
0.211
0.338
0.884
0.701
0.994
0.102
0.839
0.907
0.059
0.975
0.649
0.272
0.975
0.808
0.218
0.207
0.88
0.865
0.694
0.779
0.736
0.321
0.81
0.263
0.758
0.46
0.156
0.986
0.529
0.678
0.837
