0.393
0.371
0.202
0.73
0.779
0.82
0.936
0.621
0.557
0.999
0.939
0.353
0.84
0.152
0.807
0.862
0.272
0.565
0.267
0.921
0.587
0.314
0.95
0.523
0.377
0.242
0.106
0.488
0.492
0.094
0.796
0.544
0.362
0.929
0.416
0.227
0.344
0.788
0.29
0.206
0.188
0.824
0.562
0.219
0.964
0.049
0.388
0.192
0.108
0.257
0.876
0.375
0.115
0.85
0.972
0.032
0.592
0.654
0.85
0.204
0.301
0.845
0.111
0.483
0.734
0.712
0.763
0.04
0.143
0.258
0.089
0.396
0.793
0.427
0.351
0.787
0.661
0.233
0.752
0.188
0.169
0.193
0.656
0.967
0.913
0.424
0.906
0.266
0.287
0.781
0.779
0.107
0.631
0.267
0.58
0.255
0.688
0.62
0.292
0.548
0.656
0.662
0.209
0.476
0.124
0.193
0.678
0.909
0.92
0.107
0.189
0.361
0.284
0.048
0.033
0.387
0.332
0.356
0.411
0.316
0.791
0.14
0.1
0.834
0.186
0.076
0.97
0.167
0.742
0.371
0.746
0.483
0.117
0.313
0.019
0.615
0.318
0.949
0.721
0.784
0.257
0.847
0.882
0.564
0.794
0.089
0.218
0.482
0.693
0.187
0.952
0.033
0.827
0.634
0.739
0.884
0.66
0.93
0.825
0.259
0.298
0.106
0.645
0.567
0.739
0.372
0.304
0.033
0.515
0.528
0.829
0.006
0.201
0.603
0.683
0.241
0.914
0.115
0.256
0.353
0.122
0.503
0.55
0.428
0.985
0.927
0.725
0.124
0.035
0.464
0.845
0.32
0.668
0.531
0.21
0.631
0.624
0.332
0.479
0.526
0.775
0.268
0.802
0.848
0.016
0.61
0.545
0.509
0.948
0.691
0.942
0.782
0.332
0.393
0.486
0.32
0.155
0.236
0.381
0.282
0.055
0.478
0.54
0.255
0.751
0.622
0.714
0.957
0.617
0.4
0.172
0.937
0.972
0.971
0.99
0.478
0.699
0.621
0.622
0.994
0.161
0.783
0.567
0.339
0.93
0.597
0.438
0.52
0.879
0.173
0.748
0.582
0.267
0.632
0.349
0.795
0.36
0.21
0.193
0.034
0.443
0.42
0.829
0.944
0.902
0.701
0.05
0.89
0.437
0.826
0.522
0.701
0.654
0.956
0.893
0.863
0.608
0.669
0.768
0.931
0.579
0.909
0.514
0.257
0.041
0.605
0.083
0.395
0.173
0.537
0.538
0.948
0.039
0.123
0.228
0.016
0.377
0.989
0.426
0.922
0.913
0.557
0.525
0.803
0.697
0.413
0.793
0.489
0.13
0.444
0.482
0.104
0.439
0.855
0.56
0.231
0.308
0.159
0.874
0.108
0.88
0.847
0.88
0.351
0.254
0.503
0.366
0.523
0.712
0.676
0.633
0.032
0.977
0.946
0.808
0.353
0.583
0.693
0.14
0.429
0.428
0.092
0.189
0.923
0.023
0.601
0.486
0.986
0.39
0.262
0.823
0.7
0.18
0.86
0.5
0.02
0.169
0.376
0.953
0.062
0.524
0.281
0.357
0.315
0.851
0.972
0.954
0.067
0.331
0.333
0.219
0.263
0.876
0.166
0.376
0.411
0.844
0.662
0.445
0.861
0.439
0.093
0.994
0.363
0.748
0.193
0.689
0.397
0.857
0.928
0.938
0.358
0.041
0.087
0.496
0.145
0.29
0.831
0.613
0.195
0.673
0.538
0.988
0.291
0.382
0.666
0.342
0.734
0.511
0.919
0.799
0.739
0.175
0.843
0.891
0.603
0.164
0.086
0.18
0.252
0.635
0.502
0.689
0.438
0.132
0.904
0.428
0.458
0.617
0.434
0.767
0.111
0.351
0.101
0.559
0.97
0.502
0.378
0.514
0.756
0.342
0.088
0.73
0.935
0.082
0.386
0.354
0.593
0.131
0.492
0.717
0.903
0.708
0.166
0.065
0.112
0.464
0.343
0.068
0.552
0.433
0.202
0.27
0.715
0.552
0.809
0.364
0.874
0.31
0.438
0.667
0.767
0.556
0.952
0.916
0.518
0.658
0.729
0.971
0.142
0.316
0.498
0.463
0.812
0.505
0.288
0.705
0.08
0.792
0.753
0.165
0.02
0.491
0.225
0.847
0.622
0.631
0.498
0.761
0.774
0.036
0.391
0.049
0.055
0.42
0.377
0.2
0.138
0.295
0.432
0.528
0.264
0.553
0.75
0.104
0.46
0.923
0.634
0.421
0.578
0.142
0.962
0.845
0.368
0.436
0.295
0.476
0.407
0.557
0.011
0.664
0.878
0.319
0.671
0.544
0.19
0.168
0.718
0.125
0.605
0.525
0.826
0.529
0.412
0.557
0.109
0.869
0.228
0.624
0.733
0.172
0.66
0.67
0.496
0.561
0.047
0.45
0.293
0.316
0.45
0.158
0.658
0.487
0.048
0.875
0.254
0.428
0.955
0.084
0.455
0.227
0.66
0.645
0.936
0.221
0.422
0.098
0.374
0.631
0.563
0.065
0.56
0.927
0.454
0.314
0.323
0.401
0.717
0.234
0.698
0.234
0.816
0.701
0.729
0.18
0.423
0.296
0.048
0.861
0.369
0.103
0.235
0.503
0.343
0.964
0.739
0.533
0.574
0.539
0.719
0.702
0.697
0.244
0.651
0.237
0.506
0.977
0.438
0.054
0.048
0.618
0.043
0.872
0.709
0.798
0.993
0.704
0.796
0.572
0.797
0.711
0.801
0.948
0.917
0.301
0.038
0.993
0.38
0.677
0.251
0.448
0.215
0.107
0.462
0.391
0.307
0.267
0.71
0.471
0.803
0.059
0.411
0.924
0.798
0.109
0.424
0.101
0.161
0.711
0.476
0.355
0.215
0.987
0.225
0.313
0.72
0.115
0.51
0.336
0.912
0.259
0.027
0.323
0.516
0.988
0.257
0.168
0.967
0.962
0.209
0.262
0.497
0.209
0.327
0.619
0.518
0.373
0.441
0.447
0.412
0.034
0.383
0.592
0.352
0.95
0.35
0.453
0.238
0.348
0.821
0.641
0.41
0.273
0.123
0.572
0.121
0.353
0.964
0.351
0.288
0.883
0.754
0.378
0.284
0.981
0.672
0.321
0.138
0.364
0.637
0.677
0.177
0.187
0.832
0.226
0.171
0.286
0.475
0.172
0.226
0.26
0.712
0.454
0.324
0.466
0.257
0.15
0.729
0.825
0.573
0.762
0.416
0.424
0.069
0.152
0.506
0.31
0.261
0.869
0.639
0.007
0.306
0.955
0.014
0.458
0.087
0.812
0.019
0.887
0.779
0.186
0.677
0.424
0.869
0.393
0.356
0.551
0.04
0.039
0.687
0.477
0.599
0.612
0.645
0.36
0.574
0.946
0.697
0.019
0.519
0.851
0.058
0.441
0.812
0.873
0.718
0.986
0.385
0.089
0.309
0.746
0.868
0.979
0.157
0.676
0.602
0.018
0.24
0.328
0.792
0.797
0.771
0.021
0.125
0.697
0.473
0.623
0.84
0.167
0.766
0.622
0.836
0.113
0.132
0.992
0.464
0.111
0.303
0.839
0.472
0.987
0.569
0.678
0.73
0.0
0.439
0.072
0.053
0.496
0.697
0.813
0.837
0.111
0.706
0.619
0.252
0.314
0.072
0.496
0.012
0.426
0.991
0.908
0.743
0.183
0.569
0.755
0.891
0.696
0.003
0.062
0.736
0.871
0.438
0.048
0.06
0.848
0.68
0.041
0.284
0.724
0.145
0.438
0.373
0.133
0.776
0.303
0.152
0.67
0.741
0.945
0.626
0.39
0.322
0.003
0.158
0.862
0.13
0.238
0.945
0.228
0.249
0.763
0.954
0.766
0.208
0.989
0.477
0.872
0.451
0.428
0
0.762
0.203
0.904
0.879
0.779
0.14
0.2
0.495
0.977
0.217
0.424
0.223
0.172
0.14
0.46
0.613
0.812
0.52
0.362
0.692
0.927
0.792
0.48
0.199
0.376
0.957
0.153
0.414
0.224
0.9
0.893
0.004
0.723
0.51
0.239
0.634
0.176
0.255
0.958
0.184
0.321
0.971
0.664
0.274
0.88
0.826
1.0
0.284
0.434
0.243
0.009
0.002
0.5
0.075
0.62
0.158
0.564
0.699
0.907
0.684
0.151
0.046
0.443
0.497
0.178
0.515
0.262
0.248
0.452
0.485
0.521
0.534
0.478
0.29
0.35
0.2
0.36
0.271
0.764
0.042
0.249
0.159
0.992
0.324
0.3
0.797
0.116
0.359
0.389
0.354
0.018
0.619
0.863
0.798
0.311
0.345
0.611
0.604
0.579
0.457
0.169
0.363
0.511
0.553
0.64
0.56
0.196
0.204
