0.565
0.518
0.793
0.621
0.964
0.659
0.231
0.867
0.07
0.721
0.824
0.972
0.933
0.952
0.595
0.515
0.623
0.377
0.179
0.626
0.419
0.669
0.704
0.674
0.262
0.728
0.927
0.931
0.487
0.107
0.275
0.477
0.854
0.778
0.454
0.488
0.113
0.031
0.679
0.499
0.758
0.085
0.435
0.28
0.193
0.119
0.544
0.797
0.031
0.659
0.716
0.559
0.725
0.747
0
0.338
0.338
0.321
0.377
0.52
0.257
0.732
0.808
0.028
0.94
0.222
0.107
0.136
0.614
0.96
0.198
0.758
0.501
0.862
0.778
0.171
0.879
0.623
0.482
0.344
0.034
0.808
0.711
0.248
0.081
0.48
0.366
0.227
0.409
0.386
0.543
0.851
0.543
0.696
0.589
0.409
0.407
0.364
0.842
0.475
0.066
0.343
0.312
0.508
0.121
0.204
0.215
0.738
0.725
0.815
0.329
0.378
0.592
0.102
0.618
0.546
0.943
0.311
0.797
0.403
0.337
0.243
0.271
0.425
0.059
0.424
0.406
0.402
0.175
0.446
0.786
0.799
0.278
0.693
0.982
0.856
0.986
0.675
0.458
0.265
0.718
0.072
0.085
0.559
0.408
0.354
0.473
0.397
0.902
0.674
0.883
0.737
0.391
0.527
0.258
0.769
0.51
0.982
0.032
0.737
0.674
0.345
0.543
0.427
0.654
0.567
0.057
0.246
0.461
0.39
0.569
0.008
0.626
0.362
0.947
0.146
0.397
0.048
0.839
0.727
0.247
0.523
0.305
0.009
0.628
0.772
0.717
0.405
0.474
0.131
0.63
0.952
0.692
0.415
0.364
0.016
0.646
0.782
0.442
0.094
0.057
0.127
0.022
0.156
0.17
0.975
0.553
0.618
0.063
0.117
0.827
0.474
0.89
0.399
0.994
0.075
0.486
0.044
0.482
0.364
0.349
0.904
0.332
0.879
0.464
0.375
0.412
0.797
0.135
0.185
0.261
0.941
0.477
0.496
0.104
0.174
0.993
0.745
0.834
0.585
0.687
0.351
0.115
0.354
0.803
0.561
0.175
0.169
0.503
0.962
0.573
0.789
0.742
0.45
0.275
0
0.171
0.237
0.234
0.869
0.714
0.482
0.326
0.884
0.89
0.263
0.792
0.627
0.135
0.297
0.74
0.985
0.684
0.796
0.073
0.157
0.792
0.467
0.944
0.596
0.901
0.55
0.251
0.467
0.902
0.952
0.754
0.688
0.47
0.695
0.348
0.066
0.133
0.975
0.769
0.003
0.597
0.196
0.472
0.948
0.672
0.985
0.862
0.66
0.232
0.132
0.676
0.871
0.075
0.246
0.256
0.996
0.078
0.387
0.429
0.611
0.889
0.581
0.798
0.408
0.09
0.495
0.477
0.51
0.162
0.318
0.397
0.822
0.662
0.987
0.47
0.413
0.203
0.951
0.161
0.329
0.796
0.952
0.442
0.731
0.216
0.335
0.091
0.744
0.994
0.663
0.863
0.082
0.033
0.413
0.652
0.473
0.692
0.678
0.913
0.508
0.836
0.654
0.812
0.528
0.543
0.759
0.334
0.461
0.897
0.581
0.797
0.763
0.406
0.378
0.132
0.752
0.756
0.472
0.14
0.102
0.239
0.184
0.002
0.114
0.304
0.059
0.277
0.108
0.437
0.155
0.49
0.891
0.781
0.022
0.284
0.079
0.14
0.251
0.51
0.279
0.802
0.76
0.618
0.61
0.091
0.835
0.12
0.623
0.98
0.964
0.495
0.765
0.364
0.89
0.102
0.157
0.902
0.435
0.408
0.476
0.116
0.296
0.223
0.775
0.063
0.243
0.321
0.874
0.385
0.363
0.32
0.817
0.391
0.411
0.252
0.061
0.776
0.567
0.802
0.085
0.138
0.959
0.647
0.054
0.884
0.021
0.602
0.387
0.343
0.056
0.15
0.337
0.333
0.541
0.423
0.604
0.747
0.604
0.417
0.823
0.561
0.258
0.781
0.967
0.578
0.668
0.881
0.319
0.158
0.24
0.708
0.749
0.004
0.188
0.596
0.144
0.364
0.184
0.882
0.292
0.47
0.106
0.307
0.04
0.337
0.855
0.696
0.521
0.134
0.41
0.229
0.492
0.707
0.199
0.802
0.112
0.582
0.331
0.732
0.084
0.64
0.452
0.534
0.558
0.105
0.988
0.806
0.741
0.794
0.118
0.293
0.203
0.72
0.765
0.184
0.972
0.454
0.553
0.098
0.365
0.786
0.793
0.034
0.206
0.528
0.998
0.983
0.12
0.886
0.415
0.847
0.622
0.576
0.57
0.77
0.429
0.561
0.835
0.265
0.62
0.358
0.269
0.578
0.663
0.589
0.358
0.855
0.926
0.056
0.543
0.65
0.772
0.942
0.627
0.028
0.527
0.891
0.083
0.864
0.71
0.839
0.837
0.786
0.141
0.685
0.515
0.049
0.206
0.637
0.249
0.901
0.238
0.803
0.629
0.353
0.096
0.849
0.361
0.061
0.315
0.429
0.861
0.261
0.915
0.44
0.145
0.981
0.891
0.063
0.227
0.437
0.708
0.682
0.035
0.765
0.874
0.324
0.164
0.641
0.517
0.646
0.266
0.49
0.942
0.494
0.053
0.357
0.631
0.088
0.131
0.178
0.145
0.637
0.386
0.507
0.461
0.01
0.325
0.85
0.824
0.791
0.105
0.45
0.31
0.701
0.958
0.28
0.716
0.448
0.885
0.347
0.969
0.014
0.35
0.845
0.522
0.311
0.801
0.17
0.292
0.034
0.722
0.457
0.86
0.623
0.387
0.419
0.982
0.062
0.309
0.941
0.897
0.101
0.204
0.589
0.535
0.656
0.387
0.254
0.187
0.323
0.785
0.376
0.083
0.162
0.745
0.41
0.997
0.265
0.824
0.234
0.437
0.567
0.291
0.727
0.445
0.356
0.654
0.31
0.506
0.505
0.296
0.466
0.348
0.644
0.092
0.315
0.829
0.064
0.912
0.319
0.849
0.824
0.785
0.48
0.515
0.063
0.861
0.208
0.241
0.554
0.83
0.458
0.567
0.362
0.412
0.555
0.677
0.395
0.722
0.445
0.989
0.674
0.801
0.805
0.873
0.861
0.852
0.295
0.248
0.421
0.415
0.034
0.678
0.534
0.9
0.421
0.644
0.0
0.23
0.339
0.607
0.046
0.037
0.496
0.227
0.484
0.162
0.836
0.836
0.325
0.321
0.893
0.958
0.185
0.37
0.312
0.447
0.927
0.357
0.679
0.639
0.951
0.07
0.747
0.603
0.729
0.664
0.743
0.371
0.1
0.507
0.277
0.446
0.003
0.567
0.955
0.097
0.935
0.171
0.838
0.264
0.204
0.622
0.816
0.626
0.764
0.901
0.312
0.695
0.93
0.162
0.923
0.417
0.544
0.344
0.469
0.271
0.683
0.71
0.764
0.157
0.755
0.984
0.666
0.147
0.335
0.627
0.531
0.159
0.68
0.135
0.655
0.063
0.614
0.762
0.781
0.623
0.447
0.95
0.527
0.931
0.397
0.972
0.94
0.449
0.352
0.099
0.518
0.761
0.55
0.855
0.695
0.155
0.658
0.729
0.583
0.028
0.671
0.657
0.345
0.344
0.575
0.568
0.469
0.22
0.325
0.847
0.903
0.002
0.863
0.293
0.593
0.149
0.894
0.204
0.966
0.837
0.759
0.614
0.408
0.958
0.729
0.751
0.206
0.994
0.997
0.711
0.411
0.213
0.872
0.829
0.278
0.77
0.077
0.469
0.954
0.233
0.184
0.733
0.364
0.884
0.13
0.832
0.581
0.721
0.315
0.849
0.679
0.029
0.119
0.731
0.251
0.72
0.632
0.625
0.124
0.802
0.916
0.426
0.207
0.861
0.086
0.442
0.678
0.699
0.109
0.146
0.325
0.982
0.376
0.407
0.254
0.891
0.934
0.408
0.641
0.965
0.81
0.457
0.617
0.28
0.57
0.845
0.368
0.333
0.315
0.025
0.646
0.457
0.103
0.961
0.703
0.328
0.569
0.348
0.988
0.558
0.833
0.551
0.026
0.527
0.295
0.665
0.697
0.022
0.296
0.501
0.75
0.081
0.287
0.117
0.555
0.383
0.019
0.511
0.399
0.295
0.662
0.055
0.64
0.327
0.941
0.964
0.311
0.675
0.795
0.164
0.292
0.308
0.828
0.056
0.669
0.327
0.052
0.383
0.873
0.163
0.249
0.701
0.225
0.851
0.23
0.24
0.804
0.647
0.001
0.798
0.64
0.449
0.825
0.735
0.511
0.316
0.329
0.742
0.603
0.98
0.644
0.258
0.588
0.605
0.529
0.669
0.356
0.195
0.9
0.063
0.613
0.061
0.701
0.447
0.068
0.212
