0.021
0.074
0.868
0.521
0.451
0.489
0.646
0.369
0.105
0.947
0.832
0.501
0.654
0.079
0.06
0.337
0.715
0.82
0.672
0.967
0.256
0.572
0.485
0.444
0.142
0.906
0.64
0.705
0.889
0.207
0.977
0.76
0.051
0.715
0.236
0.173
0.808
0.752
0.591
0.083
0.235
0.329
0.435
0.425
0.773
0.488
0.692
0.252
0.515
0.811
0.273
0.715
0.723
0.13
0.347
0.169
0.924
0.081
0.54
0.103
0.841
0.823
0.004
0.651
0.925
0.788
0.355
0.102
0.975
0.441
0.171
0.448
0.015
0.479
0.493
0.115
0.384
0.684
0.113
0.848
0.513
0.278
0.847
0.119
0.154
0.35
0.412
0.643
0.86
0.427
0
0.555
0.465
0.78
0.356
0.536
0.35
0.724
0.375
0.425
0.225
0.93
0.833
0.79
0.49
0.136
0.066
0.044
0.33
0.227
0.161
0.319
0.258
0.148
0.612
0.195
0.917
0.619
0
0.674
0.099
0.495
0.855
0.935
0.43
0.551
0.321
0.279
0.363
0.959
0.93
0.914
0.004
0.284
0.789
0.659
0.368
0.233
0.74
0.689
0.672
0.855
0.323
0.02
0.936
0.142
0.631
0.658
0.155
0.71
0.641
0.031
0.367
0.802
0.137
0.031
0.81
0.161
0.645
0.165
0.829
0.142
0.537
0.907
0.89
0.348
0.977
0.165
0.582
0.143
0.295
0.267
0.858
0.623
0.723
0.347
0.133
0.563
0.899
0.617
0.986
0.033
0.706
0.839
0.226
0.082
0.673
0.57
0.887
0.273
0.118
0.24
0.344
0.008
0.674
0.788
0.168
0.312
0.005
0.779
0.796
0.609
0.921
0.98
0.249
0.609
0.084
0.599
0.611
0.361
0.677
0.093
0.393
0.148
0.689
0.775
0.458
0.522
0.549
0.136
0.017
0.608
0.712
0.923
0.991
0.865
0.84
0.331
0.694
0.023
0.08
0.598
0.062
0.153
0.972
0.375
0.33
0.518
0.971
0.364
0.137
0.214
0.269
0.5
0.293
0.511
0.656
0.939
0.352
0.611
0.315
0.368
0.582
0.012
0.911
0.298
0.601
0.507
0.44
0.6
0.908
0.212
0.422
0.997
0.784
0.104
0.501
0.056
0.808
0.689
0.97
0.048
0.357
0.161
0.38
0.337
0.306
0.373
0.121
0.348
0.31
0.011
0.126
0.465
0.651
0.174
0.467
0.603
0.29
0.712
0.358
0.167
0.35
0.926
0.914
0.586
0.272
0.574
0.211
0.259
0.603
0.365
0.544
0.736
0.42
0.319
0.723
0.826
0.665
0.249
0.86
0.47
0.147
0.836
0.72
0.511
0.182
0.286
0.809
0.834
0.65
0.586
0.992
0.612
0.274
0.862
0.85
0.939
0.489
0.542
0.727
0.216
0.479
0.307
0.75
0.261
0.64
0.851
0.238
0.81
0.268
0.492
0.179
0.429
0.338
0.821
0.688
0.14
0.691
0.97
0.936
0.274
0.615
0.63
0.299
0.731
0.439
0.699
0.757
0.4
0.624
0.465
0.316
0.866
0.915
0.909
0.572
0.99
0.17
0.856
0.033
0.539
0.941
0.184
0.14
0.568
0.498
0.328
0.026
0.435
0.503
0.538
0.371
0.994
0.957
0.022
0.921
0.633
0.322
0.722
0.829
0.255
0.273
0.701
0.154
0.286
0.184
0.174
0.847
0.539
0.899
0.468
0.889
0.053
0.815
0.568
0.001
0.504
0.166
0.757
0.147
0.749
0.864
0.314
0.224
0.328
0.175
0.618
0.618
0.324
0.043
0.809
0.085
0.978
0.566
0.981
0.848
0.058
0.561
0.809
0.368
0.979
0.06
0.337
0.005
0.104
0.843
0.618
0.911
0.733
0.574
0.138
0.446
0.599
0.176
0.553
0.1
0.086
0
0.243
0.88
0.584
0.559
0.926
0.016
0.86
0.329
0.492
0.529
0.203
0.369
0.858
0.526
0.713
0.391
0.237
0.159
0.329
0.008
0.683
0.33
0.622
0.81
0.939
0.6
0.761
0.817
0.369
0.847
0.316
0.1
0.757
0.785
0.465
0.575
0.211
0.789
0.336
0.641
0.42
0.226
0.49
0.37
0.523
0.921
0.188
0.418
0.112
0.135
0
0.972
0.288
0.845
0.604
0.968
0.128
0.53
0.233
0.873
0.615
0.173
0.106
0.517
0.947
0.858
0.629
0.322
0.884
0.902
0.794
0.754
0.326
0.379
0.53
0.557
0.86
0.957
0.979
0.098
0.386
0.632
0.741
0.474
0.405
0.637
0.321
0.647
0.432
0.057
0.03
0.913
0.921
0.17
0.644
0.085
0.021
0.67
0.491
0.422
0.15
0.837
0.869
0.517
0.726
0.289
0.297
0.904
0.211
0.182
0.664
0.64
0.814
0.755
0.621
0.552
0.135
0.378
0.359
0.859
0.078
0.544
0.089
0.702
0.499
0.237
0.482
0.24
0.023
0.209
0.452
0.598
0.775
0.618
0.447
0.185
0.586
0.031
0.433
0.72
0.111
0.824
0.895
0.243
0.422
0.649
0.269
0.043
0.646
0.886
0.864
0.251
0.779
0.741
0.135
0.846
0.697
0.634
0.214
0.87
0.433
0.414
0.899
0.969
0.791
0.374
0.328
0.984
0.426
0.366
0.754
0.899
0.599
0.909
0.156
0.867
0.416
0.163
0.305
0.909
0.506
0.554
0.645
0.556
0.45
0.287
0.169
0.701
0.733
0.764
0.073
0.057
0.94
0.87
0.11
0.654
0.892
0.451
0.177
0.406
0.116
0.514
0.506
0.745
0.536
0.996
0.943
0.904
0.603
0.015
0.471
0.876
0.857
0.658
0.031
0.641
0.717
0.064
0.988
0.111
0.175
0.42
0.651
0.483
0.824
0.216
0.517
0.242
0.199
0.123
0.976
0.133
0.943
0.257
0.55
0.989
0.175
0.576
0.74
0.841
0.511
0.537
0.904
0.82
0.502
0.275
0.17
0.903
0.55
0.399
0.954
0.954
0.006
0.763
0.95
0.653
0.45
0.264
0.455
0.227
0.347
0.756
0.305
0.073
0.049
0.488
0.935
0.149
0.308
0.215
0.755
0.843
0.612
0.534
0.952
0.579
0.846
0.025
0.954
0.336
0.02
0.911
0.256
0.755
0.834
0.383
0.266
0.413
0.758
0.311
0.638
0
0.608
0.66
0.077
0.324
0.451
0.668
0.066
0.557
0.99
0.68
0.013
0.831
0.057
0
0.924
0.125
0.511
0.023
0.154
0.4
0.819
0.23
0.463
0.903
0.579
0.827
0.693
0.345
0.892
0.546
0.267
0.637
0.006
0.939
0.617
0.457
0.952
0.629
0.227
0.276
0.106
0.706
0.513
0.075
0.496
0.891
0.328
0.703
0.946
0.52
0.716
0.904
0.158
0.621
0.36
0.847
0.335
0.379
0.759
0.313
0.418
0.998
0.647
0.275
0.334
0.301
0.952
0.034
0.678
0.409
0.928
0.904
0.801
0.15
0.746
0.118
0.271
0.385
0.059
0.22
0.558
0.196
0.033
0.508
0.902
0.484
0.026
0.72
0.261
0.159
0.942
0.093
0.361
0.903
0.868
0.67
0.5
0.885
0.732
0.401
0.53
0.664
0.417
0.768
0.644
0.923
0.244
0.862
0.856
0.759
0.854
0.537
0.08
0.526
0.5
0.844
0.824
0.32
0.61
0.441
0.634
0.763
0.511
0.704
0.247
0.95
0.336
0.905
0.461
0.607
0.744
0.991
0.015
0.038
0.202
0.736
0.613
0.616
0.425
0.052
0.305
0.415
0.327
0.673
0.997
0.267
0.056
0.881
0.811
0.229
0.093
0.18
0.658
0.381
0.303
0.11
0.679
0.495
0.014
0.112
0.467
0.045
0.145
0.394
0.819
0.121
0.103
0.796
0.505
0.268
0.421
0.269
0.08
0.607
0.123
0.527
0.831
0.639
0.541
0.074
0.945
0.559
0.704
0.057
0.037
0.778
0.964
0.88
0.226
0.452
0.156
0.869
0.909
0.824
0.149
0.543
0.593
0.477
0.5
0.47
0.214
0.703
0.29
0.065
0.685
0.88
0.893
0.496
0.113
0.062
0.321
0.949
0.988
0.442
0.838
0.103
0.757
0.151
0.45
0.971
0.371
0.788
0.91
0.942
0.643
0.487
0.798
0.9
0.69
0.516
0.361
0.854
0.306
0.372
0.133
0.291
0.539
0.712
0.909
0.112
0.231
0.693
0.966
0.867
0.547
0.488
0.867
0.728
0.797
0.939
0.892
0.187
0.881
0.647
0.581
0.676
0.611
0.193
0.545
