0.677
0.231
0.46
0.75
0.35
0.198
0.556
0.426
0.639
0.765
0.441
0.748
0.376
0.99
0.556
0.944
0.299
0.176
0.919
0.397
0.306
0.717
0.161
0.379
0.619
0.276
0.183
0.949
0.218
0.151
0.663
0.415
0.825
0.791
0.106
0.612
0.497
0.412
0.624
0.732
0.147
0.974
0.35
0.885
0.742
0.426
0.853
0.798
0.076
0.335
0.562
0.162
0.165
0.899
0.048
0.443
0.93
0.222
0.226
0.015
0.235
0.301
0.983
0.247
0.74
0.07
0.104
0.497
0.283
0.108
0.134
0.087
0.013
0.755
0.246
0.929
0.064
0.666
0.532
0.674
0.557
0.17
0.924
0.368
0.571
0.832
0.514
0.228
0.198
0.996
0.583
0.3
0.695
0.29
0.751
0.484
0.116
0.761
0.75
0.176
0.025
0.951
0.178
0.868
0.752
0.946
0.927
0.835
0.688
0.852
0.918
0.429
0.708
0.895
0.892
0.539
0.513
0.363
0.043
0.069
0.476
0.385
0.12
0.157
0.794
0.441
0.771
0.869
0.88
0.998
0.056
0.232
0.269
0.641
0.896
0.488
0.866
0.839
0.15
0.34
0.641
0.519
0.311
0.979
0.096
0.138
0.822
0.612
0.029
0.256
0.273
0.341
0.698
0.947
0.509
0.717
0.42
0.009
0.387
0.784
0.858
0.675
0.867
0.806
0.781
0.538
0.884
0.325
0.022
0.32
0.573
0.368
0.426
0.08
0.77
0.51
0.659
0.812
0.442
0.556
0.069
0.913
0.735
0.807
0.191
0.944
0.133
0.339
0.721
0.021
0.892
0.877
0.735
0.997
0.419
0.949
0.918
0.699
0.959
0.739
0.18
0.278
0.627
0.166
0.761
0.308
0.594
0.213
0.078
0.064
0.035
0.117
0.115
0.273
0.023
0.406
0.332
0.271
0.357
0.036
0.481
0.393
0.861
0.521
0.089
0.683
0.306
0.581
0.835
0.188
0.815
0.839
0.719
0.093
0.056
0.211
0.189
0.97
0.845
0.445
0.29
0.073
0.212
0.088
0.251
0.707
0.214
0.834
0.527
0.944
0.207
0.727
0.54
0.835
0.363
0.776
0.141
0.853
0.85
0.509
0.353
0.075
0.378
0.344
0.442
0.648
0.398
0.227
0.708
0.091
0.326
0.322
0.702
0.773
0.524
0.478
0.949
0.666
0.975
0.024
0.398
0.714
0.279
0.608
0.306
0.329
0.369
0.936
0.421
0.635
0.289
0.9
0.475
0.085
0.4
0.918
0.339
0.901
0.727
0.821
0.875
0.775
0.714
0.967
0.56
0.619
0.449
0.276
0.709
0.522
0.16
0.217
0.815
0.715
0.7
0.131
0.324
0.335
0.009
0.534
0.461
0.35
0.088
0.003
0.974
0.497
0.878
0.61
0.671
0.805
0.214
0.605
0.079
0.555
0.403
0.413
0.518
0.612
0.234
0.994
0.678
0.104
0.33
0.577
0.901
0.323
0.646
0.281
0.618
0.507
0.614
0.208
0.572
0.516
0.015
0.863
0.071
0.333
0.213
0.97
0.227
0.433
0.179
0.573
0.684
0.589
0.909
0.591
0.058
0.889
0.083
0.262
0.367
0.48
0.351
0.465
0.744
0.049
0.661
0.905
0.807
0.191
0.437
0.64
0.681
0.543
0.313
0.906
0.821
0.325
0.166
0.768
0.966
0.296
0.179
0.919
0.112
0.134
0.043
0.255
0.677
0.847
0.067
0.354
0.873
0.569
0.946
0.909
0.455
0.984
0.168
0.168
0.905
0.755
0.736
0.364
0.06
0.621
0.464
0.731
0.502
0.019
0.462
0.675
0.993
0.866
0.975
0.151
0.168
0.272
0.478
0.981
0.955
0.58
0.005
0.26
0.614
0.816
0.111
0.222
0.702
0.598
0.914
0.362
0.062
0.466
0.406
0.241
0.33
0.936
0.939
0.68
0.19
0.334
0.084
0.174
0.096
0.608
0.976
0.374
0.929
0.095
0.856
0.504
0.292
0.55
0.163
0.787
0.251
0.448
0.763
0.99
0.972
0.463
0.079
0.168
0.576
0.669
0.847
0.838
0.849
0.055
0.663
0.248
0.062
0.266
0.094
0.736
0.857
0.302
0.792
0.251
0.804
0.788
0.218
0.01
0.726
0.622
0.357
0.505
0.327
0.455
0.506
0.688
0.936
0.849
0.468
0.249
0.485
0.609
0.549
0.966
0.92
0.716
0.659
0.487
0.215
0.237
0.07
0.684
0.121
0.871
0.021
0.318
0.587
0.953
0.121
0.553
0.913
0.808
0.575
0.903
0.102
0.669
0.776
0.469
0.051
0.347
0.137
0.183
0.61
0.851
0.362
0.088
0.572
0.464
0.539
0.393
0.997
0.796
0.863
0.66
0.263
0.964
0.837
0.673
0.886
0.858
0.411
0.496
0.143
0.24
0.235
0.953
0.172
0.965
0.342
0.372
0.102
0.293
0.241
0.506
0.088
0.249
0.896
0.267
0.894
0.557
0.777
0.786
0.579
0.89
0.504
0.401
0.669
0.526
0.924
0.556
0.532
0.83
0.921
0.337
0.331
0.495
0.836
0.076
0.481
0.483
0.191
0.3
0.37
0.055
0.462
0.329
0.095
0.618
0.158
0.6
0.521
0.322
0.37
0.905
0.636
0.116
0.652
0.731
0.294
0.013
0.444
0.533
0.654
0.965
0.312
0.174
0.29
0.614
0.229
0.363
0.415
0.107
0.744
0.66
0.683
0.271
0.385
0.123
0.956
0.935
0.613
0.421
0.618
0.139
0.198
0.997
0.251
0.394
0.217
0.451
0.863
0.017
0.154
0.274
0.844
0.494
0.245
0.22
0.26
0.267
0.964
0.514
0.291
0.55
0.974
0.644
0.663
0.808
0.117
0.374
0.748
0.713
0.084
0.126
0.497
0.689
0.077
0.768
0.306
0.765
0.669
0.855
0.619
0.01
0.497
0.685
0.028
0.884
0.095
0.987
0.691
0.116
0.201
0.735
0.461
0.631
0.167
0.532
0.841
0.359
0.127
0.621
0.326
0.122
0.16
0.395
0.405
0.019
0.479
0.855
0.868
0.047
0.753
0.641
0.308
0.094
0.035
0.159
0.132
0.738
0.156
0.863
0.19
0.021
0.626
0.335
0.334
0.677
0.207
0.749
0.731
0.638
0.751
0.349
0.348
0.061
0.333
0.417
0.038
0.872
0.742
0.065
0.187
0.815
0.258
0.545
0.333
0.507
0.38
0.787
0.082
0.162
0.017
0.407
0.442
0.135
0.795
0.964
0.665
0.404
0.437
0.71
0.962
0.215
0.534
0.999
0.806
0.141
0.546
0.779
0.244
0.465
0.018
0.496
0.319
0.004
0.098
0.947
0.061
0.325
0.5
0.609
0.199
0.006
0.98
0.522
0.446
0.862
0.408
0.376
0.004
0.366
0.076
0.027
0.719
0.416
0.582
0.875
0.063
0.31
0.147
0.567
0.567
0.852
0.61
0.302
0.825
0.252
0.392
0.062
0.2
0.311
0.191
0.371
0.337
0.959
0.607
0.143
0.785
0.471
0.689
0.312
0.252
0.905
0.913
0.148
0.091
0.422
0.507
0.012
0.602
0.583
0.007
0.086
0.492
0.486
0.815
0.621
0.943
0.195
0.435
0.113
0.719
0.834
0.092
0.132
0.223
0.562
0.094
0.064
0.615
0.725
0.265
0.439
0.377
0.982
0.419
0.225
0.952
0.393
0.401
0.531
0.644
0.777
0.292
0.887
0.062
0.694
0.068
0.451
0.527
0.331
0.367
0.825
0.221
0.766
0.253
0.822
0.356
0.511
0.923
0.072
0.266
0.529
0.03
0.91
0.724
0.484
0.813
0.831
0.722
0.578
0.069
0.688
0.538
0.031
0.095
0.56
0.835
0.163
0.797
0.416
0.945
0.148
0.851
0.191
0.569
0.398
0.48
0.298
0.204
0.676
0.566
0.843
0.452
0.553
0.131
0.236
0.384
0.944
0.303
0.459
0.783
0.25
0.368
0.364
0.34
0.077
0.807
0.535
0.775
0.589
0.843
0.235
0.845
0.134
0.09
0.729
0.415
0.648
0.694
0.503
0.135
0.332
0.015
0.212
0.861
0.302
0.396
0.36
0.486
0.142
0.435
0.698
0.546
0.654
0.071
0.613
0.469
0.84
0.428
0.844
0.86
0.358
0.078
0.143
0.189
0.544
0.671
0.561
0.304
0.895
0.417
0.989
0.297
0.128
0.267
0.311
0.315
0.087
0.695
0.72
0.87
0.176
0.781
0.37
0.818
0.465
0.978
0.187
0.379
0.03
0.586
0.873
0.902
0.608
0.014
0.487
0.4
0.276
0.833
0.445
