0.381
0.68
0.61
0.498
0.177
0.223
0.822
0.04
0.305
0.617
0.916
0.728
0.295
0.907
0.644
0.749
0.14
0.141
0.022
0.242
0.022
0.769
0.24
0.086
0.336
0.062
0.938
0.164
0.887
0.771
0.566
0.546
0.267
0.908
0.753
0.977
0.489
0.72
0.418
0.766
0.56
0.596
0.898
0.537
0.43
0.927
0.325
0.288
0.972
0.454
0.858
0.84
0.487
0.944
0.469
0.8
0.138
0.664
0.394
0.038
0.958
0.811
0.72
0.071
0.543
0.149
0.733
0.832
0.34
0.598
0.574
0.965
0.965
0.129
0.194
0.113
0.5
0.232
0.473
0.834
0.641
0.689
0.923
0.049
0.871
0.04
0.98
0.278
0.001
0.412
0.625
0.955
0.902
0.868
0.966
0.861
0.627
0.452
0.533
0.141
0.917
0.529
0.193
0.885
0.502
0
0.722
0
0.015
0.493
0.071
0.656
0.653
0.207
0.225
0.63
0.814
0.604
0.794
0.218
0.019
0.882
0.466
0.525
0.185
0.775
0.647
0.55
0.799
0.557
0.754
0.289
0.184
0.791
0.95
0.729
0.555
0.077
0.304
0.668
0.376
0.971
0.546
0.044
0.339
0.048
0.552
0.552
0.947
0.398
0.839
0.075
0.476
0.682
0.024
0.577
0.184
0.016
0.606
0.319
0.178
0.631
0.431
0.161
0.972
0.923
0.895
0.272
0.088
0.655
0.634
0.31
0.309
0.564
0.891
0.774
0.572
0.989
0.253
0.634
0.954
0.456
0.022
0.601
0.053
0.141
0.13
0.605
0.706
0.315
0.877
0.214
0.98
0.32
0.949
0.049
0.237
0.91
0.712
0.879
0.814
0.775
0.78
0.256
0.522
0.103
0.378
0.732
0.829
0.197
0.985
0.987
0.039
0.702
0.505
0.681
0.439
0
0.767
0.473
0.339
0.525
0.845
0.721
0.974
0.917
0.582
0.865
0.008
0.091
0.681
0.656
0.518
0.671
0.437
0.937
0.575
0.059
0.941
0.911
0.988
0.431
0.42
0.665
0.142
0.103
0.358
0.624
0.881
0.522
0.086
0.101
0.13
0.36
0.88
0.618
0.32
0.123
0.435
0.277
0.867
0.558
0.54
0.089
0.144
0.544
0.95
0.741
0.368
0.034
0.536
0.409
0.825
0.358
0.45
0.03
0.614
0.046
0.096
0.179
0.882
0.219
0.299
0.506
0.063
0.409
0.752
0.879
0.019
0.854
0.963
0.37
0.758
0.719
0.651
0.018
0.321
0.313
0.321
0.769
0.842
0.852
0.683
0.493
0.821
0.126
0.416
0.702
0.819
0.879
0.493
0.596
0.254
0.619
0.703
0.686
0.858
0.801
0.798
0.238
0.403
0.594
0.782
0.99
0.424
0.404
0.648
0.505
0.117
0.555
0.42
0.814
0
0.551
0.926
0.109
0.149
0.298
0.01
0.33
0.385
0.976
0.158
0.423
0.924
0.236
0.35
0.212
0.129
0.187
0.173
0.607
0.716
0.835
0.083
0.384
0.638
0.5
0.823
0.606
0.967
0.922
0.978
0.741
0.023
0.381
0.247
0.304
0.827
0.308
0.533
0.573
0.842
0.319
0.126
0.489
0.047
0.694
0.444
0.389
0.514
0.596
0.232
0.769
0.941
0.239
0.798
0.85
0.791
0.912
0.543
0.477
0.169
0.355
0.817
0.532
0.497
0.681
0.584
0.17
0.366
0.095
0.299
0.977
0.036
0.154
0.928
0.084
0.389
0.199
0.828
0.378
0.863
0.471
0.209
0.569
0.71
0.386
0.682
0.433
0.385
0.767
0.282
0.127
0.171
0.95
0.683
0.358
0.795
0.395
0.843
0.486
0.128
0.143
0.878
0.842
0.21
0.832
0.618
0.528
0.518
0.541
0.867
0.847
0.972
0.218
0.552
0.263
0.491
0.046
0.815
0.351
0.794
0.183
0.061
0.744
0.934
0.938
0.909
0.114
0.762
0.007
0.687
0.315
0.798
0.754
0.965
0.945
0.487
0.824
0.013
0.29
0.458
0.304
0.328
0.129
0.351
0.055
0.249
0.831
0.21
0.875
0.889
0.952
0.718
0.208
0.01
0.777
0.866
0.827
0.29
0.669
0.018
0.514
0.964
0.722
0.442
0.483
0.467
0.169
0.429
0.881
0.913
0.363
0.361
0.318
0.332
0.174
0.307
0.778
0.467
0.955
0.9
0.713
0.535
0.168
0.367
0.902
0.524
0.251
0.17
0.201
0.539
0.913
0.597
0.889
0.7
0.78
0.829
0.231
0.509
0.234
0.484
0.048
0.682
0.819
0.668
0.304
0.535
0.34
0.981
0.583
0.964
0.745
0.845
0.039
0.656
0
0.193
0.282
0.967
0.308
0.429
0.013
0.563
0.302
0.14
0.433
0.386
0.84
0.96
0.433
0.515
0.88
0.251
0.477
0.353
0.316
0.783
0.056
0.011
0.658
0.253
0.955
0.479
0.301
0.06
0.013
0.422
0.913
0.403
0.164
0.076
0.607
0.997
0.506
0.898
0.819
0.588
0.953
0.58
0.33
0.173
0.636
0.038
0.877
0.865
0.439
0.751
0.62
0.42
0.131
0.95
0.716
0.596
0.731
0.429
0.128
0.003
0.796
0.072
0.57
0.957
0.766
0.509
0.622
0.065
0.229
0.194
0.767
0.3
0.857
0.178
0.383
0.322
0.689
0.752
0.632
0.662
0
0.966
0.275
0.533
0.992
0.438
0.457
0.066
0.833
0.394
0.644
0.472
0.721
0.229
0.021
0.467
0.124
0.162
0.045
0.305
0.517
0.105
0.372
0.423
0.317
0.706
0.005
0.405
0.826
0.382
0.396
0.416
0.142
0.443
0.462
0.735
0.812
0.417
0.045
0.814
0.138
0.672
0.006
0.819
0.784
0.567
0.663
0.792
0.797
0.843
0.012
0.908
0.375
0.154
0.899
0.89
0.865
0.503
0.099
0.687
0.847
0.178
0.222
0.595
0.229
0.227
0.389
0.372
0.347
0.015
0.269
0.595
0.49
0.658
0.527
0.956
0.895
0.098
0.9
0.612
0.45
0.625
0.749
0.494
0.346
0.942
0.575
0.804
0.012
0.628
0.293
0.637
0.56
0.445
0.158
0.7
0.197
0.487
0.827
0.079
0.722
0.031
0.013
0.738
0.569
0.036
0.853
0.862
0.7
0.379
0.845
0.682
0.501
0.77
0.203
0.569
0.432
0.378
0.76
0.474
0.535
0.845
0.134
0.162
0.801
0.076
0.334
0.59
0.774
0.098
0.116
0.074
0.419
0.385
0.918
0.698
0.741
0.235
0.926
0.766
0.234
0.372
0.389
0.002
0.362
0.591
0.009
0.053
0.251
0.192
0.785
0.045
0.847
0.707
0.453
0.672
0.489
0.746
0.232
0.078
0.618
0.907
0.182
0.438
0.793
0.044
0.651
0.812
0.336
0.973
0.324
0.47
0.196
0.397
0.428
0.455
0.414
0.927
0.311
0.084
0.53
0.172
0.733
0.997
0.513
0.316
0.952
0.986
0.511
0.777
0.55
0.216
0.768
0.372
0.91
0.69
0.231
0.787
0.116
0.652
0.098
0.737
0.747
0.521
0.121
0.093
0.167
0.734
0.989
0.667
0.855
0.672
0.204
0.524
0.209
0.651
0.656
0.985
0.501
0.647
0.346
1.0
0.776
0.479
0.886
0.456
0.091
0.581
0.205
0.034
0.243
0.554
0.685
0.934
0.549
0.294
0.532
0.896
0.949
0.653
0.154
0.817
0.169
0.904
0.784
0.406
0.827
0.648
0.741
0.36
0.316
0.354
0.83
0.918
0.86
0.748
0.808
0.167
0.045
0.583
0.964
0.542
0.248
0.999
0.723
0.73
0.969
0.029
0.115
0.136
0.386
0.621
0.665
0.668
0.357
0.649
0.237
0.789
0.485
0.007
0.736
0.083
0.399
0.952
0.407
0.624
0.543
0.44
0.949
0.259
0.247
0.729
0.273
0.973
0.608
0.344
0.552
0.893
0.11
0.767
0.135
0.449
0.8
0.916
0.324
0.505
0.288
0.107
0.873
0.859
0.705
0.409
0.073
0.694
0.683
0.441
0.286
0.19
0.187
0.755
0.725
0.82
0.678
0.888
0.005
0.796
0.054
0.849
0.666
0.896
0.219
0.679
0.953
0.033
0.14
0.538
0.253
0.974
0.352
0.012
0.157
0.595
0.792
0.463
0.376
0.962
0.305
0.76
0.807
0.193
0.548
0.344
0.107
0.36
0.463
0.393
0.794
0.412
0.122
0.218
0.275
0.987
0.203
0.085
0.519
0.011
0.499
0.463
0.697
0.439
0.11
