0.717
0.061
0.301
0.943
0.248
0.507
0.332
0.735
0.795
0.66
0.517
0.438
0.338
0.762
0.524
0.267
0.952
0.523
0.188
0.479
0.413
0.53
0.584
0.553
0.705
0.099
0.295
0.028
0.378
0.632
0.238
0.512
0.246
0.816
0.287
0.572
0.952
0.063
0.933
0.582
0.791
0.161
0.536
0.407
0.875
0.173
0.835
0.591
0.967
0.602
0.297
0.944
0.984
0
0.716
0.356
0.302
0.315
0.471
0.778
0.972
0.709
0.205
0.98
0.929
0.9
0.981
0.629
0.312
0.557
0.81
0.495
0.199
0.168
0.723
0.985
0.352
0.533
0.763
0.342
0.876
0.354
0.598
0.388
0.66
0.994
0.297
0.301
0.635
0.896
0.298
0.541
0.73
0.535
0.316
0.583
0.166
0.785
0.94
0.519
0.725
0.204
0.032
0.411
0.02
0.926
0.471
0.799
0.802
0.835
0.709
0.891
0.806
0.373
0.568
0.287
0.318
0.738
0.234
0.174
0.228
0.416
0.99
0.707
0.761
0.554
0.236
0.386
0.066
0.168
0.378
0.739
0.947
0.108
0.402
0.526
0.827
0.168
0.955
0.559
0.495
0.454
0.253
0.301
0.438
0.803
0.616
0.989
0.054
0.657
0.741
0.982
0.977
0.55
0.149
0.689
0.572
0.086
0.8
0.486
0.47
0.526
0.394
0.442
0.428
0.553
0.074
0.302
0.464
0.135
0.814
0.881
0.431
0.265
0.727
0.301
0.979
0.585
0.008
0.442
0.491
0.535
0.797
0.535
0.282
0.898
0.233
0.024
0.45
0.483
0.076
0.261
0.04
0.679
0.646
0.791
0.699
0.858
0.656
0.244
0.233
0.883
0.737
0.164
0.308
0.749
0
0.198
0.752
0.306
0.343
0.033
0.348
0.798
0.736
0.512
0.371
0.027
0.843
0.694
0.955
0.614
0.868
0.349
0.472
0
0.301
0.141
1.0
0.31
0.84
0.922
0.323
0.052
0.055
0.869
0.21
0.221
0.808
0.23
0.874
0.029
0.211
0.902
0.173
0.294
0.811
0.688
0.065
0.441
0.576
0.414
0.551
0.61
0.414
0.555
0.05
0.37
0.374
0.561
0.559
0.026
0.802
0.482
0.949
0.357
0.616
0.497
0.066
0.013
0.187
0.308
0.979
0.514
0.704
0.964
0.684
0.36
0.522
0.214
0.919
0.899
0.795
0.063
0.517
0.162
0.822
0.638
0.711
0.177
0.223
0.906
0.304
0.535
0.565
0.865
0.737
0.586
0.902
0.798
0.289
0.666
0.245
0.596
0.132
0.445
0.108
0.663
0.108
0.989
0.919
0.296
0.769
0.868
0.359
0.095
0.466
0.323
0.25
0.564
0.643
0.907
0.939
0.496
0.094
0.06
0.796
0.181
0.467
0.022
0.204
0.269
0.122
0.39
0.157
0.276
0.699
0.091
0.492
0.698
0.024
0.197
0.813
0.329
0.677
0.812
0.81
0.793
0.52
0.376
0.758
0.235
0.485
0.3
0.269
0.988
0.186
0.218
0.843
0.514
0.423
0.492
0.855
0.783
0.574
0.01
0.424
0.69
0.624
0.089
0.285
0.073
0.273
0.873
0.74
0.869
0.649
0.196
0.693
0.987
0.294
0.041
0.621
0.193
0.973
0.36
0.656
0.65
0.984
0.541
0.833
0.632
0.971
0.247
0.631
0.338
0.71
0.418
0.622
0.111
0.644
0.295
0.129
0.985
0.975
0.381
0.253
0.878
0.229
0.912
0.704
0.574
0.56
0.248
0.23
0.242
0.059
0.055
0.054
0.837
0.739
0.703
0.637
0.222
0.834
0.015
0.598
0.983
0.735
0.878
0.499
0.308
0.568
0.597
0.449
0.491
0.504
0.68
0.32
0.795
0.587
0.809
0.953
0.638
0.444
0.973
0.996
0.361
0.518
0.687
0.294
0
0.908
0.613
0.369
0.603
0.084
0.406
0.227
0.971
0.887
0.539
0.815
0.798
0.812
0.514
0.511
0.287
0.181
0.235
0.29
0.444
0.608
0.931
0.557
0.976
0.135
0.431
0.508
0.964
0.551
0.564
0.996
0.105
0.132
0.155
0.411
0.759
0.211
0.006
0.685
0.989
0.821
0.104
0.089
0.673
0.042
0.747
0.785
0.86
0.497
0.275
0.453
0.859
0.472
0.198
0.456
0.957
0.009
0.983
0.528
0.677
0.137
0.399
0.739
0.241
0.55
0.928
0.04
0.263
0.758
0.612
0.709
0.867
0.314
0.031
0.908
0.288
0.494
0.982
0.219
0.27
0.709
0.917
0.401
0.452
0.004
0.626
0.393
0.563
0.434
0.911
0.205
0.648
0.787
0.426
0.395
0.883
0.75
0.127
0.918
0.727
0.551
0.99
0.551
0.607
0.785
0.898
0.488
0.859
0.141
0.046
0.797
0.54
0.951
0.38
0.513
0.285
0.105
0.239
0.811
0.946
0.138
0.961
0.52
0.711
0.038
0.131
0.705
0.936
0.546
0.866
0.587
0.642
0.285
0.676
0.455
0.771
0.633
0.11
0.166
0.93
0.762
0.378
0.79
0.668
0.701
0.602
0.629
0.233
0.999
0.052
0.306
0.93
0.436
0.07
0.602
0.958
0.469
0.935
0.072
0.837
0.693
0.918
0.2
0.83
0.388
0.489
0.189
0.355
0.8
0.768
0.437
0.091
0.23
0.335
0.352
0.257
0.191
0.3
0.753
0.828
0.015
0.893
0.039
0.86
0.626
0
0.205
0.282
0.627
0.759
0.782
0.905
0.973
0.096
0.288
0.094
0.587
0.958
0.48
0.891
0.111
0.766
0.181
0.289
0.081
0.76
0.016
0.591
0.495
0.81
0.654
0.987
0.846
0.338
0.868
0.787
0.515
0.541
0.759
0.144
0.61
0.102
0.005
0.625
0.375
0.472
0.863
0.119
0.502
0.716
0.855
0.01
0.51
0.904
0.698
0.735
0.755
0.451
0.943
0.464
0
0.192
0.733
0.681
0.085
0.963
0.029
0.816
0.36
0.092
0.898
0.16
0.352
0.838
0.475
0.959
0.056
0.155
0.236
0.212
0.807
0.633
0.467
0.913
0.79
0.416
0.163
0.862
0.157
0.466
0.949
0.744
0.553
0.728
0.107
0.376
0.197
0.899
0.645
0.099
0.322
0
0.933
0.304
0.138
0.225
0.566
0.892
0.19
0.737
0.296
0.745
0.613
0.62
0.549
0.366
0.794
0.801
0.529
0.287
0.13
0.57
0.057
0.044
0.482
0.526
0.375
0.297
0.274
0.369
0.345
0.839
0.126
0.611
0.775
0.026
0.24
0.394
0.019
0.454
0.019
0.436
0.07
0.999
0.07
0.72
0.921
0.177
0.63
0.048
0.254
0.97
0.181
0.727
0.886
0.705
0.581
0.158
0.587
0.692
0.968
0
0.918
0.276
0.464
0.825
0.086
0.154
0.786
0.022
0.382
0.653
0.163
0.608
0.39
0.444
0.521
0.037
0.469
0.714
0.388
0.044
0.404
0.156
0.093
0.336
0.668
0.795
0.502
0.387
0.205
0.025
0.98
0.525
0.111
0.672
0.459
0.755
0.896
0.88
0.878
0.749
0.568
0.266
0.83
0.973
0.52
0.094
0.379
0.486
0.512
0.878
0.749
0.737
0.701
0.383
0.638
0.895
0.623
0.713
0.199
0.611
0.389
0.532
0.216
0.3
0.508
0.711
0.836
0.454
0.244
0.257
0.065
0.388
0.198
0.839
0.997
0.692
0.818
0.505
0.048
0.369
0.69
0.774
0.034
0.611
0.071
0.44
0.371
0.451
0.966
0.931
0.628
0.632
0.643
0.209
0.182
0.036
0.294
0.935
0.497
0.623
0.77
0.482
0.19
0.696
0.567
0.581
0.931
0.768
0.192
0.584
0.841
0.375
0.708
0.498
0.171
0.783
0.013
0.606
0.289
0.763
0.705
0.843
0.061
0.091
0.526
0.569
0.292
0.193
0.609
0.004
0.33
0.886
0.903
0.141
0.134
0.358
0.864
0.744
0.44
0.275
0.286
0
0.49
0.677
0.734
0.337
0.018
0.015
0.499
0.75
0.153
0.609
0.68
0.649
0.21
0.114
0.807
0.887
0.744
0.932
0.073
0.278
0.553
0.525
0.188
0.817
0.709
0.437
0.435
0.427
0.846
0.099
0.662
0.125
0.327
0.067
0.765
0.736
0.529
0.093
0.034
0.312
0.183
0.021
0.354
0.774
0.889
0.893
0.318
0.427
0.3
0.635
0.604
0.233
0.915
0.979
0.35
0.81
0.276
0.841
0.997
0.207
0.646
0.989
0.952
0.335
