0.289
0.742
0.611
0.637
0.555
0.519
0.336
0.164
0.96
0.266
0.839
0.693
0.412
0.912
0.343
0.939
0.165
0.006
0.716
0.858
0.297
0.153
0.743
0.053
0.938
0.625
0.919
0.198
0.777
0.881
0.094
0.462
0.24
0.437
0.864
0.855
0.514
0.233
0.226
0.501
0.087
0.38
0.884
0.144
0.977
0.519
0.556
0.223
0.403
0.239
0.605
0.103
0.222
0.355
0.423
0.163
0.853
0.729
0.087
0.196
0.277
0.078
0.079
0.549
0.745
0.924
0.881
0.905
0.053
0.684
0.292
0.361
0.453
0.479
0.623
0.817
0.28
0.23
0.904
0.807
0.577
0.362
0.956
0.396
0.62
0.609
0.766
0.052
0.276
0.382
0.91
0.726
0.565
0.535
0.3
0.893
0.264
0.741
0.813
0.687
0.315
0.202
0.196
0.522
0.222
0.8
0.982
0.935
0.447
0.609
0.425
0.15
0.222
0.636
0.841
0.71
0.42
0.292
0.151
0.11
0.29
0.072
0.369
0.449
0.011
0.701
0.851
0.489
0.641
0.088
0.438
0.54
0.074
0.106
0.716
0.828
0.77
0.57
0.722
0.383
0.701
0.093
0.728
0.279
0.805
0.605
0.295
0.662
0.185
0.919
0.23
0.983
0.508
0.378
0.245
0.623
0.263
0.977
0.852
0.747
0.343
0.38
0.279
0.994
0.565
0.739
0.714
0.514
0.723
0.288
0.611
0.834
0.109
0.463
0.483
0.44
0.33
0.893
0.427
0.703
0.228
0.467
0.243
0.332
0.198
0.568
0.621
0.262
0.252
0.591
0.241
0.161
0.537
0.925
0.175
0.759
0.773
0.678
0.066
0.849
0.635
0.659
0.261
0.986
0.836
0.777
0.708
0.627
0.524
0.886
0.465
0.9
0.947
0.46
0.251
0.618
0.924
0.455
0.775
0.795
0.801
0.977
0.271
0.172
0.654
0.562
0.222
0.545
0.786
0.513
0.952
0.506
0.898
0.421
0.64
0.117
0.578
0.761
0.523
0.145
0.046
0.033
0.915
0.854
0.27
0.255
0.999
0.568
0.658
0.828
0.635
0.762
0.37
0.739
0.241
0.843
0.709
0.121
0.039
0.04
0.976
0.679
0.845
0.266
0.005
0.309
0.026
0.416
0.601
0.3
0.688
0.36
0.27
0.336
0.096
0.769
0.886
0.108
0.926
0.704
0.676
0.044
0.696
0.026
0.103
0.643
0.45
0.234
0.179
0.601
0.911
0.181
0.809
0.507
0.954
0.295
0.381
0.607
0.126
0.121
0.827
0.102
0.698
0.903
0.631
0.213
0.313
0.735
0.646
0.062
0.268
0.809
0.705
0.374
0.404
0.092
0.1
0.324
0.967
0.758
0.081
0.897
0.038
0.507
0.548
0.295
0.423
0.075
0.661
0.826
0.923
0.593
0.3
0.614
0.746
0.81
0.803
0.003
0.456
0.431
0.225
0.043
0.921
0.167
0.785
0.999
0.775
0.175
0.968
0.43
0.061
0.912
0.571
0.744
0.975
0.627
0.733
0.416
0.659
0.436
0.912
0.071
0.49
0.739
0.513
0.489
0.622
0.713
0.382
0.646
0.279
0.292
0.908
0.18
0.441
0.524
0.633
0.877
0.605
0.101
0.16
0.365
0.92
0.377
0.739
0.35
0.81
0.939
0.848
0.505
0.053
0.343
0.077
0.338
0.798
0.296
0.386
0.191
0.272
0.377
0.819
0.035
0.664
0.279
0.312
0.031
0.306
0.016
0.654
0.994
0.584
0.725
0.866
0.227
0.871
0.605
0.759
0.136
0.14
0.404
0.422
0.992
0.227
0.615
0.99
0.609
0.103
0.998
0.112
0.881
0.16
0.167
0.996
0.552
0.119
0.673
0.188
0.5
0.912
0.282
0.526
0.086
0.599
0.415
0.062
0.475
0.299
0.992
0.948
0.6
0.031
0.697
0.492
0.922
0.45
0.325
0.448
0.791
0.254
0.295
0.746
0.851
0.599
0.591
0.755
0.727
0.673
0.417
0.645
0.301
0.293
0.965
0.062
0.383
0.75
0.634
0.082
0.342
0.566
0.174
0.855
0.3
0.686
0.984
0.832
0.776
0.767
0.496
0.871
0.89
0.948
0.237
0.962
0.553
0.791
0.749
0.721
0.396
0.733
0.617
0.086
0.429
0.45
0.58
0.98
0.299
0.612
0.598
0.818
0.759
0.788
0.401
0.863
0.473
0.481
0.175
0.454
0.153
0.949
0.979
0.838
0.838
0.937
0.5
0.264
0.654
0.187
0.659
0.971
0.28
0.878
0.714
0.839
0.651
0.018
0.81
0.53
0.914
0.003
0.165
0.693
0.801
0.88
0.241
0.227
0.297
0.618
0.272
0.823
0.263
0.381
0.04
0.181
0.508
0.203
0.635
0.012
0.885
0.515
0.709
0.368
0.487
0.364
0.266
0.796
0.57
0.099
0.102
0.31
0.603
0.52
0.07
0.052
0.708
0.439
0.719
0.611
0.78
0.792
0.241
0.342
0.658
0.872
0.927
0.224
0.18
0.136
0.275
0.119
0.464
0.745
0.368
0.556
0.385
0.958
0.538
0.403
0.537
0.398
0.253
0.883
0.474
0.874
0.749
0.07
0.892
0.835
0.235
0.536
0.256
0.881
0.248
0.315
0.824
0.627
0.314
0.103
0.878
0.482
0.65
0.278
0.49
0.032
0.07
0.242
0.73
0.627
0.479
0.987
0.017
0.627
0.73
0.491
0.571
0.13
0.002
0.474
0.24
0.533
0.283
0.329
0.067
0.885
0.736
0.521
0.104
0.043
0.438
0.022
0.553
0.922
0.114
0.162
0.002
0.279
0.835
0.396
0.941
0.213
0.031
0.375
0.87
0.173
0.724
0.472
0.667
0.114
0.229
0.675
0.541
0.044
0.584
0.954
0.234
0.539
0.006
0.44
0.727
0.69
0.512
0.689
0.913
0.136
0.438
0.156
0.922
0.62
0.425
0.151
0.522
0.182
0.531
0.633
0.999
0.431
0.709
0.115
0.756
0.417
0.271
0.422
0.755
0.973
0.636
0.98
0.222
0.762
0.023
0.692
0.08
0.216
0.008
0.236
0.376
0.267
0.7
0.261
0.389
0.951
0.899
0.372
0.692
0.922
0.058
0.6
0.688
0.805
0.04
0.957
0.249
0.913
0.004
0.414
0.94
0.134
0.441
0.801
0.183
0.907
0.863
0.694
0.364
0.81
0.737
0.998
0.987
0.922
0.503
0.94
0.962
0.615
0.842
0.82
0.483
0.781
0.965
0.604
0.616
0.948
0.267
0.968
0.872
0.682
0.904
0.517
0.362
0.815
0.173
0.711
0.393
0.695
0.845
1.0
0.757
0.062
0.291
0.367
0.307
0.999
0.547
0.158
0.814
0.814
0.409
0.909
0.579
0.484
0.373
0.348
0.587
0.359
0.658
0.786
0.918
0.166
0.414
0.334
0.019
0.532
0.642
0.567
0.89
0.462
0.882
0.256
0.063
0.624
0.861
0.415
0.459
0.434
0.83
0.658
0.918
0.038
0.636
0.909
0.782
0.804
0.8
0.703
0.987
0.768
0.63
0.17
0.369
0.78
0.198
0.596
0.293
0.986
0.138
0.013
0.451
0.328
0.328
0.906
0.83
0.944
0.308
0.485
0.444
0.059
0.446
0.681
1.0
0.714
0.181
0.671
0.583
0.048
0.076
0.654
0.373
0.275
0.534
0.514
0.161
0.679
0.375
0.619
0.567
0.122
0.769
0.977
0.51
0.119
0.528
0.752
0.316
0.242
0.323
0.216
0.777
0.512
0.356
0.14
0.626
0.465
0.953
0.963
0.627
0.851
0.612
0.761
0.372
0.106
0.754
0.027
0.33
0.11
0.896
0.329
0.614
0.862
0.509
0.894
0.095
0.451
0.866
0.632
0.279
0.967
0.786
0.017
0.218
0.742
0.882
0.415
0.87
0.915
0.888
0.686
0.219
0.23
0.468
0.673
0.302
0.986
0.297
0.269
0.849
0.807
0.366
0.839
0.492
0.762
0.224
0.397
0.123
0.939
0.571
0.845
0.391
0.03
0.108
0.154
0.39
0.562
0.68
0.187
0.899
0.915
0.316
0.313
0.612
0.746
0.907
0.964
0.957
0.869
0.147
0.852
0.096
0.645
0.846
0.708
0.821
0.125
0.535
0.802
0.075
0.284
0.2
0.249
0.578
0.572
0.885
0.191
0.275
0.574
0.035
0.468
0.168
0.43
0.156
0.114
0.672
0.566
0.338
0.384
0.685
0.757
0.057
0.881
0.868
0.516
0.672
0.192
0.287
0.831
0.702
0.27
0.15
0.512
0.213
0.973
0.454
0.643
0.354
