0.055
0.989
0.613
0.021
0.471
0.36
0.354
0.76
0.994
0.808
0.12
0.281
0.907
0.493
0.321
0.84
0.912
0.494
0.122
0.863
0.626
0.938
0.813
0.288
0.332
0.566
0.475
0.986
0.843
0.823
0.757
0.074
0.037
0.222
0.423
0.047
0.321
0.134
0.566
0.129
0.663
0.966
0.851
0.599
0.383
0.258
0.348
0.848
0.734
0.59
0.472
0.777
0.435
0.994
0.215
0.762
0.591
0.053
0.233
0.408
0.299
0.056
0.67
0.168
0.54
0.216
0.97
0.971
0.583
0.589
0.634
0.478
0.566
0.906
0.708
0.814
0.995
0.838
0.958
0.919
0.489
0.153
0.538
0.896
0.378
0.971
0.063
0.75
0.252
0.35
0.923
0.406
0.371
0.851
0.996
0.77
0.811
0.451
0.071
0.392
0.973
0.319
0.735
0.304
0.312
0.91
0.966
0.449
0.51
0.814
0.58
0.447
0.907
0.088
0.212
0.269
0.691
0.247
0.461
0.656
0.315
0.455
0.197
0.878
0.227
0.583
0.467
0.091
0.505
0.518
0.247
0.653
0.864
0.557
0.731
0.744
0.452
0.046
0.263
0.143
0.012
0.669
0.308
0.354
0.864
0.735
0.941
0.925
0.019
0.526
0.301
0.333
0.062
0.823
0.729
0.001
0.344
0.74
0.423
0.689
0.835
0.822
0.639
0.195
0.365
0.408
0.718
0.392
0.752
0.771
0.316
0.759
0.758
0.227
0.115
0.317
0.646
0.209
0.102
0.247
0.165
0.299
0.753
0.441
0.766
0.93
0.818
0.165
0.09
0.645
0.318
0.303
0.172
0.144
0.309
0.717
0.541
0.7
0.847
0.147
0.804
0.144
0.015
0.561
0.297
0.898
0.433
0.029
0.129
0.833
0.939
0.272
0.376
0.55
0.578
0.98
0.311
0.376
0.091
0.37
0.47
0.032
0.175
0.202
0.669
0.373
0.646
0.73
0.185
0.302
0.721
0.805
0.54
0.365
0.412
0.335
0.711
0.908
0.962
0.924
0.065
0.076
0.69
0.554
0
0.622
0.36
0.126
0.65
0.676
0.23
0.326
0.376
0.355
0.508
0.739
0.992
0.843
0.413
0.432
0.921
0.099
0.641
0.01
0.134
0.222
0.019
0.297
0.273
0.151
0.712
0.015
0.333
0.877
0.361
0.963
0.998
0.089
0.629
0.712
0.278
0.282
0.891
0.811
0.369
0.675
0.666
0.195
0.76
0.691
0.435
0.638
0.854
0.709
0.256
0.916
0.947
0.778
0.855
0.409
0.213
0.665
0.838
0.888
0.76
0.72
0.406
0.64
0.659
0.992
0.272
0.884
0.246
0.934
0.903
0.066
0.789
0.218
0.435
0.569
0.234
0.867
0.747
0.324
0.277
0.09
0.622
0.3
0.14
0.632
0.928
0.134
0.499
0.48
0.881
0.308
0.345
0.644
0.719
0.867
0.204
0.716
0.485
0.001
0.841
0.702
0.734
0.559
0.734
0.048
0.661
0.046
0.926
0.132
0.485
0.261
0.122
0.914
0.472
0.756
0.022
0.98
0.342
0.357
0.153
0.437
0.454
0.76
0.772
0.992
0.737
0.075
0.972
0.048
0.895
0.62
0.049
0.328
0
0.264
0.273
0.358
0.361
0.609
0.136
0.052
0.834
0.69
0.482
0.969
0.975
0.029
0.501
0
0.41
0.24
0.419
0.286
0.993
0.941
0.17
0.631
0.492
0.526
0.443
0.616
0.946
0.03
0.525
0.117
0.178
0.62
0.257
0.07
0.867
0.583
0.595
0.104
0.81
0.208
0.175
0.707
0.802
0.995
0.628
0.758
0.724
0.576
0.56
0.557
0.081
0.305
0.655
0.047
0.2
0.36
0.094
0.429
0.81
0.57
0
0.265
0.975
0.828
0.865
0.968
0.401
0.125
0.206
0.688
0.14
0.414
0.923
0.107
0.968
0.851
0.786
0.21
0.514
0.342
0.975
0.152
0.256
0.065
0.6
0.154
0.697
0.461
0.487
0.99
0.323
0.433
0.633
0.352
0.895
0.297
0.837
0.028
0.514
0.008
0.169
0.106
0.074
0.251
0.703
0.933
0.837
0.959
0.291
0.699
0.433
0.916
0.294
0.662
0.81
0.159
0.661
0.724
0.881
0.479
0.169
0.36
0.619
0.633
0.924
0.391
0.949
0.941
0.405
0.665
0.67
0.31
0.781
0.373
0.863
0.997
0.249
0.215
0.24
0.612
0.504
0.97
0.676
0.437
0.999
0.194
0.373
0.705
0.379
0.965
0.922
0.271
0.013
0.236
0.018
0.567
0.859
0.673
0.83
0.588
0.145
0.979
0.045
0.905
0.154
0.933
0.303
0.866
0.244
0.088
0.346
0.092
0.233
0.278
0.424
0.587
0.229
0.708
0.833
0.721
0.948
0.455
0.965
0.837
0.413
0.289
0.044
0.213
0.422
0.415
0.544
0.731
0.142
0.241
0.285
0.964
0.315
0.016
0.149
0.914
0.791
0.154
0.603
0.227
0.43
0.101
0.462
0.766
0.781
0.578
0.555
0.964
0.594
0.866
0.76
0.074
0.969
0.246
0.849
0.251
0.294
0.64
0.09
0.305
0.355
0.244
0.907
0.23
0.654
0.604
0.724
0.596
0.195
0.449
0.624
0.286
0.081
0.269
0.814
0.269
0.862
0.522
0.077
0.076
0.175
0.268
0.257
0.25
0.053
0.085
0.242
0.656
0.447
0.275
0.739
0.178
0.887
0.052
0.113
0.4
0.736
0.589
0.535
0.542
0.102
0.423
0.934
0.113
0.821
0.571
0.71
0.377
0.461
0.222
0.517
0.69
0.779
0.881
0.97
0.861
0.379
0.504
0.802
0.699
0.982
0.87
0.759
0.481
0.458
0.292
0.926
0.494
0.386
0.877
0.438
0.245
0.25
0.809
0
0.003
0.246
0.515
0.356
0.801
0.656
0.064
0.823
0.342
0.892
0.024
0.305
0.494
0.376
0.686
0.113
0.248
0.621
0.114
0.386
0.471
0.164
0.673
0.426
0.666
0.02
0.915
0.567
0.027
0.339
0.399
0.019
0.025
0.527
0.546
0.792
0.854
0.399
0.081
0.837
0.851
0.627
0.711
0.276
0.194
0.539
0.523
0.263
0.287
0.458
0.064
0.424
0.622
0.428
0.701
0.536
0.421
0.212
0.484
0.093
0.673
0.72
0.852
0.162
0.96
0.566
0.114
0.364
0.301
0.356
0.576
0.615
0.245
0.833
0.509
0.174
0.098
0.786
0.954
0.384
0.698
0
0.814
0.003
0.963
0.417
0.723
0.193
0.684
0.682
0.866
0.893
0.012
0.225
0.422
0.968
0.149
0.31
0.249
0.507
0.363
0.598
0.357
0.222
0.747
0.142
0.621
0.39
0.613
0.132
0.361
0.13
0.535
0.592
0.002
0.62
0.788
0.107
0.93
0.939
0.998
0.908
0.795
0.213
0.596
0.443
0.418
0.455
0.222
0.8
0.928
0.114
0.501
0.666
0.523
0.162
0.212
0.313
0.86
0.365
0.841
0.944
0.739
0.803
0.805
0.475
0.38
0.088
0.023
0.078
0.598
0.28
0.113
0.289
0.82
0.266
0.198
0.847
0.254
0.563
0.067
0.97
0.505
0.809
0.519
0.206
0.919
0.926
0.013
0.329
0.585
0.89
0.726
0.494
0.31
0.935
0.725
0.311
0.323
0.279
0.039
0.01
0.311
0.536
0.725
0.199
0.007
0.535
0.018
0.896
0.376
0.655
0.681
0.915
0.716
0.165
0.135
0.136
0.829
0.773
0.195
0.277
0.856
0.755
0.511
0.588
0.428
0.129
0.589
0.086
0.996
0.349
0.744
0.542
0.635
0
0.007
0.659
0.608
0.733
0.343
0.428
0.93
0.51
0.283
0.2
0.851
0.153
0.094
0.275
0
0.576
0.69
0.573
0.798
0.091
0.306
0.672
0.262
0.04
0.383
0.789
0.426
0.369
0.601
0.292
0.545
0.62
0.71
0.137
0.843
0.196
0.844
0.193
0.259
0.786
0.807
0.847
0.846
0.008
0.372
0.84
0.518
0.478
0.974
0.125
0.396
0.671
0.503
0.879
0.005
0.405
0
0.246
0.71
0.03
0.963
0.849
0.154
0.286
0.594
0.674
0.528
0.482
0.234
0.953
0.522
0.223
0.414
0.6
0.06
0.085
0.259
0.498
0.708
0.176
0.885
0.481
0.989
0.332
0.421
0.81
0.204
0.548
0.363
0.109
0.223
0.61
0.571
0.495
0.726
0.913
0.005
0.194
0.542
0.228
0.512
0.434
0.326
0.979
0.37
