0.435
0.542
0.92
0.131
0.911
0.768
0.844
0.043
0.589
0.788
0.695
0.692
0.954
0.489
0.336
0.051
0.41
0.142
0.038
0.186
0.058
0.959
0.377
0.169
0.673
0.06
0.461
0.528
0.279
0.331
0.044
0.906
0.887
0.949
0.618
0.249
0.233
0.13
0.214
0.937
0.534
0.747
0.254
0.57
0.823
0.028
0.785
0.345
0.158
0.421
0.612
0.417
0.704
0.77
0.082
0.985
0.329
0.868
0.351
0.922
0.508
0.769
0.2
0.476
0.782
0.898
0.697
0.769
0.184
0.597
0.799
0.257
0.462
0.023
0.936
0.394
0.78
0.459
0.388
0.436
0.762
0.956
0.823
0.2
0.77
0.22
0.003
0.021
0.15
0.04
0.518
0.442
0.306
0.464
0.411
0.268
0.095
0.023
0.528
0.625
0.641
0.632
0.082
1.0
0.163
0.096
0.512
0.5
0.227
0.613
0.155
0.267
0.861
0.046
0.507
0.565
0.811
0.559
0.791
0.847
0.58
0.075
0.026
0.402
0.723
0.104
0.815
0.129
0.132
0.824
0.314
0.469
0.419
0.889
0.556
0.132
0.505
0.666
0.412
0.593
0.066
0.668
0.935
0.746
0.376
0.015
0.328
0.229
0.542
0.5
0.637
0.829
0.166
0.486
0.284
0.551
0.795
0.024
0.255
0.614
0.376
0.418
0.051
0.18
0.857
0.49
0.31
0.586
0.525
0.89
0.644
0.183
0.51
0.031
0.034
0.13
0.874
0.336
0.656
0.026
0.538
0.829
0.939
0.637
0.236
0.63
0.943
0.246
0.763
0.207
0.76
0.002
0.615
0.983
0.129
0.327
0.077
0.458
0.494
0.996
0.319
0.728
0.893
0.373
0.567
0.328
0.601
0.176
0.949
0.235
0.612
0.7
0.013
0.826
0.284
0.761
0.985
0.645
0.632
0.544
0.697
0.943
0.916
0.423
0.514
0.678
0.355
0.511
0.912
0.867
0.253
0.019
0.676
0.353
0.938
0.769
0.63
0.421
0.464
0.259
0.942
0.907
0.262
0.602
0.265
0.201
0.045
0.552
0.25
0.931
0.354
0.058
0.563
0.061
0.171
0.539
0.781
0.206
0.419
0.9
0.721
0.771
0.108
0.67
0.484
0.088
0.71
0.423
0.273
0.764
0.042
0.094
0.922
0.919
0.263
0.006
0.333
0.633
0.034
0.559
0.588
0.564
0.25
0.587
0.491
0.677
0.274
0.421
0.541
0.311
0.45
0.088
0.318
0.96
0.756
0.69
0.562
0.12
0.328
0.597
0.883
0.663
0.707
0.99
0.1
0.67
0.016
0.74
0.525
0.39
0.116
0.001
0.754
0.612
0.873
0.95
0.873
0.511
0.004
0.009
0.252
0.805
0.224
0.842
0.383
0.438
0.6
0.256
0.345
0.403
0.594
0.532
0.668
0.411
0.121
0.412
0.162
0.198
0.904
0.79
0.694
0.075
0.15
0.005
0.568
0.974
0.644
0.849
0.879
0.676
0.421
0.597
0.47
0.947
0.377
0.365
0.501
0.576
0.407
0.47
0.248
0.855
0.74
0.092
0.798
0.218
0.481
0.089
0.319
0.66
0.548
0.974
0.76
0.499
0.328
0.683
0.447
0.525
0.005
0.327
0.133
0.516
0.368
0.629
0.13
0.96
0.979
0.226
0.47
0.466
0.142
0.853
0.387
0.183
0.417
0.845
0.236
0.062
0.391
0.261
0.255
0.191
0.503
0.792
0.824
0.732
0.876
0.76
0.426
0.885
0.473
0.753
0.49
0.845
0.709
0.269
0.023
0.519
0.306
0.839
0.004
0.902
0.898
0.627
0.563
0.503
0.761
0.775
0.262
0.845
0.239
0.311
0.619
0.536
0.196
0.518
0.974
0.098
0.185
0.332
0.052
0.432
0.089
0.279
0.129
0.532
0.049
0.879
0.51
0.714
0.708
0.55
0.465
0.957
0.72
0.086
0.274
0.266
0.647
0.503
0.929
0.07
0.67
0.749
0.278
0.682
0.026
0.934
0.454
0.068
0.231
0.3
0.573
0.861
0.535
0.308
0.942
0.116
0.403
0.777
0.133
0.045
0.17
0.957
0.916
0.567
0.425
0.292
0.749
0.235
0.363
0.421
0.58
0.941
0.819
0.693
0.456
0.911
0.329
0.81
0.663
0.136
0.086
0.439
0.792
0.521
0.265
0.397
0.481
0.518
0.585
0.802
0.981
0.957
0.574
0.926
0.685
0.164
0.174
0.181
0.004
0.575
0.626
0.608
0.666
0.443
0.119
0.143
0.601
0.566
0.663
0.912
0.076
0.973
0.6
0.448
0.465
0.584
0.125
0.914
0.11
0.62
0.029
0.095
0.565
0.458
0.024
0.161
0.949
0.951
0.044
0.421
0.259
0.943
0.275
0.786
0.044
0.808
0.996
0.956
0.363
0.532
0.343
0.117
0.764
0.109
0.376
0.006
0.848
0.201
0.909
0.811
0.474
0.397
0.329
0.897
0.377
0.71
0.774
0.523
0.368
0.9
0.185
0.381
0.475
0.231
0.609
0.814
0.78
0.976
0.02
0.584
0.559
0.787
0.345
0.062
0.455
0.864
0.084
0.107
0.162
0.899
0.599
0.172
0.57
0.235
0.633
0.985
0.632
0.088
0.88
0.461
0.699
0.41
0.386
0.896
0.974
0.699
0.949
0.385
0.876
0.213
0.434
0.079
0.83
0.194
0.622
0.719
0.593
0.234
0.563
0.742
0.753
0.301
0.886
0.375
0.738
0.819
0.734
0.477
0.944
0.161
0.563
0.483
0.589
0.229
0.741
0.631
0.415
0.639
0.54
0.335
0.233
0.682
0.145
0.536
0.606
0.738
0.856
0.053
0.374
0.652
0.422
0.672
0.008
0.266
0.506
0.935
0.447
0.41
0.696
0.157
0.615
0.525
0.253
0.854
0.377
0.382
0.443
0.515
0.103
0.21
0.849
0.257
0.716
0.743
0.005
0.14
0.651
0.807
0.878
0.682
0.797
0.461
0.588
0.131
0.178
0.835
0.345
0.962
0.081
0.145
0.225
0.425
0.484
0.991
0.017
0.108
0.514
0.589
0.089
0.943
0.011
0.684
0.92
0.298
0.009
0.936
0.84
0.89
0.229
0.022
0.834
0.623
0.464
0.987
0.192
0.39
0.547
0.55
0.833
0.08
0.878
0.186
0.535
0.047
0.944
0.984
0.229
0.162
0.781
0.791
0.559
0.99
0.608
0.238
0.824
0.732
0.004
0.64
0.411
0.369
0.839
0.497
0.729
0.314
0.291
0.257
0.947
0.609
0.492
0.67
0.64
0.729
0.864
0.553
0.865
0.059
0.0
0.206
0.67
0.525
0.871
0.068
0.672
0.274
0.032
0.823
0.75
0.271
0.205
0.629
0.732
0.686
0.959
0.765
0.798
0.917
0.102
0.649
0.627
0.041
0.975
0.75
0.257
0.695
0.62
0.743
0.87
0.765
0.923
0.885
0.814
0.808
0.253
0.212
0.503
0.223
0.11
0.025
0.611
0.22
0.001
0.491
0.841
0.34
0.638
0.773
0.581
0.174
0.451
0.915
0.185
0.973
0.94
0.145
0.725
0.831
0.87
0.531
0.151
0.866
0.945
0.643
0.414
0.543
0.079
0.311
0.097
0.755
0.284
0.423
0.966
0.241
0.065
0.868
0.444
0.726
0.066
0.749
0.74
0.529
0.542
0.546
0.254
0.516
0.431
0.863
0.293
0.398
0.85
0.744
0.399
0.055
0.978
0.915
0.926
0.883
0.439
0.99
0.831
0.071
0.337
0.93
0.586
0.085
0.426
0.682
0.812
0.606
0.65
0.683
0.663
0.217
0.585
0.728
0.179
0.388
0.106
0.725
0.662
0.095
0.641
0.429
0.797
0.689
0.587
0.534
0.486
0.5
0.158
0.236
0.653
0.118
0.609
0.65
0.93
0.639
0.511
0.936
0.592
0.438
0.521
0.58
0.65
0.489
0.666
0.303
0.575
0.818
0.422
0.174
0.211
0.857
0.189
0.046
0.249
0.794
0.447
0.43
0.082
0.347
0.369
0.956
0.004
0.768
0.257
0.447
0.141
0.197
0.331
0.989
0.035
0.065
0.834
0.046
0.568
0.847
0.212
0.896
0.42
0.267
0.243
0.725
0.309
0.749
0.788
0.519
0.156
0.992
0.396
0.778
0.211
0.501
0.748
0.093
0.582
0.698
0.212
0.392
0.905
0.005
0.664
0.58
0.349
0.445
0.943
0.47
0.761
0.898
0.154
0.711
0.569
0.569
0.971
0.472
0.548
0.196
0.046
0.419
0.954
0.369
0.451
0.502
0.062
0.152
0.721
0.659
0.534
0.588
