0.229
0.555
0.938
0.573
0.419
0.011
0.927
0.364
0.768
0.246
0.944
0.025
0.597
0.127
0.042
0.874
0.723
0.203
0.693
0.182
0.703
0.246
0.013
0.533
0.664
0.706
0.451
0.093
0.229
0.899
0.358
0.259
0.591
0.223
0.735
0.284
0.229
0.578
0.982
0.947
0.257
0.765
0.12
0.45
0.516
0.455
0.66
0.804
0.166
0.615
0.391
0.523
0.087
0.717
0.201
0.281
0.707
0.318
0.032
0.456
0.143
0.869
0.488
0.441
0.09
0.081
0.327
0.914
0.354
0.492
0.279
0.764
0.622
0.227
0.25
0.163
0.324
0.824
0.751
0.415
0.665
0.379
0.678
0
0.877
0.046
0.902
0.624
1.0
0.198
0.671
0.219
0.71
0.43
0.422
0.16
0.816
0.892
0.331
0.705
0.991
0.001
0.812
0.639
0.22
0.415
0.806
0.377
0.01
0.643
0.807
0.53
0.422
0.83
0.552
0.83
0.09
0.388
0.997
0.227
0.09
0.997
0.461
0.923
0.991
0.686
0.276
1.0
0.167
0.339
0.28
0.026
0.244
0.656
0.73
0.492
0.918
0.958
0.861
0.729
0.002
0.055
0.69
0.172
0.564
0.575
0.536
0.178
0.406
0.887
0.397
0.455
0.169
0.004
0.293
0.863
0.055
0.732
0.39
0.912
0.14
0.557
0.523
0.614
0.417
0.037
0.913
0.125
0.381
0.568
0.62
0.963
0.689
0.789
0.723
0.996
0.801
0.399
0.783
0.272
0.658
0.085
0.833
0.177
0.832
0.044
0.188
0.4
0.839
0.415
0.955
0.685
0.001
0.267
0.855
0.437
0.609
0.943
0.504
0.824
0.298
0.305
0.872
0.323
0.777
0.612
0.388
0.638
0.986
0.303
0.327
0.044
0.242
0.488
0.179
0.408
0.709
0.514
0.547
0.082
0.924
0.803
0.082
0.451
0.781
0.618
0.65
0.824
0.851
0.629
0.584
0.437
0.595
0.997
0.803
0.564
0.351
0.175
0.749
0.347
0.309
0.714
0.842
0.739
0.124
0.303
0.553
0.726
0.265
0.334
0.692
0.055
0.998
0.055
0.878
0.439
0.349
0.945
0.877
0.22
0.206
0.884
0.096
0.03
0.731
0.88
0.051
0.771
0.751
0.182
0.505
0.144
0.114
0.172
0.156
0.116
0.33
0.976
0.324
0.6
0.312
0.418
0.197
0
0.856
0.337
0.098
0.482
0.612
0.29
0.605
0.149
0.113
0.015
0.579
0.594
0.068
0.572
0.608
0.15
0.079
0.084
0.592
0.191
0.852
0.028
0.295
0.772
0.767
0.304
0.74
0.085
0.553
0.062
0.534
0.273
0.236
0.024
0.989
0.792
0.98
0.536
0.054
0.123
0.781
0.183
0.66
0.554
0.973
0.169
0.513
0.294
0.226
0.629
0.931
0.896
0.532
0.914
0.0
0.975
0.513
0.917
0.179
0.117
0.085
0.519
0.391
0.423
0.117
0.772
0.756
0.274
0.625
0.882
0.113
0.322
0.147
0.472
0.818
0.635
0.057
0.205
0.1
0.438
0.494
0.833
0.232
0.773
0.803
0.681
0.159
0.258
0.783
0.744
0.895
0.248
0.101
0.378
0.96
0.643
0.727
0.309
0.105
0.89
0.619
0.634
0.729
0.443
0.015
0.654
0.26
0.812
0.388
0.812
0.85
0.364
0.267
0.212
0.422
0.128
0.81
0.985
0.297
0.941
0.164
0.481
0.158
0.55
0.683
0.179
0.674
0.384
0.931
0.712
0.749
0.529
0.713
0.969
0.672
0.367
0.032
0.935
0.199
0.281
0.961
0.35
0.285
0.419
0.053
0.079
0.412
0.131
0.346
0.88
0.273
0.903
0.487
0.8
0.602
0.675
0.167
0.801
0.564
0.241
0.64
0.421
0
0.033
0.331
0.621
0.581
0.675
0.865
0.586
0.109
0.21
0.553
0.834
0.846
0.28
0.394
0.7
0.14
0.042
0.696
0.684
0.711
0.303
0.456
0.09
0.68
0.729
0.83
0.06
0.943
0.94
0.29
0.164
0.073
0.335
0.558
0.03
0.141
0.332
0.792
0.121
0.893
0.827
0.873
0.575
0.476
0.539
0.535
0.148
0.119
0.329
0.809
0.594
0.769
0.316
0.985
0.702
0.235
0.635
0.714
0.429
0.512
0.971
0.929
0.501
0.7
0.981
0.235
0.798
0.308
0.602
0.574
0.174
0.88
0.349
0.089
0.457
0.117
0.634
0.563
0.455
0.552
0.882
0.805
0.294
0.527
0.076
0.208
0.813
0.207
0.059
0.766
0.573
0.591
0.328
0.45
0.795
0.867
0.104
0.056
0.397
0.823
0.655
0.788
0.875
0.942
0.226
0.182
0.272
0.739
0.588
0.683
0.71
0.305
0.866
0.02
0.827
0.608
0.884
0.648
0.424
0.64
0.433
0.313
0.949
0.741
0.076
0.112
0.05
0.609
0.382
0.061
0
0.847
0.662
0.897
0.065
0.992
0.747
0.881
0.741
0.262
0.355
0.009
0.147
0.099
0.479
0.139
0.279
0.313
0.085
0.558
0.774
0.794
0.443
0.372
0.166
0.311
0.518
0.748
0.335
0.999
0.205
0.161
0.729
0.46
0.399
0.834
0.436
0.439
0.322
0.197
0.791
0.448
0.576
0.777
0.821
0.102
0.723
0.657
0.522
0.129
0.099
0.354
0.033
0.066
0.41
0.59
0.088
0.379
0.792
0.628
0.665
0.499
0.674
0.329
0.931
0.538
0.831
0.133
0.221
0.965
0.196
0.647
0.142
0.283
0.831
0.469
0.482
0.13
0.771
0.087
0.933
0.902
0.401
0.231
0.653
0.278
0.816
0.115
0.99
0.035
0.209
0.1
0.722
0.472
0.018
0.503
0.204
0.509
0.833
0.546
0.042
0.134
0.441
0.959
0.303
0.209
0.579
0.48
0.552
0.305
0.138
0.629
0.706
0.021
0.104
0.943
0.998
0.586
0.128
0.277
0.797
0.887
0.447
0.32
0.52
0.381
0.101
0.008
0.088
0.65
0.859
0.605
0.882
0.991
0.197
0.268
0.407
0.268
0.516
0.579
0.371
0.224
0.715
0.016
0.527
0.404
0.332
0.383
0.691
0.8
0.639
0.725
0.953
0.438
0.83
0.285
0.984
0.972
0.046
0.362
0.63
0.69
0.501
0.285
0.103
0.401
0.512
0.145
0.29
0.994
0.62
0.973
0.066
0.913
0.057
0.696
0.784
0.32
0.616
0.953
0.422
0.717
0.73
0.521
0.014
0.317
0.392
0.686
0.95
0.757
0.199
0.891
0.052
0.3
0.503
0.355
0.518
0.049
0.238
0.068
0.794
0.75
0.734
0.432
0.053
0.821
0.452
0.863
0.428
0.708
0.114
0.86
0.112
0.25
0.55
0.209
0.287
0.859
0.964
0.155
0.881
0.846
0.708
0.361
0.993
0.876
0.571
0.178
0.58
0.131
0.072
0.093
0.424
0.202
0.328
0.293
0.41
0.506
0.257
0.079
0.436
0.629
0.382
0.664
0.524
0.032
0.927
0.566
0.267
0.386
0.457
0.187
0.336
0.349
0.065
0.534
0.894
0.915
0.566
0.275
0.958
0.561
0.928
0.966
0.096
0.496
0.305
0.297
0.758
0.258
0.484
0.723
0.703
0.344
0.415
0.123
0.993
0.358
0.278
0.748
0.763
0.991
0.395
0.168
0.243
0.859
0.907
0.95
0.035
0
0.811
0.745
0.205
0.401
0.352
0.145
0.831
0
0.476
0.856
0.342
0.713
0.085
0.896
0.545
0.86
0.328
0.741
0.976
0.632
0.703
0.832
0.204
0.116
0.906
0.645
0.077
0.409
0.647
0.338
0.634
0.021
0.509
0.026
0.349
0.912
0.027
0.039
0.612
0.504
0.954
0.841
0.89
0.589
0.671
0.739
0.138
0.494
0.19
0.763
0.135
0.509
0.086
0.033
0.134
0.985
0.686
0.48
0.386
0.301
0.525
0.748
0.129
0.803
0.329
0.222
0.599
0.254
0.122
0.047
0.837
0.295
0.472
0.593
0.734
0.103
0.759
0.188
0.413
0.615
0.251
0.013
0.198
0.54
0.163
0.216
0.689
0.646
0.053
0.502
0.379
0.541
0.883
0.667
0.035
0.278
0.534
0.044
0.498
0.754
0.716
0.341
0.978
0.198
0.782
0.978
0.666
0.689
0.557
0.447
0.813
0.401
0.607
0.861
0.518
0.833
0.987
0.403
0.144
0.201
0.701
0.671
0.632
0.019
0.215
0.972
0.199
0.847
0.598
0.932
0.152
0.381
0.326
