0.935
0.968
0.165
0.217
0.224
0.898
0.599
0.592
0.022
0.068
0.094
0.18
0.425
0.99
0.18
0.52
0.351
0.72
0.886
0.103
0.191
0.035
0.071
0.732
0.893
0.467
0.706
0.501
0.806
0.016
0.858
0.96
0.398
0.011
0.92
0.095
0.432
0.279
0.092
0.722
0.535
0.181
0.755
0.048
0.553
0.196
0.375
0.318
0.605
0.731
0.454
0.296
0.913
0.008
0.295
0.142
0.884
0.099
0.15
0.985
0.912
0.105
0.815
0.761
0.974
0.936
0.336
0.983
0.115
0.159
0.759
0.111
0.058
0.603
0.706
0.417
0.723
0.799
0.483
0.892
0.591
0.102
0.598
0.783
0.615
0.622
0.714
0.19
0.22
0.712
0.531
0.786
0.447
0.146
0.578
0.818
0.53
0.766
0.33
0.604
0.348
0.578
0.603
0.051
0.057
0.434
0.48
0.147
0.635
0.981
0.009
0.621
0.855
0.822
0.19
0.91
0.982
0.218
0.366
0.06
0.832
0.755
0.787
0.836
0.141
0.612
0.688
0.527
0.786
0.833
0.237
0.177
0.098
0.774
0.71
0.227
0.153
0.28
0.805
0.237
0.574
0.947
0.61
0.511
0.205
0.164
0.478
0.754
0.533
0.396
0.749
0.455
0.019
0.783
0.189
0.028
0.248
0.367
0.526
0.371
0.714
0.603
0.567
0.351
0.825
0.112
0.465
0.853
0.354
0.273
0.975
0.499
0.563
0.402
0.519
0.099
0.77
0.823
0.968
0.899
0.421
0.482
0.225
0.017
0.189
0.091
0.971
0.444
0.751
0.763
0.348
0.26
0.05
0.252
0.959
0.799
0.661
0.409
0.958
0.098
0.133
0.931
0.753
0.663
0.745
0.421
0.125
0.504
0.616
0.724
0.943
0.847
0.736
0.735
0.989
0.813
0.323
0.826
0.907
0.831
0.331
0.014
0.406
0.551
0.217
0.48
0.777
0.136
0.143
0.757
0.957
0.454
0.581
0.222
0.524
0.001
0.138
0.544
0.944
0.594
0.231
0.744
0.8
0.099
0.714
0.778
0.832
0.421
0.431
0.988
0.973
0.753
0.16
0.218
0.082
0.184
0.476
0.003
0.32
0.613
0.331
0.012
0.151
0.483
0.682
0.782
0.802
0.486
0.391
0.161
0.741
0.041
0.704
0.616
0.735
0.713
0.091
0.831
0.002
0.071
0.768
0.025
0.792
0.667
0.951
0.522
0.284
0.363
0.731
0.306
0.814
0.45
0.158
0.703
0.43
0.433
0.058
0.397
0.172
0.993
0.423
0.605
0.594
0.429
0.924
0.397
0.715
0.84
0.097
0.617
0.013
0.354
0.345
0.327
0.399
0.03
0.036
0.932
0.622
0.649
0.977
0.751
0.688
0.436
0.092
0.802
0.154
0.939
0.267
0.444
0.086
0.028
0.663
0.006
0.779
0.977
0.745
0.899
0.107
0.165
0.217
0.793
0.974
0.691
0.842
0.565
0.077
0.645
0.141
0.669
0.381
0.714
0.871
0.883
0.221
0.339
0.209
0.313
0.593
0.389
0.482
0.458
0.376
0.908
0.331
0.263
0.994
0.575
0.48
0.127
0.963
0.295
0.632
0.811
0.359
0.593
0.301
0.286
0.695
0.378
0.712
0.823
0.725
0.576
0.511
0.207
0.02
0.021
0.788
0.454
0.071
0.091
0.795
0.075
0.307
0.285
0.327
0.423
0.075
0.577
0.69
0.36
0.821
0.592
0.895
0.6
0.002
0.187
0.944
0.395
0.83
0.082
0.65
0.751
0.714
0.034
0.292
0.007
0.312
0.385
0.806
0.927
0.755
0.368
0.917
0.971
0.534
0.153
0.509
0.138
0.647
0.644
0.239
0.082
0.01
0.535
0.282
0.935
0.279
0.814
0.862
0.405
0.234
0.749
0.11
0.619
0.069
0.168
0.883
0.804
0.749
0.631
0.168
0.62
0.025
0.938
0.653
0.328
0.934
0.648
0.669
0.55
0.32
0.519
0.722
0.135
0.857
0.207
0.346
0.946
0.937
0.323
0.758
0.299
0.92
0.519
0.173
0.853
0.366
0.373
0.421
0.485
0.595
0.376
0.231
0.416
0.264
0.267
0.529
0.543
0.755
0.974
0.338
0.93
0.727
0.991
0.896
0.328
0.52
0.123
0.744
0.759
0.265
0.153
0.588
0.975
0.307
0.592
0.206
0.096
0.96
0.16
0.695
0.702
0.438
0.812
0.188
0.414
0.401
0.618
0.764
0.561
0.394
0.595
0.94
0.172
0.717
0.478
0.333
0.267
0.616
0.387
0.882
0.235
0.781
0.625
0.805
0.133
0.031
0.181
0.3
0.735
0.468
0.955
0.51
0.115
0.887
0.903
0.185
0.346
0.335
0.038
0.53
0.849
0.292
0.583
0.777
0.506
0.979
0.145
0.575
0.398
0.782
0.131
0.525
0.07
0.295
0.222
0.152
0.648
0.006
0
0.967
0.961
0.962
0.112
0.077
0.255
0.405
0.406
0.093
0.597
0.107
0.425
0.72
0.538
0.662
0.324
0.075
0.519
0.807
0.687
0.901
0.053
0.366
0.038
0.159
0.091
0.99
0.748
0.401
0.608
0.134
0.925
0.909
0.193
0.416
0.691
0.877
0.845
0.303
0.213
0.926
0.405
0.021
0.957
0.582
0.009
0.374
0.566
0.419
0.356
0.089
0.892
0.112
0.407
0.665
0.576
0.949
0.882
0.124
0.951
0.83
0.667
0.664
0.565
0.494
0.52
0.557
0.998
0.539
0.858
0.177
0.874
0.9
0.451
0.842
0.675
0.26
0.173
0.207
0.8
0.441
0.799
0.036
0.866
0.575
0.899
0.63
0.884
0.409
0.267
0.819
0.092
0.712
0.23
0.365
0.882
0.684
0.979
0.394
0.075
0.122
0.982
0.989
0.296
0.495
0.303
0.443
0.623
0.396
0.577
0.263
0.253
0.654
0.486
0.321
0.525
0.494
0.847
0.972
0.176
0.505
0.401
0.305
0.96
0.312
0.146
0.805
0.616
0.794
0.098
0.284
0.817
0.831
0.302
0.123
0.26
0.283
0.252
0.423
0.983
0.173
0.243
0.489
0.833
0.779
0.357
0.192
0.153
0.364
0.974
0.829
0.249
0.329
0.572
0.622
0.01
0.428
0.036
0.284
0.303
0.758
0.205
0.924
0.813
0.828
0.752
0.118
0.447
0.8
0.498
0.251
0.575
0.745
0.821
0.135
0.35
0.731
0.707
0.144
0.412
0.105
0.178
0.09
0.091
0.215
0.626
0.451
0.246
0.979
0.208
0.867
0.961
0.279
0.689
0.461
0.043
0.905
0.451
0.128
0.595
0.415
0.088
0.979
0.381
0.747
0.237
0.19
0.031
0.414
0.734
0.944
0.601
0.007
0.786
0.683
0.213
0.132
0.155
0.302
0.484
0.241
0.835
0.827
0.163
0.583
0.03
0.583
0.921
0.647
0.109
0.694
0.242
0.275
0.506
0.392
0.936
0.846
0.982
0.719
0.056
0.523
0.237
0.223
0.485
0.056
0.423
0.723
0.689
0.753
0.313
0.144
0.105
0.535
0.891
0.918
0.625
0.449
0.193
0.67
0.512
0.647
0.961
0.341
0.731
0.497
0.937
0.648
0.25
0.57
0.03
0.541
0.607
0.982
0.704
0.334
0.877
0.693
0.133
0.325
0.874
0.766
0.927
0.284
0.322
0.828
0.128
0.408
0.428
0.058
0.925
0.767
0.202
0.659
0.879
0.244
0.005
0.422
0.834
0.334
0.478
0.387
0.138
0.771
0.984
0.452
0.227
0.808
0.29
0.627
0.26
0.328
0.166
0.427
0.011
0.02
0.893
0.061
0.439
0.804
0.665
0.659
0.021
0.479
0.053
0.991
0.162
0.838
0.061
0.508
0.452
0.993
0.175
0.121
0.177
0.656
0.276
0.663
0.902
0.108
0.223
0.139
0.781
0.5
0.334
0.288
0.791
0.28
0.405
0.02
0.012
0.686
0.624
0.995
0.526
0.99
0.474
0.101
0.981
0.721
0.406
0.356
0.58
0.747
0.163
0.582
0.396
0.975
0.502
0.599
0.511
0.002
0.598
0.713
0.933
0.859
0.921
0.959
0.2
0.802
0.239
0.527
0.031
0.652
0.019
0.408
0.131
0.155
0.015
0.556
0.01
0.371
0.038
0.146
0.839
0.822
0.914
0.981
0.961
0.512
0.195
0.326
0.138
0.034
0.405
0.763
0.823
0.532
0.875
0.613
0.874
0.247
0.292
0.134
0.167
0.58
0.858
0.001
0.781
0.394
0.54
0.429
0.529
0.54
0.273
0.621
0.083
0.45
0.428
