0.076
0.916
0.452
0.432
0.186
0.466
0.739
0.6
0.594
0.213
0.258
0.021
0.059
0.152
0.458
0.07
0.162
0.516
0.217
0.546
0.311
0.765
0.611
0.257
0.198
0.058
0.255
0.815
0.042
0.592
0.591
0.133
0.652
0.75
0.152
0.378
0.985
0.191
0.598
0.212
0.768
0.824
0.559
0.086
0.064
0.61
0.724
0.958
0.414
0.64
0.722
0.453
0.471
0.257
0.446
0.52
0.376
0.433
0.77
0.539
0.038
0.344
0.832
0.729
0.066
0.134
0.055
0.31
0.441
0.856
0.054
0.12
0.852
0.854
0.522
0.431
0.29
0.193
0.848
0.183
0.857
0.565
0.488
0.43
0.618
0.504
0.124
0.159
0.359
0.031
0.452
0.356
0.261
0.851
0.05
0.038
0.76
0.279
0.253
0.285
0.853
0.684
0.643
0.72
0.416
0.33
0.094
0.142
0.826
0.482
0.47
0.411
0.019
0.698
0.663
0.591
0.189
0.136
0.075
0.44
0.437
0.124
0.83
0.103
0.888
0.162
0.808
0.899
0.525
0.736
0.559
0.824
0.087
0.43
0.921
0.733
0.331
0.054
0.741
0.854
0.219
0.522
0.277
0.703
0.176
0.856
0.546
0.582
0.097
0.576
0.843
0.762
0.524
0.672
0.901
0.112
0.02
0.681
0.146
0.731
0.037
0.335
0.195
0.141
0.798
0.782
0.406
0.761
0.829
0.669
0.25
0.768
0.652
0.757
0.648
0.417
0.998
0.693
0.977
0.125
0.515
0.352
0.114
0.094
0.56
0.488
0.309
0.694
0.447
0.42
0.824
0.972
0.803
0.668
0
0.078
0.365
0.096
0.669
0.976
0.639
0.665
0.531
0.633
0.951
0.776
0.247
0.623
0.917
0.285
0.513
0.792
0.874
0.465
0.621
0.078
0.145
0.181
0.39
0.547
0.419
0.555
0.951
0.832
0.101
0.382
0
0.977
0.703
0.823
0.739
0.808
0.418
0.512
0.81
0.349
0.067
0.719
0.363
0.806
0.011
0.461
0.543
0.504
0.981
0.192
0.243
0.458
0.402
0.483
0.516
0.062
0.851
0.396
0.568
0.939
0.853
0.862
0.733
0.531
0.706
0.787
0.367
0.786
0.607
0.967
0.795
0.362
0
0.552
0.448
0.56
0.831
0
0.561
0.348
0.276
0.137
0.874
0.801
0.928
0.111
0.807
0.713
0.379
0.237
0.694
0.882
0.535
0.549
0.246
0.993
0.807
0.102
0.408
0.366
0.881
0.414
0.869
0.626
0.322
0.64
0.973
0.436
0.851
0.16
0.671
0.085
0.674
0.532
0.502
0.836
0.774
0.68
0.719
0.146
0.456
0.768
0.853
0.479
0.213
0.804
0.277
0.665
0.196
0.974
0.429
0.013
0.853
0.261
0.003
0.289
0.7
0.56
0.038
0.225
0.903
0.804
0.381
0.964
0.722
0.577
0.036
0.309
0.706
0.96
0.842
0.481
0.576
0.654
0.724
0.62
0.383
0.914
0.357
0.68
0.793
0.753
0.073
0.881
0.619
0.753
0.231
0.069
0.165
0.695
0.029
0.683
0.948
0.245
0.982
0.862
0.958
0.91
0.27
0.719
0.124
0.241
0.958
0.29
0.432
0.91
0.147
0.206
0.886
0.188
0.665
0.287
0.927
0.063
0.473
0.447
0.324
0.058
0.366
0.809
0.389
0.677
0.788
0.034
0.639
0.8
0.684
0.511
0.249
0.707
0.397
0.831
0.254
0.442
0.943
0.184
0.74
0.572
0.938
0.599
0.829
0.825
0.382
0.409
0.433
0.394
0.885
0.922
0.898
0.819
0.645
0.183
0.8
0.675
0.64
0.543
0.863
0.606
0.835
0.312
0.387
0.665
0.743
0.553
0.44
0.279
0.99
0.093
0.83
0.939
0.586
0.725
0.647
0.605
0.556
0.554
0.871
0.864
0.722
0.807
0.904
0.439
0.763
0.731
0.858
0.041
0.96
0.059
0.461
0.404
0.412
0.144
0.925
0.029
0.274
0.308
0.362
0.405
0.503
0.541
0.629
0.626
0.613
0.051
0.071
0.338
0.724
0.462
0.22
0.793
0.008
0.018
0.194
0.107
0.79
0.796
0.514
0.156
0.57
0.738
0.219
0.282
0.575
0.578
0.592
0.076
0.308
0.915
0.595
0.142
0.681
0.331
0.174
0.028
0.406
0.636
0.98
0.531
0.391
0.311
0.463
0.74
0.606
0.564
0.723
0.045
0.039
0.719
0.795
0.711
0.039
0.317
0.837
0.705
0.619
0.173
0.041
0.28
0.249
0.355
0.326
0.202
0.024
0.894
0.493
0.242
0.785
0.093
0.699
0.328
0.353
0.307
0.092
0.951
0.468
0.453
0.759
0.484
0.815
0.356
0.07
0.421
0.731
0.124
0.088
0.294
0.312
0.561
0.741
0.448
0.674
0.662
0.82
0.489
0.734
0.731
0.179
0.325
0.067
0.188
0.925
0.122
0.329
0.504
0.469
0.724
0.951
0.427
0.515
0.796
0.165
0.382
0.668
0.135
0.158
0.462
0.521
0.168
0.198
0.003
0.27
0.836
0.392
0.609
0.664
0.009
0.16
0.83
0.46
0.744
0.702
0.768
0.36
0.613
0.77
0.792
0.275
0.995
0.262
0.018
0.942
0.055
0.091
0.25
0.018
0.827
0.991
0.686
0.158
0.631
0.736
0.069
0.626
0.131
0.674
0.946
0.174
0.522
0.608
0.546
0.492
0.889
0.081
0.262
0.979
0.389
0.891
0.512
0.414
0.944
0.073
0.426
0.081
0.227
0.112
0.836
0.201
0.448
0.388
0.692
0.841
0.191
0.617
0.722
0.259
0.367
0.226
0.155
0.012
0.991
0.943
0.537
0.932
0.958
0.888
0.173
0.695
0.268
0.755
0.721
0.638
0.594
0.92
0.904
0.223
0.982
0.467
0.127
0.303
0.723
0.242
0.566
0.663
0.957
0.956
0.105
0.522
0.484
0.655
0.872
0.001
0.463
0.245
0.198
0.087
0.809
0.308
0.164
0.476
0.239
0.751
0.002
0.059
0.37
0.682
0.883
0.272
0.738
0.976
0.907
0.256
0.913
0.077
0.82
0.509
0.528
0.382
0.451
0.332
0.947
0.42
0.735
0.309
0.405
0.968
0.733
0.208
0.649
0.748
0.765
0.123
0.983
0.098
0.481
0.953
0.378
0.379
0.405
0.284
0.415
0.555
0.952
0.931
0.579
0.922
0.918
0.021
0.578
0.396
0.168
0.933
0.566
0.522
0.603
0.563
0.036
0.677
0.331
0.84
0.057
0.917
0.723
0.686
0.255
0.462
0.474
0.224
0.975
0.815
0.382
0.745
0.939
0.64
0.207
0.001
0.487
0.007
0.586
0.456
0.031
0.355
0.328
0.696
0.545
0.372
0.588
0.63
0.942
0.607
0.417
0.088
0.562
0.32
0.368
0.2
0.461
0.918
0.474
0.312
0.214
0.251
0.461
0.65
0.708
0.352
0.207
0.238
0.817
0.246
0.84
0.015
0.589
0.053
0.512
0.699
0.452
0.12
0.915
0.744
0.539
0.764
0.22
0.224
0.297
0.062
0.146
0.716
0.949
0.741
0.986
0.776
0.323
0.405
0.102
0.933
0.36
0.669
0.096
0.596
0.668
0.419
0.233
0.546
0.86
0.641
0.85
0.834
0.21
0.498
0.165
0.794
0.402
0.242
0.411
0.254
0.32
0.124
0.315
0.165
0.212
0.633
0.001
0.649
0.343
0.908
0.18
0.655
0.499
0.855
0.421
0.171
0.454
0.995
0.887
0.492
0.68
0.785
0.954
0.262
0.633
0.313
0.983
0.451
0.851
0.241
0.815
0.839
0.444
0.069
0.071
0.075
0.978
0.029
0.584
0.643
0.427
0.476
0.238
0.862
0.68
0.407
0.214
0.002
0.399
0.62
0.863
0.831
0.833
0.853
0.652
0.542
0.858
0.598
0.341
0.059
0.865
0.156
0.315
0.895
0.81
0.892
0.061
0.9
0.591
0.093
0.316
0.014
0.993
0.617
0.308
0
0.016
0.372
0.758
0.135
0.118
0.83
0.529
0.467
0.788
0.62
0.548
0.276
0.934
0.261
0.89
0.955
0.696
0.309
0.209
0.891
0.307
0.366
0.7
0.576
0.656
0.762
0.56
0.692
0.132
0.864
0.921
0.858
0.639
0.052
0.742
0.835
0.796
0.461
0.48
0.772
0.86
0.124
0.181
0.148
0.848
0.417
0.875
0.101
0.855
0.111
0.306
0.036
0.19
0.129
0.051
0.638
0.615
0.037
0.156
0.622
0
0.427
0.054
