0.047
0.091
0.814
0.39
0.657
0.91
0.085
0.349
0.014
0.375
0.292
0.298
0.375
0.47
0.601
0.733
0.774
0.956
0.667
0.743
0.201
0.182
0.256
0.547
0.605
0.643
0.787
0.164
0.526
0.539
0.973
0.89
0.965
0.73
0.555
0.923
0.159
0.994
0.83
0.024
0.736
0.193
0.919
0.504
0.726
0.174
0.825
0.896
0.464
0.153
0.514
0.277
0.9
0.928
0.539
0.983
0.286
0.095
0.22
0.183
0.317
0.211
0.925
0.34
0.603
0.68
0.862
0.227
0.426
0.986
0.617
0.825
0.276
0.399
0.507
0.491
0.494
0.729
0.155
0.578
0.731
0.809
0.397
0.018
0.951
0.766
0.861
0.348
0.01
0.031
0.792
0.764
0.049
0.308
0.833
0.844
0.531
0.053
0.073
0.29
0.36
0.964
0.144
0.534
0.578
0.319
0.791
0.303
0.342
0.379
0.108
0.84
0.08
0.515
0.464
0.423
0.082
0.834
0.171
0.974
0.237
0.497
0.007
0.991
0.837
0.861
0.343
0.637
0.547
0.495
0.195
0.075
0.282
0.935
0.129
0.021
0.521
0.974
0.482
0.108
0.932
0.86
0.686
0.522
0.809
0.883
0.99
0.326
0.78
0.054
0.427
0.501
0.838
0.461
0.441
0.256
0.527
0.78
0.904
0.213
0.039
0.254
0.631
0.627
0.948
0.65
0.039
0.272
0.373
0.13
0.408
0.204
0.961
0.807
0.131
0.256
0.365
0.439
0.34
0.267
0.985
0.055
0.242
0.017
0.224
0.687
0.078
0.654
0.966
0.101
0.383
0.619
0.257
0.351
0.325
0.866
0.205
0.32
0.46
0.582
0.525
0.973
0.508
0.04
0.218
0.538
0.088
0.277
0.795
0.038
0.016
0.351
0.127
0.156
0.934
0.855
0.471
0.099
0.579
0.996
0.987
0.359
0.295
0.669
0.981
0.053
0.309
0.062
0.092
0.49
0.122
0.877
0.069
0.819
0.074
0.347
0.334
0.216
0.675
0.557
0.809
0.783
0.263
0.772
0.479
0.972
0.451
0.419
0.383
0.931
0.258
0.32
0.335
0.453
0.776
0.929
0.089
0.725
0.662
0.335
0.643
0.38
0.233
0.445
0.755
0.459
0.023
0.181
0.952
0.297
0.288
0.921
0.229
0.267
0.862
0.288
0.725
0.762
0.482
0.835
0.417
0.78
0.967
0.285
0.461
0.618
0.824
0.355
0.921
0.253
0.168
0.426
0.219
0.83
0.071
0.52
0.851
0.594
0.49
0.618
0.261
0.438
0.727
0.708
0.312
0.956
0.545
0.095
0.773
0.813
0.938
0.418
0.469
0.908
0.821
0.653
0.162
0.564
0.617
0.219
0.245
0.757
0.674
0.915
0.735
0.193
0.435
0.245
0.477
0.119
0.544
0.779
0.273
0.437
0.452
0.791
0.297
0.863
0.793
0.148
0.254
0.291
0.285
0.85
0.047
0.105
0.111
0.062
0.158
0.378
0.288
0.743
0.005
0.98
0.335
0.28
0.177
0.045
0.512
0.275
0.574
0.865
0.234
0.009
0.936
0.378
0.454
0.919
0.08
0.501
0.879
0.469
0.085
0.724
0.367
0.788
0.162
0.652
0.477
0.185
0.203
0.148
0.186
0.36
0.371
0.667
0.697
0.156
0.08
0.121
0.316
0.413
0.645
0.835
0.974
0.881
0.022
0.853
0.831
0.921
0.055
0.289
0.12
0.015
0.186
0.284
0.909
0.522
0.365
0.511
0.417
0.382
0.368
0.347
0.139
0.256
0.861
0.874
0.925
0.623
0.489
0.997
0.514
0.729
0.092
0.396
0.828
0.939
0.072
0.087
0.029
0.213
0.285
0.793
0.456
0.22
0.863
0.087
0.347
0.19
0.864
0.374
0.538
0.696
0.806
0.88
0.333
0.068
0.489
0.669
0.129
0.514
0.575
0.064
0.39
0.56
0.734
0.769
0.014
0.657
0.896
0.071
0.264
0.858
0.748
0.861
0.638
0.191
0.677
0.297
0.651
0.505
0.404
0.728
0.678
0.612
0.316
0.423
0.089
0.707
0.397
0.083
0.473
0.689
0.895
0.207
0.234
0.595
0.523
0.937
0.396
0.028
0.24
0.89
0.652
0.298
0.817
0.085
0.538
0.171
0.104
0.991
0.881
0.467
0.07
0.999
0.426
0.008
0.058
0.682
0.656
0.963
0.901
0.856
0.259
0.55
0.656
0.757
0.601
0.689
0.9
0.401
0.379
0.115
0.703
0.374
0.616
0.623
0.883
0.741
0.226
0.529
0.522
0.372
0.285
0.966
0.0
0.854
0.301
0.704
0.996
0.989
0.553
0.371
0.807
0.669
0.544
0.867
0.713
0.958
0.763
0.017
0.38
0.134
0.479
0.604
0.547
0.206
0.282
0.245
0.66
0.41
0.088
0.058
0.48
0.398
0.804
0.948
0.195
0.309
0.86
0.114
0.138
0.498
0.325
0.631
0.247
0.854
0.962
0.608
0.876
0.11
0.669
0.575
0.598
0.734
0.277
0.807
0.941
0.95
0.528
0.103
0.716
0.839
0.68
0.719
0.561
0.1
0.943
0.005
0.547
0.219
0.85
0.001
0.437
0.298
0.695
0.337
0.283
0.6
0.145
0.694
0.803
0.468
0.828
0.712
0.039
0.244
0.474
0.37
0.933
0.449
0.502
0.675
0.133
0.397
0.798
0.347
0.406
0.994
0.37
0.381
0.291
0.269
0.3
0.343
0.905
0.055
0.813
0.164
0.813
0.639
0.731
0.775
0.565
0.491
0.654
0.751
0.748
0.107
0.574
0.827
0.949
0.007
0.488
0.71
0.97
0.297
0.089
0.497
0.103
0.724
0.85
0.225
0.882
0.177
0.745
0.634
0.957
0.696
0.544
0.078
0.06
0.495
0.486
0.217
0.087
0.571
0.186
0.568
0.415
0.36
0.663
0.412
0.658
0.225
0.145
0.046
0.855
0.457
0.283
0.383
0.136
0.852
0.469
0.653
0.447
0.638
0.184
0.44
0.051
0.993
0.629
0.246
0.188
0.664
0.39
0.204
0.217
0.842
0.698
0.196
0.87
0.955
0.556
0.351
0.514
0.969
0.303
0.23
0.045
0.687
0.201
0.485
0.161
0.484
0.01
0.315
0.186
0.426
0.983
0.959
0.741
0.962
0.401
0.918
0.762
0.453
0.092
0.915
0.645
0.959
0.28
0.322
0.901
0.86
0.45
0.155
0.028
0.51
0.541
0.31
0.1
0.814
0.855
0.393
0.254
0.484
0.422
0.065
0.016
0.764
0.43
0.584
0.558
0.941
0.6
0.501
0.645
0.286
0.382
0.558
0.814
0.476
0.605
0.189
0.548
0.517
0.345
0.056
0.105
0.605
0.326
0.922
0.342
0.388
0.817
0.502
0.576
0.231
0.681
0.018
0.986
0.355
0.811
0.088
0.42
0.267
0.525
0.595
0.593
0.651
0.409
0.131
0.445
0.949
0.567
0.578
0.403
0.829
0.193
0.153
0.827
0.144
0.28
0.597
0.629
0.12
0.26
0.893
0.968
0.466
0.525
0.912
0.152
0.519
0.261
0.269
0.467
0.188
0.956
0.357
0.825
0.938
0.802
0.826
0.423
0.161
0.656
0.82
0.461
0.815
0.251
0.847
0.362
0.831
0.357
0.693
0.528
0.944
0.463
0.961
0.055
0.28
0.588
0.53
0.938
0.986
0.962
0.858
0.267
0.458
0.233
0.211
0.465
0.727
0.651
0.34
0.626
0.996
0.408
0.126
0.463
0.777
0.512
0.259
0.051
0.441
0.041
0.425
0.621
0.28
0.415
0.68
0.152
0.008
0.221
0.277
0.755
0.047
0.54
0.387
0.325
0.892
0.78
0.992
0.291
0.076
0.689
0.522
0.941
0.344
0.666
0.765
0.507
0.758
0.418
0.179
0.614
0.769
0.987
0.081
0.957
0.443
0
0.491
0.491
0.712
0.162
0.91
0.162
0.166
0.613
0.025
0.538
0.079
0.564
0.618
0.003
0.397
0.266
0.708
0.73
0.161
0.476
0.68
0.673
0.341
0.686
0.741
0.731
0.996
0.328
0.358
0.094
0.275
0.987
0.259
0.441
0.448
0.171
0.3
0.682
0.493
0.99
0.236
0.329
0.945
0.07
0.301
0.208
0.146
0.175
0.788
0.615
0.548
0.94
0.415
0.981
0.076
0.909
0.972
0.296
0.401
0.472
0.311
0.449
0.668
0.679
0.729
0.371
0.315
0.426
0.098
0.76
0.622
0.82
0.937
0.792
0.824
0.082
0.801
0.844
0.028
0.162
0.263
0.697
0.111
0.156
0.077
