0.475
0.873
0.988
0.741
0.083
0.538
0.989
0.054
0.028
0.34
0.163
0.444
0.697
0.786
0.465
0.899
0.263
0.13
0.792
0.742
0.263
0.515
0.763
0.965
0.51
0.753
0.769
0.188
0.836
0.413
0.892
0.434
0.66
0.073
0.641
0.553
0.089
0.543
0.044
0.144
0.414
0.635
0.893
0.764
0.685
0.457
0.303
0.279
0.399
0.7
0.729
0.542
0.806
0.499
0.201
0.877
0.027
0.002
0.652
0.42
0.245
0.704
0.68
0.325
0.582
0.893
0.622
0.335
0.284
0.532
0.75
0.865
0
0.406
0.255
0.741
0.581
0.119
0.527
0.544
0.353
0.307
0.81
0.788
0.088
0.863
0.874
0.531
0.042
0.932
0.938
0.776
0.433
0.467
0.415
0.882
0.709
0
0.715
0.768
0.409
0.236
0.474
0.4
0.16
0.174
0.724
0.644
0.112
0.567
0.26
0.708
0.763
0.813
0.986
0.133
0.737
0.06
0.749
0.406
0.156
0.814
0.897
0.591
0.898
0.469
0.751
0.281
0.264
0.495
0.992
0.768
0.129
0.265
0.577
0.44
0.049
0.02
0.299
0.716
0.621
0.889
0.66
0.923
0.072
0.572
0.901
0.992
0.966
0.502
0.498
0.914
0.815
0.283
0.307
0.925
0.958
0.442
0.022
0.781
0.882
0.769
0.792
0.989
0.703
0.178
0.147
0.676
0.315
0.797
0.896
0.331
0.838
0.686
0.423
0.915
0.774
0.419
0.606
0.191
0.79
0.881
0.434
0.808
0.498
0.381
0.935
0.217
0.244
0.521
0.934
0.497
0.061
0.861
0.92
0.407
0.862
0.413
0.612
0.318
0.18
0.824
0.569
0.883
0.04
0.402
0.242
0.08
0.447
0.435
0.503
0.943
0.857
0.568
0.426
0.478
0.691
0.169
0.19
0.408
0.755
0.954
0.243
0.172
0.155
0.176
0.76
0.177
0.774
0.873
0.617
0.719
0.306
0.467
0.175
0.625
0.304
0.122
0.988
0.183
0.98
0.484
0.23
0.346
0.588
0.896
0.298
0.568
0.938
0.508
0.038
0.598
0.683
0.149
1.0
0.572
0.806
0.727
0.468
0.549
0.908
0.301
0.273
0.5
0.625
0.535
0.758
0.775
0.184
0.747
0.873
0.525
0.145
0.436
0.557
0.855
0.376
0.334
0.882
0.128
0.568
0.327
0.262
0.913
0.514
0.956
0.24
0.796
0.109
0.206
0.025
0.644
0.265
0.459
0.101
0.356
0.032
0.598
0.787
0.242
0.211
0.82
0.744
0.196
0.425
0.73
0.26
0.078
0.99
0.649
0.638
0.124
0.297
0.859
0.279
0.937
0.661
0.421
0.404
0.106
0.954
0.164
0.306
0.399
0.269
0.071
0.944
0.14
0.405
0.031
0.136
0
0.521
0.515
0.979
0.542
0.979
0.819
0.938
0.22
0.882
0.554
0.895
0.217
0.767
0.411
0.999
0.925
0.481
0.034
0.234
0.325
0.761
0.025
0.39
0.716
0.923
0.885
0.835
0.536
0.766
0.282
0.103
0.366
0.424
0.789
0.45
0.824
0.351
0.906
0.631
0.82
0.53
0.621
0.278
0.636
0.044
0.282
0.958
0.459
0.139
0.734
0.968
0.57
0.52
0.684
0.707
0.426
0.471
0.916
0.059
0.34
0.013
0.358
0.093
0.696
0.87
0.974
0.024
0.351
0.368
0.605
0.457
0.845
0.942
0.371
0.964
0.481
0.856
0.04
0.507
0.549
0.629
0.937
0.719
0.456
0.628
0.132
0.071
0.422
0.635
0.463
0.588
0.242
0.39
0.815
0.238
0.307
0.396
0.862
0.648
0.345
0.23
0.129
0.755
0.635
0.37
0.441
0.003
0.316
0.854
0.486
0.806
0.408
0.837
0.261
0.958
0.846
0.243
0.402
0.292
0.381
0.609
0.564
0.835
0.904
0.699
0.639
0.573
0.238
0.417
0.31
0.935
0.509
0.976
0.355
0.788
0.71
0.828
0.853
0.383
0.746
0.444
0.969
0.636
0.988
0.57
0.216
0.628
0.034
0.91
0.216
0.166
0.932
0.658
0.264
0.878
0.153
0.707
0.782
0.389
0.95
0.106
0.087
0.489
0.179
0.978
0.527
0.486
0.44
0.6
0.482
0.119
0.017
0.189
0.795
0.191
0.855
0.432
0.823
0.362
0.611
0.605
0.086
0.449
0.955
0.945
0.159
0.264
0.664
0.218
0.467
0.23
0.787
0.841
0.751
0.292
0.561
0.409
0.292
0.284
0.372
0.889
0.746
0.541
0.042
0.881
0.007
0.216
0.957
0.963
0.657
0.879
0.74
0.991
0.611
0.127
0.704
0.333
0.634
0.641
0.522
0.455
0.25
0.448
0.687
0.073
0.223
0.362
0.119
0.529
0.453
0.259
0.149
0.822
0.089
0.432
0.442
0.534
0.108
0.993
0.088
0.231
0.555
0.932
0.392
0.084
0.503
0.825
0.61
0.519
0.674
0.453
0.81
0.588
0.801
0.315
0.878
0.202
0.297
0.232
0.768
0.2
0.341
0.401
0.379
0.409
0.018
0.742
0.516
0.189
0.776
0.07
0.004
0.555
0.51
0.981
0.021
0.993
0.71
0.966
0.753
0.488
0.705
0.754
0.838
0.91
0.989
0.665
0.92
0.424
0.268
0.569
0.931
0.327
0.475
0.943
0.053
0.682
0.547
0.091
0.372
0.815
0.213
0.962
0.429
0.367
0.41
0.289
0.341
0.465
0.78
0.598
0.681
0.237
0.938
0.217
0.586
0.972
0.618
0.997
0.157
0.045
0.236
0.912
0.631
0.504
0.131
0.621
0.247
0.294
0.877
0.005
0.183
0.418
0.9
0.043
0.057
0.033
0.331
0.964
0.051
0.085
0.4
0.407
0.254
0.906
0.751
0.545
0.227
0.975
0.088
0.343
0.792
0.072
0.977
0.25
0.881
0.083
0.985
0.738
0.931
0.555
0.869
0.496
0.398
0.669
0.01
0.481
0.885
0.763
0.892
0.058
0.037
0.628
0.439
0.029
0.295
0.406
0.973
0.114
0.545
0.613
0.268
0.18
0.543
0.721
0.163
0.903
0.827
0.441
0.601
0.0
0.177
0.693
0.343
0.871
0.456
0.342
0.574
0.907
0.366
0.691
0.478
0.717
0.982
0.427
0.265
0.924
0.689
0.197
0.809
0.98
0.665
0.083
0.466
0.849
0.765
0.144
0.893
0.143
0.839
0.808
0.383
0.145
0.759
0.851
0.716
0.837
0.647
0.772
0.503
0.502
0.87
0.434
0.755
0.968
0.5
0.777
0.011
0.472
0.13
0.783
0.092
0.804
0.886
0.655
0.135
0.312
0.399
0.95
0.454
0.049
0.527
0.235
0.343
0.791
0.285
0.595
0.875
0.148
0.962
0.196
0.532
0.866
0.421
0.946
0.33
0.836
0.605
0.666
0.301
0.608
0.036
0.924
0.989
0.936
0.057
0.723
0.654
0.984
0.155
0.723
0.468
0.997
0.219
0.946
0.852
0.169
0.088
0.888
0.532
0.377
0.374
0.408
0.764
0.963
0.156
0.259
0.488
0.672
0.417
0.43
0.041
0.757
0.101
0.257
0.488
0.222
0.841
0.306
0.204
0.794
0.252
0.986
0.542
0.552
0.56
0.792
0.329
0.153
0.969
0.683
0.632
0.072
0.343
0.362
0.359
0.436
0.633
0.334
0.388
0.54
0.907
0.361
0.801
0.512
0.33
0.184
0.682
0.498
0.522
0.171
0.22
0.642
0.027
0.69
0.632
0.687
0.519
0.798
0.525
0.008
0.908
0.545
0.468
0.186
0.801
0.33
0.358
0.5
0.795
0.981
0.551
0.817
0.097
0.142
0.185
0.41
0.952
0.808
0.11
0.225
0.104
0.685
0.759
0.69
0.447
0.86
0.101
0.197
0.536
0.208
0.613
0.345
0.902
0.998
0.108
0.495
0.714
0.272
0.761
0.07
0.388
0.761
0.154
0.689
0.934
0.258
0.28
0.465
0.066
0.853
0.11
0.206
0.063
0.529
0.998
0.307
0.432
0.007
0.616
0.557
0.059
0.89
0.128
0.903
0.266
0.328
0.993
0.46
0.151
0.203
0.936
0.607
0.515
0.536
0.156
0.019
0.264
0.477
0.614
0.258
0.972
0.656
0.479
0.986
0.909
0.109
0.794
0.57
0.41
0.015
0.604
0.473
0.297
0.513
0.224
0.666
0.664
0.129
0.143
0.286
0.554
0.038
0.946
0.491
0.335
0.198
0.776
0.114
0.673
0.877
0.83
0.669
0.958
0.493
0.817
0.082
0.975
