0.905
0.625
0.47
0.88
0.799
0.585
0.752
0.586
0.947
0.236
0.436
0.601
0.079
0.716
0.504
0.052
0.455
0.283
0.798
0.212
0.134
0.497
0.372
0.555
0.339
0.436
0.021
0.532
0.24
0.442
0.516
0.704
0.01
0.105
0.249
0.817
0.045
0.262
0.569
0.691
0.147
0.815
0.414
0.649
0.388
0.77
0.565
0.489
0.669
0.426
0.486
0.597
0.606
0.146
0.584
0.026
0.896
0.569
0.701
1.0
0.658
0.244
0.147
0.941
0.159
0.76
0.353
0.911
0.377
0.718
0.124
0.981
0.204
0.381
0.946
0.296
0.835
0.959
0.468
0.487
0.034
0.777
0.03
0.934
0.188
0.008
0.447
0.726
0.357
0.129
0.717
0.527
0.047
0.885
0.104
0.9
0.29
0.7
0.597
0.8
0.041
0.202
0.386
0.106
0.595
0.131
0.718
0.178
0.202
0.197
0.933
0.031
0.058
0.967
0.892
0.067
0.467
0.757
0.3
0.498
0.153
0.004
0.223
0.107
0.853
0.385
0.023
0.431
0.209
0.212
0.628
0.178
0.151
0.669
0.589
0.712
0.71
0.912
0.739
0.793
0.263
0.012
0.633
0.835
0.781
0.337
0.162
0.613
0.226
0.754
0.784
0.177
0.311
0.079
0.709
0.386
0.109
0.237
0.064
0.571
0.808
0.58
0.278
0.756
0.906
0.907
0.391
0.781
0.648
0.426
0.456
0.883
0.821
0.005
0.301
0.329
0.14
0.914
0.901
0.884
0.117
0.561
0.236
0.666
0.32
0.249
0.127
0.665
0.269
0.558
0.546
0.46
0.267
0.741
0.062
0.03
0.683
0.192
0.95
0.263
0.375
0.796
0.681
0.511
0.971
0.85
0.331
0.967
0.638
0.75
0.625
0.165
0.749
0.31
0.818
0.474
0.601
0.636
0.809
0.133
0.521
0.574
0.692
0.167
0.262
0.934
0.061
0.201
0.222
0.302
0.013
0.601
0.785
0.801
0.437
0.843
0.063
0.787
0.914
0.378
0.547
0.71
0.002
0.693
0.337
0.689
0.416
0.14
0.245
0.331
0.704
0.241
0.096
0.394
0.175
0.502
0.734
0.529
0.47
0.343
0.994
0.206
0.078
0.247
0.53
0.788
0.843
0.36
0.046
0.604
0.322
0.885
0.854
0.09
0.392
1.0
0.479
0.401
0.38
0.772
0.198
0.173
0.133
0.471
0.672
0.394
0.7
0.118
0.38
0.668
0.731
0.758
0.826
0.328
0.484
0.614
0.696
0.357
0.216
0.265
0.927
0.136
0.838
0.958
0.424
0.692
0.258
0.927
0.101
0.738
0.773
0.528
0.686
0.304
0.61
0.39
0.492
0.14
0.692
0.481
0.084
0.768
0.958
0.235
0.302
0.699
0.774
0.698
0.393
0.662
0.096
0.876
0.579
0.355
0.543
0.916
0.949
0.958
0.568
0.297
0.025
0.791
0.796
0.468
0.448
0.659
0.939
0.169
0.946
0.704
0.308
0.331
0.738
0.101
0.314
0.46
0.744
0.612
0.363
0.586
0.24
0.051
0.501
0.179
0.314
0.813
0.465
0.036
0.745
0.045
0.31
0.845
0.183
0.523
0.026
0.923
0.234
0.213
0.035
0.146
0.593
0.668
0.604
0.445
0.845
0.455
0.823
0.303
0.902
0.853
0.169
0.447
0.513
0.999
0.216
0.34
0.448
0.528
0.439
0.395
0.483
0.355
0.146
0.423
0.366
0.866
0.553
0.706
0.899
0.736
0.435
0.686
0.318
0.208
0.529
0.894
0.422
0.351
0.876
0.347
0.81
0.978
0.452
0.169
0.461
0.676
0.18
0.885
0.094
0.69
0.029
0.109
0.021
0.657
0.923
0.052
0.747
0.937
0.396
0.684
0.546
0.594
0.907
0.985
0.266
0.375
0.821
0.906
0.237
0.187
0.014
0.946
0.888
0.4
0.726
0.087
0.95
0.305
0.15
0.358
0.064
0.786
0.64
0.248
0.504
0.35
0.853
0.381
0.945
0.904
0.92
0.773
0.295
0.029
0.201
0.895
0.145
0.673
0.057
0.105
0.365
0.498
0.392
0.678
0.802
0.597
0.704
0.647
0.97
0.897
0.169
0.557
0.849
0.217
0.533
0.269
0.62
0.175
0.694
0.473
0.921
0.651
0.789
0.02
0.595
0.806
0.391
0.08
0.139
0.584
0.692
0.832
0.875
0.862
0.526
0.456
0.938
0.695
0.549
0.23
0.024
0.124
0.818
0.747
0.573
0.148
0.144
0.092
0.049
0.613
0.779
0.45
0.465
0.225
0.433
0.113
0.618
0.97
0.175
0.323
0.817
0.535
0.242
0.165
0.075
0.501
0.285
0.622
0.457
0.446
0.295
0.246
0.218
0.399
0.485
0.445
0.259
0.164
0.247
0.786
0.638
0.126
0.045
0.15
0.885
0.765
0.913
0.569
0.335
0.702
0.902
0.536
0.237
0.644
0.968
0.853
0.253
0.503
0.545
0.901
0.347
0.474
0.686
0.414
0.728
0.027
0.524
0.364
0.684
0.112
0.637
0.793
0.074
0.547
0.802
0.441
0.763
0.713
0.586
0.38
0.558
0.429
0.449
0.977
0.647
0.045
0.456
0.621
0.419
0.241
0.486
0.899
0.294
0.264
0.76
0.184
0.414
0.547
0.585
0.558
0.105
0.093
0.062
0.393
0.643
0.857
0.287
0.649
0.733
0.245
0.938
0.185
0.614
0.139
0.1
0.183
0.98
0.246
0.85
0.759
0.686
0.698
0.714
0.689
0.64
0.964
0.095
0.929
0.704
0.655
0.355
0.946
0.358
0.455
0.927
0.317
0.773
0.356
0.507
0.562
0.736
0.189
0.036
0.715
0.25
0.027
0.212
0.47
0.065
0.838
0.443
0.948
0.433
0.094
0.048
0.83
0.735
0.532
0.514
0.207
0.538
0.218
0.12
0.737
0.697
0.905
0.198
0.833
0.607
0.07
0.433
0.789
0.231
0.866
0.204
0.057
0.059
0.21
0.706
0.048
0.908
0.448
0.067
0.948
0.019
0.527
0.148
0.495
0.691
0.408
0.508
0.992
0.507
0.333
0.721
0.249
0.243
0.894
0.873
0.889
0.859
0.097
0.12
0.571
0.701
0.183
0.022
0.346
0.245
0.368
0.943
0.533
0.606
0.938
0.397
0.283
0.015
0.013
0.83
0.228
0.769
0.349
0.563
0.56
0.325
0.937
0.313
0.843
0.108
0.672
0.11
0.718
0.889
0.805
0.563
0.728
0.782
0.529
0.201
0.624
0.223
0.844
0.385
0.935
0.525
0.875
0.979
0.165
0.616
0.848
0.864
0.08
0.332
0.224
0.956
0.025
0.233
0.911
0.006
0.641
0.729
0.102
0.232
0.21
0.907
0.291
0.692
0.154
0.774
0.54
0.733
0.332
0.315
0.85
0.094
0.291
0.755
0.372
0.029
0.499
0.996
0.075
0.251
0.569
0.343
0.51
0.174
0.878
0.517
0.212
0.203
0.345
0.68
0.571
0.673
0.829
0.099
0.403
0.165
0.569
0.352
0.886
0.312
0.47
0.89
0.287
0.249
0.424
0.449
0.314
0.245
0.861
0.944
0.606
0.239
0.788
0.337
0.816
0.42
0.42
0.805
0.941
0.047
0.122
0.329
0.477
0.724
0.854
0.114
0.795
0.137
0.722
0.122
0.372
0.033
0.584
0.608
0.068
0.677
0.517
0.105
0.621
0.461
0.1
0.995
0.245
0.41
0.979
0.803
0.114
0.987
0.865
0.552
0.585
0.703
0.877
0.862
0
0.04
0.082
0.503
0.503
0.446
0.079
0.588
0.119
0.657
0.309
0.043
0.255
0.873
0.229
0.129
0.764
0.134
0.137
0.212
0.853
0.815
0.28
0.884
0.163
0.03
0.979
0.082
0.127
0.983
0.519
0.734
0.488
0.646
0.394
0.616
0.1
0.96
0.626
0.743
0.546
0.58
0.897
0.821
0.34
0.91
0.591
0.993
0.269
0.312
0.767
0.725
0.159
0.143
0.482
0.361
0.829
0.626
0.883
0.296
0.521
0.067
0.93
0.617
0.413
0.3
0.835
0.228
0.088
0.038
0.511
0.981
0.394
0.946
0.787
0.407
0.626
0.219
0.261
0.022
0.661
0.527
0.103
0.854
0.276
0.195
0.107
0.157
0.106
0.092
0.831
0.558
0.13
0.246
0.478
0.382
0.882
0.218
0.824
0.538
0.875
0.439
0.795
0.273
0.379
0.179
0.759
0.082
0.493
0.536
0.823
0.049
0.39
0.62
0.953
0.207
0.383
0.356
0.734
0.755
0.07
0.69
0.255
