0.764
0.692
0.863
0.185
0.132
0.849
0.176
0.227
0.29
0.511
0.846
0.047
0.196
0.623
0.489
0.986
0.703
0.095
0.965
0.111
0
0.331
0.719
0.682
0.682
0.918
0.655
0.669
0.498
0.031
0.794
0.594
0.792
0.579
0.175
0.75
0.574
0.035
0.096
0.783
0.331
0.889
0.746
0.101
0.984
0.488
0.096
0.827
0.876
0.767
0.359
0.847
0.291
0.894
0.461
0.02
0.406
0.298
0.841
0.85
0.426
0.116
0.304
0.897
0.78
0.702
0.363
0.229
0.958
0.888
0.658
0.251
0.738
0.435
0.112
0.805
0.849
0.319
0.415
0.729
0.91
0.076
0.201
0.342
0.369
0.263
0.863
0.768
0.218
0.805
0.044
0.862
0.791
0.013
0.705
0.403
0.82
0.056
0.586
0.877
0.464
0.762
0.7
0.201
0.937
0.794
0.877
0.912
0.786
0.786
0.398
0.437
0.64
0.698
0.248
0.162
0.943
0.487
0.465
0.909
0.218
0.7
0.336
0.687
0.579
0.758
0.437
0.924
0.917
0.212
0.008
0.206
0.291
0.577
0.592
0.927
0.046
0.636
0.852
0.924
0.289
0.827
0.131
0.403
0.719
0.865
0.466
0.787
0.154
0.468
0.927
0.085
0.872
0.529
0.325
0.487
0.245
0.819
0.741
0.764
0.798
0.836
0.15
0.029
0.6
0.637
0.509
0.508
0.057
0.832
0.722
0.661
0.53
0.782
0.566
0.911
0.016
0.706
0.026
0.922
0.573
0.705
0.885
0.968
0.158
0.034
0.523
0.37
0.821
0.262
0.94
0.718
0.501
0.866
0.028
0.917
0.407
0.41
0.659
0.829
0.126
0.106
0.195
0.573
0.099
0.791
0.563
0.56
0.279
0.768
0.302
0.819
0.818
0.924
0.174
0.085
0.961
0.282
0.355
0.151
0.134
0.283
0.979
0.128
0.759
0.184
0.132
0.988
0.536
0.542
0.91
0.005
0.456
0.799
0.414
0.431
0.438
0.042
0.602
0.943
0.006
0.552
0.031
0.418
0.127
0.867
0.643
0.947
0.962
0.386
0.68
0.73
0.604
0.101
0.96
0.598
0.152
0.808
0.358
0.719
0.838
0.87
0.035
0.782
0.488
0.336
0.58
0.249
0.577
0.313
0.405
0.282
0.454
0.713
0.456
0.785
0.413
0.25
0.709
0.454
0.856
0.394
0.417
0.308
0.293
0.638
0.058
0.579
0.839
0.494
0.995
0.39
0.137
0.719
0.467
0.175
0.53
0.712
0.143
0.589
0.018
0.633
0.311
0.127
0.002
0.889
0.589
0.302
0.771
0.033
0.778
0.255
0.891
0.716
0.686
0.193
0.974
0.079
0.004
0.009
0.667
0.259
0.999
0.873
0.621
0.464
0.753
0.682
0.228
0.125
0.751
0.425
0.815
0.142
0.485
0.164
0.952
0.426
0.164
0.495
0.732
0.346
0.803
0.135
0
0.773
0.375
0.095
0.826
0.009
0.563
0.306
0.474
0.432
0.58
0.636
0.747
0.024
0.135
0.588
0.211
0.389
0.358
0.875
0.24
0.796
0.543
0.335
0.363
0.507
0.855
0.944
0.426
0.71
0.82
0.453
0.657
0.22
0.706
0.994
0.657
0.556
0.526
0.333
0.613
0.439
0.331
0.334
0.087
0.892
0.181
0.49
0.819
0.995
0.467
0.732
0.315
0.729
0.461
0.606
0.262
0.515
0.737
0.838
0.763
0.533
0.046
0.775
0.351
0.24
0.607
0.234
0.178
0.881
0.924
0.712
0.766
0.815
0.136
0.3
0.328
0.302
0.613
0.566
0.273
0.152
0.094
0.306
0.911
0.664
0.345
0.389
0.338
0.869
0.496
0.011
0.688
0.203
0.165
0.447
0.174
0.633
0.146
0.835
0.745
0.623
0.122
0.882
0.149
0.56
0.277
0.108
0.834
0.607
0.557
0.734
0.188
0.955
0.75
0.182
0.919
0.843
0.92
0.023
0.23
0.106
0.87
0.453
0.551
0.749
0.614
0.75
0.822
0.419
0.722
0.17
0.917
0.218
0.432
0.659
0.342
0.397
0.229
0.944
0.035
0.493
0.307
0.612
0.821
0.227
0.739
0.966
0.836
0.566
0.076
0.863
0.51
0.578
0.344
0.701
0.047
0.733
0.874
0.849
0.699
0.415
0.156
0.226
0.92
0.67
0.605
0.937
0.441
0.407
0.423
0.801
0.877
0.161
0.091
0.499
0.87
0.352
0.307
0.98
0.017
0.133
0.002
0.439
0.56
0.549
0.055
0.795
0.489
0.434
0.81
0
0.719
0.405
0.255
0.71
0.949
0.591
0.31
0.592
0.959
0.278
0.788
0.06
0.779
0.663
0.77
0.284
0.446
0.675
0.284
0.526
0.305
0.076
0.863
0.045
0.982
0.864
0.262
0.746
0.882
0.969
0.682
0.023
0.139
0.956
0.153
0.69
0.13
0.719
0.032
0.488
0.714
0.949
0.458
0.926
0.694
0.9
0.66
0.658
0.8
0.177
0.28
0.472
0.144
0.865
0.968
0.354
0.511
0.388
0.947
0.374
0.217
0.489
0.276
0.221
0.433
0.033
0.379
0.797
0.737
0.296
0.756
0.715
0.469
0.387
0.881
0.678
0.868
0.801
0.598
0.864
0.322
0.11
0.687
0.088
0.045
0.796
0.739
0.186
0.334
0.406
0.344
0.466
0.539
0.771
0.786
0.013
0.853
0.57
0.647
0.394
0.5
0.624
0.289
0.988
0.785
0.29
0.584
0.54
0.725
0.465
0.033
0.733
0.536
0.903
0.52
0.246
0.732
0.822
0.514
0.749
0.828
0.017
0.581
0.217
0.858
0.503
0.175
0.568
0.576
0.638
0.794
0.934
0.512
0.563
0.775
0.132
0.372
0.946
0.836
0.697
0.263
0.573
0.623
0.9
0.213
0.872
0.7
0.757
0.205
0.01
0.995
0.991
0.272
0.108
0.868
0.47
0.935
0.51
0.397
0.618
0.094
0.957
0.888
0.077
0.384
0.299
0.111
0.574
0.108
0.558
0.134
0.038
0.26
0.381
0.824
0.344
0.677
0.965
0.754
0.454
0.321
0.268
0.96
0.196
0.763
0.383
0.238
0.123
0.878
0.828
0.221
0.305
0.541
0.447
0.126
0.371
0.507
0.447
0.686
0.448
0.171
0.557
0.118
0.991
0.507
0.279
0.992
0.073
0.385
0.452
0.924
0.057
0.95
0.135
0.907
0.209
0.46
0.409
0.071
0.591
0.246
0.928
0.994
0.425
0.46
0.117
0.599
0.821
0.144
0.058
0.032
0.609
0.145
0.936
0.008
0.82
0.606
0.049
0.49
0.637
0.196
0.472
0.041
0.868
0.168
0.978
0.884
0.505
0.275
0.451
0
0.552
0.739
0.543
0.805
0.996
0.295
0.391
0.013
0.301
0.431
0.972
0.323
0.795
0.954
0.521
0.176
0.598
0.865
0.506
0.942
0.398
0.477
0.602
0.294
0.194
0.419
0.083
0.695
0.813
0.553
0.216
0.831
0.108
0.568
0.943
0.163
0.525
0.96
0.966
0.59
0.12
0.446
0.372
0.446
0.112
0.788
0.261
0.524
0.382
0.065
0.822
0.224
0.115
0.452
0.95
0.236
0.612
0.714
0.752
0.734
0.106
0.485
0.777
0.678
0.595
0.54
0.307
0.419
0.331
0.202
0.2
0.565
0.558
0.718
0.379
0.021
0.777
0.274
0.535
0.728
0.561
0.493
0
0.22
0.212
0.1
0.966
0.084
0.932
0.233
0.614
0.6
0.961
0.354
0.696
0.464
0.781
0.996
0.489
0.831
0.543
0.679
0.537
0.256
0.357
0.054
0.29
0.368
0.541
0.71
0.78
0.137
0.569
0.445
0.38
0.212
0.002
0.957
0.562
0.291
0.068
0.266
0.08
0.629
0.988
0.854
0.5
0.63
0.338
0.455
0.147
0.54
0.42
0.238
0.12
0.092
0.775
0.737
0.184
0.243
0.046
0.8
0.189
0.715
0.025
0.569
0.984
0.164
0.707
0.104
0.997
0.227
0.49
0.751
0.911
0.107
0.411
0.586
0.17
0.745
0.66
0.156
0.431
0.751
0.802
0.452
0.401
0.445
0.932
0.231
0.693
0.728
0.513
0.166
0.527
0.026
0.407
0.447
0.342
0.03
0.209
0.19
0.551
0.695
0.572
0.137
0.916
0.294
0.128
0.832
0.968
0.59
0.431
0.394
0.565
0.229
0.284
0.888
0.026
0.994
0.982
0.039
0.02
0.304
0.43
0.491
0.899
0.299
0.345
0.854
0.884
0.46
0.87
