0.504
0.732
0.213
0.944
0.824
0.192
0.665
0.051
0.338
0.615
0.238
0.819
0.111
0.383
0.634
0.193
0.815
0.227
0.296
0.316
0.239
0.848
0.172
0.951
0.064
0.239
0.887
0.836
0.533
0.231
0.97
0.852
0.585
0.998
0.028
0.433
0.174
0.564
0.397
0.218
0.931
0.817
0.375
0.223
0.763
0.621
0.343
0.29
0.48
0.512
0.049
0.223
0.247
0.655
0.861
0.554
0.302
0.21
0.903
0.519
0.232
0.742
0.363
0.917
0.523
0.785
0.693
0.039
0.957
0.828
0.683
0.736
0.407
0.717
0.392
0.977
0.776
0.598
0.324
0.625
0
0.498
0.37
0.089
0.32
0.018
0.608
0.207
0.321
0.416
0.822
0.728
0.887
0.428
0.332
0.176
0.877
0.186
0.253
0.221
0.347
0.056
0.334
0.242
0.977
0.747
0.222
0.398
0.243
0.954
0.071
0.187
0.814
0.672
0.471
0.089
0.686
0.455
0.763
0.317
0.175
0.954
0.167
0.594
0.439
0.564
0.053
0.472
0.128
0.433
0.245
0.855
0.907
0.596
0.982
0.955
0.018
0.861
0.55
0.346
0.439
0.405
0.051
0.294
0.618
0.389
0.115
0.438
0.562
0.414
0.878
0.442
0.653
0.229
0.277
0.531
0.62
0.565
0.85
0.475
0.909
0.555
0.61
0.694
0.51
0.88
0.571
0.175
0.61
0.264
0.985
0.443
0.592
0.939
0.898
0.522
0.941
0.278
0.734
0.972
0.924
0.97
0.513
0.413
0.514
0.984
0.002
0.205
0.823
0.502
0.877
0.21
0.19
0.123
0.438
0.203
0.669
0.221
0.089
0.305
0.915
0.456
0.274
0.627
0.162
0.894
0.377
0.078
0.329
0.735
0.16
0.002
0.942
0.347
0.774
0.264
0.351
0.976
0.198
0.506
0.289
0.523
0.327
0.894
0.986
0.084
0.315
0.512
0.209
0.098
0.9
0.096
0.11
0.368
0.633
0.524
0.141
0
0.841
0.34
0.27
0.607
0.619
0.246
0.156
0.222
0.52
0.218
0.009
0.611
0.799
0.978
0.325
0.781
0.556
0.391
0.968
0.238
0.049
0.863
0.397
0.401
0.783
0.635
0.104
0.135
0.979
0.87
0.94
0.827
0.626
0.73
0.319
0.557
0.11
0.407
0.046
0.034
0.048
0.972
0.555
0.511
0.095
0.144
0.562
0.423
0.213
0.647
0.926
0.568
0.556
0.809
0.975
0.901
0.503
0.013
0.885
0.547
0.42
0.793
0
0.571
0.279
0.22
0.262
0.199
0.651
0.494
0.401
0.759
0.188
0.814
0.892
0.766
0.493
0.629
0.488
0.213
0.616
0.601
0.09
0.326
0.194
0.669
0.334
0.945
0.693
0.207
0.794
0.548
0.973
0.365
0.189
0.197
0.101
0.635
0.724
0.56
0.087
0.256
0.822
0.132
0.153
0.513
0.274
0.036
0.336
0.081
0.908
0.974
0.86
0.862
0.768
0.78
0.325
0.441
0.979
0.609
0.353
0.188
0.964
0.98
0.154
0.191
0.114
0.689
0.488
0.881
0.568
0.061
0.821
0.17
0.152
0.191
0.549
0.178
0.726
0.007
0.164
0.275
0.749
0.189
0.508
0.121
0.513
0.109
0.909
0.016
0.237
0.993
0.914
0.883
0.958
0.275
0.659
0.7
0.224
0.411
0.448
0.614
0.03
0.661
0.322
0.03
0.328
0.398
0.12
0.994
0.322
0.907
0.618
0.742
0.29
0.878
0.74
0.462
0.984
0.888
0.165
0.516
0.883
0.318
0.875
0.482
0.575
0.597
0.858
0.922
0.533
0.911
0.863
0.85
0.775
0.971
0
0.335
0.658
0.364
0.242
0.653
0.028
0.335
0.223
0.188
0.391
0.196
0.073
0.655
0.055
0.883
0.539
0.797
0.94
0.438
0.885
0.626
0.175
0.116
0.476
0.077
0.859
0.848
0.327
0.363
0.693
0.524
0.435
0.426
0.283
0.307
0.903
0.068
0.935
0.412
0.244
0.322
0.788
0.514
0.213
0.583
0.13
0.145
0.245
0.121
0.239
0.684
0.015
0.514
0.785
0.764
0.395
0.471
0.846
0.335
0.343
0.639
0.153
0.226
0.726
0.443
0.408
0.1
0.059
0.199
0.106
0.922
0.389
0.249
0.815
0.718
0.799
0.866
0.165
0.47
0.598
0.303
0.468
0.71
0.622
0.75
0.018
0.403
0.386
0.662
0.069
0.069
0.811
0.806
0.531
0.651
0.979
0.406
0.054
0.715
0.895
0.109
0.118
0.374
0.099
0.277
0.748
0.142
0.145
0.41
0.428
0.905
0.67
0.835
0.803
0.409
0.492
0.455
0.874
0.254
0.569
0
0.784
0.616
0.143
0.617
0.208
0.96
0.295
0.453
0.371
0.873
0.312
0.519
0.184
0.432
0.825
0.729
0.815
0.102
0.033
0.923
0.674
0.833
0.868
0.181
0.048
0.093
0.461
0.451
0.469
0.162
0.675
0.959
0.943
0.062
0.205
0.023
0.533
0.337
0.165
0.757
0.434
0.516
0.514
0.361
0.44
0.097
0.17
0.938
0.692
0.676
0.681
0.803
0.31
0.557
0.13
0.77
0.701
0.381
0.41
0.808
0.835
0.27
0.053
0.192
0.609
0.367
0.083
0.51
0.565
0.548
0.958
0.441
0.525
0.819
0.801
0.358
0.342
0.72
0.414
0.979
0.298
0.26
0.576
0.791
0.97
0.689
0.788
0.541
0.337
0.181
0.404
0.281
0.311
0.889
0.167
0.357
0.841
0.714
0.845
0.055
0.125
0.837
0.861
0.953
0.8
0.881
0.028
0.513
0.053
0.86
0.397
0.302
0.469
0.057
0.906
0.38
0.803
0.982
0.695
0.44
0.067
0.72
0.878
0.542
0.962
0.713
0.09
0.752
0.955
0.724
0.434
0.122
0.202
0.263
0.649
0.405
0.52
0.444
0.371
0.802
0.745
0.61
0.223
0.376
0.141
0.541
0.747
0.134
0.958
0.37
0.379
0.842
0.24
0.684
0.386
0.22
0.548
0.83
0.98
0.491
0.526
0.692
0.709
0.835
0.513
0
0.274
0.238
0.439
0.78
0.275
0.706
0.233
0.489
0.43
0.262
0.944
0.447
0.075
0.304
0.418
0.207
0.925
0.05
0.755
0.265
0.137
0.201
0.842
0.48
0.739
0.191
0.325
0.335
0.046
0.515
0.24
0.709
0.357
0.661
0.57
0.142
0.656
0.834
0.99
0.161
0.631
0.241
0.86
0.162
0.395
0.805
0.259
0.683
0.799
0.804
0.663
0.126
0.874
0.336
0.241
0.234
0.074
0.144
0.435
0.113
0.569
0.609
0.197
0.501
0.883
0.562
0.313
0.71
0.22
0.84
0.494
0.955
0.333
0.343
0.449
0.612
0.347
0.82
0.069
0.57
0.768
0.86
0.851
0.215
0.103
0.707
0.518
0.212
0.154
0.245
0.751
0.858
0.129
0.37
0.431
0.032
0.306
0.448
0.125
0.897
0.008
0.06
0.677
0.329
0.07
0.979
0.37
0.307
0.415
0.948
0.376
0.999
0.124
0.583
0.387
0.88
0.569
0.419
0.821
0.829
0.787
0.306
0.141
0.522
0.299
0.749
0.961
0.952
0.133
0.384
0.255
0.693
0.217
0.721
0.741
0.405
1.0
0.625
0.598
0.936
0.641
0.728
0.746
0.916
0.172
0.603
0.284
0.251
0.499
0.262
0.712
0.867
0.211
0.49
0.393
0.816
0.428
0.044
0.499
0.659
0.196
0.516
0.138
0.619
0.991
0.32
0.438
0.208
0.237
0.725
0.06
0.129
0.633
0.454
0.292
0.281
0.872
0.529
0.931
0.578
0.372
0.702
0.721
0.739
0.218
0.564
0.215
0.659
0.115
0.551
1.0
0.694
0.859
0.816
0.51
0.246
0.54
0.27
0.963
0.85
0.073
0.694
0.84
0.895
0.93
0.27
0.024
0.907
0.119
0.182
0.623
0.079
0.201
0.578
0.875
0.274
0.519
0.622
0.068
0.768
0.028
0.434
0.451
0.299
0.863
0.438
0.12
0.4
0.521
0.359
0.118
0.724
0.527
0.296
0.294
0.194
0.194
0.163
0.63
0.63
0.321
0.604
0.163
0.888
0.084
0.948
0.534
0.022
0.082
0.205
0.106
0.958
0.247
0.361
0.84
0.49
0.398
0.091
0.777
0.03
0.982
0.958
0.624
0.138
0.573
0.262
0.799
0.932
0.226
0.468
0.813
0.553
0.785
0.243
0.136
0.072
0.825
0.242
