0.747
0.855
0.14
0.202
0.18
0.941
0.61
0.114
0.889
0.566
0.62
0.005
0.86
0.065
0.951
0.446
0.843
0.962
0.873
0.467
0.992
0.398
0.171
0.454
0.042
0.107
0.543
0.292
0.256
0.969
0.714
0.675
0.489
0.755
0.481
0.019
0.005
0.105
0.742
0.722
0.033
0.768
0.047
0.641
0.267
0.154
0.368
0.421
0.341
0.314
0.832
0.043
0.37
0.544
0.358
0.406
0.171
0.755
0.339
0.654
0.781
0.378
0.389
0.655
0.408
0.763
0.656
0.462
0.278
0.687
0.959
0.234
0.642
0.683
0.266
0.028
0.323
0.399
0.935
0.427
0.786
0.338
0.832
0.051
0.711
0.814
0.749
0.61
0.294
0.051
0.246
0.789
0.011
0.12
0.971
0.258
0.145
0.197
0.544
0.145
0.023
0.235
0.142
0.78
0.365
0.494
0.14
0.501
0.446
0.979
0.359
0.25
0.464
0.892
0.864
0.356
0.908
0.204
0.996
0.718
0.659
0.597
0.038
0.214
0.572
0.817
0.788
0.989
0.743
0.626
0.826
0.641
0.497
0.208
0.919
0.482
0.248
0.784
0.808
0.465
0.647
0.053
0.132
1.0
0.999
0.648
0.304
0.452
0.431
0.18
0.205
0.401
0.231
0.496
0.658
0.683
0.35
0.879
0.068
0.605
0.494
0.802
0.511
0.85
0.207
0.236
0.522
0.509
0.204
0.325
0.335
0.897
0.168
0.574
0.693
0.549
0.233
0.006
0.196
0.04
0.148
0.358
0.761
0.953
0.624
0.265
0.265
0.261
0.908
0.013
0.233
0.702
0.684
0.888
0.497
0.331
0.02
0.826
0.977
0.297
0.616
0.98
0.071
0.501
0.289
0.291
0.128
0.635
0.327
0.261
0.316
0.504
0.882
0.585
0.226
0.896
0.859
0.693
0.778
0.536
0.692
0.065
0.057
0.263
0.288
0.156
0.858
0.478
0.492
0.456
0.324
0.1
0.182
0.554
0.008
0.244
0.423
0.131
0.197
0.351
0.651
0.365
0.982
0.605
0.915
0.26
0.645
0.212
0.398
0.931
0.765
0.722
0.039
0.409
0.251
0.349
0.815
0.927
0.93
0.751
0.653
0.651
0.5
0.468
0.643
0.752
0.582
0.481
0.358
0.528
0.604
0.335
0.131
0.195
0.662
0.865
0.073
0.56
0.019
0.483
0.83
0.516
0.265
0.325
0.048
0.701
0.358
0.059
0.447
0.914
0.715
0.753
0.144
0.04
0.876
0.26
0.862
0.853
0.972
0.786
0.338
0.375
0.266
0.043
0.729
0.113
0.034
0.018
0.685
0.056
0.568
0.735
0.777
0.558
0.218
0.962
0.054
0.599
0.768
0.199
0.599
0.724
0.999
0.693
0.498
0.521
0.359
0.273
0.407
0.09
0.268
0.098
0.094
0.715
0.079
0.993
0.022
0.269
0.004
0.103
0.904
0.12
0.217
0.371
0.567
0.338
0.684
0.204
0.449
0.15
0.651
0.707
0.473
0.769
0.426
0.642
0.495
0.172
0.074
0.748
0.03
0.655
0.675
0.611
0.83
0.401
0.922
0.257
0.634
0.053
0.856
0.588
0.88
0.171
0.646
0.59
0.391
0.897
0.493
0.685
0.222
0.695
0.996
0.47
0.542
0.961
0.424
0.335
0.613
0.455
0.073
0.389
0.175
0.083
0.227
0.211
0.253
0.784
0.736
0.518
0.86
0.681
0.781
0.867
0.157
0.828
0.763
0.479
0.825
0.081
0.171
0.758
0.381
0.723
0.418
0.333
0.932
0.928
0.297
0.365
0.23
0.821
0.252
0.831
0.075
0.495
0.48
0.639
0.046
0.392
0.638
0.819
0.341
0.311
0.789
0.465
0.308
0.406
0.776
0.508
0.843
0.176
0.833
0.348
0.71
0.955
0.442
0.969
0.116
0.026
0.512
0.002
0.923
0.767
0.938
0.144
0.709
0.654
0.066
0.979
0.122
0.155
0.35
0.07
0.859
0.091
0.945
0.754
0.504
0.336
0.321
0.326
0.91
0.101
0.232
0.531
0.346
0.597
0.808
0.738
0.662
0.665
0.752
0.721
0.295
0.109
0.251
0.814
0.418
0.678
0.291
0.729
0.955
0.969
0.906
0.809
0.141
0.26
0.028
0.997
0.213
0.902
0.661
0.774
0.619
0.228
0.681
0.123
0.345
0.63
0.065
0.803
0.614
0.941
0.609
0.298
0.291
0.113
0.038
0.427
0.824
0.025
0.013
0.602
0.575
0.507
0.679
0.481
0.67
0.267
0.719
0.785
0.338
0.155
0.012
0.995
0.246
0.817
0.725
0.775
0
0.207
0.42
0.589
0.655
0.959
0.114
0.802
0.403
0.552
0.881
0.571
0.426
0.996
0.216
0.753
0.622
0.511
0.255
0.261
0.759
0.909
0.501
0.094
0.171
0.5
0.348
0.729
0.417
0.874
0.242
0.801
0
0.397
0.226
0.634
0.448
0.25
0.163
0.121
0.778
0.182
0.463
0.34
0.11
0.842
0.427
0
0.181
0.319
0.306
0.711
0.592
0.59
0.845
0.385
0.222
0.996
0.94
0.768
0.558
0.83
0.82
0.098
0.736
0.462
0.338
0.053
0.162
0.349
0.088
0.851
0.697
0.764
0.335
0.406
0.977
0.431
0.983
0.005
0.609
0.753
0.316
0.994
0.181
0.18
0.344
0.488
0.52
0.003
0.217
0.83
0.466
0.239
0.729
0.524
0.131
0.291
0.082
0.405
0.922
0.57
0.341
0.546
0.214
0.419
0.766
0.317
0.931
0.382
0.258
0.799
0.31
0.733
0.038
0.199
0.496
0.209
0.638
0.942
0.351
0.695
0.535
0.889
0.858
0
0.762
0.765
0.702
0.785
0.045
0.393
0.929
0.134
0.541
0.652
0.154
0.004
0.364
0.439
0.09
0.835
0.455
0.441
0.097
0.09
0.924
0.626
0.052
0.523
0.401
0.291
0.035
0.687
0.521
0.619
0.116
0.438
0.217
0.017
0.734
0.933
0.597
0.041
0.181
0.897
0.982
0.551
0.493
0.006
0.816
0.812
0.615
0.595
0.478
0.465
0.313
0.989
0.245
0.718
0.878
0.242
0.396
0.913
0.823
0.614
0.985
0.457
0.733
0.792
0.121
0.798
0.566
0.38
0.75
0.895
0.694
0.619
0.929
0.883
0.717
0.514
0.816
0.633
0.557
0.326
0.195
0.718
0.822
0.772
0.036
0.337
0.916
0.382
0.129
0.53
0.15
0.558
0.212
0.757
0.268
0.838
0.0
0.041
0.608
0.387
0.939
0.545
0.564
0.948
0.806
0.501
0.654
0.407
0.201
0.337
0.484
0.656
0.343
0.889
0.723
0.346
0.38
0.314
0.461
0.808
0.767
0.472
0.43
0.211
0.671
0.067
0.584
0
0.702
0.691
0.451
0.715
0.183
0.917
0.974
0.185
0.435
0.087
0.506
0.896
0.456
0.306
0.054
0.835
0.59
0.807
0.188
0.344
0.145
0.049
0.135
0.8
0.158
0.612
0.681
0.375
0.288
0.169
0.228
0.707
0.708
0.495
0.428
0.77
0.041
0.246
0.43
0.475
0.523
0.327
0.619
0.081
0.622
0.465
0.363
0.384
0.554
0.984
0.647
0.104
0.521
0.791
0.444
0.478
0.201
0.164
0.864
0.291
0.075
0.882
0.243
0.895
0.485
0.048
0.933
0.041
0.732
0.517
0.254
0.146
0.862
0.925
0.018
0.821
0.971
0.997
0.152
0.663
0.184
0.769
0.62
0.472
0.874
0.888
0.523
0.146
0.107
0.101
0.91
0.157
0.318
0.512
0.135
0.071
0.02
0.027
0.404
0.01
0.689
0.523
0.099
0.417
0.589
0.476
0.572
0.559
0.406
0.564
0.32
0.124
0.016
0.88
0.007
0.893
0.771
0.258
0.218
0.385
0.129
0.277
0.159
0.096
0.065
0.76
0.534
0.985
0.82
0.162
0.527
0.248
0.79
0.853
0.092
0.007
0.999
0.514
0.522
0.18
0.003
0.036
0.339
0.816
0.701
0.662
0.546
0.703
0.975
0.345
0.033
0.548
0.804
0.66
0.598
0.539
0.089
0.012
0.659
0.392
0.661
0.901
0.069
0.658
0.077
0.479
0.71
0.879
0.962
0.043
0.79
0.629
0.032
0.654
0.294
0.503
0.88
0.506
0.177
0.415
0.285
0.918
0.69
0.423
0.979
0.179
0.812
0.86
0.873
0.522
0.103
0.092
0.804
0.464
0.958
0.857
0.21
0.998
0.817
0.157
0.852
0.343
0.155
0.001
0.571
0.369
