0.455
0.211
0.487
0.177
0.38
0.421
0.745
0.94
0.401
0.767
0.949
0.72
0.033
0.363
0.701
0.204
0.225
0.438
0.186
0.28
0.892
0.411
0.821
0.122
0.433
0.008
0.117
0.922
0.262
0.07
0.82
0.861
0.869
0.209
0.172
0.451
0.196
0.629
0.22
0.271
0
0.202
0.591
0.36
0.876
0.961
0.991
0.472
0.521
0.361
0.211
0.642
0.694
0.676
0.136
0.165
0.928
0.112
0.61
0.362
0.476
0.904
0.845
0.052
0.202
0.981
0.395
0.354
0.792
0.935
0.453
0.413
0.308
0.302
0.506
0.907
0.354
0.62
0.645
0.703
0.896
0.129
0.204
0.062
0.169
0.878
0.991
0.573
0.65
0.066
0.517
0.872
0.753
0.567
0.506
0.74
0.875
0.564
0.098
0.519
0.127
0.276
0.159
0.049
0.34
0.834
0.332
0.286
0.51
0.566
0.116
0.832
0.275
0.657
0.506
0.76
0.436
0.521
0.603
0.092
0.898
0.342
0.924
0.315
0.721
0.96
0.273
0.073
0.278
0.001
0.827
0.81
0.485
0.397
0.626
0.246
0.599
0.817
0.685
0.436
0.26
0.045
0.342
0.935
0.928
0.376
0.258
0.716
0.589
0.626
0.246
0.918
0.389
0.309
0.863
0.893
0.48
0.11
0.533
0.823
0.039
0.346
0.272
0.77
0.699
0.635
0.894
0.454
0.29
0.24
0.354
0.594
0.779
0.328
0.877
0.641
0.449
0.083
0.332
0.557
0.956
0.438
0.542
0.244
0.068
0.234
0.866
0.932
0.373
0.569
0.233
0.83
0.488
0.061
0.612
0.877
0.901
0.262
0.964
0.889
0.472
0.527
0.311
0.435
0.662
0.119
0.648
0.204
0.44
0.259
0.596
0.303
0.402
0.241
0.141
0.698
0.218
0.777
0.877
0.332
0.408
0.855
0.321
0.201
0.122
0.234
0.567
0.578
0.916
0.759
0.074
0.014
0.873
0.983
0.028
0.322
0.192
0.158
0.253
0.044
0.528
0.812
0.105
0.423
0.821
0.405
0.102
0.413
0.567
0.746
0.016
0.883
0.493
0.016
0.656
0.476
0.306
0.078
0.954
0.261
0.792
0.501
0.786
0.117
0.011
0.658
0.112
0.631
0.94
0.118
0.131
0.748
0.83
0.866
0.597
0.942
0.087
0.057
0.812
0.766
0.015
0.849
0.178
0.349
0.279
0.569
0.61
0.237
0.665
0.226
0.619
0.013
0.405
0.005
0.471
0.43
0.376
0.646
0.316
0.754
0.205
0.114
0.472
0.148
0.845
0.121
0.954
0.419
0.967
0.682
0.995
0.772
0.185
0.399
0.191
0.748
0.608
0.018
0.717
0.045
0.702
0.152
0.402
0.875
0.087
0.535
0.961
0.2
0.152
0.992
0.331
0.578
0.806
0.145
0.168
0.288
0.361
0.163
0.223
0.442
0.537
0.616
0.381
0.449
0.099
0.934
0.781
0.507
0.518
0.491
0.175
0.303
0.409
0.504
0.056
0.692
0.942
0.58
0.898
0.815
0.261
0.716
0.744
0.514
0.395
0.413
0.959
0.63
0.766
0.544
0.157
0.2
0.796
0.776
0.261
0.119
0.289
0.972
0.27
0.275
0.46
0.306
0.632
0.822
0.734
0.332
0.316
0.214
0.05
0.283
0.977
0.347
0.93
0.17
0.338
0.677
0.998
0.58
0.486
0.761
0.91
0.706
0.455
0.765
0.883
0.002
0.841
0.585
0.76
0.335
0.221
0.285
0.876
0.959
0.769
0.253
0.031
0.129
0.14
0.974
0.094
0.789
0.432
0.174
0.304
0.969
0.709
0.659
0.219
0.491
0.978
0.128
0.884
0.587
0.037
0.056
0.789
0.332
0.487
0.611
0.796
0.119
0.262
0.383
0.637
0.609
0.393
0.471
0.224
0.19
0.955
0.204
0.912
0.813
0.853
0.837
0.289
0.423
0.723
0.042
0.64
0.095
0.483
0.953
0.138
0.304
0.252
0.87
0.329
0.169
0.711
0.182
0.255
0.952
0.366
0.105
0.436
0.685
0.106
0.779
0.583
0.15
0.543
0.528
0.027
0.893
0.571
0.464
0.783
0.553
0.517
0.181
0.61
0.367
0.573
0.7
0.247
0.419
0.545
0.887
0.192
0.794
0.112
0.379
0.318
0.887
0.647
0.011
0.988
0.698
0.669
0.912
0.403
0.746
0.479
0.971
0.379
0.589
0.175
0.18
0.726
0.37
0.399
0.488
0.098
0.279
0.034
0.885
0.232
0.73
0.323
0.319
0.708
0.075
0.841
0.051
0.392
0.995
0.739
0.313
0.208
0.42
0.989
0.83
0.637
0.912
0.463
0.247
0.986
0.973
0.546
0.515
0.282
0.932
0.922
0.976
0.853
0.569
0.71
0.122
0.344
0.929
0.712
0.45
0.979
0.784
0.687
0.278
0.269
0.076
0.983
0.525
0.389
0.641
0.025
0.54
0.541
0.047
0.071
0.737
0.392
0.47
0.164
0.976
0.004
0.116
0.767
0.192
0.213
0.974
0.423
0.633
0.404
0.076
0.052
0.536
0.603
0.385
0.142
0.838
0.996
0.84
0.282
0.149
0.628
0.334
0.923
0.956
0.297
0.662
0.839
0.502
0.669
0.754
0.548
0.164
0.452
0.981
0.333
0.076
0.379
0.007
0.84
0.09
0.832
0.454
0.911
0.1
0.449
0.53
0.827
0.074
0.308
0.979
0.17
0.4
0.325
0.081
0.837
0.903
0.887
0.233
0.925
0.973
0.469
0.146
0.824
0.463
0.419
0.516
0.263
0.801
0.101
0.505
0.51
0.341
0.174
0.422
0.897
0.342
0.699
0.731
0.573
0.015
0.537
0.902
0.007
0.842
0.414
0.485
0
0.67
0.665
0.971
0.113
0.885
0.314
0.833
0.501
0.784
0.527
0.392
0.725
0.417
0.187
0.7
0.827
0.992
0.713
0.851
0.57
0.906
0.857
0.387
0.463
0.593
0.249
0.136
0.034
0.222
0.981
0.196
0.256
0.302
0.594
0.203
0.024
0.217
0.224
0.223
0.433
0.837
1.0
0.973
0.491
0.849
0.672
0.524
0.665
0.215
0.302
0.415
0.433
0.693
0.569
0.508
0.687
0.666
0.271
0.65
0.46
0.744
0.17
0.677
0.254
0.964
0.838
0.815
0.841
0.704
0.068
0.304
0.275
0.049
0.442
0.133
0.533
0.586
0.629
0.611
0.103
0.971
0.819
0.375
0.671
0.216
0.47
0.892
0.385
0.293
0.514
0.33
0.936
0.566
0.552
0.477
0.077
0.232
0.196
0.32
0.37
0.301
0.213
0.788
0.786
0.077
0.134
0.104
0.351
0.05
0.109
0.242
0.567
0.084
0.707
0.59
0.027
0.669
0.442
0.228
0.635
0.47
0.411
0.898
0.702
0.089
0.843
0.87
0.516
0.523
0.091
0.426
0.57
0.695
0.534
0.222
0.301
0.275
0.417
0.834
0.242
0.486
0.196
0.407
0.939
0.443
0.743
0.138
0.419
0.643
0.505
0.088
0.348
0.581
0.497
0.096
0.733
0.398
0.728
0.623
0.145
0.148
0.15
0.964
0.14
0.543
0.528
0.073
0.762
0.839
0
0.852
0.469
0.06
0.765
0.239
0.651
0.543
0.71
0.202
0.793
0.49
0.014
0.298
0.247
0.773
0.863
0.343
0.363
0.185
0.984
0.95
0.837
0.703
0.531
0.355
0.121
0.443
0.716
0.036
0.796
0.354
0.49
0.709
0.958
0.917
0.467
0.012
0.617
0.869
0.314
0.732
0.217
0.718
0.371
0.416
0.383
0.257
0.54
0.628
0.721
0.263
0.824
0.16
0.735
0.221
0.859
0.801
0.345
0.45
0.112
0.137
0.537
0.401
0.47
0.959
0.286
0.053
0.52
0.752
0.798
0.328
0.717
0.56
0.567
0.698
0.125
0.535
0.585
0.483
0.429
0.944
0.53
0.14
0.659
0.298
0.868
0.115
0.217
0.846
0.971
0.582
0.699
0.633
0.598
0.668
0.003
0.531
0.173
0.501
0.708
0.555
0.214
0.898
0.426
0.562
0.929
0.902
0.976
0.556
0.048
0.05
0.621
0.692
0.898
0.942
0.291
0.833
0.304
0.727
0.591
0.367
0.149
0.801
0.614
0.056
0.013
0.312
0.406
0.797
0.964
0.334
0.757
0.742
0.7
0.476
0.949
0.827
0.08
0.235
0.107
0.056
0.146
0.161
0.5
0.728
0.577
0.634
0.626
0.211
0.335
0.978
0.982
0.249
0.762
0.907
0.229
0.225
0.584
0.864
