0.34
0.827
0.559
0.016
0.637
0.386
0.248
0.902
0.504
0.938
0.074
0.004
0.352
0.867
0.905
0.143
0.386
0.397
0.85
0.38
0.512
0.949
0.073
0.109
0.743
0.541
0.144
0.509
0.366
0.745
0.243
0.51
0.284
0.627
0.767
0.472
0.649
0.298
0.213
0.742
0.774
0.912
0.643
0.148
0.877
0.445
0.136
0.87
0.449
0.873
0.218
0.942
0.062
0.436
0.698
0.141
0.084
0.115
0.832
0.314
0.343
0.797
0.458
0
0.801
0.129
0.723
0.425
0.364
0.078
0.843
0.948
0.844
0.755
0.485
0.019
0.082
0.87
0.156
0.762
0.808
0.759
0.036
0.774
0.809
0.701
0.818
0.945
0.914
0.248
0.387
0.213
0.4
0.362
0.871
0.174
0.31
0.936
0.91
0.801
0.503
0.304
0.901
0.369
0.644
0.749
0.81
0.908
0.848
0.979
0.498
0.625
0.224
0.347
0.901
0.491
0.366
0.738
0.283
0.863
0.098
0.56
0.084
0.887
0.566
0.423
0.651
0.347
0.743
0.16
0.758
0.22
0.24
0.178
0.738
0.701
0.443
0.393
0.797
0.938
0.809
0.836
0.886
0.353
0.564
0.713
0.932
0.634
0.384
0.877
0.041
0.742
0.199
0.27
0.613
0.271
0.725
0.243
0.891
0.101
0.723
0.009
0.268
0.568
0.281
0.777
0.995
0.431
0.094
0.333
0.416
0.574
0.673
0.437
0.914
0.54
0.267
0.475
0.491
0.18
0.522
0.935
0.875
0.007
0.994
0.58
0.685
0.384
0.539
0.26
0.029
0.365
0.006
0.385
0.382
0.335
0.286
0.005
0.702
0.695
0.159
0.329
0.502
0.584
0.309
0.026
0.648
0.011
0.599
0.709
0.257
0.808
0.637
0.333
0.834
0.514
0.101
0.783
0.373
0.539
0.622
0.246
0.753
0.281
0.958
0.343
0.328
0.968
0.424
0.135
0.088
0.828
0.942
0.005
0.963
0.277
0.374
0.404
0.574
0.662
0.645
0.727
0.787
0.674
0.221
0.511
0.289
0.116
0.727
0.857
0.138
0.86
0.187
0.877
0.167
0.44
0.786
0.241
0.496
0.589
0.389
0.427
0.249
0.902
0.56
0.193
0.09
0.196
0.49
0.515
0.336
0.16
0.498
0.478
0.845
0.713
0.046
0.319
0.189
0.844
0.477
0
0.551
0.801
0.039
0.136
0.1
0.965
0.163
0.567
0.426
0.194
0.997
0.479
0.371
0.715
0.159
0.964
0.767
0.217
0.395
0.999
0.116
0.0
0.546
0.282
0.312
0.399
0.11
0.482
0.306
0.499
0.471
0.272
0.177
0.108
0.611
0.489
0.806
0.983
0.268
0.963
0.055
0.546
0.337
0.345
0.456
0.866
0.111
0.092
0.108
0.837
0.317
0.843
0.461
0.883
0.512
0.668
0.613
1.0
0.802
0.56
0.22
0.821
0.891
0.109
0.914
0.205
0.304
0.151
0.142
0.2
0.829
0.526
0.24
0.662
0.526
0.057
0.275
0.753
0.809
0.1
0.396
0.514
0.297
0.113
0.361
0.798
0.461
0.552
0.031
0.89
0.286
0.914
0.155
0.816
0.682
0.828
0.72
0.768
0.652
0.931
0.896
0.027
0.881
0.474
0.929
0.69
0.732
0.129
0.597
0.936
0.35
0.642
0.288
0.39
0.674
0.426
0.4
0.366
0.356
0.973
0.843
0.691
0.305
0.046
0.49
0.653
0.605
0.308
0.492
0.678
0.393
0.34
0.709
0.172
0.929
0.678
0.818
0.481
0.085
0.844
0.84
0.005
0.907
0.666
0.727
0.089
0.984
0.158
0.648
0.718
0.09
0.589
0.886
0.339
0.329
0.421
0.386
0.725
0.021
0.909
0.73
0.557
0.252
0.305
0.231
0.979
0.885
0.225
0.181
0.365
0.828
0.817
0.691
0.91
0.798
0.604
0.091
0.357
0.859
0.873
0.54
0.896
0.071
0.24
0.977
0.171
0.716
0.478
0.734
0.168
0.777
0.435
0.937
0.903
0.891
0.562
0.598
0.758
0.094
0.547
0.205
0.339
0.687
0.156
0.667
0.419
0.847
0.416
0.262
0.784
0.123
0.144
0.46
0.936
0.128
0.422
0.119
0.389
0.395
0.908
0.075
0.579
0.224
0.041
0.214
0.583
0.387
0.753
0.954
0.932
0.712
0.038
0.648
0.984
0.573
0.49
0.628
0.261
0.472
0.608
0.58
0.763
0.964
0.38
0.679
0.105
0.951
0.75
0.866
0.172
0.023
0.422
0.085
0.881
0.317
0.461
0.33
0.733
0.158
0.716
0.711
0.067
0.869
0.399
0.799
0.053
0.431
0.806
0.961
0.862
0.508
0.202
0.55
0.362
0.375
0.43
0.235
0.783
0.445
0.122
0.777
0.149
0.722
0.688
0.019
0.676
0.862
0.032
0.865
0.823
0.435
0.287
0.133
0.423
0.883
0.081
0.458
0.072
0.251
0.246
0.793
0.752
0.562
0.759
0.321
0.233
0.796
0.521
0.169
0.92
0.281
0.694
0.86
0.512
0.196
0.125
0.264
0.523
0.711
0.466
0.207
0.855
0.96
0.783
0.1
0.409
0.231
0.301
0.897
0.502
0.367
0.568
0.839
0.731
0.008
0.404
0.502
0.348
0.103
0.496
0.709
0.896
0.241
0.215
0.255
0.647
0.674
0.795
0.436
0.526
0.888
0.359
0.383
0.516
0.597
0.091
0.81
0.678
0.745
0.128
0.334
0.754
0.852
0.854
0.899
0.368
0.196
0.152
0.115
0.784
0.762
0.911
0.072
0.449
0.611
0.198
0.824
0.867
0.059
0.347
0.428
0.619
0.023
0.525
0.476
0.392
0.968
0.966
0.659
0.441
0.031
0.308
0.855
0.319
0.922
0.672
0.211
0.302
0.466
0.196
0.442
0.265
0.635
0.683
0.928
0.245
0.582
0.625
0.841
0.129
0.918
0.504
0.801
0.246
0.422
0.646
0.531
0.465
0.721
0.956
0.612
0.9
0.91
0.438
0.578
0.895
0.691
0.739
0.716
0.58
0.354
0.804
0.633
0.046
0.653
0.612
0.749
0.384
0.762
0.274
0.536
0.409
0.462
0.109
0.967
0.818
0.281
0.936
0.106
0.943
0.904
0.289
0.074
0.008
0.373
0.483
0.94
0.833
0.745
0.992
0.19
0.097
0.318
0.189
0.189
0.288
0.575
0.34
0.765
0.725
0.376
0.062
0.858
0.789
0.854
0.992
0.488
0.833
0.41
0.541
0.804
0.902
0.317
0.667
0.965
0.474
0.81
0.075
0.631
0.644
0.335
0.772
0.47
0.685
0.04
0.255
0.107
0.27
0.532
0.511
0.193
0.033
0.288
0.146
0.071
0.348
0.023
0.472
0.616
0.939
0.387
0.551
0.692
0.702
0.078
0.387
0.563
0.762
0.25
0.831
0.304
0.76
0.3
0.219
0.418
0.624
0.24
0.67
0.185
0.306
0.327
0.512
0.964
0.529
0.925
0.752
0.182
0.841
0.322
0.281
0.007
0.131
0.23
0.016
0.498
0.663
0.591
0.685
0.595
0.315
0.046
0.936
0.111
0.447
0.034
0.449
0.265
0.674
0.84
0.859
0.058
0.21
0.646
0
0.044
0.595
0.997
0.008
0.974
0.907
0.752
0.475
0.103
0.39
0.029
0.222
0.073
0.476
0.579
0.434
0.09
0.939
0.988
0.826
0.278
0.658
0.576
0.459
0.055
0.474
0.138
0.838
0.436
0.472
0.471
0.004
0.094
0.948
0.697
0.804
0.043
0.011
0.439
0.143
0.534
0.19
0.846
0.184
0.419
0.307
0
0.401
0.331
0.556
0.29
0.527
0.924
0.039
0.617
0.058
0.687
0.407
0.839
0.526
0.052
0.549
0.611
0.93
0.175
0.527
0.595
0.714
0.141
0.176
0.498
0.829
0.352
0.26
0.788
0.48
0.084
0.392
0
0.754
0.515
0.25
0.089
0.246
0.372
0.519
0.626
0.673
0.506
0.774
0.961
0.239
0.784
0.233
0.713
0.783
0.08
0.801
0.833
0.309
0.116
0.03
0.725
0.258
0.45
0.091
0.546
0.256
0.91
0.679
0.32
0.731
0.063
0.392
0.757
0.118
0.608
0.082
0.135
0.271
0.231
0.344
0.166
0.539
0.534
0.089
0.421
0.548
0.348
0.403
0.566
0.557
0.37
0.909
0.126
0.448
0.447
0.548
0.676
0.322
0.663
0.549
0.836
0.383
0.555
0.937
0.199
0.753
0.179
0.346
0.516
0.97
0.667
0.252
