0.455
0.251
0.285
0.9
0.903
0.281
0.396
0.878
0.924
0.38
0.065
0.748
0.742
0.832
0.572
0.759
0.541
0.584
0.916
0.885
0.432
0.466
0.327
0.799
0.905
0.753
0.728
0.868
0.42
0.09
0.736
0.996
0.048
0.291
0.833
0.315
0.085
0.795
0.588
0.989
0.961
0.865
0.093
0.418
0.888
0.095
0.483
0.952
0.499
0.99
0.199
0.886
0.794
0.141
0.194
0.477
0
0.834
0.619
0.796
0.958
0.863
0.188
0.269
0.966
0.186
0.308
0.375
0.913
0.479
0.965
0.265
0.91
0.721
0.614
0.236
0.572
0.034
0.711
0.278
0.636
0.119
0
0.476
0.459
0.356
0.77
0.192
0.719
0.321
0.6
0.49
0.823
0.554
0.199
0.437
0.911
0.246
0.236
0.706
0.227
0.601
0.479
0.57
0.205
0.549
0.641
0.496
0.744
0.82
0.264
0.472
0.955
0
0.729
0.429
0.335
0.343
0.022
0.287
0.442
0.272
0.281
0.768
0.472
0.642
0.277
0.313
0.266
0.121
0.408
0.435
0.245
0.941
0.134
0.155
0.03
0.129
0.973
0.21
0.12
0.251
0.626
0.936
0.564
0.424
0.738
0.8
0.276
0.301
0.953
0.424
0.551
0.83
0.283
0.615
0.479
0.885
0.435
0.578
0.555
0.932
0.484
0.589
0.865
0.317
0.794
0.907
0.373
0.052
0.637
0.35
0.469
0.974
0.822
0.941
0.237
0.553
0.469
0.841
0.584
0.002
0.72
0.01
0.12
0.066
0.41
0.222
0.793
0.507
0.348
0.788
0.008
0.154
0.775
0.065
0.376
0.769
0.598
0.965
0.25
0.179
0.419
0.838
0.234
0.096
0.183
0.134
0.604
0.459
0.63
0.085
0.657
0.538
0.075
0.896
0.779
0.034
0.042
0.953
0.487
0.427
0.476
0.666
0.506
0.477
0.663
0.643
0.501
0.613
0.927
0.733
0.083
0.959
0.612
0.628
0.279
0.243
0.357
0.918
0.882
0.611
0.655
0.522
0.78
0.607
0.894
0.885
0.866
0.304
0.758
0.742
0.789
0.257
0.873
0.986
0.2
0.133
0.503
0.121
0.731
0.171
0.747
0.653
0.158
0.078
0.606
0.869
0.065
0.995
0.061
0.983
0.256
0.14
0.508
0.608
0.656
0.413
0.938
0.813
0.91
0.435
0.803
0.336
0.812
0.411
0.785
0.564
0.149
0.807
0.701
0.768
0.9
0.594
0.826
0.991
0.398
0.693
0.847
0.073
0.397
0.063
0.525
0.66
0.089
0.632
0.353
0.056
0.255
0.327
0.266
0.273
0.624
0.873
0.167
0.904
0.674
0.279
0.563
0.726
0.465
0.302
0.135
0.936
0.881
0.499
0
0.254
0.07
0.505
0.654
0.44
0.509
0.691
0.705
0.17
0.809
0.681
0.124
0.889
0.606
0.067
0.531
0.491
0.63
0.975
0.945
0.174
0.792
0.114
0.904
0.764
0.755
0.304
0.284
0.189
0.513
0.728
0.72
0.634
0.926
0.253
0.401
0.504
0.488
0.178
0.362
0.763
0.712
0.792
0.362
0.552
0.525
0.556
0.402
0.455
0.764
0.305
0.377
0.47
0.687
0.776
0.788
0.599
0.447
0.705
0.294
0.763
0.453
0.088
0.481
0.409
0.951
0.002
0.471
0.459
0.846
0.192
0.307
0.092
0.722
0.014
0.806
0.048
0.623
0.93
0.013
0.726
0.285
0.697
0.245
0.303
0.217
0.001
0.301
0.61
0.467
0.299
0.401
0.419
0.949
0.177
0.605
0.54
0.736
0.747
0.917
0.24
0.421
0.58
0.737
0.242
0.813
0.143
0.38
0.758
0.278
0.614
0.35
0.566
0.089
0.96
0.248
0.937
0.201
0.672
0.287
0.813
0.58
0.257
0.151
0.328
0.274
0.135
0.822
0.893
0.34
0.736
0.734
0.787
0.55
0.863
0.735
0.333
0.512
0.134
0.165
0.996
0.247
0.747
0.842
0.024
0.352
0.737
0.95
0.513
0.254
0.959
0.198
0.461
0.174
0.089
0.218
0.087
0.515
0.082
0.699
0.689
0.05
0.356
0.344
0.1
0.96
0.953
0.671
0.25
0.036
0.63
0.914
0.161
0.273
0.697
0.465
0.519
0.199
0.445
0.581
0.743
0.473
0.816
0.847
0.385
0.084
0.085
0.732
0.726
0.814
0.386
0.589
0.372
0.847
0.131
0.937
0.522
0.141
0.124
0.97
0.73
0.896
0.593
0.437
0.013
0.981
0.956
0.0
0.659
0.995
0.664
0.795
0.133
0.275
0.251
0.046
0.448
0.881
0.793
0.459
0.2
0.395
0.765
0.809
0.573
0.479
0.663
0.343
0.673
0.298
0.171
0.447
0.947
0.384
0.685
0.13
0.498
0.354
0.502
0.279
0.087
0.095
0.312
0.257
0.166
0.0
0.062
0.176
0.028
0.504
0.546
0.194
0.856
0.851
0.737
0.753
0.963
0.538
0.911
0.525
0.159
0.53
0.27
0
0.791
0.751
0.003
0.309
0.394
0.346
0.086
0.05
0.308
0.436
0.028
0.437
0.552
0.128
0.806
0.85
0.028
0.459
0.882
0.352
0.398
0.414
0.003
0.467
0.772
0.651
0.192
0.954
0.295
0.823
0.575
0.212
0.618
0.386
0.342
0.578
0.439
0.688
0.254
0.064
0.731
0.337
0.794
0.388
0.827
0.932
0.356
0.613
0.875
0.899
0.008
0.767
0.537
0.341
0.135
0.171
0.997
0.745
0.128
0.543
0.447
0.761
0.418
0.577
0.956
0.929
0.472
0.506
0.419
0.319
0.013
0.711
0.113
0.163
0.986
0.285
0.761
0.955
0.808
0.397
0.444
0.444
0.294
0.73
0.554
0.777
0.264
0.182
0.707
0.411
0.978
0.142
0.788
0.977
0.971
0.697
0.631
0.229
0.113
0.049
0.758
0.165
0.806
0.093
0.208
0.9
0.165
0.801
0.477
0.352
0.666
0.406
0.644
0.884
0.603
0.451
0.327
0.079
0.851
0.435
0.65
0
0.358
0.686
0.995
0.398
0.504
0.998
0.085
0.774
0.03
0.771
0.093
0.327
0.872
0.205
0.959
0.425
0.721
0.584
0.805
0.946
0.127
0.096
0.534
0.581
0.249
0.665
0.88
0.784
0.348
0.857
0.651
0.353
0.798
0.673
0.126
0.778
0.569
0.456
0.759
0.585
0.029
0.276
0.098
0.897
0.475
0.666
0.063
0.293
0.888
0.147
0.474
0.112
0.553
0.999
0.201
0.274
0.636
0.743
0.585
0.862
0.531
0.257
0.342
0.441
0.959
0.019
0.763
0.158
0.481
0.338
0.595
0.977
0.779
0.516
0.661
0.99
0.14
0.57
0.362
0.002
0.508
0.712
0.426
0.986
0.454
0.523
0.492
0.683
0.138
0.836
0.414
0.264
0.477
0.086
0.132
0.388
0.813
0.47
0.967
0.039
0.112
0.716
0.779
0.634
0.311
0.906
0.103
0.993
0.026
0.721
0.186
0.19
0.519
0.858
0.079
0.073
0.273
0.517
0.803
0.922
0.286
0.913
0.142
0.882
0.694
0.458
0.367
0.783
0.949
0.426
0.755
0.764
0.268
0.276
0.778
0.651
0.81
0.106
0.703
0.242
0.61
0.88
0.631
0.999
0.69
0.584
0.578
0.166
0.541
0.168
0.323
0.921
0.553
0.494
0.528
0.921
0.574
0.059
0.649
0.784
0.818
0.756
0.489
0.465
0.876
0.937
0.072
0.325
0.109
0.337
0.817
0.668
0.554
0.269
0
0.528
0.78
0.919
0.623
0.88
0.242
0.487
0.403
0.804
0.911
0.989
0.261
0.432
0.101
0.934
0.729
0.577
0.895
0.096
0.595
0.464
0.09
0.376
0.96
0.381
0.943
0.162
0.64
0.185
0.221
0.978
0.886
0.825
0.714
0.16
0.149
0.516
0.442
0.706
0.074
0.187
0.606
0.693
0.107
0.875
0.814
0.438
0.005
0.666
0.059
0.737
0.439
0.283
0.393
0.113
0.904
0.195
0.121
0.113
0.502
0.756
0.911
0.554
0.983
0.417
0.616
0.718
0.738
0.612
0.345
0.054
0.544
0.561
0.127
0.279
0.207
0.721
0.085
0.816
0.358
0.041
0.812
0.92
0.626
0.328
0.69
0.027
0.245
0.241
0.744
0.407
0.747
0.238
0.978
0.994
0.704
0.712
0.057
0.967
0.632
0.07
0.434
0.924
0.548
0.73
0.536
0.619
0.107
0.824
0.13
0.973
0.112
