0.685
0.018
0.98
0.009
0.798
0.675
0.016
0.169
0.701
0.092
0.628
0.285
0.489
0.451
0.302
0.546
0.62
0.058
0.077
0.87
0.08
0.569
0.799
0.537
0.02
0.586
0.303
0.6
0.256
0.525
0.691
0.173
0.493
0.671
0.614
0.939
0.101
0.096
0.585
0.873
0.573
0.998
0.093
0.115
0.178
0.846
0.065
0.822
0.531
0.033
0.577
0.725
0.625
0.079
0.493
0.563
0.323
0.318
0.962
0.038
0.231
0.154
0.839
0.162
0.176
0.466
0.184
0.226
0.994
0.4
0.055
0.319
0.127
0.624
0.731
0.575
0.461
0.578
0.914
0.088
0.771
0.373
0.801
0.242
0.771
0.866
0.877
0.286
0.252
0.483
0.451
0.966
0.709
0.098
0.879
0.557
0.833
0.097
0.928
0.635
0.987
0.448
0.115
0.67
0.374
0.253
0.252
0.668
0.97
0.883
0.76
0.072
0.95
0.149
0.913
0.781
0.321
0.435
0.468
0.084
0.648
0.171
0.162
0.219
0.294
0.885
0.809
0.277
0.647
0.254
0.235
0.893
0.731
0.142
0.947
0.746
0.992
0.825
0.111
0.491
0.811
0.966
0.241
0.096
0.952
0.657
0.012
0.759
0.879
0.615
0.143
0.608
0.276
0.897
0.329
0.749
0.506
0.24
0.312
0.985
0.741
0.964
0.993
0.625
0.652
0.852
0.705
0.303
0.516
0.626
0.477
0.341
0.33
0.764
0.954
0.813
0.084
0.848
0.014
0.109
0.397
0.311
0.93
0.518
0.937
0.696
0.326
0.581
0.37
0.67
0.902
0.092
0.565
0.178
0.359
0.138
0.118
0.531
0.811
0.753
0.108
0.836
0.75
0.532
0.699
0.382
0.806
0.011
0.388
0.804
0.673
0.63
0.974
0.299
0.525
0.167
0.8
0.608
0.951
0.983
0.31
0.622
0.016
0.002
0.534
0.137
0.154
0.626
0.813
0.331
0.544
0.441
0.545
0.76
0.862
0.441
0.934
0.301
0.71
0.726
0.514
0.579
0.584
0.928
0.321
0.904
0.967
0.537
0.564
0.11
0.109
0.664
0.539
0.152
0.522
0.665
0.787
0.693
0.252
0.898
0.258
0.486
0.138
0.682
0.167
0.876
0.588
0.797
0.335
0.685
0.443
0.822
0.778
0.465
0.29
0.283
0.741
0.047
0.964
0.951
0.478
0.842
0.215
0.974
0.639
0.044
0.515
0.735
0.916
0.101
0.896
0.677
0.069
0.328
0.423
0.477
0.888
0.563
0.078
0.897
0.224
0.731
0.614
0.216
0.655
0.211
0.137
0.261
0.702
0.941
0.082
0.754
0.753
0.27
0.142
0.019
0.483
0.066
0.603
0.332
0.047
0.768
0.53
0.498
0.22
0.071
0.808
0.293
0.193
0.958
0.432
0.929
0.435
0.042
0.517
0.623
0.033
0.502
0.435
0.393
0.904
0.11
0.038
0.302
0.806
0.033
0.024
0.932
0.527
0.704
0.204
0.256
0.374
0.36
0.46
0.54
0.84
0.999
0.554
0.637
0.554
0.968
0.688
0.099
0.691
0.587
0.529
0.628
0.898
0.006
0.34
0.043
0.942
0.392
0.741
0.346
0.264
0.341
0.289
0.18
0.883
0.706
0.922
0.446
0.856
0.87
0.984
0.873
0.024
0.521
0.139
0.669
0.864
0.013
0.222
0.396
0.269
0.197
0.988
0.876
0.32
0.333
0.887
0.303
0.332
0.975
0.534
0.038
0.035
0.38
0.72
0.322
0.567
0.613
0.037
0.41
0.667
0.721
0.662
0.339
0.799
0.528
0.803
0.591
0.035
0.651
0.682
0.169
0.473
0.893
0.565
0.959
0.977
0.44
0.698
0.498
0.658
0.352
0.779
0.246
0.774
0.718
0.995
0.704
0.7
0.137
0.767
0.62
0.576
0.106
0.512
0.423
0.903
0.199
0.768
0.245
0.669
0.986
0.051
0.524
0.611
0.999
0.176
0.223
0.906
0.419
0.136
0.056
0.958
0.275
0.948
0.506
0.089
0.731
0.555
0.41
0.972
0.23
0.327
0.729
0.145
0.563
0.754
0.303
0.468
0.098
0.19
0.439
0.98
0.876
0.671
0.564
0.734
0.33
0.087
0.799
0.23
0.956
0.649
0.103
0.553
0.85
0.323
0.86
0.493
0.771
0.386
0.254
0.965
0.392
0.006
0.225
0.01
0.02
0.772
0.663
0.32
0.185
0.027
0.053
0.197
0.475
0.695
0.352
0.414
0.727
0.887
0.587
0.889
0.02
0.953
0.662
0.361
0.945
0.784
0.561
0.948
0.368
0.246
0.937
0.963
0.771
0.06
0.367
0.212
0.14
0.388
0.965
0.512
0.364
0.141
0.323
0.961
0.433
0.544
0.656
0.307
0.493
0.413
0.244
0.539
0.993
0.382
0.731
0.79
0.686
0.683
0.695
0.756
0.654
0.504
0.114
0.442
0.168
0.428
0.053
0.045
0.824
0.789
0.917
0.7
0.952
0.533
0.024
0.595
0.514
0.454
0.53
0.856
0.527
0.315
0.974
0.025
0.895
0.22
0.107
0.148
0.643
0.178
0.3
0.454
0.697
0.565
0.095
0.247
0.313
0.077
0.835
0.022
0.232
0.197
0.045
0.452
0.582
0.423
0.991
0.813
0.214
0.734
0.982
0.866
0.64
0.145
0.922
0.511
0.776
0.86
0.544
0.294
0.203
0.342
0.423
0.834
0.706
0.813
0.681
0.232
0.969
0.943
0.923
0.224
0.572
0.672
0.56
0.002
0.02
0.008
0.688
0.796
0.815
0.798
0.822
0.043
0.933
0.33
0.257
0.505
0.406
0.842
0.87
0.576
0.912
0.211
0.921
0.074
0.815
0.486
0.332
0.505
0.959
0.533
0.428
0.651
0.296
0.43
0.355
0.855
0.219
0.675
0.862
0.28
0.051
0.666
0.19
0.451
0.958
0.789
0.532
0.383
0.026
0.349
0.414
0.715
0.363
0.476
0.207
0.441
0.606
0.111
0.412
0.653
0.312
0.364
0.49
0.464
0.938
0.496
0.017
0.123
0.171
0.4
0.622
0.416
0.236
0.128
0.829
0.089
0.602
0.962
0.659
0.222
0.665
0.134
0.187
0.008
0.433
0.395
0.508
0.626
0.935
0.984
0.668
0.753
0.14
0.74
0.646
0.951
0.94
0.549
0.66
0.488
0.311
0.383
0.049
0.655
0.841
0.77
0.934
0.957
0.768
0.545
0.742
0.04
0.817
0.347
0.158
0.44
0.162
0.689
0.412
0.126
0.387
0.236
0.363
0.982
0.324
0.571
0.106
0.423
0.76
0.736
0.917
0.39
0.217
0.683
0.754
0.761
0.953
0.434
0.515
0.464
0.784
0.656
0.202
0.458
0.681
0.083
0.423
0.77
0.911
0.054
0.528
0.073
0.791
0.481
0.034
0.666
0.024
0.25
0.314
0.935
0.993
0.16
0.999
0.941
0.536
0.128
0.812
0.706
0.422
0.333
0.136
0.115
0.584
0.862
0.699
0.944
0.931
0.265
0.801
0.023
0.008
0.698
0.212
0.986
0.997
0.343
0.327
0.325
0.481
0.023
0.418
0.144
0.049
0.86
0.273
0.959
0.277
0.403
0.539
0.028
0.538
0.948
0.274
0.587
0.391
0.058
0.34
0.036
0.912
0.802
0.945
0.398
0.491
0.003
0.836
0.596
0.413
0.762
0.266
0.831
0.477
0.805
0.791
0.223
0.226
0.197
0.728
0.085
0.388
0.761
0.899
0.164
0.581
0.371
0.329
0.884
0.773
0.862
0.82
0.229
0.471
0.119
0.475
0.916
0.983
0.338
0.516
0.665
0.255
0.736
0.218
0.996
0.373
0.505
0.52
0.914
0.52
0.959
0.291
0.879
0.061
0.264
0.655
0.608
0.821
0.003
0.331
0.389
0.247
0.754
0.403
0.94
0.687
0.378
0.475
0.774
0.237
0.223
0.887
0.909
0.854
0.232
0.554
0.857
0.79
0.625
0.926
0.64
0.62
0.042
0.685
0.875
0.265
0.31
0.846
0.902
0.816
0.42
0.033
0.745
0.497
0.517
0.456
0.83
0.918
0.949
0.572
0.905
0.023
0.313
0.865
0.865
0.201
0.817
0.107
0.27
0.644
0.149
0.924
0.942
0.85
0.433
0.53
0.108
0.158
0.52
0.666
0.816
0.079
0.846
0.224
0.022
0.453
0.301
0.438
0.601
0.269
0.969
0.14
0.817
0.659
0.008
0.374
0.154
0.375
0.445
0.14
0.424
0.219
0.463
0.18
0.101
0.714
0.182
0.69
0.256
0.803
0.153
0.937
