0.231
0.711
0.966
0.068
0.429
0.141
0.085
0.365
0.666
0.955
0.422
0.639
0.873
0.832
0.736
0.537
0.975
0.197
0.807
0.092
0.569
0.935
0.934
0.422
0.653
0.916
0.722
0.858
0.558
0.297
0.885
0.081
0.822
0.128
0.031
0.632
0.631
0.726
0.257
0.367
0.407
0.251
0.529
0.607
0.221
0.24
0.868
0.449
0.064
0.633
0.001
0.867
0.119
0.755
0.118
0.191
0.968
0.647
0.71
0.145
0.482
0.846
0.406
0.9
0.065
0.193
0.032
0.604
0.729
0.457
0.177
0.173
0.209
0.075
0.907
0.151
0.577
0.036
0.599
0.495
0.628
0.261
0.16
0.873
0.714
0.019
0.625
0.169
0.469
0.136
0.134
0.986
0.623
0.921
0.592
0.889
0.647
0.855
0.266
0.509
0.406
0.049
0.526
0.866
0.872
0.382
0.01
0.152
0.331
0.417
0.711
0.896
0.745
0.228
0.156
0.445
0.071
0.285
0.505
0.735
0.819
0.721
0.241
0.796
0.654
0.694
0.648
0.594
0.502
0.185
0.902
0.3
0.641
0.611
0.316
0.652
0.097
0.654
0.011
0.118
0.288
0.308
0.851
0.652
0.319
0.018
0.861
0.735
0.626
0.825
0.942
0.998
0.098
0.041
0.16
0.801
0.459
0.45
0.388
0.883
0.025
0.532
0.031
0.514
0.345
0.407
0.489
0.932
0.557
0.881
0.18
0.051
0.919
0.18
0.174
0.753
0.788
0.134
0.285
0.657
0.077
0.191
0.281
0.949
0.136
0.942
0.696
0.689
0.565
0.813
0.802
0.671
0.859
0.228
0.416
0.51
0.641
0.285
0.347
0.421
0.123
0.395
0.376
0.592
0.957
0.359
0.562
0.297
0.695
0.775
0.223
0.52
0.941
0.393
0.596
0.407
0.411
0.781
0.543
0.673
0.098
0.866
0.995
0.72
0.86
0.835
0.115
0.689
0.503
0.3
0.121
0.09
0.304
0.575
0.963
0.252
0.997
0.973
0.4
0.608
0.985
0.827
0.419
0.288
0.637
0.414
0.417
0.551
0.427
0.031
0.465
0.227
0.268
0.129
0.154
0.417
0.385
0.339
0.599
0.532
0.007
0.765
0.934
0.152
0.338
0.558
0.783
0.307
0.954
0.579
0.93
0.1
0.169
0.565
0.512
0.084
0.599
0.789
0.308
0.811
0.287
0.966
0.889
0.177
0.259
0.258
0.671
0.674
0.073
0.263
0.174
0.349
0.765
0.361
0.202
0.607
0.191
0.77
0.077
0.504
0.904
0.432
0.885
0.064
0.818
0.455
0.179
0.297
0.582
0.895
0.922
0.141
0.983
0.5
0.955
0.518
0
0.137
0.239
0.873
0.339
0.223
0.387
0.91
0.205
0.747
0.781
0.611
0.784
0.447
0.228
0.675
0.68
0.203
0.665
0.684
0.593
0.189
0.177
0.355
0.867
0.305
0.164
0.649
0.534
0.414
0.924
0.542
0.209
0.402
0.148
0.554
0.245
0.717
0.708
0.456
0.73
0.79
0.102
0.978
0.644
0.252
0.008
0.69
0.71
0.572
0.177
0.653
0.103
0.444
0.332
0.79
0.109
0.057
0.009
0.365
0.776
0.911
0.3
0.608
0.454
0.915
0.009
0.644
0.2
0.154
0.287
0.493
0.221
0.631
0.772
0.677
0.269
0.127
0.876
0.534
0.186
0
0.901
0.894
0.666
0.569
0.567
0.296
0.501
0.41
0.947
0.688
0.862
0.737
0.235
0.279
0.727
0.44
0.702
0.813
0.402
0.99
0.996
0.562
0
0.902
0.75
0.902
0.963
0.728
0.671
0.951
0.84
0.787
0.324
0.57
0.488
0.536
0.306
0.473
0.584
0.63
0.985
0.212
0.754
0.5
0.437
0.143
0.869
0.846
0.729
0.261
0.74
0.426
0.311
0.232
0.35
1.0
0.384
0.34
0.688
0.88
0.705
0.181
0.605
0.022
0.301
0.919
0.614
0.382
0.375
0.723
0.842
0.887
0.523
0.091
0.506
0.818
0.87
0.994
0.301
0.78
0.129
0.455
0.278
0.41
0.934
0.395
0.654
0.001
0.989
0.154
0.171
0.915
0.72
0.669
0.849
0.506
0.754
0.199
0.04
0.833
0.574
0.636
0.721
0.317
0.98
0.059
0.233
0.111
0.726
0.712
0.0
0.651
0.857
0.483
0.146
0.899
0.761
0.986
0.368
0.294
0.045
0.57
0.485
0.095
0.715
0.998
0.189
0.637
0.568
0.184
0.036
0.654
0.958
0.138
0.113
0.673
0.552
0.5
0.6
0.882
0.658
0.263
0.239
0.387
0.186
0.111
0.026
0.341
0.887
0.226
0.982
0.099
0.635
0.616
0.588
0.69
0.913
0.073
0.035
0.45
0.605
0.151
0.413
0.704
0.754
0.496
0.297
0.978
0.677
0.271
0.005
0.433
0.544
0.28
0.266
0.513
0.593
0.362
0.716
0.799
0.562
0.894
0.783
0.421
0.834
0.058
0.754
0.434
0.463
0.757
0.622
0.509
0.671
0.715
0.68
0.306
0.928
0.574
0.692
0.987
0.037
0.066
0.799
0.397
0.067
0.913
0.738
0.657
0.616
0.969
0.663
0.786
0.728
0.96
0.127
0.165
0.107
0.967
0.059
0.262
0.258
0.686
0.822
0.629
0.212
0.624
0.662
0.664
0.707
0.726
0
0.452
0.026
0.181
0.686
0.18
0.612
0.0
0.246
0.8
0.242
0.568
0.956
0.527
0.215
0.347
0.324
0.589
0.452
0.285
0.156
0.175
0.784
0.143
0.779
0.354
0.857
0.508
0.854
0.635
0.742
0.709
0.813
0.786
0.51
0.84
0.042
0.451
0.566
0.94
0.713
0.617
0.375
0.892
0.273
0.937
0.633
0.998
0.291
0.019
0.899
0.268
0.701
0.236
0.545
0.543
0.768
0.579
0.458
0.421
0.377
0.42
0.644
0.746
0.025
0.196
0.277
0.054
0.561
0.432
0.517
0.257
0.522
0.644
0.753
0.591
0.535
0.676
0.768
0.252
0.69
0.309
0.029
0.275
0.033
0.42
0.26
0.336
0.776
0.318
0.571
0.766
0.811
0.704
0.733
0.441
0.676
0.83
0.413
0.024
0.042
0.88
0.098
0.497
0.323
0.874
0.807
0.669
0.867
0
0.042
0.516
0.426
0.787
0.29
0.511
0.286
0.668
0.286
0.781
0.886
0.806
0.238
0.126
0.982
0.076
0.578
0.732
0.155
0.842
0.009
0.983
0.787
0.108
0.957
0.635
0.52
0.673
0.026
0.788
0.855
0.946
0.047
0.437
0.345
0.27
0.568
0.543
0.965
0.31
0.559
0.893
0.153
0.053
0.342
0.874
0.367
0.196
0.605
0.885
0.829
0.274
0.086
0.696
0.036
0.262
0.734
0.438
0.155
0.287
0.745
0.948
0.167
0.374
0.589
0.494
0.578
0.36
0.907
0.38
0.733
0.444
0.72
0.504
0.762
0.354
0.808
0.951
0.758
0.056
0.985
0
0.267
0.602
0.944
0.892
0.703
0.319
0.372
0.269
0.833
0.544
0.074
0.323
0.463
0.867
0.111
0.322
0.515
0.273
0.048
0.321
0.736
0.054
0.826
0.672
0.241
0.125
0.961
0.767
0.774
0.391
0.563
0.227
0.945
0.967
0.117
0
0.604
0.261
0.527
0.508
0.154
0.884
0.129
0.099
0.691
0.455
0.805
0.13
0.159
0.635
0.458
0.697
0.429
0.398
0.549
0.445
0.074
0
0.728
0.017
0.378
0.825
0.143
0.046
0.298
0.112
0.418
0.683
0.572
0.503
0.658
0.325
0.029
0.736
0.204
0.968
0.409
0.158
0.575
0.905
0.859
0.43
0.471
0.867
0.412
0.151
0.446
0.039
0.938
0.676
0.785
0.288
0.657
0.431
0.459
0.662
0.102
0.847
0
0.465
0.288
0.705
0.102
0.139
0.475
0.436
0.347
0.021
0.78
0.068
0.614
0.39
0.473
0.252
0.361
0.038
0.204
0.17
0.456
0.218
0.439
0.729
0.132
0.468
0.054
0.347
0.914
0.605
0.161
0.581
0.308
0.014
0.535
0.38
0.2
0.218
0.442
0.583
0.997
0.25
0.795
0.251
0.786
0.32
0.959
0.627
0.415
0.658
0.062
0.953
0.801
0.888
0.9
0.149
0.507
0.233
0.485
0.142
0.603
0.166
0.702
0.686
0.263
0.264
0.862
0.475
0.395
0.104
0.179
0.94
0.074
0.965
0.592
0.452
0.539
0.149
0.425
0.994
0.541
0.882
