0.44
0.464
0.953
0.099
0.779
0.898
0.253
0.095
0.524
0.017
0.524
0.431
0.05
0.542
0.388
0.65
0.397
0.723
0.555
0.199
0.387
0.039
0.919
0.238
0.313
0.347
0.602
0.115
0.631
0.285
0.665
0.254
0.847
0.348
0.31
0.556
0.734
0.416
0.018
0.185
0.34
0.314
0.063
0.576
0.087
0.489
0.41
0.346
0.812
0.846
0.208
0.126
0.479
0.573
0.822
0.015
0.138
0.732
0.917
0.36
0.038
0.618
0.743
0.508
0.073
0.424
0.782
0.684
0.489
0.855
0.315
0.597
0.636
0.975
0.678
0.776
0.748
0.32
0.561
0.418
0.163
0.103
0.372
0.562
0.399
0.476
0.453
0.527
0.33
0.22
0.868
0.782
0.503
0.377
0.101
0.309
0.104
0.679
0.883
0.901
0.485
0.645
0.647
0.402
0.095
0.742
0.898
0.814
0.246
0.274
0.223
0.576
0.767
0.95
0.326
0.039
0.604
0.848
0.093
0.041
0.364
0.466
0.673
0.567
0.548
0.078
0.446
0.171
0.6
0.1
0.47
0.002
0.071
0.356
0.458
0.191
0.41
0.455
0.443
0.611
0.79
0.23
0.496
0.114
0.044
0.609
0.708
0.093
0.538
0.073
0.448
0.124
0.955
0.757
0.909
0.562
0.729
0.483
0.759
0.811
0.457
0.083
0.573
0.218
0.661
0.155
0.312
0.413
0.465
0.618
0.918
0.544
0.061
0.886
0.073
0.316
0.159
0.253
0.391
0.871
0.568
0.255
0.291
0.602
0.691
0.235
0.755
0.375
0.523
0.576
0.668
0.419
0.663
0.648
0.155
0.548
0.618
0.167
0.584
0.105
0.554
0.672
0.056
0.467
0.828
0.562
0.365
0.145
0.478
0.618
0.023
0.437
0.286
0.202
0.738
0.014
0.821
0.426
0.594
0.651
0.765
0.102
0.451
0.419
0.664
0.599
0.859
0.964
0.882
0.105
0.915
0.194
0.255
0.201
0.339
0.615
0.501
0.766
0.285
0.27
0.228
0.811
0.366
0.332
0.279
0.62
0.916
0.969
0.751
0.4
0.992
0.845
0.168
0.45
0.542
0.725
0.209
0.147
0.688
0.408
0.622
0.31
0.769
0.527
0.735
0.115
0.2
0.438
0.501
0.663
0.022
0.778
0.935
0.493
0.539
0.579
0.961
0.29
0.76
0.669
0.831
0.828
0.686
0.336
0.177
0.061
0.329
0.648
0.763
0.252
0.294
0.523
0.213
0.561
0.138
0.621
0.996
0.075
0.804
0.806
0.281
0.993
0.693
0.517
0.415
0.983
0.425
0.427
0.732
0.264
0.839
0.412
0.189
0.132
0.035
0.084
0.575
0.246
0.18
0.932
0.983
0.672
0.506
0.584
0.278
0.312
0.042
0.899
0.472
0.944
0.632
0.384
0.217
0.035
0.65
0.804
0.739
0.615
0.346
0.88
0.74
0.722
0.077
0.665
0.423
0.084
0.717
0.097
0.213
0.092
0.146
0.685
0.595
0.436
0.548
0.611
0.314
0.064
0.414
0.348
0.654
0.241
0.253
0.537
0.257
0.537
0.281
0.064
0.863
0.665
0.125
0.416
0.014
0.328
0.192
0.5
0.353
0.355
0.448
0.437
0.666
0.388
0.842
0.38
0.547
0.276
0.719
0.775
0.6
0.914
0.211
0.232
0.981
0.539
0.698
0.124
0.978
0.702
0.875
0.653
0.754
0.39
0.553
0.884
0.069
0.984
0.557
0.116
0.782
0.516
0.852
0.881
0.509
0.072
0.351
0.452
0.17
0.248
0.435
0.886
0.418
0.338
0.799
0.431
0.585
0.751
0.706
0.465
0.124
0.966
0.722
0.655
0.549
0.9
0.482
0.249
0.076
0.951
0.521
0.873
0.765
0.426
0.653
0.904
0.39
0.357
0.532
0.377
0.351
0.442
0.647
0.53
0.738
0.106
0.48
0.672
0.181
0.965
0.115
0.65
0.196
0.605
0.615
0.74
0.967
0.535
0.519
0.996
0.379
0.434
0.406
0.069
0.427
0.556
0.976
0.437
0.223
0.88
0.418
0.884
0.723
0.017
0.075
0.427
0.843
0.27
0.973
0.067
0.294
0.451
0.156
0.202
0.408
0.209
0.613
0.324
0.518
0.587
0.514
0.816
0.812
0.392
0.548
0.621
0.295
0.251
0.624
0.721
0.366
0.535
0.388
0.307
0.042
0.427
0.297
0.629
0.406
0.085
0.827
0.141
0.916
0.36
0.352
0.535
0.531
0.597
0.164
0.58
0.602
0.918
0.498
0.154
0.361
0.084
0.088
0.689
0.104
0.503
0.386
0.121
0.923
0.246
0.007
0.405
0.684
0.894
0.427
0.771
0.976
0.372
0.844
0.001
0.035
0.049
0.366
0.412
0.363
0.478
0.567
0.149
0.776
0.089
0.708
0.6
0.17
0.843
0.448
0.991
0.467
0.834
0.644
0.967
0.844
0.336
0.002
0.607
0.54
0.992
0.092
0.121
0.957
0.679
0.606
0.493
0.597
0.736
0.896
0.528
0.361
0.851
0.555
0.091
0.975
0.12
0.422
0.589
0.278
0.366
0.454
0.282
0.411
0.104
0.813
0.813
0.743
0.074
0.804
0.662
0.801
0.198
0.085
0.316
0.53
0.537
0.731
0.366
0.433
0.278
0.1
0.275
0.726
0.341
0.773
0.041
0.509
0.389
0.95
0.473
0.678
0.886
0.331
0.942
0.515
0.915
0.321
0.142
0.436
0.028
0.039
0.21
0.712
0.597
0.64
0.7
0.961
0.693
0.488
0.493
0.98
0.754
0.021
0.085
0.753
0.229
0.867
0.762
0.552
0.725
0.617
0.699
0.555
0.484
0.396
0.314
0.442
0.281
0.441
0.139
0.479
0.876
0.067
0.767
0.505
0.717
0.495
0.5
0.393
0.525
0.954
0.934
0.856
0.421
0.855
0.097
0.023
0.075
0.493
0.72
0.251
0.413
0.365
0.055
0.251
0.126
0.833
0.703
0.702
0.749
0.215
0.982
0.549
0.778
0.002
0.307
0.396
0.918
0.332
0.196
0.903
0.911
0.514
0.101
0.321
0.658
0.837
0.965
0.437
0.048
0.634
0.377
0.958
0.3
0.857
0.379
0.009
0.024
0.757
0.246
0.776
0.466
0.942
0.208
0.284
0.861
0.123
0.643
0.211
0.132
0.821
0.78
0.435
0.631
0.203
0.959
0.124
0.501
0.691
0.498
0.635
0.341
0.828
0.91
0.568
0.913
0.127
0.154
0.771
0.495
0.27
0.431
0.473
0.779
0.761
0.407
0.557
0.527
0.665
0.863
0.684
0.823
0.285
0.565
0.805
0.081
0.045
0.631
0.517
0.279
0.509
0.849
0.578
0.878
0.771
0.501
0.729
0.847
0.824
0.797
0.335
0.433
0.799
0.268
0.822
0.375
0.433
0.337
0.937
0.65
0.102
0.937
0.003
0.613
0.761
0.574
0.913
0.98
0.093
0.179
0.743
0.98
0.013
0.775
0.977
0.226
0.367
0.925
0.603
0.875
0.805
0.152
0.419
0.418
0.213
0.515
0.583
0.033
0.341
0.471
0.592
0.245
0.366
0.438
0.774
0.9
0.321
0.062
0.629
0.02
0.634
0.143
0.517
0.777
0.201
0.386
0.195
0.821
0.908
0.148
0.082
0.875
0.652
0.572
0.227
0.315
0.757
0.323
0.234
0.212
0.921
0.952
0.112
0.983
0.861
0.874
0.254
0.595
0.16
0.275
0.185
0.739
0.83
0.966
0.895
0.75
0.249
0.71
0.319
0.426
0.982
0.146
0.619
0.777
0.005
0.368
0.983
0.119
0.972
0.504
0.626
0.368
0.923
0.768
0.185
0.247
0.899
0.988
0.577
0.555
0.368
0.698
0.904
0.873
0.956
0.527
0.929
0.193
0.339
0.93
0.882
0.426
0.363
0.42
0.924
0.268
0.819
0.772
0.623
0.781
0.19
0.964
0.55
0.195
0.5
0.646
0.442
0.144
0.521
0.519
0.793
0.217
0.694
0.856
0.24
0.788
0.145
0.374
0.946
0.276
0.337
0.027
0.811
0.316
0.954
0.023
0.546
0.618
0.066
0.697
0.165
0.09
0.809
0.207
0.311
0.192
0.544
0.195
0.031
0.625
0.576
0.964
0.473
0.656
0.261
0.547
0.499
0.949
0.638
0.19
0.023
0.978
0.28
0.493
0.765
0.745
0.42
0.354
0.273
0.596
0.335
0.208
0.013
0.435
0.749
0.517
0.083
0.628
0.89
0.958
0.335
0.046
0.506
0.41
0.334
0.691
0.714
0.151
0.956
0.017
0.265
0.674
