0.099
0.763
0.957
0.664
0.251
0.555
0.935
0.037
0.864
0.459
0.695
0.784
0.888
0.705
0.763
0.09
0.19
0.348
0.111
0.132
0.803
0.438
0.759
0.298
0.894
0.848
0.183
0.181
0.711
0.845
0.065
0.277
0.224
0.773
0.717
0.186
0.509
0.171
0.298
0.508
0.093
0.662
0.304
0.945
0.617
0.022
0.851
0.332
0.874
0.994
0.327
0.142
0.949
0.065
0.069
0.898
0.841
0.707
0.329
0.109
0.056
0.305
0.53
0.666
0.217
0.716
0.38
0
0.24
0.201
0.483
0.714
0.877
0.99
0.471
0.008
0.487
0.513
0.852
0.363
0.181
0.033
0.198
0.69
0.959
0.283
0.179
0.783
0.491
0.175
0.128
0.068
0.773
0.214
0.427
0.658
0.899
0.772
0.607
0.146
0.794
0.565
0.175
0.874
0.173
0.759
0.838
0.822
0.964
0.329
0.32
0.299
0.145
0.987
0.73
0.904
0.356
0.897
0.177
0.345
0.44
0.069
0.058
0.513
0.096
0.49
0.166
0.479
0.75
0.902
0.677
0.248
0.617
0.46
0.695
0.115
0.427
0.086
0.976
0.85
0.094
0.824
0.391
0.612
0.588
0.593
0.59
0.256
0.613
0.315
0.535
0.834
0.051
0.359
0.819
0.027
0.13
0.475
0.477
0.999
0.941
0.025
0.712
0.857
0.255
0.744
0.458
0.185
0.617
0.89
0.297
0.033
0.64
0.133
0.812
0.679
0.02
0.966
0.838
0.999
0.205
0.595
0.345
0.963
0.748
0.252
0.364
0.754
0.276
0.441
0.066
0.676
0.104
0.765
0.084
0.704
0.943
0.75
0.297
0.57
0.82
0.163
0.133
0.442
0.644
0.422
0.091
0.697
0.103
0.942
0.303
0.493
0.465
1.0
0.418
0.189
0.403
0.133
0.294
0.529
0.071
0.195
0.613
0.683
0.965
0.897
0.826
0.794
0.671
0.865
0.403
0.081
0.708
0.947
0.405
0.111
0.738
0.928
0.926
0
0.336
0.971
0.903
0.01
0.688
0.347
0.687
0.878
0.826
0.869
0.521
0.248
0.185
0.049
0.634
0.596
0.064
0.41
0.935
0.204
0.407
0.582
0.514
0.123
0.138
0.358
0.423
0.341
0.127
0.579
0.444
0.004
0.615
0.762
0.537
0.302
0.851
0.755
0.831
0.67
0.335
0.944
0.567
0.476
0.962
0.728
0.046
0.216
0.173
0.498
0.447
0.007
0.366
0.373
0.35
0.739
0.011
0.605
0.723
0.107
0.426
0.091
0.532
0.222
0.199
0.746
0.052
0.965
0.616
0.16
0.983
0.288
0.425
0.498
0.281
0.26
0.966
0.663
0.236
0.716
1.0
0.134
0.484
0.858
0.036
0.556
0.259
0.297
0.277
0.665
0
0.96
0.149
0.938
0.872
0.651
0.617
0.062
0.668
0.02
0.591
0.376
0.106
0.187
0.458
0.091
0.197
0.113
0.717
0.17
0.857
0.766
0.074
0.338
0.188
0.049
0.039
0.223
0.482
0.056
0.932
0.976
0.656
0.964
0.394
0.291
0.768
0.76
0.985
0.317
0.965
0.186
0.599
0.431
0.917
0.387
0.614
0.107
0.606
0.073
0.967
0.873
0.391
0.674
0.805
0.218
0.93
0.828
0.786
0.512
0.328
0.418
0.147
0.682
0.537
0.194
0.172
0.829
0.797
0.898
0.4
0.901
0.175
0.256
0.075
0.591
0.634
0.48
0.834
0.326
0.636
0.557
0.23
0.216
0.487
0.063
0.761
0.355
0.383
0.38
0.202
0.282
0.328
0.392
0.921
0.717
0.67
0.417
0.99
0.705
0.601
0
0.047
0.471
0.115
0.438
0.168
0.555
0.009
0.694
0.946
0.491
0.456
0.767
0.43
0.31
0.534
0.324
0.911
0.503
0.22
0.898
0.717
0.315
0.137
0.943
0.745
0.37
0.56
0.373
0.435
0.832
0.773
0.168
0.637
0.712
0.063
0.245
0.307
0.257
0.783
0.552
0.773
0.98
0.093
0.847
0.832
0.028
0.13
0.544
0.039
0.29
0.213
0.415
0.528
0.444
0.68
0.626
0.455
0.25
0.975
0.514
0.331
0.18
0.936
0.459
0.731
0.202
0.874
0.934
0.123
0.403
0.442
0.035
0.514
0.53
0.799
0.844
0.221
0.412
0.66
0.768
0.61
0.005
0.444
0.222
0.867
0.314
0.935
0.713
0.47
0.656
0.287
0.174
0.686
0.892
0.993
0.468
0.358
0.84
0.814
0.641
0.027
0.105
0.217
0.205
0.766
0.767
0.339
0.363
0.752
0.375
0.119
0.616
0.538
0.698
0.213
0.808
0.227
0.703
0.793
0.436
0.11
0.082
0.47
0.33
0.118
0.734
0.161
0.26
0.638
0.568
0.999
0.858
0.333
0.203
0.099
0.851
0.971
0.012
0.111
0.442
0.025
0.247
0.035
0.844
0.543
0.593
0.674
0.131
0.482
0.21
0.204
0.934
0.21
0.155
0.111
0.159
0.092
0.132
0.496
0.621
0.737
0.447
0.547
0.243
0.101
0.101
0.247
0.037
0.667
0.391
0.048
0.067
0.889
0.676
0.369
0.262
0.776
0.136
0.198
0.731
0.605
0.157
0.272
0.203
0.529
0.129
0.381
0.039
0.812
0.28
0.148
0.25
0.629
0.693
0.327
0.08
0.437
0.16
0.081
0.698
0.26
0.239
0.275
0.412
0.696
0.173
0.908
0.463
0.468
0.626
0.008
0
0.337
0.559
0.658
0.881
0.461
0.369
0.65
0.832
0.489
0.874
0.733
0.003
0.666
0.739
0.368
0.126
0.154
0.205
0.361
0.34
0.02
0.645
0.789
0.492
0.279
0.444
0.458
0.803
0.969
0.544
0.08
0.916
0.898
0.989
0.474
0.149
0.798
0.822
0.424
0.933
0.726
0.275
0.505
0.842
0.187
0.331
0.751
0.604
0.771
0.551
0.699
0.534
0.357
0.005
0.559
0.553
0.52
0.43
0.347
0.408
0.446
0.193
0.839
0.392
0.401
0.585
0.186
0.944
0.348
0.266
0.836
0.89
0.446
0.769
0.56
0.308
0.419
0.688
0.204
0.806
0.02
0.564
0.478
0.131
0.491
0.665
0.234
0.23
0.7
0.457
0.007
0.122
0.514
0.343
0.542
0.155
0.935
0.004
0.814
0.369
0.511
0.56
0.379
0.458
0.526
0.163
0.271
0.538
0.882
0.273
0.277
0.042
0.048
0.949
0.36
0.209
0.179
0.035
0.891
0.114
0.787
0.777
0.469
0.307
0.108
0.924
0.491
0.389
0.824
0.705
0.295
0.713
0.591
0.143
0.637
0.495
0.199
0.429
0.683
0.656
0.15
0.279
0.862
0.468
0.312
0.481
0.097
0.509
0.656
0.813
0.204
0
0.868
0.245
0.154
0.062
0.995
0.326
0.116
0.891
0.297
0.755
0.53
0.249
0.439
0.258
0.958
0.771
0.669
0.456
0.788
0.114
0.111
0.51
0.176
0.685
0.974
0.076
0.492
0.222
0.13
0.627
0.851
0.52
0.003
0.461
0.186
0.468
0.48
0.306
0.782
0.078
0.591
0.065
0.522
0.428
0.692
0.866
0.48
0.862
0.371
0.019
0.62
0.987
0.311
0.695
0.009
0.537
0.745
0.188
0.772
0.602
0.433
0.648
0.081
0.294
0.438
0.04
0.485
0.823
0.64
0.918
0.575
0.888
0.368
0.724
0.41
0.957
0.333
0.478
0.706
0.016
0.978
0.533
0.827
0.975
0.939
0.334
0.156
0.5
0.656
0.064
0.996
0.136
0.277
0.654
0.83
0.29
0.869
0
0.545
0.005
0.039
0.067
0.561
0.193
0.306
0.592
0.93
0.176
0.639
0.649
0.23
0.91
0.755
0.73
0.058
0.523
0.384
0.903
0.38
0.348
0.757
0.538
0.51
0.812
0.335
0.83
0.705
0.916
0.561
0.29
0.605
0.336
0.917
0.425
0.719
0.751
0.852
0.931
0.359
0.107
0.156
0.397
0.118
0.592
0.421
0.557
0.089
0.179
0.568
0.895
0.739
0.612
0.082
0.364
0.966
0.297
0.756
0.452
0.441
0.031
0.601
0.551
0.08
0.094
0.792
0.823
0.573
0.374
0.953
0.243
0.386
0.944
0.669
0.941
0.648
0.083
0.778
0.201
0.552
0.473
0.67
0.043
0.493
0.263
0.14
0.62
0.744
0
0.956
0.266
0.93
0.417
0.072
0.102
0.173
0.802
0.366
0.599
0.248
0.446
0.965
0.649
0.331
0.067
