0.769
0.602
0.356
0.489
0.361
0.447
0.398
0.458
0.042
0.022
0.323
0.164
0.247
0.273
0.547
0.392
0.998
0.8
0.124
0.346
0.779
0.466
0.959
0.121
0.957
1.0
0.33
0.2
0.443
0.862
0.452
0.278
0.168
0.743
0.792
0.354
0.772
0.781
0.581
0.956
0.212
0.807
0.046
0.831
0.916
0.597
0.061
0.337
0.579
0.791
0.906
0.627
0.01
0.424
0.208
0.051
0.341
0.597
0.962
0.137
0.198
0.225
0.356
0.014
0.122
0.871
0.02
0.753
0.432
0.393
0.233
0.18
0.408
0.082
0.266
0.413
0.603
0.309
0.633
0.825
0.419
0.249
0.031
0.599
0.357
0.359
0.374
0.225
0.663
0.055
0.058
0.646
0.473
0.535
0.676
0.753
0.895
0.951
0.718
0.753
0.829
0.668
0.097
0.8
0.398
0.898
0.315
0.652
0.936
0.451
0.653
0.629
0.471
0.458
0.84
0.476
0.531
0.324
0.76
0.564
0.294
0.746
0.748
0.784
0.489
0.161
0.571
0.281
0.767
0.31
0.14
0.799
0.666
0.156
0.342
0.423
0.719
0.027
0.571
0.216
0.02
0.078
0.53
0.064
0.215
0.635
0.78
0.046
0.048
0.768
0.534
0.788
0.512
0.724
0.225
0.941
0.927
0.941
0.209
0.537
0.336
0.754
0.394
0.337
0.73
0.11
0.889
0.953
0.528
0.088
0.049
0.532
0.356
0.048
0.217
0.483
0.669
0.38
0.06
0.149
0.228
0.204
0.681
0.912
0.197
0.232
0.36
0.636
0.139
0.97
0.958
0.824
0.114
0.617
0.178
0.12
0.518
0.167
0.97
0.306
0.968
0.244
0.615
0.447
0.725
0.078
0.815
0.15
0.673
0.532
0.229
0.469
0.948
0.016
0.906
0.8
0.563
0.801
0.794
0.495
0.784
0.747
0.695
0.876
0.329
0.939
0.984
0.506
0.388
0.637
0.684
0.112
0.745
0.169
0.647
0.231
0.92
0.086
0.338
0.572
0.781
0.897
0.294
0.386
0.698
0.821
0.777
0.549
0.58
0.107
0.898
0.342
0.639
0.484
0.314
0.041
0.761
0.297
0.401
0.592
0.672
0.114
0.173
0.585
0.86
0.884
0.798
0.489
0.637
0.595
0.301
0.917
0.607
0.714
0.011
0.299
0.636
0.822
0.31
0.341
0.63
0.531
0.937
0.582
0.288
0.08
0.248
0.637
0.698
0.865
0.503
0.064
0.524
0.029
0.452
0.831
0.556
0.247
0.932
0.5
0.397
0.055
0.362
0.847
0.866
0.559
0.588
0.085
0.535
0.939
0.654
0.34
0.375
0.337
0.983
0.378
0.797
0.642
0.991
0.798
0.367
0.233
0.72
0.152
0.329
0.426
0.487
0.694
0.949
0.336
0.652
0.972
0.561
0.821
0.461
0.919
0.687
0.91
0.852
0.248
0.898
0.841
0.569
0.652
0.966
0.57
0.892
0.774
0.478
0.653
0.232
0.69
0.486
0.552
0.64
0.337
0.137
0.929
0.065
0.89
0.313
0.468
0.314
0.857
0.385
0.531
0.633
0.363
0.948
0.457
0.576
0.067
0.641
0.355
0.314
0.165
0.386
0.533
0.494
0.508
0.463
0.905
0.198
0.649
0.127
0.51
0.786
0.648
0.928
0.491
0.924
0.712
0.052
0.103
0.747
0.772
0.179
0.613
0.22
0.546
0.497
0.232
0.448
0.3
0.251
0.21
0.079
0.687
0.877
0.897
0.866
0.638
0.219
0.547
0.143
0.963
0.514
0.123
0.882
0.305
0.378
0.897
0.005
0.036
0.392
0.481
0.705
0.027
0.155
0.353
0.336
0.252
0.373
0.402
0.08
0.922
0.004
0.184
0.163
0.699
0.326
0.382
0.245
0.851
0.804
0.931
0.694
0.827
0.723
0.356
0.319
0.335
0.624
0.816
0.611
0.066
0.043
0.379
0.68
0.108
0.414
0.213
0.812
0.623
0.321
0.794
0.466
0.04
0.327
0.565
0.02
0.004
0.275
0.128
0.266
0.519
0.778
0.485
0.531
0.882
0.678
0.428
0.69
0.715
0.022
0.28
0.43
0.563
0.072
0.571
0.624
0.399
0.004
0.587
0.888
0.81
0.856
0.232
0.678
0.552
0.874
0.95
0.179
0.605
0.735
0.639
0.942
0.92
0.761
0.777
0.565
0.404
0.221
0.821
0.342
0.455
0.739
0.149
0.519
0.138
0.062
0.756
0.743
0.285
0.978
0.722
0.274
0.31
0.732
0.931
0.908
0.741
0.4
0.199
0.426
0.687
0.156
0.514
0.269
0.061
0.248
0.594
0.375
0.205
0.097
0.021
0.242
0.612
0.505
0.901
0.625
0.557
0.237
0.863
0.152
0.411
0.986
0.359
0.687
0.18
0.194
0.14
0.662
0.495
0.524
0.279
0.231
0.774
0.262
0.298
0.115
0.711
0.52
0.505
0.855
0.303
0.698
0.695
0.385
0.826
0.688
0.797
0.659
0.132
0.143
0.895
0.117
0.179
0.559
0.495
0.799
0.412
0.478
0.004
0.13
0.294
0.603
0.825
0.636
0.683
0.029
0.583
0.648
0.187
0.727
0.079
0.267
0.262
0.955
0.481
0.37
0.142
0.172
0.243
0.804
0.7
0.616
0.3
0.316
0.954
0.859
0.687
0.834
0.005
0.628
0.235
0.725
0.725
0.869
0.511
0.825
0.974
0.59
0.224
0.041
0.74
0.417
0.329
0.744
0.114
0.416
0.128
0.151
0.209
0.033
0.304
0.887
0.139
0.88
0.957
0.002
0.771
0.145
0.639
0.161
0.935
0.29
0.284
0.566
0.802
0.727
0.156
0.262
0.217
0.519
0.802
0.097
0.01
0.956
0.688
0.97
0.524
0.077
0.531
0.279
0.887
0.912
0.139
0.114
0.952
0.839
0.804
0.926
0.745
0.012
0.311
0.162
0.697
0.101
0.212
0.747
0.496
0.49
0.819
0.667
0.686
0.746
0.808
0.19
0.17
0.188
0.003
0.927
0.497
0.11
0.759
0.932
0.066
0.441
0.563
0.985
0.893
0.889
0.734
0.51
0.158
0.84
0.297
0.504
0.482
0.166
0.512
0.882
0.583
0.947
0.169
0.954
0.003
0.614
0.838
0.556
0.287
0.18
0.808
0.807
0.003
0.352
0.717
0.593
0.381
0.898
0.845
0.707
0.605
0.725
0.79
0.975
0.776
0.557
0.463
0.68
0.577
0.514
0.54
0.024
0.391
0.292
0.57
0.591
0.811
0.539
0.169
0.399
0.327
0.573
0.193
0.517
0.021
0.434
0.377
0.586
0.64
0.893
0.809
0.071
0.934
0.554
0.027
0.909
0.286
0.684
0.075
0.052
0.462
0.321
0.52
0.777
0.056
0.026
0.41
0.169
0.567
0.818
0.41
0.106
0.965
0.62
0.158
0.81
0.069
0.049
0.516
0.399
0.252
0.183
0.576
0.842
0.871
0.745
0.01
0.186
0.131
0.734
0.531
0.365
0.976
0.673
0.361
0.803
0.228
0.303
0.722
0.035
0.886
0.594
0.657
0.687
0.818
0.281
0.682
0.94
0.167
0.033
0.507
0.387
0.421
0.464
0.085
0.534
0.86
0.464
0.909
0.091
0.143
0.352
0.682
0.321
0.997
0.312
0.146
0.83
0.746
0.559
0.905
0.852
0.603
0.246
0.728
0.532
0.007
0.988
0.277
0.639
0.349
0.515
0.5
0.475
0.523
0.106
0.283
0.709
0.968
0.012
0.394
0.764
0.979
0.136
0.211
0.77
0.453
0.759
0.575
0.057
0.442
0.619
0.198
0.964
0.138
0.517
0.408
0.561
0.775
0.853
0.946
0.791
0.469
0.523
0.684
0.224
0.421
0.287
0.367
0.115
0.257
0.744
0.324
0.018
0.572
0.253
0.346
0.048
0.556
0.239
0.837
0.199
0.767
0.785
0.816
0.73
0.326
0.094
0.319
0.719
0.21
0.283
0.984
0.072
0.772
0.182
0.131
0.718
0.548
0.717
0.074
0.806
0.825
0.647
0.102
0.091
0.69
0.457
0.605
0.396
0.588
0.264
0.543
0.321
0.604
0.389
0.837
0.263
0.217
0.228
0.07
0.495
0.475
0.225
0.379
0.623
0.203
0.662
0.74
0.503
0.359
0.386
0.383
0.691
0.579
0.2
0.775
0.778
0.042
0.672
0.214
0.801
0.429
0.305
0.093
0.232
0.498
0.289
0.697
0.075
0.747
0.582
0.54
0.882
0.585
0.381
0.032
0.675
0.211
0.234
0.591
0.283
0.804
0.826
0.309
0.935
0.879
