0.861
0.696
0.227
0.711
0.435
0.013
0.048
0.026
0.204
0.472
0.519
0.333
0.74
0.707
0.369
0.526
0.546
0.265
0.225
0.815
0.848
0.052
0.915
0.716
0.329
0.011
0.205
0.553
0.996
0.461
0.732
0.856
0.647
0.624
0.384
0.942
0.764
0.545
0.887
0.411
0.204
0.172
0.488
0.9
0.144
0.171
0.082
0.461
0.582
0.084
0.953
0.958
0.917
0.234
0.664
0.214
0.849
0.13
0.327
0.87
0.855
0.852
0.97
0.643
0.209
0.255
0.106
0.443
0.902
0.771
0.664
0.415
0.946
0.259
0.582
0.247
0.176
0.915
0.675
0.698
0.488
0.895
0.366
0.975
0.014
0.434
0.069
0.778
0.902
0.875
0.052
0.907
0.633
0.181
0.976
0.184
0.837
0.178
0.719
0.133
0.196
0.52
0.802
0.056
0.502
0.408
0.949
0.053
0.71
0.307
0.576
0.58
0.293
0.615
0.501
0.545
0.538
0.877
0.734
0.879
0.273
0.298
0.589
0.668
0.6
0.682
0.627
0.749
0.691
0.36
0.162
0.023
0.125
0.082
0.422
0.665
0.745
0.891
0.856
0.858
0.445
0.519
0.653
0.374
0.855
0.576
0.269
0.585
0.971
0.167
0.497
0.074
0.136
0.68
0.995
0.162
0.306
0.245
0.902
0.208
0.367
0.548
1.0
0.708
0.275
0.815
0.138
0.66
0.526
0.479
0.488
0.444
0.008
0.001
0.807
0.416
0.29
0.45
0.548
0.608
0.305
0.411
0.6
0.579
0.169
0.336
0.965
0.813
0.692
0.349
0.493
0.496
0.794
0.021
0.673
0.985
0.676
0.924
0.69
0.12
0.253
0.313
0.787
0.524
0.12
0.82
0.482
0.343
0.139
0.201
0.944
0.627
0.93
0.61
0.42
0.504
0.358
0.614
0.452
0.48
0.144
0.933
0.593
0.992
0.877
0.136
0.925
0.186
0.478
0.831
0.818
0.396
0.842
0.286
0.012
0.861
0.445
0.655
0.837
0.509
0.379
0.218
0.325
0.769
0.533
0.745
0.046
0.863
0.844
0.053
0.617
0.088
0.349
0.581
0.841
0.026
0.048
0.296
0.621
0.503
0.868
0.06
0.946
0.3
0.342
0.692
0.242
0.693
0.334
0.667
0.666
0.316
0.969
0.988
0.709
0.394
0.059
0.75
0.691
0.899
0.307
0.823
0.302
0.105
0.515
0.02
0.333
0.144
0.249
0.355
0.503
0.666
0.496
0.868
0.168
0.939
0.118
0.683
0.41
0.546
0.522
0.124
0.571
0.357
0.821
0.129
0.706
0.476
0.843
0.009
0.082
0.388
0.544
0.338
0.941
0.327
0.907
0.116
0.109
0.328
0.17
0.862
0.376
0.65
0.613
0.389
0.595
0.771
0.854
0.759
0.578
0.06
0.392
0.907
0.4
0.023
0.666
0.763
0.168
0.389
0.852
0.081
0.86
0.564
0.743
0.107
0.545
0.707
0.419
0.722
0.686
0.58
0.48
0.049
0.389
0.507
0.174
0.714
0.193
0.341
0.212
0.575
0.86
0.141
0.303
0.478
0.926
0.074
0.305
0.931
0.86
0.601
0.45
0.1
0.582
0.441
0.575
0.836
0.089
0.3
0.944
0.834
0.276
0.692
0.955
0.567
0.99
0.761
0.382
0.909
0.756
0.411
0.806
0.355
0.028
0.541
0.929
0.046
0.837
0.656
0.99
0.272
0.002
0.112
0.583
0.301
0.256
0.181
0.632
0.608
0.601
0.395
0.586
0.04
0.536
0.522
0.08
0.525
0.909
0.705
0.978
0.142
0.457
0.447
0.35
0.406
0.185
0.375
0.749
0.042
0.068
0.201
0.761
0.264
0.339
0.529
0.772
0.868
0.679
0.488
0.485
0.381
0.723
0.865
0.206
0.775
0.273
0.316
0.608
0.438
0.967
0.723
0.912
0.61
0.095
0.209
0.422
0.529
0.281
0.431
0.221
0.798
0.426
0.23
0.391
0.368
0.879
0.066
0.71
0.928
0.143
0.119
0.828
0.797
0.821
0.967
0.26
0.903
0.779
0.417
0.877
0.564
0.985
0.78
0.354
0.423
0.902
0.59
0.407
0.24
0.551
0.808
0.967
0.596
0.934
0.696
0.09
0.444
0.048
0.621
0.013
0.496
0.63
0.654
0.346
0.569
0.814
0.703
0.007
0.266
0.141
0.96
0.093
0.954
0.39
0.389
0.474
0.791
0.329
0.421
0.307
0.677
0.502
0.532
0.583
0.833
0.705
0.23
0.639
0.17
0.307
0.352
0.827
0.074
0.373
0.813
0.099
0.486
0.876
0.023
0.471
0.717
0.096
0.574
0.715
0.999
0.112
0.958
0.261
0.569
0.8
0.76
0.235
0.002
0.307
0.262
0.122
0.606
0.909
0.571
0.206
0.804
0.355
0.269
0.852
0.043
0.827
0.327
0.394
0.585
0.364
0.989
0.847
0.74
0.119
0.743
0.719
0.229
0.776
0.58
0.663
0.13
0.21
0.249
0.83
0.784
0.963
0.766
0.13
0.67
0.855
0.898
0.486
0.924
0.097
0.52
0.887
0.429
0.396
0.177
0.954
0.851
0.855
0.958
0.65
0.367
0.4
0.095
0.436
0.61
0.25
0.063
0.116
0.008
0.882
0.372
0.082
0.448
0.638
0.514
0.609
0.571
0.637
0.384
0.882
0.574
0.411
0.046
0.454
0.138
0.258
0.431
0.329
0.721
0.913
0.741
0.827
0.97
0.823
0.287
0.634
0.093
0.568
0.173
0.098
0.435
0.351
0.404
0.921
0.772
0.813
0.543
0.281
0.669
0.33
0.571
0.873
0.735
0.586
0.113
0.189
0.473
0.689
0.361
0.573
0.254
0.721
0.284
0.919
0.112
0.12
0.32
0.933
0.913
0.206
0.756
0.55
0.794
0.313
0.196
0.441
0.923
0.955
0.261
0.63
0.783
0.827
0.195
0.981
0.229
0.748
0.531
0.568
0.886
0.855
0.614
0.042
0.847
0.98
0.682
0.477
0.454
0.692
0.778
0.555
0.957
0.822
0.265
0.335
0.896
0.066
0.18
1.0
0.3
0.809
0.924
0.643
0.417
0.024
0.413
0.74
0.561
0.648
0.544
0.087
0.421
0.014
0.229
0.06
0.352
0.438
0.317
0.297
0.934
0.559
0.508
0.468
0.966
0.556
0.96
0.661
0.295
0.515
0.97
0.978
0.675
0.236
0.497
0.432
0.137
0.26
0.723
0.852
0.734
0.176
0.384
0.364
0.355
0.271
0.648
0.775
0.684
0.202
0.361
0.6
0.826
0.583
0.357
0.661
0.612
0.112
0.907
0.145
0.87
0.652
0.837
0.503
0.565
0.09
0.649
0.893
0.198
0.55
0.292
0.456
0.849
0.325
0.902
0.183
0.346
0.995
0.253
0.986
0.213
0.714
0.333
0.543
0.462
0.731
0.859
0.036
0.823
0.159
0.863
0.649
0.762
0.121
0.492
0.742
0.964
0.569
0.22
0.213
0.513
0.954
0.243
0.152
0.396
0.248
0.129
0.346
0.187
0.93
0.265
0.934
0.743
0.123
0.698
0.942
0.327
0.796
0.545
0.247
0.407
0.804
0.012
0.836
0.926
0.65
0.228
0.163
0.114
0.352
0.462
0.452
0.025
0.598
0.904
0.423
0.774
0.804
0.624
0.948
0.192
0.63
0.213
0.544
0.073
0.138
0.436
0.696
0.43
0.161
0.195
0.822
0.461
0.928
0.094
0.282
0.149
0.038
0.51
0.187
0.228
0.131
0.841
0.069
0.784
0.339
0.13
0.403
0.641
0.865
0.17
0.128
0.019
0.196
0.319
0.671
0.292
0.3
0.595
0.759
0.964
0.506
0.803
0.444
0.671
0.012
0.531
0.399
0.009
0.678
0.56
0.058
0.47
0.303
0.664
0.199
0.507
0.733
0.81
0.07
0.704
0.802
0.731
0.731
0.248
0.3
0.297
0.897
0.853
0.769
0.501
0.653
0.33
0.254
0.311
0.162
0.618
0.773
0.763
0.568
0.294
0.379
0.316
0.021
0.263
0.52
0.212
0.314
0.534
0.962
0.081
0.997
0.999
0.744
0.52
0.861
0.11
0.473
0.691
0.948
0.613
0.363
0.449
0.951
0.754
0.142
0.083
0.556
0.156
0.864
0.373
0.524
0.793
0.069
0.127
0.415
0.146
0.45
0.205
0.668
0.345
0.394
0.609
0.334
0.12
0.141
0.273
0.694
0.233
0.415
0.005
0.535
0.817
0.026
0.718
0.169
0.224
0.087
0.845
0.148
0.892
0.707
0.872
0.152
0.809
0.383
0.884
