0.479
0.096
0.957
0.361
0.061
0.549
0.547
0.371
0.957
0.592
0.112
0.271
0.5
0.113
0.032
0.211
0.841
0.599
0.296
0.638
0.464
0.619
0.102
0.224
0.856
0.507
0.893
0.888
0.769
0.338
0.019
0.792
0.09
0.807
0.849
0.922
0.578
0.246
0.791
0.518
0.678
0.313
0.729
0.782
0.167
0.838
0.315
0.09
0.89
0.526
0.235
0.683
0.667
0.713
0.829
0.212
0
0.615
0.856
0.166
0.255
0.344
0.832
0.42
0.229
0.362
0.247
0.646
0.488
0.375
0.233
0.911
0.837
0.747
0.306
0.945
0.316
0.227
0.42
0.55
0.472
0.57
0.051
0.003
0.872
0.018
0.301
0.019
0.135
0.342
0.916
0.354
0.732
0.216
0.337
0.62
0.199
0.43
0.424
0.082
0.372
0.153
0.879
0.915
0.741
0.697
0.608
0.836
0.503
0.825
0.523
0.023
0.029
0.969
0.364
0.987
0.758
0.556
0.325
0.561
0.864
0.673
0.573
0.484
0.804
0.362
0.666
0.789
0.222
0.463
0.133
0.074
0.546
0.266
0.961
0.102
0.114
0.777
0.79
0.818
0.55
0.798
0.793
0.948
0.363
0.048
0.453
0.506
0.156
0.724
0.111
0.74
0.273
0.865
0.135
0.617
0.002
0.951
0.796
0.621
0.069
0.704
0.398
0.388
0.249
0.521
0.883
0.152
0.419
0.812
0.605
0.385
0.613
0.247
0.216
0.597
0.687
0.861
0.954
0.561
0.833
0.078
0.796
0.874
0.739
0.515
0.826
0.39
0.255
0.062
0.668
0.447
0.289
0.805
0.131
0.338
0.497
0.869
0.726
0.469
0.046
0.435
0.542
0.289
0.459
0.822
0.191
0.386
0.716
0.743
0.223
0.013
0.206
0.296
0.051
0.018
0.484
0.489
0.309
0.04
0.116
0.448
0.438
0.246
0.049
0.51
0.436
0.375
0.144
0.462
0.056
0.755
0.041
0.885
0.355
0.612
0.699
0.135
0.737
0.109
0.994
0.119
0.535
0.017
0.118
0.186
0.441
0.429
0.716
0.188
0.084
0.77
0.914
0.102
0.112
0.9
0.549
0.442
0.26
0.795
0.762
0.772
0.367
0.054
0.7
0.756
0.909
0.978
0.072
0.195
0.877
0.603
0.499
0.53
0.931
0.592
0.528
0.168
0.623
0.938
0.712
0.335
0.29
0.598
0.246
0.007
0.181
0.808
0.818
0.861
0.872
0.595
0.946
0.734
0.653
0.215
0.272
0.379
0.657
0.427
0.034
0.897
0.466
0.88
0.487
0.109
0.772
0.042
0.523
0.099
0.378
0.307
0.319
0.567
0.734
0.166
0.539
0.524
0.023
0.184
0.935
0.518
0.059
0.406
0.92
0.899
0.996
0.231
0.552
0.349
0.928
0.841
0.793
0.742
0.516
0.698
0.99
0.564
0.103
0.168
0.99
0
0.39
0.709
0.222
0.727
0.772
0.065
0.233
0.468
0.888
0.883
0.922
0.647
0.156
0.214
0.508
0.677
0.266
0.543
0.643
0.841
0.5
0.822
0.104
0.607
0.731
0.457
0.578
0.592
0.142
0
0.782
0.771
0.1
0.659
0.601
0.297
0.8
0.294
0.1
0.935
0.568
0.564
0.127
0.99
0.255
0.012
0.313
0.872
0.887
0.945
0.285
0.343
0.412
0.677
0.263
0.155
0.096
0.194
0.913
0.838
0.282
0.586
0.381
0.084
0.063
0.389
0.247
0.157
0.012
0.016
0.888
0.322
0.283
0.939
0.371
0.345
0.236
0.269
0.195
0.872
0.095
0.038
0.339
0.353
0.415
0.331
0.422
0.556
0.779
0.677
0.928
0.073
0.787
0.106
0.83
0.226
0.986
0.029
0.816
0.621
0.514
0.579
0.14
0.714
0.484
0.549
0.669
0.301
0.258
0.434
0.854
0.58
0.787
0.137
0.327
0.854
0.208
0.047
0.921
0.363
0.888
0.012
0.82
0.918
0.944
0.701
0.139
0.34
0
0.323
0.208
0.091
0.941
0.243
0.482
0.199
0.922
0.13
0.556
0.035
0.993
0.862
0.927
0.831
0.266
0.291
0.241
0.956
0.471
0.383
0.59
0.818
0.435
0.872
0.637
0.357
0.649
0.866
0.842
0.698
0.539
0.986
0.243
0.605
0.582
0.608
0.24
0.022
0.219
0.37
0.097
0.2
0.435
0.6
0.115
0.134
0.857
0.373
0.158
0.075
0.894
0.682
0.039
0.716
0.485
0.021
0.265
0.302
0.917
0.503
0.534
0.878
0.364
0.525
0.187
0.237
0.524
0.745
0.211
0.28
0
0.527
0.59
0.928
0.762
0.882
0.102
0.492
0.187
0.736
0.559
0.249
0.122
0.766
0.793
0.071
0.688
0.271
0.014
0.45
0.05
0.361
0.955
0.929
0.24
0.06
0.743
0.887
0.343
0.127
0.05
0.68
0.902
0.329
0.09
0.392
0.178
0.875
0.761
0.361
0.983
0.702
0.981
0.502
0.883
0.44
0.909
0.811
0.056
0.308
0.248
0.235
0.14
0.632
0.527
0.791
0.615
0.625
0.21
0.737
0.118
0.738
0.024
0.599
0.367
0.888
0.713
0.347
0.671
0.98
0.622
0.842
0.812
0.557
0.274
0.331
0.802
0.253
0.385
0.487
0.72
0.14
0.833
0.96
0.854
0.236
0.774
0.967
0.215
0.874
0.123
0.07
0.676
0.304
0.855
0.253
0.455
0.836
0.455
0.199
0.604
0.354
0.144
0.544
0.234
0.525
0.259
0.491
0.021
0.213
0.9
0.407
0.441
0.206
0.264
0.221
0.661
0.154
0.403
0.102
0.341
0.344
0.099
0.03
0.826
0.337
0.34
0.892
0.864
0.85
0.704
0.641
0.96
0.695
0.811
0.072
0.684
0.16
0.923
0.46
0.15
0.788
0.263
0.573
0.065
0.581
0.268
0.947
0.09
0.635
0.651
0.887
0.249
0.83
0.254
0.696
0.487
0.559
0.549
0.36
0.876
0.178
0.223
0.334
0.987
0.393
0.988
0.787
0.102
0.914
0.814
0.665
0.384
0.589
0.656
0.564
0.714
0.58
0.71
0.979
0.717
0.303
0.49
0.295
0.063
0.282
0.282
0.851
0.664
0.188
0.787
0.078
0.097
0.922
0.048
0.041
0.489
0.815
0.837
0.706
0.291
0.327
0.072
0.759
0.425
0.565
0.991
0.076
0.353
0.842
0.067
0.908
0.24
0.507
0.076
0.441
0.834
0.102
0.967
0.045
0.041
0.286
0.629
0.57
0.291
0.11
0.44
0.219
0.328
0.057
0.337
0.158
0.619
0.721
0.874
0.535
0.376
0.595
0.808
0.311
0.425
0.376
0.019
0.658
0.627
0.924
0.943
0.229
0.029
0.02
0.943
0.688
0.328
0.403
0.833
0.596
0.885
0.263
0.296
0.004
0.624
0.106
0.54
0.462
0.718
0.883
0.62
0.851
0.761
0.086
0.114
0.322
0.579
0.344
0.853
0.3
0.073
0.113
0.271
0.275
0.864
0.803
0.458
0.863
0.161
0.878
0.815
0.993
0.133
0.133
0.366
0.168
0.233
0.745
0.218
0.654
0.837
0.888
0.248
0.975
0.615
0.242
0.544
0.593
0.333
0.842
0.762
0.287
0.666
0.893
0.076
0.461
0.794
0.221
0.399
0.459
0.674
0.968
0.144
0.935
0.229
0.368
0.339
0.866
0.117
0.07
0.698
0.662
0.044
0.429
0.31
0.323
0.995
0.254
0.85
0.621
0.186
0.138
0.611
0.049
0.245
0.638
0.21
0.076
0.54
0.449
0.516
0.375
0
0.162
0.546
0.985
0.135
0.016
0.064
0.95
0.067
0.296
0.281
0.915
0.575
0.574
0.315
0.298
0.508
0.57
0.192
0.35
0.933
0.944
0.932
0.243
0.122
0.934
0.49
0.284
0.593
0.045
0.592
0.416
0.335
0.467
0.635
0.833
0.528
0.768
0.671
0.832
0.733
0.907
0.896
0.412
0.486
0.16
0.899
0.004
0.971
0.925
0.106
0.902
0.852
0.151
0.617
0.721
0.477
0.108
0.284
0.696
0.439
0.352
0.201
0.211
0.532
0.21
0.904
0.474
0.493
0.968
0.829
0.721
0.798
0
0.056
0
0.945
0.188
0.956
0.699
0.292
0.693
0.169
0.99
0.54
0.912
0.604
0.372
0.744
0.851
0.887
0.074
0.449
0.012
0.339
0.874
0.983
0.094
0.15
0.782
0.522
0.75
0.081
0.198
0.194
0.658
0.125
0.254
0.798
0.115
