0.874
0.202
0.488
0
0.797
0.956
0.023
0.762
0.951
0.279
0.766
0.961
0.731
0.389
0.366
0.43
0.411
0.22
0.52
0.849
0.034
0.18
0.406
0.673
0.878
0.344
0.51
0.23
0.124
0.902
0.12
0.591
0.778
0.181
0.794
0.749
0.592
0.813
0.799
0.148
0.547
0.486
0.421
0.096
0.304
0.163
0.384
0.93
0.052
0.778
0.47
0.632
0.764
0.457
0.209
0
0.067
0.997
0.162
0.061
0.077
0.039
0.894
0.322
0.522
0.079
0.035
0.948
0.415
0.021
0.023
0.067
0.341
0.531
0.727
0.728
0.5
0.233
0.322
0.539
0.044
0.597
0.915
0.743
0.434
0.349
0.043
0.065
0.909
0.77
0.042
0.796
0.776
0.306
0.519
0.677
0.335
0.254
0.129
0.048
0.669
0.124
0.314
0.717
0.114
0.442
0.318
0.499
0.013
0.028
0.212
0.483
0.263
0.541
0.96
0.532
0.301
0.784
0.18
0.158
0.22
0.223
0.127
0.662
0.792
0.128
0.821
0.809
0.121
0.377
0.755
0.133
0.833
0.517
0.135
0.189
0.395
0.4
0.775
0.533
0.404
0.288
0.784
0.989
0.119
0.027
0.171
0.876
0.699
0.538
0.662
0.677
0.138
0.13
0.662
0.51
0.569
0.443
0.509
0.19
0.351
0.194
0.395
0.244
0.009
0.288
0.492
0.248
0.702
0.634
0.257
0.733
0.084
0.198
0.378
0.162
0.065
0.619
0.178
0.299
0.337
0.872
0.13
0.443
0.464
0.039
0.077
0.329
0.21
0.122
0.655
0.766
0.565
0.472
0.41
0.842
0.466
0.048
0.021
0.472
0.686
0.178
0.485
0.169
0.43
0.154
0.485
0.161
0.465
0.539
0.514
0.628
0.881
0.055
0.093
0.07
0.855
0.603
0.7
0.859
0.433
0.403
0.079
0.863
0.712
0.643
0.893
0.942
0.757
0.17
0.648
0.619
0.013
0.666
0.975
0.036
0.893
0.734
0.769
0.9
0.534
0.853
0.625
0.899
0.238
0.48
0.363
0.836
0.752
0.824
0.388
0.869
0.457
0.257
0.945
0.935
0.105
0.252
0.997
0.676
0.698
0.045
0.543
0.532
0.824
0.733
0.742
0.306
0.012
0.214
0.476
0.786
0.981
0.508
0.749
0.168
0.997
0.541
0.445
0.627
0.304
0.234
0.773
0.09
0.73
0.946
0.345
0.648
0.05
0.948
0.425
0.261
0.384
0.846
0.6
0.233
0.072
0.006
0.778
0.885
0.345
0.456
0.018
0.864
0.891
0.961
0.053
0.151
0.19
0.034
0.714
0.454
0.433
0.553
0.204
0.671
0.921
0.259
0.767
0.049
0.608
0.978
0.345
0.975
0.344
0.912
0.706
0.107
0.639
0.421
0.223
0.059
0.225
0.306
0.185
0.885
0.69
0.544
0.491
0.416
0.073
0.557
0.242
0.604
0.137
0.92
0.467
0.008
0.653
0.501
0.623
0.161
0.06
0.745
0.404
0.413
0.41
0.267
0.817
0.846
0.55
0.826
0.068
0.608
0.453
0.62
0.058
0.901
0.162
0.542
0.66
0.999
0
0.804
0.794
0.044
0.389
0.315
0.483
0.94
0.056
0.435
0.766
0.512
0
0.788
0.586
0.791
0.346
0.627
0.33
0.586
0.101
0.6
0.564
0.337
0.668
0.565
0.228
0.539
0.004
0.811
0.341
0.619
0.742
0.079
0.414
0.797
0.73
0.83
0.052
0.635
0.451
0.606
0.371
0.159
0.424
0.274
0.887
0.45
0.876
0.191
0.309
0.356
0.602
0.122
0.405
0.49
0.445
0.885
0.92
0.71
0.746
0.894
0.176
0.662
0.533
0.676
0.184
0.286
0.804
0.981
0.151
0.444
0.717
0.924
0.082
0.165
0.127
0.125
0.697
0.206
0.659
0.248
0.824
0.129
0.376
0.014
0.295
0.778
0.528
0.505
0.543
0.188
0.072
0.443
0.472
0.927
0.137
0.107
0.97
0.128
0.917
0.037
0.99
0.253
0.857
0.56
0.835
0.588
0.73
0.368
0.347
0.711
0.578
0.316
0.017
0.873
0.037
0.24
0.866
0.721
0.294
0.868
0.257
0.051
0.725
0.66
0.447
0.923
0.186
0.568
0.219
0.737
0.531
0.087
0.57
0.296
0.125
0.64
0.389
0.021
0.914
0.984
0.205
0.808
0.023
0.977
0.554
0.988
0.1
0.212
0.004
0.999
0.12
0.97
0.614
0.318
0.866
0.07
0.385
0.057
0.925
0.026
0.116
0.4
0.503
0.5
0.642
0.664
0.067
0.806
0.632
0.304
0.716
0.053
0.863
0.409
0.674
0.048
0.718
0.791
0.235
0.787
0.943
0.969
0.116
0.282
0.14
0.218
0.202
0
0.393
0.879
0.556
0.092
0.974
0.139
0.941
0.513
0.633
0.813
0.526
0.804
0.16
0.957
0.913
0.619
0.661
0.042
0.189
0.245
0.477
0.075
0.749
0.569
0.415
0.752
0.344
0.149
0.459
0.304
0.976
0.261
0.898
0.848
0.439
0.464
0.782
0.58
0.265
0.394
0.361
0.074
0.27
0.063
0.624
0.314
0.3
0.22
0.931
0.244
0.365
0.229
0.894
0.919
0.73
0.156
0.335
0.945
0.565
0.864
0.275
0.713
0.02
0.184
0.965
0.253
0.088
0.201
0.093
0.797
0.153
0.239
0.931
0.534
0.339
0.336
0.689
0.897
0.34
0.053
0.142
0.447
0.197
0.423
0.661
0.086
0.893
0.964
0.484
0.35
0.041
0.624
0.509
0.053
0.404
0.388
0.841
0.757
0.342
0.643
0.876
0.496
0.865
0.166
0.434
0.079
0.452
0.303
0.127
0.301
0.659
0.441
0.67
0.655
0.428
0.704
0.556
0.726
0.532
0.774
0.426
0.358
0.497
0.435
0.783
0.464
0.363
0.161
0.842
0.487
0.305
0.268
0.693
0.991
0.354
0.873
0.403
0.589
0.91
0.002
0.783
0.603
0.949
0.203
0.333
0.782
0.802
0.462
0.449
0.139
0.877
0.883
0.235
0.988
0.41
0.413
0.535
0.868
0.372
0.654
0.73
0.852
0.269
0.445
0.191
0.783
0.641
0.454
0.002
0.037
0.249
0.958
0.854
0.416
0.812
0.159
0.696
0.117
0.661
0.308
0.929
0.913
0.391
0.03
0.424
0.612
0.949
0.153
0.951
0.637
0.152
0.606
0.142
0.56
0.396
0.606
0.908
0.048
0.603
0.952
0.86
0.217
0.172
0.624
0.103
0.226
0.53
0.326
0.636
0.188
0.133
0.591
0.806
0.228
0.98
0.833
0.193
0.512
0.044
0.786
0.146
0.969
0.669
0
0.807
0.59
0.469
0.977
0.315
0.606
0.139
0.262
0.163
0.232
0.407
0.488
0.835
0.702
0.583
0.076
0.858
0.029
0.796
0.79
0.274
0.684
0.611
0.625
0.155
0.298
0.465
0.551
0.391
0.981
0.754
0.758
0.925
0.438
0.954
0.248
0.061
0.065
0.894
0.952
0.176
0.538
0.602
0.331
0.696
0
0.601
0.784
0.682
0.571
0.001
0.818
0.798
0.684
0.483
0.647
0.915
0.423
0.477
0.591
0.268
0.775
0.715
0.808
0.255
0.153
0.667
0.903
0.455
0.016
0.651
0.305
0.923
0.007
0.284
0.646
0.823
0.381
0.869
0.282
0.919
0.805
0.264
0.986
0.687
0.303
0.993
0.638
0.759
0.944
0.454
0.63
0.344
0.795
0.19
0.904
0.824
0.9
0
0.31
0.871
0.708
0.606
0.666
0.185
0.317
0.544
0.38
0.912
0.298
0.904
0.212
0.492
0.346
0.444
0.357
0.947
0.056
0.252
0.802
0.452
0.495
0.691
0.046
0.52
0.245
0.706
0.657
0.94
0.939
0.872
0.66
0.388
0.442
0.975
0.763
0.017
0.958
0.039
0.225
0.763
0.552
0.071
0.891
0.148
0.54
0.914
0.717
0.933
0.742
0.381
0.916
0.864
0.133
0.466
0.548
0.129
0.337
0.316
0.142
0.396
0.188
0.077
0.063
0.288
0.873
0.593
0.722
0.629
0.379
0.179
0.88
0.118
0.145
0.24
0.413
0.926
0.014
0.426
0.382
0.978
0.297
0.236
0.549
0.866
0.861
0.638
0.464
0.962
0.432
0.94
0.472
0.898
0.876
0.444
0.406
0.73
0.171
0.738
0.703
0.98
0.543
0.593
0.691
0.587
0.887
0.265
0.893
0.2
0.158
0.092
0.938
0.501
0.028
