0.108
0.28
0.807
0.132
0.429
0.597
0.883
0.807
0.912
0.919
0.278
0.804
0.964
0.118
0.999
0.41
0.961
0.536
0.747
0.601
0.095
0.037
0.744
0.697
0.244
0.388
0.355
0.443
0.607
0.46
0.758
0.81
0
0.474
0.45
0.973
0.263
0.455
0.25
0.621
0.504
0.255
0.621
0.417
0.987
0.459
0.045
0.379
0.526
0.372
0.2
0.719
0.211
0.283
0.317
0.903
0.64
0.893
0.267
0.977
0.818
0.815
0.777
0.994
0.145
0.154
0.373
0.547
0.852
0.717
0.565
0.34
0.078
0.284
0.803
0.821
0.648
0.599
0.812
0.801
0.906
0.32
0.681
0
0.137
0.916
0.73
0.346
0.011
0.182
0.333
0.411
0.943
0.04
0.24
0.989
0.19
0.612
0.64
0.769
0.078
0.715
0.261
0.808
0.157
0.753
0.215
0.549
0.484
0.373
0.085
0.85
0.854
0.56
0.374
0.444
0.235
0.588
0.278
0.546
0.926
0.231
0.107
0.129
0.719
0.387
0.77
0.519
0.063
0.517
0.633
0.76
0.917
0.538
0.082
0.62
0.1
0.716
0.658
0.435
0.629
0.407
0.284
0.11
0.572
0.144
0.677
0.244
0.156
0.783
0.816
0.577
0.236
0.824
0.561
0.319
0.539
0.582
0.025
0.075
0.971
0.709
0.037
0.368
0.721
0.508
0.552
0.365
0.672
0.334
0.172
0.623
0.158
0.495
0.818
0.613
0
0.555
0.977
0.411
0.684
0.095
0.313
0.898
0.971
0.594
0.604
0.164
0.915
0.292
0.879
0.958
0.29
0.482
0.192
0.954
0.681
0.046
0.154
0.33
0.846
0.702
0.602
0.689
0.259
0.528
0.77
0.703
0.293
0.69
0.519
0.89
0.444
0.957
0.412
0.023
0.052
0.68
0.835
0.191
0.745
0.368
0.773
0.34
0.484
0.309
0.052
0.285
0.958
0.75
0.49
0.356
0.828
0.441
0.514
0.688
0.349
0.595
0.62
0.735
0
0.387
0.324
0.665
0.354
0.319
0.978
0.305
0.795
0.562
0.03
0.265
0.19
0.645
0.204
0.812
0.592
0.745
0.959
0.311
0.166
0.816
0.648
0.373
0.749
0.755
0.727
0.288
0.112
0.935
0.879
0.256
0.52
0.015
0.472
0.26
0.485
0.929
0.744
0.147
0.114
0.871
0.38
0.825
0.094
0.63
0.147
0.241
0.938
0.693
0.036
0.656
0.17
0.67
0.093
0.976
0.243
0.63
0.086
0.723
0.898
0.43
0.075
0.711
0.265
0.577
0.869
0.263
0.163
0.879
0.762
0.015
0.849
0.876
0.453
0.416
0.164
0.798
0.406
0.746
0.979
0.288
0.892
0.195
0.169
0.87
0.68
0.428
0.626
0.479
0.956
0.016
0.578
0.976
0.919
0.284
0.898
0.799
0.608
0.77
0.32
0.039
0.643
0.292
0.632
0.008
0.219
0.295
0.766
0.076
0.953
0.881
0.11
0.924
0.411
0.804
0.549
0.999
0.461
0.72
0.02
0.939
0.688
0.478
0.706
0.974
0.155
0.769
0.921
0.227
0.567
0.155
0.149
0.585
0.857
0.946
0.161
0.468
0.0
0.628
0.614
0.949
0.604
0.2
0.745
0.208
0.743
0.467
0.014
0.483
0.506
0.109
0.109
0.255
0.232
0.239
0.577
0.881
0.183
0.668
0.112
0.799
0.314
0.153
0.95
0.287
0.0
0.141
0.918
0.1
0.541
0.601
0.01
0.102
0.601
0.224
0.188
0.9
0.955
0.34
0.149
0.432
0.68
0.744
0.114
0.395
0.362
0.919
0.73
0.211
0.898
0.616
0.201
0.285
0.638
0.949
0.662
0.788
0.819
0.112
0.238
0.734
0.998
0.266
0.78
0.427
0.322
0.689
0.09
0.351
0.37
0.181
0.564
0.957
0.355
0.271
0.656
0.456
0.435
0.158
0.733
0.057
0.237
0.153
0.211
0.645
0.704
0.699
0.771
0.372
0.379
0.236
0.018
0.086
0.38
0.317
0.769
0.355
0.862
0.703
0.728
0.541
0.32
0.941
0.701
0.289
0.027
0.56
0.906
0.915
0.485
0.599
0.123
0.767
0.647
0.641
0.878
0.916
0.806
0.513
0.185
0.192
0.789
0.227
0.54
0.059
0.046
0.65
0.318
0.496
0.487
0.521
0.207
0.069
0.079
0.828
0.182
0.93
0.108
0.864
0.018
0.366
0.417
0.008
0.716
0.371
0.288
0.526
0.739
0.394
0.063
0.178
0.603
0.235
0.164
0.496
0.503
0.088
0.905
0.328
0.517
0.117
0.888
0.711
0.319
0.92
0.764
0.924
0.26
0.058
0.826
0.725
0.907
0.832
0.271
0.262
0.772
0.016
0.623
0.031
0.01
0.507
0.098
0.476
0.066
0.359
0.467
0.172
0.973
0.219
0.813
0.73
0.735
0.441
0.648
0.395
0.288
0.939
0.829
0.319
0.527
0.605
0.67
0.57
0.852
0.339
0.375
0.877
0.648
0.393
0.843
0.784
0.782
0.124
0.926
0.191
0.487
0.428
0.635
0.295
0.5
0.362
0.368
0.161
0.433
0.752
0.702
0.741
0.865
0.833
0.673
0.19
0.923
0.629
0.296
0.276
0.31
0.299
0.416
0.685
0.726
0.403
0.721
0.913
0.155
0.085
0.001
0.154
0.297
0.102
0.149
0.293
0.2
0.985
0.411
0.779
0.842
0.914
0.107
0.49
0.378
0.618
0.011
0.032
0.527
0.911
0.807
0.153
0.304
0.529
0.586
0.006
0.25
0.742
0.757
0.463
0.628
0.862
0.14
0.679
0.934
0.347
0.453
0.868
0.687
0.252
0.491
0.192
0.439
0.096
0.729
0.515
0.701
0.268
0.497
0.857
0.152
0.463
0.418
0.572
0.683
0.696
0.783
0.601
0.194
0.298
0.753
0.685
0.721
0.332
0.627
0.51
0.287
0.051
0.182
0.342
0.208
0.312
0.93
0.942
0.59
0.882
0.557
0.868
0.002
0.825
0.583
0.32
0.426
0.997
0.958
0.444
0.163
0.587
0.91
0.068
0.619
0.913
0.794
0.08
0.368
0.679
0.982
0.622
0.652
0.931
0.242
0.611
0.94
0.906
0.293
0.78
0.121
0.758
0.087
0.243
0.362
0.879
0.492
0.828
0.656
0.102
0.485
0.612
0.26
0.761
0.643
0.645
0.894
0.142
0.976
0.625
0.353
0.585
0.679
0.631
0.178
0.496
0.054
0.106
0.727
0.275
0.956
0.28
0.92
0.371
0.11
0.913
0.947
0.06
0.141
0.576
0.965
0.65
0.395
0.853
0.171
0.226
0.087
0.051
0.379
0.601
0.233
0.407
0.302
0.973
0.913
0.552
0.375
0.076
0.747
0.794
0.89
0.539
0.212
0.839
0.93
0.313
0.907
0.89
0.174
0.013
0.206
0.402
0.145
0.906
0.208
0.644
0.216
0.183
0.861
0.779
0.202
0.424
0.929
0.478
0.429
0.575
0.706
0.03
0.446
0.387
0.088
0.101
0.826
0.459
0.65
0.891
0.385
0.609
0.232
0.378
0.567
0.046
0.877
0.623
0.261
0.786
0.331
0.02
0.211
0.784
0.604
0.39
0.685
0.234
0.464
0.761
0.344
0.257
0.196
0.702
0.806
0.195
0.348
0.913
0.854
0.474
0.442
0.698
0.874
0.006
0.034
0.21
0.499
0.744
0.969
0.06
0.757
0.987
0.008
0.138
0.015
0.983
0.332
0.263
0.176
0.542
0.952
0.396
0.39
0.935
0.052
0.573
0.932
0.044
0.197
0.164
0.742
0.226
0.852
0.155
0.077
0.895
0.171
0.195
0.738
0.343
0.86
0.592
0.709
0.855
0.445
0.884
0.705
0.814
0.093
0.764
0.953
0.732
0.155
0.871
0.141
0.717
0.393
0.56
0.201
0.284
0.961
0.475
0.977
0.739
0.051
0.821
0.171
0.408
0.459
0.913
0.678
0.271
0.839
0.244
0.473
0.902
0.407
0.185
0.598
0.541
0.248
0.338
0.484
0.279
0.312
0.72
0.075
0.663
0.92
0.887
0.558
0.78
0.306
0.083
0.404
0.628
0.324
0.834
0.013
0.148
0.76
0.814
0.162
0.289
0.731
0.776
0.391
0.525
0.702
0.321
0.808
0.512
0.874
0.409
0.25
0.619
0.495
0.216
0.389
0.914
0.23
0.971
0.831
0.185
0.991
0.131
0.369
0.246
0.712
0.326
0.889
0.183
0.149
0.429
0.234
0.608
0.41
0.493
0.841
0.821
0.164
0.611
