0.84
0.335
0.041
0.725
0.812
0.745
0.203
0.893
0.699
0.447
0.235
0.707
0.718
0.842
0.697
0.884
0.582
0.173
0.249
0.976
0.068
0.202
0.142
0.294
0.043
0.627
0.652
0.07
0.766
0.527
0.584
0.509
0.134
0.901
0.303
0.158
0.612
0.304
0.069
0.665
0.163
0.791
0.287
0.261
0.465
0.725
0.809
0.797
0.914
0.146
0.267
0.141
0.349
0.16
0.026
0.068
0.277
0.931
0.169
0.005
0.643
0.274
0.143
0.303
0.95
0.17
0.227
0.98
0.62
0.935
0.111
0.655
0.662
0.189
0.881
0.732
0.549
0.2
0.047
0.927
0.878
0.355
0.704
0.337
0.963
0.688
0.441
0.971
0.383
0.031
0.143
0.212
0.57
0.579
0.763
0.928
0.948
0.631
0.783
0.563
0.447
0.265
0.479
0.236
0.946
0.243
0.499
0.747
0.358
0.17
0.482
0.929
0.822
0.823
0.008
0.209
0.922
0.866
0.846
0.668
0.85
0.869
0.416
0.169
0.344
0.267
0.834
0.583
0.475
0.001
0.988
0.073
0.893
0.587
0.347
0.96
0.309
0.582
0.01
0.447
0.911
0.827
0.267
0.924
0.71
0.918
0.658
0.438
0.137
0.859
0.12
0.625
0.039
0.14
0.845
0.755
0.317
0.593
0.09
0.21
0.997
0.84
0.252
0.802
0.655
0.503
0.029
0.145
0.729
0.59
0.03
0.133
0.046
0.749
0.833
0.07
0.151
0.821
0.638
0.794
0.663
0.489
0.498
0.213
0.301
0.471
0.236
0.467
0.864
0.858
0.21
0.867
0.475
0.096
0.493
0.197
0.704
0.708
0.471
0.256
0.318
0.21
0.02
0.532
0.476
0.884
0.544
0.084
0.727
0.051
0.132
0.558
0.925
0.487
0.621
0.593
0.09
0.185
0.545
0.526
0.763
0.014
0.955
0.258
0.163
0.096
0.526
0.967
0.445
0.963
0.98
0.353
0.181
0.424
0.22
0.351
0.32
0.925
0.139
0.374
0.914
0.558
0.21
0.983
0.622
0.98
0.431
0.608
0.812
0.906
0.801
0.969
0.965
0.723
0.91
0.809
0.675
0.941
0.119
0.488
0.976
0.716
0.889
0.491
0.106
0.436
0.848
0.393
0.287
0.014
0.246
0.379
0.265
0.697
0.533
0.249
0.616
0.023
0.092
0.723
0.96
0.352
0.309
0.517
0
0.534
0.208
0.02
0.246
0.967
0.743
0.636
0.855
0.079
0.06
0.309
0.911
0.748
0.213
0.589
0.663
0.504
0.279
0.898
0.109
0.477
0.948
0.465
0.492
0.849
0.864
0.229
0.414
0.559
0.926
0.118
0.961
0.202
0.441
0.345
0.555
0.002
0.57
0.494
0.658
0.634
0.672
0.033
0.75
0.778
0.449
0.303
0.519
0.191
0.814
0.342
0.075
0.321
0.174
0.866
0.246
0.633
0.984
0.453
0.867
0.652
0.12
0.778
0.69
0.582
0.667
0.622
0.172
0.625
0.75
0.012
0.138
0.572
0.895
0.623
0.261
0.427
0.852
0.544
0.449
0.197
0.857
0.464
0.684
0.27
0.518
0.452
0.269
0.518
0.797
0.093
0.134
0.693
0.61
0.077
0.396
0.914
0.423
0.319
0.129
0.849
0.994
0.365
0.186
0.623
0.178
0.182
0.959
0.234
0
0.323
0.64
0.281
0.352
0.113
0.588
0.453
0.566
0.638
0.41
0.571
0.68
0.287
0.614
0.785
0.621
0.101
0.88
0.134
0.708
0.376
0.805
0.214
0.022
0.334
0.389
0.583
0.58
0.111
0.823
0.633
0.152
0.542
0.843
0.128
0.56
0.812
0.584
0.276
0.617
0.27
0.748
0.044
0.408
0.833
0.517
0.585
0.128
0.029
0.241
0.442
0.702
0.795
0.514
0.246
0.77
0.33
0.615
0.042
0.371
0.406
0.424
0.55
0.654
0.056
0.7
0.399
0.735
0.133
0.023
0.427
0.634
0.911
0.21
0.843
0.492
0.568
0.656
0.643
0.007
0.34
0.876
0.889
0.775
0.888
0.721
0.866
0.446
0.284
0.447
0.323
0.226
0.849
0.01
0.212
0.225
0.321
0.474
0.297
0.364
0.892
0.248
0.007
0.4
0.436
0.745
0.989
0.778
0.795
0.169
0.274
0.747
0.606
0.153
0.984
0.022
0.117
0.032
0.211
0.099
0.072
0.966
0.933
0.558
0.364
0
0.786
0.949
0.971
0.748
0.597
0.191
0.84
0.438
0.201
0.995
0.944
0.705
0.974
0.572
0.133
0.68
0.797
0.808
0.135
0.69
0.286
0.848
0.219
0.988
0.535
0.532
0.738
0.777
0.493
0.404
0.391
0.231
0.654
0.074
0.046
0.188
0.45
0.202
0.767
0.434
0.205
0.428
0.176
0.352
0.978
0.439
0.303
0.594
0.822
0.188
0.731
0.145
0.346
0.011
0.827
0.594
0.21
0.741
0.133
0.389
0.554
0.358
0.471
0.954
0.366
0.175
0.419
0.463
0.072
0.072
0.838
0.607
0.399
0.36
0.653
0.478
0.759
0.004
0.508
0.211
0.64
0.523
0.351
0.394
0.433
0.493
0.79
0.428
0.613
0.544
0.768
0.112
0.603
0.791
0.189
0.26
0.199
0.681
0.882
0.018
0.281
0.893
0.809
0.106
0.173
0.042
0.672
0.308
0.995
0.079
0.731
0.288
0.08
0.251
0.605
0.515
0.396
0.899
0.561
0.36
0.681
0.074
0.776
0.476
0.095
0.907
0.244
0.574
0.19
0.726
0.303
0.015
0.735
0.032
0.545
0.72
0.517
0.785
0.599
0.341
0.472
0.621
0.116
0.856
0.345
0.224
0.353
0.195
0.746
0.844
0.764
0.719
0.096
0.486
0.335
0.878
0.017
0.686
0.507
0.714
0.672
0.96
0.385
0.626
0.826
0.86
0.992
0.629
0.289
0.711
0.566
0.757
0.022
0.791
0.354
0.068
0.72
0.429
0.728
0.573
0.166
0.409
0.008
0.341
1.0
0.982
0.319
0.851
0.01
0.38
0.196
0.619
0.721
0.72
0.918
0.931
0.824
0.379
0.266
0.443
0.245
0.769
0.902
0.085
0.683
0.914
0.959
0.467
0.708
0.673
0.767
0.993
0.499
0.061
0.998
0.159
0.976
0.744
0.157
0.676
0.904
0.224
0.654
0.715
0.215
0.101
0.402
0.415
0.194
0.856
0.961
0.25
0.308
0.831
0.556
0.607
0.872
0.733
0.62
0
0.491
0.178
0.575
0.896
0.046
0.749
0.372
0.208
0.446
0.626
0.357
0.28
0.556
0.788
0.718
0.584
0.059
0.927
0.035
0.981
0.641
0.235
0.716
0.402
0.338
0.325
0.065
0.358
0.206
0.23
0.894
0.169
0.991
0.41
0.278
0.274
0.911
0.403
0.909
0.267
0.934
0.501
0.539
0.015
0.605
0.634
0.727
0.005
0.363
0.028
0.825
0.862
0.256
0.801
0.773
0.575
0.974
0.736
0.949
0.176
0.487
0.081
0.75
0.952
0.111
0.152
0.049
0.79
0.542
0.577
0.492
0.046
0.199
0.796
0.159
0.245
0.021
0.629
0.299
0.548
0.058
0.379
0.148
0.507
0.332
0.928
0.755
0.6
0.039
0.987
0.21
0.812
0.505
0.021
0.073
0.987
0.334
0.176
0.305
0.928
0.599
0.748
0.388
0.681
0.024
0.289
0.512
0.39
0.329
0.323
0.7
0.723
0.673
0.416
0.225
0.857
0.414
0.656
0.5
0.744
0.236
0.836
0.459
0.605
0.738
0.627
0.366
0.96
0.078
0.271
0.294
0.601
0.417
0.362
0.405
0.507
0.971
0.147
0.916
0.025
0.592
0.457
0.53
0.457
0.851
0.885
0.082
0.566
0.934
0.258
0.537
0.574
0.077
0.048
0.132
0.962
0.408
0.252
0.139
0.431
0.877
0.733
0.181
0.761
0.749
0.421
0.731
0.004
0.15
0.931
0.5
0.628
0.773
0.629
0.368
0.824
0.67
0.12
0.474
0.818
0.532
0.757
0.375
0.57
0.185
0.903
0.226
0.278
0.737
0.827
0.957
0.399
0.428
0.412
0.038
0.838
0.953
0.066
0.256
0.979
0.955
0.242
0.361
0.166
0.702
0.107
0.038
0.821
0.994
0.71
0.29
0.81
0.343
0.215
0.356
0.389
0.792
0.437
0.598
0.582
0.046
0.781
0.059
0.733
0.167
0.161
0.763
0.855
0.473
0.271
0.891
0.181
0.059
0.848
0.744
0.177
0.564
0.075
0.285
