0.608
0.723
0.736
0.855
0.426
0.284
0.095
0
0.571
0.213
0.088
0.363
0.43
0.976
0.265
0.901
0.591
0.768
0.96
0.393
0.12
0.947
0.998
0.767
0.789
0.451
0.007
0.082
0.192
0.211
0.257
0.072
0.565
0.828
0
0.563
0.57
0.739
0.716
0.944
0
0.095
0.67
0.517
0.919
0.997
0.592
0.557
0.116
0.287
0.314
0.223
0.033
0.317
0.732
0.294
0.741
0.408
0.317
0.117
0.908
0.879
0.874
0.356
0.871
0.093
0.226
0.026
0.389
0.33
0.282
0.474
0.255
0.725
0.134
0.886
0.047
0.085
0.88
0.549
0.729
0.81
0.246
0.609
0.082
0.881
0.564
0.33
0.805
0.841
0.747
0.667
0.8
0.313
0.986
0.385
0.109
0.725
0.248
0.313
0.561
0.817
0.815
0.688
0.38
0.705
0.533
0.727
0.151
0.037
0.55
0.567
0.257
0.978
0.265
0.253
0.382
0.531
0.214
0.693
0.239
0.761
0.351
0.612
0.861
0.982
0.175
0.614
0.586
0.991
0.105
0.896
0.648
0.507
0.697
0.025
0.595
0.034
0.161
0.032
0.766
0.882
0.966
0.073
0.497
0.615
0.353
0.256
0.529
0.251
0.908
0.979
0.701
0.119
0.764
0.18
0.728
0.319
0.64
0.955
0.668
0.39
0.938
0.509
0.963
0.089
0.423
0.454
0.008
0.331
0.874
0.203
0.73
0.7
0.122
0.138
0.052
0.685
0.03
0.911
0.625
0.111
0.482
0.862
0.67
0.342
0.059
0.898
0.844
0.171
0.716
0.353
0.681
0.24
0.26
0.862
0.83
0.487
0.473
0.89
0.927
0.007
0.514
0.683
0.451
0.067
0.478
0.589
0.792
0.814
0.61
0.043
0.816
0.895
0.007
0.494
0.373
0.301
0.661
0.592
0.71
0.783
0.201
0.969
0.641
0.71
0.288
0.24
0.368
0.375
0.951
0.907
0.483
0.213
0.667
0.143
0.974
0.323
0.985
0.126
0.838
0.982
0.815
0.762
0.914
0.276
0.683
0.167
0.29
0.321
0.422
0.779
0.543
0.061
0.03
0.252
0.731
0.958
0.474
0.954
0.874
0.003
0.685
0.214
0.036
0.029
0.033
0.256
0.4
0.231
0.415
0.735
0.622
0.053
0.15
0.681
0.136
0.634
0.636
0.355
0.948
0.82
0.499
0.787
0.984
0.795
0.225
0.824
0.889
0.541
0.504
0.178
0.072
0.917
0.716
0.197
0.273
0.409
0.114
0.231
0.036
0.24
0.118
0.732
0.093
0.563
0.291
0.636
0.602
0.851
0.144
0.078
0.786
0.858
0.194
0.082
0.742
0.919
0.794
0.062
0.379
0.904
0.376
0.258
0.436
0.322
0.392
0.909
0.064
0.983
0.503
0.763
0.775
0.058
0.18
0.677
0.145
0.419
0.551
0.659
0.347
0.837
0.368
0.814
0.32
0.438
0.947
0.355
0.91
0.698
0.042
0.943
0.49
0.274
0.202
0.532
0.937
0.172
0.972
0.572
0.701
0.033
0.318
0.188
0.527
0.134
0.585
0.909
0.04
0.449
0.151
0.225
0.232
0.644
0.597
0.653
0.226
0.24
0.464
0.904
0.076
0.258
0.568
0.538
0.597
0.649
0.078
0.855
0.148
0.873
0.951
0.032
0.743
0.021
0.999
0.622
0.923
0.357
0.782
0.38
0.401
0.981
0.591
0.028
0.652
0.472
0.371
0.938
0.874
0.126
0.956
0.635
0.686
0.745
0.314
0.3
0.593
0.879
0.353
0.967
0.907
0.719
0.15
0.86
0.106
0.979
0.022
0.916
0.819
0.585
0.091
0.189
0.813
0.141
0.774
0.05
0.695
0.458
0.632
0.418
0.565
0.322
0.983
0.411
0.454
0.475
0.325
0.669
0.465
0.139
0.058
0.145
0.931
0.099
0.29
0.908
0.607
0.228
0.775
0.313
0.222
0.644
0.41
0.835
0.45
0.536
0.145
0.974
0.048
0.033
0.231
0.768
0.409
0.862
0.138
0.519
0.897
0.478
0.043
0.715
0.105
0.218
0.202
0.023
0.682
0.983
0.457
0.852
0.922
0.528
0.345
0.46
0.27
0.876
0.634
0.115
0.562
0.461
0.771
0.742
0.353
0.162
0.343
0.24
0.347
0.869
0.271
0.536
0.976
0.014
0.971
0.115
0.582
0.539
0.287
0.23
0.645
0.542
0.587
0.862
0.362
0.217
0.236
0.761
0.637
0.224
0.166
0.656
0.843
0.295
0.557
0.607
0.696
0.848
0.284
0.181
0.923
0.062
0.304
0.859
0.692
0.704
0.926
0.002
0.751
0.829
0.671
0.979
0.298
0.969
0.405
0.203
0.552
0.213
0.206
0.835
0.418
0.798
0.995
0.11
0.496
0.399
0.327
0.486
0.701
0.646
0.103
0.397
0.236
0.827
0.537
0.611
0.447
0.114
0.214
0.082
0.896
0.86
0.605
0.171
0.072
0.474
0.932
0.836
0.324
0.199
0.246
0.187
0.075
0.923
0.987
0.925
0.181
0.516
0.28
0.146
0.857
0.226
0.5
0.485
0.717
0.128
0.828
0.296
0.661
0.017
0
0.103
0.551
0.251
0.132
0.443
0.285
0.988
0.768
0.906
0.541
0.767
0.726
0.238
0.747
0.648
0.67
0.767
0.098
0.014
0.649
0.294
0.374
0.003
0.27
0.464
0.255
0.619
0.062
0.866
0.864
0.244
0.198
0.064
0.549
0.505
0.297
0.03
0.729
0.527
0.009
0.384
0.409
0.829
0.589
0.568
0.637
0.77
0.123
0.359
0.575
0.016
0.856
0.8
0.0
0.88
0.697
0.44
0
0.929
0.461
0.926
0.854
0.744
0.677
0.642
0.337
0.961
0.634
0.892
0.363
0.253
0.275
0.687
0.957
0.418
0.875
0.025
0.902
0.902
0.202
0.0
0.3
0.153
0.244
0.184
0.224
0.001
0.337
0.133
0.118
0.431
0.879
0.75
0.955
0.837
0.481
0.308
0.47
0.913
0.073
0.659
0.317
0.778
0.975
0.057
0.614
0.608
0.186
0.16
0.313
0.952
0.525
0.47
0.249
0.816
0.752
0.645
0.787
0.005
0.633
0.854
0.618
0.128
0.358
0.071
0.715
0.452
0.547
0.045
0.376
0.427
0.188
0.546
0.951
0.614
0.066
0.27
0.551
0.576
0.29
0.914
0.396
0.709
0.961
0.501
0.439
0.655
0.744
0.35
0.173
0.185
0.235
0.017
0.804
0.795
0.305
0.764
0.017
0.925
0.448
0.219
0.884
0.874
0.04
0.007
0.317
0.737
0.729
0.999
0.47
0.127
0.409
0.436
0.996
0.935
0.839
0.184
0.945
0.101
0.057
0.674
0.054
0.714
0.439
0.233
0.88
0.875
0.387
0.388
0.224
0.435
0.522
0.558
0.061
0.987
0.398
0.083
0.423
0.076
0.925
0.279
0.185
0.336
0.109
0.566
0.837
0.777
0.689
0.211
0.775
0.591
0.0
0.435
0.481
0.375
0.477
0.978
0.688
0.784
0.625
0.703
0.119
0.222
0.911
0.744
0.2
0.603
0.517
0.822
0.502
0.45
0.717
0.304
0.629
0.28
0.295
0.03
0.503
0.199
0.595
0.264
0.26
0.357
0.401
0.517
0.061
0.404
0.639
0.75
0.358
0.555
0.581
0.099
0.062
0.01
0.3
0.967
0.772
0
0.828
0.615
0.503
0.965
0.171
0.946
0.775
0.464
0.004
0.824
0.149
0.842
0.222
0.477
0.004
0.153
0.01
0.953
0.479
0.417
0.841
0.923
0.396
0.962
0.881
0.158
0.669
0.466
0.968
0.785
0.005
0.012
0.454
0.518
0.43
0.899
0.34
0.858
0.641
0.995
0.531
0.833
0.967
0.178
0.173
0.723
0.652
0.261
0.568
0.479
0.975
0.098
0.221
0.039
0.667
0.759
0.79
0.292
0.028
0.045
0.964
0.864
0.554
0.66
0.467
0.523
0.463
0.243
0
0.034
0.895
0.038
0.14
0.212
0.537
0.435
0.798
0.327
0.97
0.661
0.946
0.328
0.626
0.525
0.062
0.736
0.405
0.23
0.584
0.681
0.736
0.615
0.742
0.567
0.925
0.756
0.26
0.481
0.125
0.156
0
0.941
0.141
0.379
0.816
0.663
0.175
0.908
0.791
0.948
0.845
0.238
0.89
0.278
0.303
0.106
0.307
0.706
0.524
0.027
0.632
0
0.996
0.401
0.489
0.958
0.68
0.398
0.644
0.519
0.32
0.533
0.111
0.216
