0.74
0.779
0.383
0.486
0.041
0.413
0.781
0.068
0.632
0.534
0.71
0.075
0.724
0.998
0.104
0.077
0.958
0.097
0.564
0.33
0.197
0.886
0.48
0.142
0.531
0.439
0.471
0.296
0.477
0.387
0.992
0.051
0.576
0.495
0.657
0.078
0.944
0.248
0.865
0.013
0.607
0.574
0.573
0.89
0.302
0.254
0.439
0.744
0.751
0.451
0.154
0.153
0.977
0.869
0.555
0.341
0.817
0.056
0.644
0.534
0.164
0.361
0.338
0.403
0.522
0.423
0.44
0.419
0.3
0.073
0.809
0.45
0.503
0.534
0.456
0.202
0.028
0.618
0.151
0.602
0.24
0.276
0
0.112
0.848
0.79
0.233
0.519
0.827
0.337
0.251
0.879
0.982
0.244
0.277
0.488
0.931
0.235
0.588
0.762
0.241
0.495
0.043
0.39
0.448
0.353
0.236
0.104
0.181
0.012
0.944
0.179
0.433
0.896
0.787
0.921
0.31
0.025
0.141
0.46
0.37
0.311
0.367
0.984
0.949
0.511
0.962
0.752
0.281
0.138
0.476
0.443
0.918
0.145
0.41
0.93
0.791
0.681
0.513
0.332
0.325
0.526
0.749
0.356
0.602
0.068
0.41
0.307
0.193
0.163
0.945
0.624
0.125
0.506
0.414
0.688
0.788
0.926
0.421
0.506
0.861
0.047
0.902
0.224
0.023
0.087
0.327
0.333
0.418
0.741
0.462
0.705
0.964
0.78
0.361
0.157
0.886
0.387
0.63
0.14
0.938
0.028
0.172
0.303
0.785
0.861
0.761
0.75
0.067
0.576
0.341
0.002
0.798
0.259
0.617
0.219
0.005
0.673
0.412
0.028
0.029
0.568
0.977
0.993
0.076
0.619
0.609
0.756
0.482
0.381
0.54
0.293
0.195
0.307
0.528
0.38
0.594
0.786
0.123
0.926
0.199
0.433
0.119
0.818
0.206
0.639
0.011
0.404
0.059
0.583
0.107
0.243
0.418
0.069
0.618
0.043
0.207
0
0.966
0.372
0.354
0
0.245
0.19
0.745
0.367
0.532
0.041
0.11
0.929
0.001
0.927
0.75
0.649
0.174
0.581
0.671
0.833
0.947
0.484
0.039
0.911
0.752
0.432
0.844
0.87
0.817
0.763
0.282
0.586
0.314
0.832
0.781
0.127
0.361
0.311
0.321
0.663
0.573
0.979
0.165
0.849
0.722
0.137
0.293
0.706
0.65
0.967
0.293
0.03
0.673
0.73
0.016
0.532
0.138
0.077
0.04
0.956
0.373
0.437
0.439
0.369
0.119
0.442
0.89
0.001
0.987
0.754
0.942
0.469
0.13
0.79
0.809
0.456
0.004
0.709
0.423
0.711
0.35
0.288
0.428
0.125
0.751
0.525
0.079
0.709
0.903
0.936
0.786
0.965
0.617
0.854
0.611
0.896
0.864
0.671
0.833
0.966
0.12
0.433
0.541
0.591
0.166
0.435
0.435
0.551
0.385
0.351
0.177
0.968
0.932
0.069
0.748
0.077
0.913
0.601
0.918
0.433
0.45
0.118
0.652
0.506
0.132
0.8
0.019
0.739
0.945
0.947
0.942
0.362
0.326
0.461
0.868
0.45
0.83
0.349
0.673
0.85
0.688
0.197
0.907
0.512
0.845
0.301
0.02
0.149
0.414
0.519
0.741
0.713
0.226
0.284
0.31
0.093
0.102
0.64
0.002
0.469
0.853
0.46
0.089
0.859
0.924
0.558
0.185
0.076
0.269
0.344
0.668
0.551
0.242
0.617
0.702
0.323
0.655
0.333
0.103
0.554
0.045
0.779
0.713
0.084
0.004
0.11
0.374
0.332
0.689
0.725
0.982
0.34
0.956
0.695
0.773
0.96
0.575
0.851
0.108
0.244
0.172
0.59
0.89
0.959
0.141
0.738
0.979
0.224
0.215
0.337
0.818
0.735
0.441
0.379
0.26
0.203
0.143
0.764
0.088
0.1
0.217
0.619
0.201
0.987
0.915
0.237
0.053
0.843
0.332
0.561
0.498
0.022
0.369
0.825
0.43
0.743
0.395
0.284
0.697
0.27
0.033
0.696
0.296
0.603
0.918
0.908
0.062
0.447
0.317
0.173
0.165
0.817
0.375
0.237
0.226
0.664
0.016
0.576
0.473
0.808
0.571
0.203
0.346
0.036
0.333
0.471
0.401
0.847
0.268
0.593
0.054
0.745
0.636
0.591
0.885
0.123
0.599
0.826
0.931
0.713
0.895
0.997
0.657
0.258
0.608
0.801
0.32
0.319
0.91
0.592
0.443
0.186
0.498
0.707
0.094
0.711
0.323
0.823
0.667
0.953
0.943
0.953
0.437
0.39
0.137
0.712
0.856
0.627
0.57
0.689
0.293
0.091
0.335
0.176
0.697
0.862
0.761
0.427
0.56
0.461
0.215
0.918
0.731
0.983
0.2
0.16
0.721
0.844
0.86
0.944
0.366
0.188
0.585
1.0
0.563
0.365
0.689
0.861
0.822
0.879
0.173
0.014
0.259
0.053
0.714
0.446
0.857
0.339
0.362
0.934
0.708
0.485
0.368
0.783
0.534
0.808
0.348
0.21
0.475
0.911
0.846
0.421
0.325
0.826
0.754
0.708
0.743
0.674
0.119
0.338
0.298
0.042
0.368
0.268
0.624
0.816
0.708
0.262
0.097
0.787
0.546
0.838
0.507
0.774
0.271
0.32
0.639
0.981
0.611
0.904
0.367
0.038
0.152
0.731
0.766
0.795
0.442
0.337
0.371
0.774
0.896
0.443
0.747
0.442
0.241
0.194
0.798
0.579
0.417
0.653
0.946
0.154
0.442
0.599
0.874
0.656
0.13
0.93
0
0.256
0.262
0.338
0.49
0.35
0.779
0.386
0.849
0.058
0.295
0.173
0.139
0.419
0.222
0.533
0.655
0.628
0.498
0.703
0.181
0.423
0.071
0.077
0.88
0.544
0.714
0.355
0.959
0.641
0.825
0.727
0.113
0.632
0.561
0.838
0.351
0.769
0.704
0.735
0.481
0.999
0.729
0.877
0.29
0.746
0.203
0.722
0.849
0.439
0.988
0.449
0.237
0.26
0.34
0.733
0.158
0.109
0.508
0.045
0.154
0.479
0.654
0.601
0.781
0.339
0.281
0.411
0.81
0.323
0.782
0.318
0.534
0.285
0.002
0.828
0.07
0.473
0.079
0.369
0.461
0.565
0.124
0.236
0.159
0.903
0.938
0.089
0.98
0.848
0.619
0.34
0.518
0.607
0.916
0.485
0.379
0.363
0.069
0.175
0.674
0.304
0.884
0.019
0.66
0.193
0.377
0.796
0.843
0.103
0.875
0.899
0.717
0.247
0.886
0.568
0.527
0.744
0.119
0.965
0.173
0.416
0.832
0.372
0.388
0.044
0.15
0
0.19
0.338
0.29
0.289
0
0.045
0.301
0.169
0.105
0.014
0.224
0.75
0.675
0
0.283
0.879
0.255
0.322
0.742
0.768
0.58
0.927
0.28
0.567
0.225
0.309
0.803
0.466
0.7
0.928
0.81
0.879
0.443
0.439
0.505
0.023
0.026
0.565
0.34
0.02
0.655
0.464
0.786
0.359
0.852
0.745
0.899
0.14
0.383
0.308
0.519
0.01
0.896
0.494
0.302
0.468
0.572
0.352
0.838
0.503
0.917
0.728
0.78
0.393
0.121
0.016
0.878
0.605
0.513
0.973
0.485
0.466
0.262
0.103
0.339
0.431
0.83
0.125
0.044
0.052
0.67
0.662
0.923
0.676
0.392
0.548
0.249
0.324
0.251
0.292
0.294
0.361
0.233
0.265
0.519
0.443
0.557
0.586
0.95
0.927
0.767
0.796
0.212
0.084
0.652
0.071
0.488
0.362
0.771
0.606
0.845
0.433
0.529
0.999
0.79
0.641
0.301
0.028
0.183
0.954
0.247
0.189
0.981
0.311
0.014
0.659
0.57
0.155
0.438
0.781
0.767
0.762
0.833
0.858
0.402
0.467
0.947
0.778
0.939
0.648
0.476
0.189
0.185
0.198
0.827
0.349
0.501
0.631
0.113
0.269
0.751
0.748
0.049
0.962
0.085
0.826
0.021
0.736
0.589
0.758
0.234
0.29
0.445
0.985
0.457
0.677
0.045
0.023
0.327
0.088
0.666
0.181
0.733
0.204
0.641
0.862
0.189
0.395
0.348
0.361
0.805
0.174
0.966
0.462
0.084
0.496
0.94
0.743
0.847
0.934
0.666
0.145
0.904
0.979
0.593
0.999
0.391
0.453
0.275
0.176
0.631
0.271
0.019
0.411
0.361
0.972
0.665
0.219
0.834
0.457
0.949
0.836
0.061
0.037
0.898
0.936
