0.976
0.524
0.156
0.521
0.51
0.048
0.599
0.756
0.722
0.461
0.268
0.643
0.339
0.068
0.124
0.307
0.214
0.649
0.163
0.243
0.251
0.357
0.465
0.768
0.993
0.139
0.853
0.223
0.571
0.351
0.392
0.968
0.061
0.904
0.815
0.326
0.259
0.131
0.581
0.251
0.3
0.535
0.72
0.592
0.092
0.466
0.69
0.339
0.365
0.751
0.462
0.845
0.467
0.715
0.626
0.531
0.426
0.78
0.544
0.18
0.811
0.815
0.423
0.638
0.433
0.258
0.801
0.297
0.356
0.795
0.078
0.79
0.043
0.733
0.641
0.665
0.61
0.092
0.381
0.593
0.891
0.955
0.116
0.008
0.88
0.082
0.546
0.636
0.043
0.354
0.259
0
0.476
0.092
0.252
0.867
0.569
0.761
0.895
0.599
0.448
0.333
0.71
0.084
0.851
0.106
0.321
0.81
0.713
0.111
0.434
0.916
0.047
0.228
0.089
0.504
0.382
0.833
0.085
0.255
0.715
0.457
0.886
0.013
0.486
0.937
0.041
0.453
0.59
0.269
0.418
0.117
0.116
0.253
0.238
0.808
0.741
0.584
0.004
0.293
0.203
0.753
0.254
0.827
0
0.528
0.606
0.183
0.128
0.934
0.71
0.577
0.163
0.776
0.383
0.143
0.106
0.839
0.494
0.467
0.112
0.381
0.059
0.6
0.196
0.09
0.654
0.045
0.423
0.307
0.147
0.946
0.742
0.491
0.634
0.557
0.844
0.11
0.399
0.564
0.457
0.252
0.439
0.128
0.646
0.139
0.146
0.083
0.972
0.444
0.266
0.206
0.993
0.604
0.592
0.199
0.896
0.542
0.69
0.934
0.121
0.073
0.556
0.272
0.549
0.137
0.037
0.853
0.102
0.415
0.718
0.251
0.352
0.523
0.497
0.038
0.345
0.815
0.466
0.189
0.681
0.332
0.019
0.537
0.633
0.057
0.359
0.105
0.391
0.689
0.3
0.302
0.684
0.883
0.054
0.919
0.302
0.575
0.064
0.074
0.355
0.242
0.711
0.279
0.772
0.164
0.041
0.704
0.881
0.903
0.22
0.412
0.986
0.46
0.158
0.811
0.468
0.104
0.879
0.264
0.123
0.346
0.525
0.537
0.5
0.664
0.124
0.555
0.676
0.896
0.547
0.604
0.925
0.298
0.759
0.433
0.752
0.402
0.672
0.281
0.511
0.374
0.017
0.092
0.033
0.191
0.592
0.466
0.789
0.55
0.098
0.665
0.703
0.894
0.285
0.757
0.965
0.121
0.79
0.713
0.091
0.757
0.232
0.855
0.688
0.036
0.592
0.667
0.36
0.311
0.499
0.002
0.432
0.309
0.792
0.232
0.603
0.821
0.502
0.816
0.162
0.854
0.393
0.761
0.499
0.644
0.888
0.277
0.879
0.838
0.955
0.215
0.278
0.419
0.225
0.735
0.196
0.803
0.108
0.647
0.495
0.464
0.501
0.148
0.661
0.607
0.261
0.662
0.818
0.566
0.526
0.523
0.834
0.297
0.668
0.744
0.338
0.358
0.567
0.261
0.589
0.887
0.354
0.583
0.634
0.836
0.64
0.205
0.597
0.555
0.65
0.686
0.598
0.215
0.783
0.378
0.005
0.413
0.149
0.021
0.732
0.244
0.642
0.837
0.529
0.745
0.276
0.425
0.091
0.127
0.818
0
0.903
0.26
0.623
0.762
0.101
0.152
0.526
0.631
0.602
0.184
0.286
0.759
0.583
0.279
0.163
0.067
0.416
0.149
0.939
0.984
0.95
0.422
0.494
0.441
0.867
0.618
0.927
0.856
0.265
0.808
0.443
0.131
0.687
0.296
0.792
0.476
0.162
0.199
0.808
0.926
0.842
0.786
0.615
0.96
0.616
0.055
0.828
0.914
0.12
0.881
0.964
0.189
0.709
0.406
0.482
0.165
0.954
0.585
0.588
0.531
0.872
0.662
0.732
0.825
0.731
0.892
0.3
0.795
0.051
0.469
0.853
0.28
0.839
0.724
0.809
0.989
0.742
0.156
0.605
0.428
0.844
0.458
0.408
0.322
0.472
0.695
0.301
0.135
0.179
0.407
0.808
0.086
0.011
0.747
0.285
0.845
0.37
0.073
0.096
0.574
0.325
0.71
0.664
0.273
0.123
0.556
0.158
0.791
0.618
0.688
0.044
0.156
0.815
0.317
0.309
0.432
0.401
0.701
0.519
0.75
0.217
0.081
0.566
0.012
0.79
0.562
0.209
0.526
0.535
0.316
0.229
0.034
0.354
0.525
0.17
0.855
0.763
0.165
0.878
0.904
0.456
0.848
0.66
0.567
0.992
0.114
0.757
0.753
0.021
0.898
0.153
0.315
0.388
0.342
0.519
0.912
0.592
0.813
0.448
0.276
0.553
0.897
0.408
0.244
0.337
0.949
0.635
0.468
0.207
0.56
0.402
0.62
0.809
0.664
0.347
0.748
0.567
0.278
0.806
0.249
0.627
0.951
0.047
0.346
0.665
0.547
0.041
0.573
0.997
0.612
0.285
0.801
0.462
0.21
0.998
0.02
0.216
0.431
0.642
0.059
0.326
0.11
0.141
0.547
0.991
0.78
0.424
0.823
0.686
0.076
0.731
0.854
0.118
0.981
0.201
0.768
0.164
0.34
0.981
0.763
0.244
0.648
0.157
0.836
0.892
0.076
0.204
0.02
0.313
0.2
0.932
0.341
0.414
0.908
0.868
0.576
0.965
0.344
0.558
0.102
0.505
0.905
0.84
0.2
0.518
0.631
0.512
0.421
0.319
0.33
0.55
0.126
0.008
0.257
0.21
0.904
0.393
0.864
0.995
0.615
0.276
0.303
0.855
0.897
0.833
0.149
0.48
0.6
0.695
0.294
0.167
0.049
0.709
0.879
0.958
0.328
0.61
0.004
0.564
0.954
0.141
0.69
0.982
0.482
0.911
0.671
0.613
0.37
0.537
0.64
0.364
0.058
0.378
0.046
0.267
0.191
0.048
0.555
0.73
0.321
0.826
0.645
0.255
0.184
0.661
0.082
0.162
0.423
0.026
0.374
0.72
0.941
0.642
0.594
0.407
0.538
0.088
0.832
0.343
0.052
0.882
0.695
0.415
0.447
0.64
0.492
0.274
0.206
0.888
0.534
0.532
0.009
0.096
0.177
0.644
0.001
0.425
0.288
0.873
0.401
0.151
0.391
0.598
0.35
0.622
0.87
0.208
0.988
0.808
0.445
0.68
0.396
0.235
0.109
0.894
0.732
0.862
0.934
0.095
0.582
0.587
0.421
0.247
0.834
0.009
0.392
0.702
0.301
0.121
0.191
0.777
0.971
0.645
0.877
0.806
0.272
0.654
0.352
0.1
0.877
0.417
0.236
0.813
0.481
0.007
0.779
0.174
0.305
0.01
0.674
0.688
0.589
0.519
0.192
0.346
0.481
0.697
0.219
0.474
0.427
0.882
0.11
0.933
0.51
0.524
0.046
0.174
0.81
0.573
0.362
0.319
0.041
0.088
0.254
0.418
0.992
0.744
0.238
0.586
0.948
0.506
0.861
0.98
0.416
0.074
0.982
0.237
0.566
0.679
0.354
0.251
0.177
0.857
0.605
0.404
0.668
0.182
0.185
0.65
0.573
0.892
0.16
0.928
0.31
0.972
0.186
0.613
0.764
0.568
0.714
0.003
0.94
0.577
0.061
0.742
0.933
0.254
0.927
0.336
0.07
0.363
0.014
0.367
0.437
0.858
0.184
0.21
0
0.848
0.418
0.724
0.235
0.535
0.16
0.292
0.0
0.561
0.65
0.989
0.015
0.784
0.42
0.65
0.344
0.329
0.727
0.369
0.197
0.31
0.488
0.606
0.927
0.558
0.983
0.909
0.087
0.225
0.611
0.195
0.764
0.144
0.357
0.14
0.111
0.987
0.097
0.624
0.316
0.808
0.936
0.33
0.054
0.51
0.216
0.64
0.393
0.416
0.64
0.992
0.313
0.768
0.171
0.995
0.985
0.616
0.389
0.297
0.575
0.486
0.145
0.312
0.484
0.722
0.793
0.989
0.298
0.26
0.061
0.57
0.585
0.918
0.833
0.767
0.072
0.683
0.999
0.177
0.382
0.041
0.829
0.426
0.974
0.33
0.267
0.052
0.854
0.454
0.886
0.282
0.025
0.596
0.648
0.839
0.98
0.139
0.444
0.64
0.553
0.214
0.848
0.435
0.802
0.183
0.861
0.911
0.266
0.917
0.833
0.278
0.386
0.075
0.33
0.194
0.743
0.385
0.3
0.024
0.361
0.576
0.646
0.631
0.074
0.281
0.135
0.194
0.064
0.528
0.266
0.177
0.577
0.085
0.651
0.272
0.315
0.875
0.33
0.428
0.391
