0.527
0.752
0.509
0.014
0.108
0.97
0.193
0.402
0.87
0.409
0.563
0.627
0.912
0.273
0.568
0.914
0.076
0.735
0.611
0.015
0.563
0.211
0.009
0.507
0.483
0.771
0.367
0.835
0.062
0.525
0.865
0.021
0.823
0.933
0.008
0.27
0.488
0.435
0.793
0.12
0.689
0.369
0.656
0.588
0.798
0.854
0.613
0.905
0.887
0.217
0.855
0.434
0.94
0.192
0.439
0.396
0.73
0.097
0.328
0.297
0.566
0.529
0.825
0.39
0.987
0.787
0.344
0.11
0.856
0.359
0.125
0.175
0.336
0.28
0.034
0.715
0.699
0.599
0.006
0.729
0.631
0.673
0.076
0.586
0.749
0.408
0.628
0.094
0.202
0.984
0.63
0.625
0.061
0.943
0.273
0.142
0.071
0.105
0.673
0.484
0.693
0.969
0.478
0.998
0.603
0.782
0.306
0.307
0.258
0.738
0.005
0.986
0.682
0.758
0.924
0.982
0.206
0.845
0.553
0.251
0.036
0.829
0.914
0.585
0.428
0.383
0.327
0.725
0.441
0.924
0.672
0.216
0.491
0.102
0.085
0.83
0.783
0.605
0.533
0.195
0.945
0.268
0.583
0.894
0.002
0.228
0.881
0.273
0.957
0.613
0.831
0.764
0.182
0.371
0.426
0.652
0.337
0.277
0.844
0.546
0.015
0.852
0.758
0.782
0.984
0.499
0.574
0.135
0.302
0.585
0.346
0.611
0.187
0.664
0.173
0.233
0.443
0.969
0.526
0.055
0.691
0.531
0.273
0.115
0.611
0.491
0.552
0.168
0.779
0.189
0.273
0.942
0.363
0
0.9
0.22
0.979
0.459
0.368
0.397
0.424
0.252
0.48
0.983
0.304
0.49
0.5
0.45
0.927
0.043
0.396
0.986
0.83
0.587
0.446
0.512
0.603
0.664
0.62
0.742
0.143
0.317
0.721
0.694
0.522
0.816
0.959
0.658
0.798
0.926
0.263
0.983
0.147
0.798
0.442
0.67
0.501
0.76
0.627
0.172
0.708
0.244
0.793
0.271
0.891
0.757
0.318
0.637
0.737
0.64
0.151
0.654
0.049
0.838
0.961
0.927
0.835
0.028
0.581
0.26
0.938
0.335
0.848
0.939
0.046
0.149
0.438
0.77
0.173
0.476
0.699
0.359
0.907
0.97
0.964
0.064
0.893
0.586
0.451
0.343
0.204
0.799
0.78
0.664
0.051
0.235
0.272
0.754
0.254
0.526
0.122
0.429
0.48
0.547
0.958
0.026
0.676
0.715
0.991
0.889
0.246
0.883
0.005
0.939
0.631
0.889
0.267
0.232
0.59
0.091
0.978
0.83
0.62
0.999
0.207
0.912
0.009
0.507
0.756
0.191
0.178
0.233
0.281
0.764
0.895
0.456
0.907
0.104
0.559
0.496
0.665
0.924
0.283
0.327
0.152
0.541
0.017
0.265
0.296
0.627
0
0.097
0.565
0.529
0.603
0.675
0.598
0.701
0.233
0.917
0.171
0.646
0.4
0.045
0.311
0.893
0.035
0.697
0.479
0.909
0.028
0.136
0.12
0.859
0.088
0.031
0.71
0.491
0.638
0.44
0.002
0.382
0.146
0.556
0.783
0.55
0.899
0.842
0.208
0.116
0.525
0.127
0.191
0.281
0.995
0.675
0.337
0.016
0.352
0.51
0.109
0.496
0.741
0.193
0.36
0.309
0.945
0.23
0.051
0.62
0.947
0.786
0.484
0.484
0.552
0.034
0.362
0.346
0.875
0.069
0.13
0.593
0.242
0.16
0.787
0.809
0.292
0.857
0.161
0.118
0.898
0.258
0.39
0.585
0.828
0.818
0.014
0.991
0.642
0.064
0.683
0
0.508
0.697
0.543
0.877
0.421
0.77
0.801
0.307
0.333
0.603
0.57
0.018
0.352
0.952
0.772
0.401
1.0
0.309
0.939
0.236
0.565
0.469
0.748
0.926
0.022
0.863
0.368
0.269
0.183
0.957
0.945
0.892
0.397
0.992
0.996
0.432
0.585
0.572
0.298
0.378
0.573
0.072
0.078
0.825
0.768
0.278
0.078
0.617
0.84
0.125
0.826
0.512
0.591
0.062
0.873
0.36
0.3
0.481
0.533
0.995
0.963
0.577
0.298
0.528
0.859
0.509
0.744
0.051
0.321
0.128
0.191
0.246
0.34
0.825
0.38
0.314
0.549
0.925
0.81
0.201
0.897
0.684
0.09
0.916
0.994
0.493
0.848
0.619
0.634
0.409
0.388
0.215
0.805
0.302
0.263
0.22
0.526
0.549
0.418
0.06
0.641
0.779
0.605
0.985
0.479
0.675
0.863
0.592
0.864
0.052
0.041
0.621
0.619
0.765
0.301
0.351
0.471
0.023
0.062
0.167
0.814
0.83
0.293
0.041
0.518
0.65
0.476
0.738
0.876
0.361
0.155
0.376
0.215
0.669
0.672
0.371
0.668
0.382
0.854
0.769
0.893
0.448
0.752
0.507
0.333
0.26
0.619
0.684
0.153
0.235
0.615
0.619
0.781
0.945
0.492
0.043
0.114
0.823
0.168
0.451
0.315
0.823
0.68
0.102
0.329
0.698
0.804
0.909
0.397
0.399
0.523
0.774
0.457
0.473
0.348
0.313
0.487
0.337
0.011
0.892
0.427
0.844
0.814
0.197
0.281
0.791
0.637
0.061
0.639
0.847
0.618
0.666
0.318
0.785
0.407
0.803
0.433
0.288
0.684
0.113
0.484
0.475
0.225
0.285
0.884
0.263
0.111
0.653
0.333
0.276
0.348
0.186
0.681
0.825
0.611
0.39
0.392
0.048
0.337
0.733
0.059
0.991
0.39
0.101
0.61
0.718
0.713
0.051
0.507
0.482
0.135
0.262
0.772
0.618
0.615
0.223
0.653
0.498
0.988
0.307
0.052
0.769
0.406
0.176
0.507
0.26
0.243
0.728
0.129
0.392
0.33
0.222
0.561
0.851
0.811
0.214
0.94
0.892
0.753
0.643
0.49
0.914
0.578
0.737
0.476
0.687
0.971
0.799
0.548
0.167
0.969
0.943
0.444
0.974
0.45
0.04
0.536
0.319
0.884
0.822
0.831
0.755
0.462
0.334
0.473
0.192
0.593
0.588
0.5
0.111
0.291
0.719
0.028
0.012
0.887
0.985
0.597
0.527
0.077
0.193
0.418
0.508
0.746
0.307
0.271
0.223
0.611
0.061
0.5
0.142
0.111
0.89
0.075
0.121
0.475
0.217
0.962
0.488
0.433
0.806
0.513
0.439
0.099
0.009
0.345
0.19
0.99
0.85
0.782
0.922
0.662
0.452
0.574
0.371
0.576
0.592
0.354
0.501
0.599
0.17
0.128
0.745
0.744
0.828
0.791
0.668
0.297
0.663
0.047
0.012
0.266
0.455
0.355
0.597
0.033
0.019
0.077
0.448
0.224
0.955
0.147
0.319
0.716
0.533
0.205
0.444
0.868
0.321
0.26
0.231
0.539
0.176
0.02
0.64
0.429
0.03
0.493
0
0.625
0.964
0.027
0.521
0.111
0.391
0.755
0.515
0.178
0.687
0.636
0.339
0.567
0.856
0.31
0.015
0.991
0.098
0.296
0.459
0.33
0.405
0.261
0.602
0.602
0.256
0.509
0.354
0.115
0.248
0.487
0.061
0.535
0.237
0.797
0.347
0.742
0.933
0.424
0.586
0.076
0.438
0.854
0.349
0.981
0.281
0.319
0.101
0.078
0.205
0.797
0.045
0.609
0.839
0.275
0.141
0.456
0.383
0.859
0.624
0.219
0.792
0.196
0.778
0.524
0.683
0.362
0.379
0.987
0.019
0.759
0.705
0.715
0.496
0.589
0.936
0.726
0.06
0.347
0.285
0.574
0.408
0.278
0.225
0.968
0.292
0.509
0.152
0.022
0.079
0.37
0.819
0.281
0.723
0.51
0.321
0.309
0.066
0.878
0.315
0.407
0.726
0.794
0.779
0.078
0.838
0.418
0.565
0.98
0.834
0.319
0.106
0.907
0.062
0.542
0.34
0.96
0.3
0.17
0.183
0.184
0.155
0.428
0.323
0.895
0.866
0.308
0.12
0.222
0.376
0.033
0.848
0.585
0.821
0.417
0.755
0.354
0.188
0.702
0
0.42
0.334
0.287
0.504
0.879
0.327
0.542
0.42
0.505
0.168
0.487
0.565
0.677
0.601
0.602
0.98
0.023
0.161
0.721
0.193
0.497
0.733
0.748
0.102
0.436
0.737
0.123
0.505
0.254
0.771
0.574
0.564
0.499
0.438
0.903
0.747
0.297
0.713
0.262
0.61
0.689
0.996
0.576
0.735
0.104
0.425
0.225
0.736
0.367
0.959
