0.626
0.168
0.368
0.877
0.868
0.79
0.513
0.487
0.506
0.203
0.319
0.109
0.529
0.067
0.293
0.476
0.673
0.362
0.793
0.035
0.876
0.952
0.015
0.911
0.819
0.088
0.349
0.217
0.355
0.349
0.57
0.343
0.003
0.581
0.372
0.731
0.907
0.416
0.574
0.041
0.52
0.401
0.32
0.379
0.477
0
0.724
0.817
0.416
0.919
0.555
0.721
0.005
0.158
0.134
0.383
0.795
0
0.677
0.171
0.288
0.586
0.796
0.701
0.205
0.356
0.582
0.33
0.71
0.904
0.47
0.81
0.12
0.065
0.023
0.316
0.571
0.38
0.299
0.106
0.626
0.88
0.051
0.132
0.784
0.848
0.536
0.677
0.952
0.674
0.053
0.168
0.358
0.375
0.013
0.202
0.664
0.178
0.404
0.528
0.603
0.551
0.067
0.95
0.53
0.47
0.068
0.628
0.456
0.178
0.468
0.048
0.254
0.27
0.922
0.552
0.254
0.362
0.702
0.642
0.159
0.091
0.158
0.434
0.576
0.951
0.61
0.855
0.692
0.951
0.233
0.953
0.451
0.306
0.914
0.688
0.552
0.096
0.946
0.811
0.012
0.88
0.263
0.262
0.609
0.461
0.005
0.086
0.083
0.979
0.56
0.941
0.833
0.611
0.866
0.136
0.645
0.014
0.882
0.555
0.98
0.597
0.272
0.41
0.941
0.729
0.06
0.763
0.088
0.758
0.694
0.982
0.85
0.709
0.619
0.437
0.355
0.344
0.474
0.694
0.509
0.565
0.645
0.623
0.192
0.187
0.646
0.333
0.076
0
0.142
0.698
0.583
0.65
0.839
0.58
0.472
0.708
0.504
0.258
0.992
0.234
0.355
0.767
0.44
0.762
0.609
0.545
0.538
0.202
0.563
0.496
0.048
0.756
0.123
0.926
0.016
0.078
0.786
0.114
0.845
0.196
0.878
0.05
0.04
0.883
0.874
0.774
0.367
0
0.406
0.578
0.064
0.319
0.635
0.865
0.076
0.123
0.956
0.132
0.286
0.246
0.144
0.106
0.394
0.071
0.922
0.287
0.145
0.319
0.521
0.654
0.35
0.198
0.802
0.129
0.482
0.2
0.306
0.818
0.022
0.085
0.361
0.802
0.175
0.622
0.693
0.279
0.969
0.57
0.522
0.661
0.836
0.714
0.125
0.636
0.916
0.841
0.78
0.484
0.012
0.367
0.005
0.852
1.0
0.628
0.525
0.112
0.213
0.871
0.142
0.708
0.836
0.979
0.383
0.909
0.399
0.91
0.135
0.892
0.411
0.443
0.082
0.676
0.557
0.541
0.832
0.365
0.615
0.345
0.459
0.309
0.22
0.33
0.321
0.437
0.257
0.653
0.332
0.675
0.981
0.719
0.69
0.549
0.654
0.421
0.031
0.085
0.715
0.786
0.953
0.934
0.275
0.371
0.144
0.313
0.551
0.066
0.849
0.323
0.431
0.19
0.01
0.898
0.331
0.27
0.574
0.446
0.213
0.667
0.369
0.444
0.938
0.578
0.645
0.308
0.624
0.384
0.934
0.953
0.214
0.187
0.124
0.513
0.938
0.702
0.248
0.482
0.237
0.347
0.803
0.769
0.163
0.856
0.942
0.973
0.834
0.96
0.01
0.416
0.236
0.748
0.123
0.559
0.152
0.818
0.591
0.568
0.42
0.609
0.278
0.595
0.179
0.429
0.851
0.066
0.94
0.503
0.879
0.845
0.48
0.62
0.547
0.683
0.251
0.788
0.184
0.149
0.995
0.093
0.311
0.009
0.88
0.9
0.061
0.399
0.468
0.93
0.885
0.393
0.93
0.276
0.612
0.399
0.127
0.252
0.102
0.577
0.356
0.524
0.293
0.378
0.071
0.927
0.186
0.648
0.729
0.973
0.48
0.603
0.309
0.179
0.373
0.67
0.791
0.116
0.921
0.945
0.452
0.569
0.952
0.998
0.267
0.076
0.123
0.201
0.304
0.148
0.036
0.128
0.597
0.163
0.772
0.741
0.677
0.374
0.976
0.51
0.003
0.985
0.784
0.495
0.587
0.143
0.248
0.265
0.865
0.155
0.355
0.792
0.872
0.291
0.363
0.239
0.175
0.282
0.003
0.043
0.097
0.915
0.02
0.67
0.414
0.244
0.643
0.719
0.926
0.155
0.096
0.949
0.102
0.016
0.117
0.263
0.629
0.735
0.816
0.316
0.877
0.474
0.238
0.293
0.145
0.223
0.004
0.867
0.247
0.278
0.732
0.655
0.172
0.529
0.17
0.756
0.514
0.181
0.616
0.329
0.601
0.042
0.915
0.699
0.596
0.024
0.313
0.723
0.476
0.276
0.234
0.486
0.283
0.225
0.637
0.855
0.601
0.017
0.32
0.998
0.42
0.912
0.934
0.722
0.328
0.405
0.52
0.748
0.297
0.68
0.344
0.986
0.823
0.689
0.776
0.269
0.945
0.995
0.965
0.857
0.011
0.924
0.276
0.586
0.392
0.338
0.047
0.191
0.644
0.867
0
0.357
0.051
0.068
0.032
0.906
0.055
0.123
0.217
0.98
0.449
0.235
0.111
0.913
0.578
0.266
0.298
0.646
0.603
0.162
0.468
0.52
0.682
0.379
0.826
0.908
0.683
0.087
0.897
0.657
0.764
0.687
0.914
0.532
0.804
0.245
0.512
0.262
0.058
0.618
0.69
0.418
0.525
0.685
0.762
0.785
0.595
0.637
0.426
0.306
0.937
0.982
0.772
0.473
0.823
0.53
0.537
0.69
0.043
0.912
0.296
0.841
0.257
0.374
0.884
0.871
0.261
0.396
0.373
0.907
0.092
0.023
0.674
0.265
0.033
0.711
0.222
0.566
0.178
0.623
0.538
0.049
0.197
0.155
0.159
0.731
0.138
0.471
0.712
0.93
0.413
0.771
0.939
0.374
0.779
0.329
0.863
0.172
0.618
0.891
0.901
0.848
0.783
0.656
0.036
0.913
0.339
0.04
0.175
0.453
0.557
0.194
0.898
0.6
0.088
0.85
0.417
0.869
0.12
0.829
0.644
0.744
0.375
0.775
0.733
0.072
0.852
0.094
0.728
0.627
0.741
0.97
0.578
0.437
0.532
0.178
0.268
0.987
0.309
0.129
0.407
0.749
0.85
0.984
0
0.275
0.74
0.668
0.353
0.758
0.538
0.323
0.247
0.997
0.696
0.579
0.414
0.673
0.54
0.33
0.309
0.435
0.421
0.958
0.749
0.664
0.081
0.115
0.792
0.954
0.45
0.938
0.047
0.983
0.04
0.442
0.93
0.876
0.932
0.669
0.442
0.493
0.17
0.126
0.995
0.314
0.29
0.583
0.328
0.396
0.823
0.209
0.2
0.183
0.457
0.009
0.566
0.241
0.482
0.524
0.256
0.012
0.965
0.346
0.164
0.685
0.352
0.889
0.488
0.254
0.219
0.631
0.455
0.955
0.728
0.428
0.635
0.437
0.546
0.843
0.23
0.48
0.677
0.861
0.533
0.784
0.218
0.291
0.183
0.774
0.285
0.725
0.4
0.049
0.731
0.437
0.779
0.557
0.187
0.709
0.703
0.049
0.153
0.896
0.248
0.621
0.21
0.886
0.189
0.282
0.957
0.959
0.263
0.954
0.277
0.592
0.477
0.831
0.369
0.094
0.892
0.263
0.868
0.958
0.448
0.075
0.158
0.759
0.817
0.522
0.103
0.672
0.591
0.077
0.321
0.082
0.285
0.662
0.366
0.12
0.221
0.023
0.848
0.472
0.07
0.164
0.329
0.987
0.044
0.702
0.489
0.903
0.038
0.374
0.526
0.02
0.389
0.414
0.523
0.167
0.342
0.569
0.164
0.592
0.116
0.251
0.079
0.539
0.692
0.234
0.877
0.815
0.701
0.835
0.361
0.132
0.99
0.583
0.056
0
0.733
0.64
0.726
0.284
0.122
0.174
0.191
0.29
0.141
0.039
0.302
0.87
0.604
0.745
0.243
0.599
0.595
0.587
0.728
0.084
0.379
0.648
0.807
0.083
0.127
0.996
0.745
0.123
0.475
0.17
0.23
0.002
0.923
0.665
0.638
0.606
0.022
0.747
0.737
0.35
0.445
0.01
0.811
0.609
0.141
0.523
0.199
0.663
0.452
0.008
0.431
0.487
0.487
0.014
0.021
0.02
0.062
0.481
0.311
0.692
0.369
0.933
0.211
0.437
0.797
0.697
0.468
0.421
0.115
0.669
0.752
0.089
0.799
0.394
0.002
0.944
0.14
0.034
0.618
0.658
0.817
0.649
0.047
0.145
0.532
0.081
0.609
0.488
0.92
0.986
0.178
0.875
0.467
0.013
0.642
0.141
0.851
0.819
0.817
0.277
0.83
0.691
