0.076
0.454
0.007
0.095
0.193
0.271
0.079
0.749
0.246
0.936
0.724
0.142
0.651
0.938
0.136
0.334
0.619
0.381
0.8
0.592
0.09
0.628
0.903
0.877
0.735
0.132
0.843
0.036
0.452
0.885
0.147
0.027
0.675
0.932
0.63
0.134
0.793
0.904
0.762
0.304
0.747
0.376
0.099
0.526
0.977
0.919
0.59
0.491
0.088
0.958
0.62
0.336
0.168
0.929
0.345
0.423
0.747
0.673
0.445
0.319
0.741
0.298
0.599
0.929
0.869
0.612
0.385
0.772
0.317
0.822
0.041
0.349
0.343
0.254
0.076
0.815
0.619
0.656
0.409
0.583
0.426
0.074
0.414
0.492
0.427
0.523
0.89
0.344
0.86
0.793
0.661
0.423
0.785
0.478
0.529
0
0.005
0.564
0.794
0.881
0.983
0.699
0.697
0.654
0.32
0.567
0.014
0.485
0.266
0.191
0.269
0.25
0.255
0.463
0.609
0.891
0.668
0.648
0.762
0.032
0.758
0
0.596
0.342
0.375
0.831
0.051
0.018
0.199
0.174
0.21
0.772
0.616
0.782
0.93
0.459
0.964
0.291
0.474
0.241
0.057
0.592
0.559
0.965
0.507
0.485
0.308
0.716
0.439
0.904
0.754
0.573
0.564
0.342
0.151
0.018
0.332
0.379
0.953
0.043
0.824
0.043
0.209
0.946
0.713
0.777
0.971
0.464
0.232
0.985
0.525
0.272
0.284
0.819
0.045
0.196
0.354
0.988
0.444
0.413
0.117
0.56
0.688
0.169
0.134
0.778
0.421
0.741
0.048
0.593
0.239
0.956
0.09
0.969
0.822
0.829
0.14
0.844
0.686
0.382
0.904
0.04
0.45
0.921
0.819
0.943
0.021
0.784
0.11
0.331
0.622
0.581
0.249
0.671
0
0.224
0.094
0.699
0.11
0.219
0.466
0.971
0.945
0.999
0.145
0.271
0.697
0.082
0.764
0.87
0.138
0.047
0.784
0.167
0.376
0.052
0.467
0.132
0.787
0.613
0.039
0.105
0.746
0.896
0.848
0.512
0.257
0.654
0.658
0.349
0.647
0.89
0.261
0.357
0.895
0.705
0.386
0.116
0.589
0.062
0.331
0.462
0.963
0.415
0.992
0.925
0.217
0.158
0.576
0.879
0.339
0.477
0.93
0.739
0.401
0.037
0.814
0.705
0.804
0.001
0.682
0.226
0.881
0.112
0.273
0.303
0.863
0.784
0.103
0.037
0.855
0.039
0.458
0.702
0.813
0.315
0.832
0.676
0.179
0.846
0.793
0.893
0.896
0.928
0.026
0.115
0.693
0.135
0.778
0.623
0.793
0.254
0.21
0.88
0.015
0.218
0.476
0.103
0.279
0.863
0.142
0.726
0.901
0.244
0.894
0.922
0.013
0.94
0.137
0.24
0.845
0.613
0.696
0.296
0.348
0.372
0.001
0.237
0.457
0.16
0.255
0.832
0.139
0.778
0.792
0.526
0.173
0.261
0.338
0.516
0.103
0.3
0.998
0.838
0.022
0.048
0.311
0.292
0.105
0.115
0.519
0.288
0.519
0.182
0.498
0.606
0.161
0.735
0.305
0.96
0.554
0.74
0.803
0.407
0.518
0.942
0.123
0.035
0.086
0.585
0.898
0.409
0.017
0.889
0.668
0.166
0.851
0.175
0.518
0.761
0.063
0.911
0.452
0.425
0.895
0.794
0.3
0.119
0.201
0.164
0.724
0.838
0.389
0.869
0.728
0.677
0.976
0.858
0.004
0.365
0.874
0.39
0.521
0.326
0.415
0.351
0.907
0.412
0.047
0.382
0.68
0.43
0.015
0.813
0.081
0.162
0.31
0.587
0.008
0.828
0.922
0.022
0.983
0.689
0.625
0.693
0.975
0.236
0.309
0.162
0.639
0.622
0.767
0.949
0.259
0.193
0.225
0.489
0.658
0.725
0.86
0.508
0.425
0.711
0.535
0.804
0.591
0.302
0.597
0.256
0
0.652
0.146
0.235
0.853
0.835
0.768
0.381
0.788
0.628
0.476
0.699
0.337
0.028
0.557
0.354
0.054
0.172
0.153
0.28
0.094
0.888
0.118
0.156
0.208
0.198
0.673
0.132
0.575
0.04
0.011
0.15
0.075
0.027
0.296
0.61
0.948
0.076
0.578
0.793
0.596
0.859
0.129
0.761
0.783
0.952
0.541
0.993
0.616
0.715
0.031
0.302
0.582
0.812
0.979
0.893
0.206
0.175
0.383
0.135
0.89
0.628
0.475
0.359
0.294
0.031
0.082
0.658
0.678
0.758
0.993
0.714
0.395
0.121
0.567
0.443
0.229
0.402
0.731
0.16
0.778
0.9
0.996
0.712
0.9
0.588
0.589
0.8
0.836
0.909
0.638
0.35
0.23
0.271
0.502
0.861
0.994
0.177
0.317
0.977
0.985
0.825
0.947
0.543
0.02
0.351
0.03
0.105
0.988
0.153
0.637
0.853
0.19
0.878
0.564
0.558
0.022
0
0.697
0.137
0.911
0.306
0.5
0.349
0.504
0.072
0.132
0.515
0.491
0.125
0.117
0.267
0.475
0.777
0.693
0.465
0.356
0.7
0.928
0.441
0.058
0
0.606
0.061
0.668
0.268
0.015
0.641
0.098
0.429
0.642
0.691
0.951
0.06
0.814
0.695
0.163
0.635
0.14
0.28
0.81
0.27
0.983
0.666
0.717
0.723
0.855
0.261
0.295
0.362
0.228
0.861
1.0
0.962
0.902
0.168
0.253
0.135
0.561
0
0.371
0.58
0.759
0.02
0.135
0.83
0.551
0.067
0.128
0.084
0.422
0.063
0.767
0.712
0.745
0.613
0.97
0.694
0.638
0.273
0.056
0.304
0.743
0.782
0.363
0.681
0.501
0.749
0.357
0.139
0.475
0.62
0.883
0.79
0.466
0.619
0.534
0.26
0.501
0.315
0.076
0.037
0.339
0.3
0.607
0.144
0.855
0.725
0.039
0.05
0.012
0.4
0.212
0.501
0.893
0.873
0.725
0.556
0.226
0.082
0.855
0.234
0.728
0.311
0.554
0.652
0.812
0.441
0.998
0.236
0.747
0.974
0.896
0.037
0.811
0.77
0.747
0.596
0.17
0.525
0.338
0.165
0.001
0.619
0.128
0.841
0.384
0.465
0.686
0.575
0.208
0.096
0.756
0.482
0.034
0.365
0.694
0.663
0.164
0.928
0.923
0.788
0.035
0.081
0.538
0.826
0.051
0.81
0.813
0.248
0.542
0.546
0.254
0.032
0.829
0.009
0.721
0.419
0.874
0.531
0.946
0.498
0.938
0.764
0
0.522
0.155
0.902
0.325
0.875
0.297
0.888
0.114
0.873
0.523
0.27
0.147
0.114
0.539
0.528
0.17
0.524
0.549
0.365
0.822
0.348
0.466
0.136
0.192
0.289
0.713
0.13
0.857
0.172
0.252
0.319
0.207
0.247
0.231
0.53
0.587
0.918
0.086
0.381
0.841
0.465
0.3
0.931
0.278
0.031
0.351
0.651
0.498
0.644
0.546
0.241
0.553
0.094
0.203
0.606
0.077
0.787
0.139
0.389
0.416
0.506
0.716
0.919
0.365
0.501
0.014
0.004
0.338
0.297
0.005
0.664
0.016
0.935
0.31
0.931
0.717
0.838
0.872
0.77
0.209
0.56
0.793
0.987
0.397
0.361
0.436
0.553
0.807
0.244
0.222
0.436
0.909
0.491
0.796
0.769
0.997
0.55
0.224
0.83
0.058
0.196
0.03
0.485
0.072
0.553
0.441
0.065
0.496
0.35
0.48
0.796
0.431
0.505
0.454
0.919
0.254
0.248
0.939
0.513
0.452
0.709
0.616
0.932
0.737
0.682
0.9
0.424
0.848
0.369
0.558
0.195
0.219
0.83
0.382
0.594
0.411
0.732
0.921
0.421
0.443
0.556
0.925
0.361
0.32
0.976
0.189
0.887
0.138
0.089
0.716
0.861
0.362
0.882
0.64
0.304
0.547
0.063
0.654
0.827
0.938
0.664
0.865
0.9
0.54
0.857
0.516
0.315
0.146
0.856
0.697
0.712
0.671
0.304
0.933
0.957
0.423
0.317
0.592
0.638
0.769
0.708
0.305
0.535
0.945
0.333
0.417
0.258
0.877
0.071
0.79
0.848
0.298
0.559
0.173
0.203
0.823
0.31
0.745
0.346
0.271
0.641
0.644
0.52
0.218
0.277
0.615
0.402
0.244
0.785
0.258
0.774
0.52
0.981
0.535
0.754
0.54
0.333
0.904
0.264
0.282
0.379
0.251
0.958
0.331
0.578
0.718
0.678
0.927
0.823
0.078
0.866
0.089
0.255
0.311
0.057
