0.876
0.612
0.703
0.156
0.406
0.257
0.579
0.046
0.327
0.447
0.297
0.143
0.182
0.962
0.215
0.479
0.03
0.079
0.298
0.014
0.114
0.485
0.417
0.29
0.471
0.155
0.399
0.036
0.605
0.153
0.153
0.708
0.561
0.376
0.848
0.838
0.013
0.794
0.979
0.814
0.884
0.665
0.17
0.775
0.208
0.492
0.923
0.166
0.517
0.433
0.403
0.824
0.641
0.962
0.346
0.784
0.248
0.812
0.987
0
0.646
0.408
0.523
0.065
0.929
0.335
0.248
0.233
0.153
0.285
0.222
0.49
0.764
0.84
0.162
0.854
0.962
0.418
0.601
0.73
0.448
0.699
0.143
0.357
0.05
0.592
0.088
0.482
0.719
0.579
0.094
0.903
0.84
0.366
0.196
0.636
0.578
0.508
0.455
0.151
0.601
0.365
0.461
0
0.048
0.903
0.5
0.221
0.307
0.995
0.368
0.976
0.048
0.866
0.18
0.459
0.614
0.904
0.586
0.7
0.405
0.749
0.9
0.72
0.242
0.507
0.479
0.072
0.689
0.565
0.497
0.683
0.907
0.602
0.748
0.141
0.329
0.59
0.125
0.929
0.68
0.613
0.741
0.3
0.2
0.715
0.181
0
0.766
0.845
0.367
0.228
0.182
0.151
0.345
0.435
0.484
0.298
0.357
0.411
0.652
0.919
0.028
0.661
0.089
0.216
0.633
0.035
0.306
0.554
0.189
0.382
0.785
0.891
0.36
0.178
0.519
0.341
0.013
0.355
0
0.397
0.377
0.671
0.271
0.164
0.871
0.625
0.396
0.84
0.083
0.117
0.885
0.988
0.612
0.16
0.675
0.743
0.77
0.165
0.187
0.926
0.432
0.112
0.608
0.947
0.264
0.089
0.727
0.322
0.559
0.972
0.316
0.82
0.693
0.277
0.607
0.692
0.08
0.279
0.395
0.066
0.066
0.086
0.456
0.717
0.653
0.739
0.692
0.65
0.424
0.652
0.996
0.91
0.938
0.097
0.542
0.39
0
0
0.48
0.204
0.742
0.02
0.022
0.24
0.374
0.902
0.486
0.034
0.873
0.266
0.653
0.316
0.514
0.731
0.512
0.005
0.981
0.002
0.667
0.056
0.739
0.129
0.703
0.972
0.559
0.181
0.863
0.177
0.647
0.433
0.874
0.638
0.977
0.188
0.085
0.055
0.096
0.112
0.824
0.667
0.007
0.464
0.188
0.958
0.302
0.821
0.827
0.93
0.79
0.073
0.787
0.317
0.068
0.957
0.464
0.585
0.902
0.619
0.752
0.082
0.165
0.08
0.508
0.863
0.239
0.384
0.408
0.687
0.291
0.324
0.309
0.037
0.983
0.301
0.926
0.489
0.59
0.638
0.515
0.782
0.831
0.65
0.503
0.671
0.644
0.123
0.965
0.07
0.357
0.819
0.208
0.28
0.416
0.677
0.687
0.919
0.641
0.213
0.76
0.644
0.476
0.377
0.75
0.935
0.073
0.595
0.551
0.505
0.561
0.977
0.018
0.597
0.136
0.797
0.465
0.705
0.386
0.222
0.057
0.959
0.67
0.0
0.309
0.838
0.859
0.529
0.827
0.663
0.375
0.873
0.646
0.702
0.218
0.507
0.128
0.303
0.827
0.133
0.831
0.512
0.896
0.621
0.554
0.537
0.51
0.391
0.395
0.438
0.65
0.719
0.766
0.924
0.68
0.923
0.438
0.739
0.288
0.654
0.8
0.661
0.969
0.82
0.254
0.418
0.032
0
0.347
0.768
0.058
0.499
0.315
0.779
0.273
0.716
0.972
0.617
0.035
0.935
0.837
0.313
0.499
0.788
0.509
0.088
0.935
0.245
0.231
0.335
0.237
0.352
0.378
0.071
0.789
0.295
0.039
0.808
0.85
0.453
0.856
0.779
0.985
0.734
0.218
0.182
0.571
0.298
0.036
0.616
0.52
0.8
0.465
0.161
0.718
0.439
0.219
0.844
0.275
0.069
0.293
0.213
0.205
0.073
0.059
0.717
0.869
0.01
0.216
0.455
0.967
0.413
0.876
0.792
0.643
0.653
0.18
0.909
0.283
0.725
0.995
0.537
0.582
0.137
0.75
0.265
0.474
0.029
0.069
0.209
0.953
0.901
0.192
0.358
0.218
0.977
0.333
0.221
0.218
0.635
0.196
0.814
0.262
0.905
0.135
0.822
0.986
0.327
0.135
0.389
0.768
0.493
0.138
0.106
0.67
0.653
0.094
0.413
0.355
0.124
0.178
0.773
0.679
0.613
0.967
0.649
0.81
0.627
0.982
0.128
0.888
0.142
0.874
0.425
0.514
0.069
0.767
0.307
0.728
0.646
0.882
0.787
0.794
0.826
0.15
0.213
0.278
0.458
0.715
0.131
0.583
0.333
0.491
0.389
0.031
0.641
0.314
0.669
0.313
0.256
0.832
0.801
0.618
0.685
0.383
0.701
0.066
0.294
0.609
0.319
0.101
0.401
0.775
0.594
0.168
0.095
0.05
0.298
0.739
0.224
0.578
0.841
0.507
0.363
0.772
0.8
0.834
0.58
0.025
0.187
0.225
0.915
0.638
0.922
0.029
0.679
0.176
0.359
0.295
0.827
0.713
0.781
0.082
0.274
0.07
0.884
0.376
0.318
0.858
0.524
0.341
0.883
0.516
0.073
0.851
0.719
0.136
0.349
0.547
0.8
0.014
0.029
0.496
0.951
0.801
0.314
0.087
0.519
0.982
0.664
0.862
0.373
0.128
0.584
0.166
0.271
0.039
0.697
0.739
0.348
0.045
0.852
0.501
0.118
0.32
0.989
0.343
0.009
0.209
0.332
0.41
0.216
0.203
0.122
0.641
0.443
0.695
0.699
0.129
0.346
0.946
0.731
0.91
0.096
0.993
0.476
0.24
0.415
0.725
0.887
0.704
0.51
0
0.001
0.261
0.498
0.143
0.082
0.594
0.362
0.94
0.09
0.479
0.006
0.483
0.169
0.915
0.979
0.542
0.212
0.295
0.197
0.788
0.794
0.454
0.828
0.571
0.414
0.326
0.07
0.183
0.972
0.213
0.731
0.715
0.52
0.138
0.246
0.662
0.504
0.783
0.567
0.811
0.691
0.256
0.276
0.249
0.75
0.438
0.648
0.6
0.955
0.523
0.332
0.091
0.156
0.526
0.586
0.029
0.964
0.797
0.529
0.026
0.535
0.2
0.666
0.437
0.781
0.471
0.072
0.092
0.516
0.798
0.886
0.64
0.768
0.377
0.447
0.292
0.921
0.849
0.795
0.727
0.052
0.256
0.288
0.327
0.608
0.131
0.727
0.626
0.628
0.494
0.539
0.437
0.67
0.957
0.123
0.108
0.677
0.387
0.625
0.715
0.307
0.76
0.874
0.003
0.534
0.249
0.256
0.728
0.7
0.999
0.751
0.029
0.263
0.691
0.303
0.825
0.001
0.95
0.557
0.283
0.479
0.812
0.39
0.802
0.466
0.015
0.499
0.867
0.164
0.45
0.464
0.445
0.084
0.978
0.462
0.859
0.958
0.75
0.688
0.525
0.954
0.02
0.103
0.023
0.455
0.392
0.152
0.502
0.044
0.388
0.073
0.267
0.821
0.509
0.985
0.819
0.245
0.598
0.558
0.89
0.795
0.735
0.063
0.929
0.542
0.414
0.578
0.918
0.267
0.585
0.963
0.376
0.536
0.716
0.773
0.981
0.234
0.063
0.561
0.403
0.493
0.039
0.986
0.515
0.779
0.65
0.082
0.974
0.651
0.414
0.847
0.177
0.59
0.88
0.625
0.193
0.236
0.239
0.324
0.745
0.297
0.82
0.196
0.221
0.623
0.249
0.166
0.606
0.909
0.161
0.77
0.237
0.861
0.483
0.079
0.219
0.723
0.138
0.455
0.691
0.405
0.373
0.735
0.139
0.369
0.087
0.356
0.077
0.644
0.043
0.791
0.117
1.0
0.695
0.044
0.162
0.305
0.364
0.32
0.457
0.542
0.175
0.253
0.352
0.987
0.433
0.873
0.579
0.542
0.571
0.643
0.17
0.514
0.704
0.848
0.601
0.156
0.843
0.889
0.306
0.12
0.465
0.144
0.511
0.578
0.457
0.243
0.672
0.62
0.018
0.765
0.39
0.077
0.745
0.044
0.47
0.873
0.494
0.256
0.04
0.595
0.805
0.832
0.153
0.972
0.449
0.586
0.299
0.451
0.002
0.498
0.724
0.92
0.425
0.345
0.382
0.87
0.805
0.134
0.294
0.841
0.235
0.606
0.786
0.978
0.773
0.909
0.954
0
0.958
0.121
0.23
0.115
0.743
0.257
0.538
0.185
0.969
0.595
0.788
0.74
0.735
0.773
0.239
0.401
0.82
0.357
