0.747
0.289
0.95
0.905
0.517
0.699
0.907
0.963
0.986
0.043
0.404
0.002
0.048
0.871
0.802
0.956
0.432
0.587
0.883
0.18
0.747
0.922
0.256
0.313
0.554
0.795
0.42
0.862
0.175
0.969
0.441
0.221
0.523
0.794
0.422
0.224
0.814
0.915
0.999
0.749
0.379
0.222
0.134
0.326
0.318
0.408
0.204
0.878
0.562
0.247
0.255
0.822
0.862
0.814
0.828
0.804
0.903
0.42
0.941
0.928
0.57
0.943
0.544
0.307
0.112
0.061
0.708
0.302
0.621
0.997
0.438
0.38
0.276
0.017
0.895
0.385
0.072
0.891
0.839
0.325
0.911
0.706
0.584
0.086
0.847
0.234
0.484
0.58
0.009
0.563
0.315
0.29
0.316
0.37
0.808
0.236
0.704
0.164
0.134
0.113
0.389
0.397
0.077
0.736
0.375
0.138
0.994
0.546
0.685
0.643
0.398
0.864
0.348
0.966
0.091
0.366
0.983
0.131
0.109
0.946
0.391
0.694
0.806
0.609
0.493
0.52
0.211
0.638
0.943
0.859
0.53
0.871
0.753
0.399
0.442
0.142
0.158
0.267
0.751
0.199
0.024
0.156
0.738
0.248
0.007
0.027
0.421
0.835
0.501
0.294
0.297
0.409
0.42
0.213
0.994
0.31
0.521
0.753
0.687
0.724
0.474
0.316
0.765
0.062
0.74
0.662
0.848
0.63
0.427
0.366
0.624
0.358
0.362
0.768
0.73
0.181
0.321
0.811
0.515
0.675
0.652
0.606
0.382
0.952
0.434
0.7
0.863
0.408
0.204
0.952
0.477
0.99
0.659
0.104
0.795
0.232
0.132
0.142
0.845
0.41
0.634
0.07
0.217
0.167
0.243
0.281
0.934
0.427
0.453
0.949
0.613
0
0.44
0.266
0.11
0.375
0
0.438
0.2
0.686
0.39
0.621
0.056
0.493
0.5
0.195
0.049
0.639
0.622
0.434
0
0.443
0.811
0.468
0.351
0.616
0.441
0.828
0.72
0.224
0.075
0.082
0.45
0.503
0.618
0.115
0.063
0.719
0.911
0.23
0.207
0.035
0.271
0.429
0
0.674
0.49
0.322
0.755
0.696
0.545
0.434
0.26
0.314
0.094
0.503
0.992
0.077
0.568
0.083
0.308
0.69
0.529
0.01
0.587
0.981
0.62
0.033
0.064
0.542
0.905
0.385
0.857
0.372
0.677
0.236
0.38
0.915
0.277
0.31
0.101
0.122
0.105
0.89
0.729
0.308
0.372
0.346
0.038
0.737
0.543
0.53
0.657
0.097
0.56
0.878
0.53
0.084
0.904
0.539
0.528
0.62
0.732
0.588
0.515
0.136
0.185
0.791
0.397
0.503
0.274
0.251
0.733
0.861
0.145
0.939
0.015
0.028
0.618
0.827
0.192
0.842
0.307
0.686
0.637
0.146
0.289
0.135
0.604
0.996
0.334
0.332
0.632
0
0.032
0.447
0.033
0.078
0.655
0.412
0.065
0.923
0.215
0.15
0.973
0.246
0.598
0.827
0.779
0.812
0.888
0.743
0.031
0.303
0.224
0.675
0.109
0.193
0.672
0.228
0.645
0.681
0.136
0.504
0.742
0.776
0.703
0.508
0.099
0.116
0.481
0.166
0.419
0.891
0.355
0.838
0.128
0.543
0.626
0.167
0.452
0.713
0.033
0.082
0.495
0.123
0.765
0.077
0.702
0.347
0.005
0.963
0.951
0.203
0.735
0.461
0.525
0.04
0.015
0.895
0.996
0.401
0.524
0.623
0.647
0.169
0.103
0.304
0.055
0.015
0.572
0.926
0.789
0.669
0.81
0.193
0.416
0.066
0.258
0.956
0.892
0.304
0.582
0.098
0.934
0.366
0.9
0.008
0.081
0.555
0.925
0.146
0.49
0.294
0.156
0.068
0.664
0.156
0.662
0.902
0.943
0.799
0.848
0.206
0.092
0.143
0.232
0.134
0.729
0.057
0.503
0.338
0.602
0.892
0.539
0.698
0.861
0.969
0.217
0.117
0.186
0.217
0.593
0.536
0.602
0.504
0.872
0.964
0
0.489
0.458
0.358
0.241
0.104
0.161
0.37
0.849
0.506
0.464
0.442
0.263
0.946
0.236
0.872
0.896
0.911
0.675
0.11
0.091
0.311
0.785
0.25
0.451
0.889
0.694
0.514
0.489
0.746
0.322
0.791
0.035
0.72
0.288
0.786
0.502
0.695
0.37
0.031
0.546
0.961
0.934
0.143
0.412
0.627
0.958
0.045
0.882
0.584
0.03
0.282
0.146
0.515
0.681
0.344
0.126
0.713
0.988
0.393
0.004
0.256
0.649
0.216
0.196
0.481
0.945
0.77
0.206
0.181
0.94
0.899
0.996
0.017
0.614
0.022
0.134
0.84
0.134
0.382
0.715
0.961
0.152
0.296
0.444
0.178
0.09
0.742
0.297
0.863
0.417
0.793
0.666
0.315
0.172
0.667
0.503
0.081
0.207
0.606
0.393
0.208
0.467
0
0.478
0.84
0.123
0.794
0.468
0.148
0.624
0.446
0.115
0.445
0.294
0.733
0.139
0.198
0.864
0.053
0.503
0.134
0.939
0.427
0.245
0.912
0.485
0.259
0.94
0.025
0.349
0.447
0.876
0.212
0.935
0.198
0.531
0.765
0.133
0.679
0.952
0.343
0.642
0.234
0.589
0.288
0.356
0.247
0.85
0.161
0.317
0.474
0.478
0.657
0.56
0.48
0.056
0.842
0.093
0.686
0.034
0.391
0.516
0.112
0.598
0.984
0.927
0.135
0.213
0.253
0.004
0.286
0.424
0.793
0.024
0.568
0.627
0.177
0.946
0.0
0.047
0.617
0.648
0.893
0.773
0.135
0.292
0.79
0.132
0.691
0.26
0.768
0.186
0.812
0.042
0.775
0.589
0.446
0.061
0.076
0.508
0.928
0.681
0.627
0.738
0.948
0.981
0.458
0.362
0.576
0.542
0.953
0.754
0.778
0.54
0.374
0.234
0.353
0.721
0.176
0.837
0.481
0.309
0
0.112
0.075
0.789
0.78
0.398
0.43
0.386
0.475
0.121
0.922
0.617
0.411
0.352
0.032
0.272
0.265
0.783
0.522
0.013
0.391
0.285
0.88
0.429
0.633
0.488
0.266
0.66
0.47
0.663
0.987
0.755
0.721
0.32
0.142
0.078
0.854
0.91
0.522
0.806
0.541
0.878
0.278
0.811
0.732
0.376
0.668
0.733
0.836
0.775
0.145
0.805
0.338
0.917
0.025
0.905
0.595
0.748
0.324
0.301
0.282
0.522
0.557
0.783
0.83
0.908
0.663
0.721
0.676
0.494
0.778
0.947
0.942
0.37
0.167
0.431
0.989
0.962
0.552
0.704
0.581
0.035
0.879
0.615
0.438
0.648
0.563
0.637
0.913
0.381
0.549
0.814
0.425
0.141
0.527
0.312
0.909
0.965
0.301
0.314
0.485
0.648
0.446
0.189
0.872
0.422
0.257
0.494
0.999
0.602
0.52
0.299
0.593
0.583
0.047
0.039
0.012
0.883
0.142
0.146
0.272
0.243
0.21
0.803
0.417
0.806
0.085
0.4
0.972
0.438
0.052
0.597
0.203
0.653
0.19
0.16
0.859
0.658
0.233
0.521
0.223
0.243
0.786
0.995
0.789
0.919
0.111
0.741
0.323
0.143
0.144
0.19
0.125
0.438
0.753
0.704
0.103
0.844
0.911
0.909
0.884
0.506
0.852
0.097
0.246
0.929
0.307
0.369
0.455
0.699
0.55
0.111
0.336
0.607
0.01
0.135
0.413
0.4
0.909
0.969
0.827
0.959
0.428
0.233
0.976
0.083
0.109
0.056
0.617
0.076
0.7
0.957
0.707
0.235
0.332
0.814
0.062
0.473
0.115
0.205
0.513
0.343
0.104
0.573
0.077
0.036
0.94
0.337
0.065
0.139
0.889
0.151
0.693
0.432
0.196
0.397
0.434
0.909
0.829
0.239
0.842
0.81
0.54
0.752
0.315
0.871
0.368
0.543
0.536
0.329
0.243
0.06
0.135
0.889
0.236
0.994
0.584
0.372
0.828
0.76
0.047
0.671
0.157
0.832
0.013
0.126
0.534
0.842
0.277
0.632
0.29
0.525
0.31
0.516
0.063
0.587
0.577
0.812
0.933
0.108
0.123
0.288
0.066
0.008
0.359
0.749
0.508
0.891
0.717
0.949
0.464
0.759
0.151
0.085
0.889
0.064
0.03
0.296
0
0.654
0.828
0.191
0.79
0.947
0.803
0.67
0.494
0.584
0.034
0.678
0.87
0.248
0.8
0.097
0.918
0.955
0.114
0.418
0.078
