0.502
0
0.263
0.073
0.548
0.55
0.993
0.007
0.266
0.991
0.061
0.038
0.682
0.446
0.989
0.562
0.467
0.683
0.126
0.18
0.052
0.183
0.799
0.364
0.97
0.294
0.382
0.315
0.207
0.968
0.423
0.525
0.567
0.423
0.545
0.094
0.823
0.211
0.485
0.812
0.332
0.751
0.564
0.008
0.656
0.1
0.05
0.704
0.425
0.112
0.129
0.332
0.233
0.443
0.613
0.141
0.534
0.44
0.115
0.054
0.433
0.364
0.123
0.351
0.886
0.73
0.351
0.528
0.757
0.812
0.339
0.021
0.539
0.862
0.072
0.967
0.24
0.061
0.888
0.521
0.796
0.602
0.755
0.606
0.573
0.377
0.226
0.85
0.564
0.359
0.114
0.3
0.171
0.084
0.568
0.988
0.216
0.286
0.825
0.18
0.054
0.259
0.151
0.915
0.604
0.491
0.081
0.828
0.783
0.008
0.705
0.19
0.938
0.34
0.824
0.113
0.25
0.382
0.849
0.711
0.658
0.172
0.638
0.681
0.807
0.547
0.771
0.075
0.29
0.902
0.017
0.84
0.358
0.774
0.277
0.326
0.481
0.787
0.519
0.324
0.852
0.146
0.865
0.036
0.534
0.331
0.975
0.674
0.158
0.511
0.659
0.563
0.858
0.272
0.148
0.383
0.152
0.572
0.481
0.057
0.837
0.585
0.809
0.918
0.405
0.372
0.569
0.702
0.216
0.151
0.304
0.701
0.668
0.07
0.837
0.096
0.133
0.838
0.864
0.338
0.744
0.631
0.293
0.413
0.505
0.423
0.966
0.693
0.143
0.015
0.111
0.125
0.547
0.269
0.95
0.111
0.458
0.256
0.96
0.774
0.608
0.243
0.617
0.206
0.993
0.868
0.111
0.902
0.389
0.123
0.676
0.906
0.932
0.74
0.717
0.179
0.579
0.875
0.834
0.483
0.588
0.188
0.511
0.341
0.174
0.535
0.627
0.027
0.969
0.553
0.149
0.506
0.19
0.439
0.506
0.114
0.439
0.427
0.27
0.979
0.758
0.497
0.803
0.17
0.714
0.798
0.921
0.418
0.732
0.602
0.095
0.034
0.632
0.026
0.182
0.095
0.021
0.095
0.484
0.683
0.015
0.493
0.877
0.783
0.924
0.007
0.688
0.037
0.976
0.198
0.71
0.826
0.329
0.928
0.93
0.916
0.786
0.491
0.892
0.665
0.879
0.511
0.326
0.303
0.916
0.045
0.043
0.353
0.266
0.006
0.438
0.526
0.736
0.782
0.971
0.055
0.913
0.412
0.192
0.327
0.778
0.805
0.248
0.494
0.264
0.811
0.061
0.124
0.867
0.616
0.513
0.653
0.298
0.707
0.957
0.166
0.02
0.724
0.841
0.355
0.842
0.258
0.126
0.716
0.788
0.648
0.633
0.286
0.432
0.684
0.549
0.82
0.271
0.995
0.619
0.662
0.696
0.687
0.658
0.929
0.144
0.393
0.013
0.082
0.731
0.418
0.632
0.739
0.404
0.889
0.35
0.714
0.311
0.874
0.664
0.97
0.068
0.616
0.327
0.873
0.722
0.047
0.367
0.045
0.669
0.802
0.873
0.598
0.658
0.781
0.029
0.451
0.543
0.069
0.237
0.84
0.767
0.065
0.526
0.201
0.544
0.151
0.336
0.29
0.346
0.459
0.444
0.896
0.122
0.658
0.545
0.006
0.179
0.917
0.254
0.324
0.506
0.718
0.005
0.492
0.334
0.304
0.236
0.488
0.336
0.951
0.187
0.403
0.195
0.355
0.411
0.493
0.157
0.594
0.887
0.087
0.114
0.739
0.493
0.519
0.95
0.433
0.887
0.648
0.147
0.506
0.593
0.321
0.97
0.615
0.748
0.381
0.679
0.497
0.853
0.18
0.592
0.56
0.768
0.447
0.737
0.209
0.94
0.602
0.924
0.58
0.898
0.458
0.352
0.515
0.996
0.912
0.335
0.539
0.446
0.466
0.036
0.975
0.173
0.18
0.502
0.018
0.214
0.035
0.774
0.41
0.235
0.979
0.486
0.455
0.94
0.107
0.509
0.269
0.747
0.889
0.907
0.598
0.505
0.391
0.787
0.96
0.308
0.422
0.762
0.998
0.578
0.116
0.349
0.463
0.322
0.699
0.797
0.698
0.259
0.995
0.664
0.455
0.784
0.821
0.11
0.334
0.897
0.773
0.98
0.939
0.809
0.818
0.213
0.556
0.24
0.431
0.501
0.045
0.255
0.257
0.204
0.035
0.032
0.884
0.804
0.105
0.097
0.475
0.255
0.92
0.018
0.398
0.245
0.313
0.363
0.652
0.067
0.263
0.46
0.541
0.959
0.144
0.964
0.503
0.392
0.435
0.248
0.984
0.903
0.78
0.121
0.707
0.662
0.668
0.154
0.397
0.213
0.538
0.05
0.921
0.737
0.208
0.862
0.267
0.136
0.95
0.973
0.885
0.741
0.665
0.01
0.472
0.207
0.666
0.435
0.49
0.813
0.116
0.959
0.01
0.579
0.698
0.134
0.722
0.795
0.753
0.484
0.87
0.013
0.909
0.711
0.538
0.11
0.113
0.954
0.146
0.298
0.571
0.16
0.701
0.536
0.901
0.749
0.554
0.519
0.807
0.628
0.298
0.272
0.26
0.554
0.223
0.383
0.557
0.079
0.559
0.403
0.489
0.37
0.824
0.178
0.946
0.081
0.085
0.155
0.863
0.471
0.463
0.101
0.237
0.727
0.083
0.395
0.318
0.994
0.938
0.149
0.035
0.883
0.138
0.591
0.025
0.734
0.705
0.709
0.908
0.267
0.604
0.85
0.972
0.755
0.563
0.926
0.369
0.257
0.18
0.32
0.691
0.345
0.033
0.682
0.152
0.466
0.556
0.452
0.156
0.116
0.702
0.952
0.981
0.902
0.978
0.162
0.041
0.005
0.582
0.321
0.388
0.416
0.1
0.886
0.351
0.048
0.945
0.597
0.971
0.214
0.266
0.273
0.911
0.963
0.631
0.996
0.109
0.167
0.539
0.052
0.743
0.898
0.628
0.551
0.714
0.157
0.522
0.103
0.362
0.436
0.945
0.683
0.872
0.479
0.57
0.331
0.22
0.257
0.893
0.052
0.023
0.714
0.664
0.04
0.468
0.355
0.471
0.497
0.1
0.651
0.005
0.735
0.244
0.448
0.183
0.795
0.4
0.293
0.309
0.615
0.034
0.778
0.916
0.976
0.732
0.066
0.137
0.637
0.087
0.619
0.232
0.492
0.385
0.58
0.168
0.312
0.06
0.432
0.344
0.877
0.602
0.087
0.983
0.671
0.578
0.776
0.715
0.977
0.876
0.972
0.24
0.786
0.333
0.634
0.82
0.355
0.139
0.038
0.259
0.428
0.683
0.718
0.741
0.653
0.057
0.987
0.411
0.152
0.054
0.53
0.785
0.258
0.588
0.167
0.261
0.991
0.421
0.234
0.001
0.486
0.649
0.811
0.117
0.456
0.883
0.627
0.951
0.826
0.948
0.676
0.7
0.736
0.424
0.208
0.607
0.542
0.691
0.739
0.157
0.801
0.423
0.256
0.603
0.897
0.628
0.695
0.808
0.595
0.147
0.836
0.297
0.825
0.429
0.591
0.357
0.088
0.047
0.517
0.986
0.562
0.279
0.704
0.319
0.334
0.752
0.358
0.928
0.402
0.437
0.073
0.946
0.834
0.151
0.032
0.886
0.819
0.725
0.215
0.223
0.821
0.193
0.428
0.621
0.056
0.967
0.982
0.023
0.741
0.887
0.115
0.826
0.005
0.061
0.636
0.336
0.526
0.18
0.634
0.166
0.719
0.054
0.781
0.3
0.817
0.189
0.175
0.903
0.326
0.736
0.151
0.738
0.079
0.016
0.916
0.467
0.397
0.636
0.155
0.482
0.633
0.342
0.062
0.213
0.906
0.321
0.137
0.725
0.945
0.085
0.797
0.244
0.33
0.147
0.035
0.061
0.393
0.752
0.44
0.291
0.052
0.168
0.575
0.639
0.319
0.426
0.148
0.002
0.399
0.136
0.049
0.495
0.013
0.474
0.492
0.913
0.101
0.646
0.433
0.56
0.3
0.243
0.78
0.768
0.405
0.82
0.851
0.733
0.455
0.25
0.332
0.6
0.041
0.203
0.752
0.667
0.502
0.674
0.863
0.849
0.887
0.804
0.344
0.025
0.771
0.639
0.116
0.465
0.565
0.855
0.651
0.263
0.497
0.74
0.433
0.357
0.303
0.955
0.569
0.122
0.149
0.934
0.477
0.371
0.965
0.262
0.057
0.293
0.796
0.428
0.109
0.358
0.353
0.401
0.016
0.192
0.736
0.411
0.701
0.918
0.487
0.613
0.567
0.576
0.571
0.322
0.738
0.622
