0.686
0.051
0.058
0.279
0.128
0.668
0.637
0.392
0.459
0.756
0.292
0.212
0.958
0.087
0.395
0.325
0.348
0.226
0.309
0.352
0.434
0.821
0.646
0.541
0.958
0.018
0.592
0.786
0.009
0.387
0.578
0.705
0.486
0.922
0.33
0.441
0.683
0.872
0.174
0.585
0.891
0.198
0.337
0.493
0.64
0.866
0.811
0.524
0.875
0.332
0.699
0.576
0.585
0.603
0.089
0.644
0.274
0.62
0.839
0.423
0.162
0.687
0.877
0.867
0.945
0.493
0.917
0.5
0.686
0.108
0.019
0.774
0.075
0.632
0.466
0.758
0.585
0.902
0.695
0.914
0.709
0.061
0.558
0.083
0.19
0.619
0.744
0.283
0.567
0.605
0.499
0.064
0.307
0.24
0.207
0.151
0.049
0.019
0.812
0.047
0.477
0.217
0.592
0.257
0.871
0.91
0.765
0.278
0.152
0.011
0.064
0.165
0.947
0.796
0.628
0.462
0.819
0.45
0.223
0.669
0.514
0.224
0.994
0.054
0.77
0.543
0.979
0.075
0.711
0.181
0.236
0.777
0.449
0.535
0.507
0.468
0.124
0.867
0.057
0.92
0.429
0.422
0.688
0.021
0.731
0.512
0.973
0.133
0.404
0.525
0.407
0.513
0.993
0.68
0.431
0.104
0.136
0.168
0.831
0.215
0.419
0.153
0.474
0.322
0.794
0.079
0.506
0.219
0.06
0.304
0.356
0.801
0.477
0.979
0.418
0.969
0.898
0.435
0.96
0.112
0.647
0.515
0.905
0.878
0.294
0.951
0.569
0.55
0.166
0.654
0.445
0.575
0.374
0.841
0.775
0.83
0.549
0.007
0.707
0.879
0.626
0.131
0.653
0.729
0.367
0.195
0.506
0.055
0.479
0.53
0.816
0.451
0.372
0.504
0.307
0.362
0.172
0.52
0.718
0.57
0.454
0.761
0.487
0.013
0.969
0.676
0.161
0.224
0.974
0.112
0.509
0.672
0.17
0.3
0.413
0.257
0.709
0.704
0.136
0.07
0.849
0.088
0.872
0.623
0.683
0.073
0.69
0.686
0.999
0.851
0.296
0.57
0.78
0.019
0.124
0.409
0.602
0.658
0.729
0.499
0.314
0.452
0.238
0.319
0.228
0.027
0.378
0.9
0.988
0.645
0.956
0.97
0.615
0.043
0.094
0.426
0.739
0.834
0.185
0.03
0.201
0.473
0.035
0.606
0.54
0.2
0.889
0.931
0.111
0.883
0.879
0.215
0.427
0.812
0.49
0.573
0.182
0.828
0.416
0.778
0.633
0.394
0.838
0.638
0.029
0.857
0.714
0.016
0.511
0.06
0.774
0.93
0.253
0.637
0.534
0.387
0.299
0.479
0.161
0.218
0.519
0.312
0.53
0.257
0.695
0.292
0.332
0.079
0.621
0.882
0.84
0.553
0.882
0.034
0.61
0.801
0.519
0.905
0.638
0.171
0.795
0.976
0.34
0.998
0.091
0.675
0.602
0.3
0.12
0.402
0.509
0.373
0.171
0.778
0.234
0.965
0.873
0.67
0.522
0.169
0.868
0.324
0.017
0.503
0.05
0.361
0.3
0.103
0.751
0.093
0.332
0.792
0.488
0.859
0.772
0.924
0.148
0.16
0.56
0.902
0.585
0.928
0.78
0.661
0.427
0.536
0.802
0.426
0.064
0.556
0.276
0.987
0.729
0.004
0.151
0.866
0.892
0.679
0.64
0.745
0.358
0.202
0.641
0.371
0.559
0.716
0.482
0.322
0.587
0.458
0.487
0.365
0.797
0.866
0.892
0.857
0.578
0.771
0.153
0.592
0.836
0.4
0.117
0.299
0.844
0.97
0.691
0.851
0.816
0.935
0.871
0.239
0.656
0.086
0.281
0.016
0.473
0.571
0.096
0.023
0.037
0.447
0.371
0.044
0.504
0.779
0.052
0.445
0.178
0.192
0.21
0.368
0.105
0.461
0.534
0.284
0.849
0.608
0.147
0.045
0.285
0.19
0.913
0.876
0.391
0.018
0.694
0.284
0.879
0.433
0.972
0.024
0.421
0.72
0.492
0.144
0.589
0.249
0.46
0.689
0.079
0.544
0.117
0.243
0.186
0.631
0.569
0.539
0.139
0.889
0.873
0.793
0.672
0.231
0.164
0.471
0.849
0.449
0.052
0.771
0.36
0.915
0.384
0.624
0.061
0.44
0.47
0.459
0.815
0.673
0.805
0.088
0.435
0.324
0.891
0.346
0.422
0.779
0.434
0.772
0.442
0.047
0.689
0.052
0.863
0.317
0.322
0.888
0.824
0.489
0.381
0.463
0.854
0.779
0.746
0.565
0.284
0.782
0.648
0.475
0.847
0.442
0.861
0.126
0.885
0.056
0.3
0.028
0.987
0.508
0.799
0.979
0.696
0.623
0.036
0.14
0.764
0.996
0.208
0.304
0.183
0.767
0.105
0.485
0.224
0.961
0.358
0.06
0.459
0.47
0.781
0.874
0.634
0.446
0.614
0.79
0.209
0.714
0.094
0.223
0.697
0.535
0.365
0.477
0.39
0.402
0.823
0.538
0.03
0.359
0.023
0.404
0.579
0.773
0.283
0.503
0.921
0.011
0.895
0.379
0.325
0.045
0.505
0.319
0.041
0.064
0.957
0.907
0.545
0.741
0.061
0.353
0.57
0.601
0.778
0.759
0.26
0.979
0.925
0.695
0.247
0.817
0.134
0.577
0.888
0.303
0.961
0.534
0.114
0.108
0.645
0.311
0.001
0.408
0.92
0.8
0.502
0.038
0.961
0.447
0.64
0.145
0.173
0.145
0.184
0.276
0.368
0.465
0.975
0.438
0.017
0.98
0.915
0.917
0.947
0.842
0.16
0.986
0.634
0.227
0.664
0.558
0.009
0.904
0.062
0.529
0.892
0.162
0.885
0.459
0.69
0.208
0.603
0.579
0.072
0.555
0.466
0.54
0.577
0.265
0.93
0.568
0.848
0.215
0.224
0.823
0.706
0.328
0.725
0.894
0.235
0.672
0.786
0.659
0.764
0.542
0.282
0.867
0.639
0.002
0.579
0.06
0.775
0.228
0.643
0.51
0.074
0.97
0.958
0.332
0.429
0.586
0.714
0.422
0.775
0.376
0.133
0.161
0.511
0.82
0.976
0.493
0.921
0.511
0.147
0.937
0.185
0.129
0.038
0.584
0.699
0.858
0.532
0.472
0.277
0.105
0.971
0.269
0.39
0.399
0.57
0.947
0.059
0.555
0.939
0.092
0.768
0.439
0.095
0.727
0.602
0.936
0.648
0.762
0.743
0.033
0.542
0.317
0.011
0.135
0.776
0.36
0.567
0.825
0.143
0.22
0.425
0.848
0.212
0.567
0.911
0.797
0.337
0.941
0.42
0.498
0.188
0.712
0.303
0.661
0.991
0.148
0.618
0.922
0.914
0.731
0.219
0.278
0.909
0.674
0.458
0.829
0.634
0.338
0.985
0.153
0.271
0.488
0.844
0.774
0.004
0.586
0.369
0.914
0.368
0.711
0.896
0.066
0.591
0.632
0.018
0.424
0.345
0.629
0.744
0.576
0.241
0.288
0.537
0.725
0.984
0.647
0.717
0.663
0.829
0.533
0.284
0.293
0.595
0.616
0.668
0.87
0.658
0.691
0.998
0.591
0.34
0.942
0.395
0.091
0.282
0.531
0.904
0.763
0.196
0.367
0.962
0.364
0.108
0.549
0.172
0.624
0.52
0.665
0.484
0.528
0.946
0.137
0.89
0.789
0.638
0.848
0.91
0.267
0.854
0.978
0.379
0.701
0.252
0.923
0.171
0.84
0.453
0.329
0.607
0.567
0.033
0.931
0.41
0.804
0.732
0.407
0.452
0.051
0.43
0.388
0.445
0.166
0.817
0.894
0.561
0.622
0.843
0.665
0.605
0.389
0.296
0.154
0.967
0.87
0.885
0.526
0.8
0.76
0.534
0.392
0.131
0.991
0.167
0.156
0.827
0.877
0.914
0.352
0.993
0.611
0.961
0.206
0.366
0.511
0.948
0.865
0.096
0.928
0.748
0.953
0.816
0.985
0.639
0.537
0.089
0.373
0.207
0.234
0.804
0.174
0.162
0.919
0.334
0.126
0.851
0.491
0.658
0.623
0.127
0.171
0.32
0.121
0.387
0.919
0.777
0.353
0.358
0.351
0.895
0.488
0.189
0.982
0.016
0.141
0.22
0.832
0.655
0.755
0.38
0.997
0.278
0.683
0.995
0.762
0.291
0.908
0.787
0.459
0.5
0.715
0.673
0.932
0.403
0.036
0.403
0.503
0.619
0.399
0.761
0.611
0.848
0.84
0.275
0.973
0.335
0.195
0.381
0.62
0.314
0.721
0.505
0.606
0.234
0.909
