0.266
0.242
0.016
0.184
0.227
0.449
0.998
0.183
0.931
0.1
0.094
0.008
0.855
0.061
0.252
0.734
0.296
0.931
0.618
0.434
0.759
0.269
0.746
0.234
0.961
0.585
0.184
0.798
0.505
0.132
0.295
0.338
0.974
0.321
0.217
0.284
0.551
0.572
0.133
0.337
0.522
0.369
0.166
0.512
0.795
0.88
0.427
0.282
0.051
0.614
0.378
0.553
0.987
0.273
0.111
0.858
0.17
0.749
0.104
0.531
0.331
0.685
0.123
0.065
0.469
0.442
0.289
0.409
0.565
0.863
0.955
0.721
0.291
0.906
0.628
0.893
0.165
0.68
0.955
0.762
0.774
0.261
0.794
0.994
0.513
0.33
0.4
0.878
0.363
0.718
0.391
0.311
0.347
0.065
0.412
0.859
0.036
0.492
0.864
0.495
0.433
0.426
0.932
0.481
0.398
0.288
0.7
0.804
0.861
0.511
0.36
0.262
0.013
0.276
0.359
0.048
0.722
0.387
0.169
0.694
0.713
0.783
0.258
0.752
0.575
0.49
0.011
0.975
0.407
0.589
0.771
0.912
0.619
0.74
0.869
0.935
0.671
0.943
0.532
0.453
0.513
0.661
0.222
0.55
0.577
0.612
0.08
0.095
0
0.429
0.428
0.745
0.715
0.66
0.434
0.684
0.22
0.971
0.446
0.267
0.079
0.619
0.348
0.374
0.039
0.395
0.794
0.373
0.734
0.259
0.229
0.488
0.647
0.531
0.033
0.941
0.104
0.392
0.713
0.424
0.006
0.283
0
0.109
0.674
0.44
0.654
0.654
0.17
0.763
0.26
0.483
0.225
0.115
0.299
0.253
0.333
0.344
0.816
0.796
0.744
0.46
0.902
0.291
0.583
0.976
0.144
0.682
0.179
0.709
0.787
0.565
0.15
0.929
0.284
0.477
0.733
0.458
0.264
0.016
0.653
0.814
0.147
0.463
0.318
0.984
0.971
0.045
0.684
0.2
0.419
0.115
0.556
0.576
0.155
0.072
0.857
0.445
0.025
0.677
0.985
0.56
0.117
0.694
0.972
0.3
0.7
0.028
0.168
0.738
0.201
0.86
0.89
0.951
0.741
0.134
0.904
0.123
0.666
0.927
0.064
0.291
0.251
0.592
0.047
0.824
0.498
0.537
0.084
0.289
0.506
0.875
0.401
0.584
0.228
0.058
0.858
0.196
0.309
0.171
0.048
0.193
0.339
0.405
0.777
0.137
0.844
0.611
0.271
0.186
0.246
0.127
0.041
0.921
0.914
0.443
0.786
0.393
0.913
0.307
0.63
0.124
0.22
0.617
0.149
0.105
0.631
0.147
0.59
0.002
0.39
0.52
0.615
0.122
0.522
0.032
0.944
0.941
0.652
0.961
0.833
0.865
0.669
0.771
0.794
0.83
0.764
0.74
0.894
0.838
0.748
0.154
0.754
0.532
0.361
0
0.435
0.807
0.785
0.789
0.219
0.827
0.869
0.733
0.305
0.686
0.838
0.362
0.48
0.469
0.683
0.627
0.956
0.426
0.837
0.957
0.331
0.149
0.81
0.851
0.959
0.369
0.617
0.335
0.357
0.861
0.129
0.543
0.544
0.48
0.253
0.728
0.208
0.988
0.735
0.936
0.48
0.636
0.094
0.409
0.064
0.549
0.264
0.495
0.329
0.12
0.949
0.285
0.816
0.188
0.587
0.359
0.555
0.278
0.137
0.715
0.914
0.19
0.098
0.453
0.731
0.872
0.764
0.403
0.363
0.044
0.45
0.695
0.012
0.675
0.841
0.083
0.298
0.247
0.141
0.358
0.573
0.512
0.974
0.904
0.761
0.131
0.13
0.558
0.551
0.781
0.184
0.49
0.069
0.742
0.414
0.249
0.463
0.019
0.863
0.896
0.193
0.03
0.263
0.136
0.164
0.524
0.768
0.103
0.926
0.192
0.835
0.059
0.229
0.238
0.085
0.409
0.124
0.024
0.732
0.187
0.237
0.204
0.997
0.805
0.699
0.837
0.912
0.354
0.352
0.278
0.027
0.13
0.32
0.934
0.526
0.188
0.112
0.667
0.26
0.368
0.876
0.053
0.755
0.584
0.758
0.161
0.208
0.188
0.612
0.655
0.342
0.308
0.503
0.547
0.354
0.135
0.518
0.359
0.433
0.054
0.964
0.782
0.547
0.998
0.656
0.74
0.635
0.364
0.062
0.135
0.103
0.224
0.648
0.256
0.72
0.234
0.89
0.338
0.132
0.328
0.026
0.359
0.931
0.101
0.791
0.096
0.451
0.141
0.687
0.49
0.896
0.471
0.218
0.418
0.791
0.125
0.003
0.375
0.169
0.831
0.376
0.225
0.606
0.946
0.351
0.515
0.817
0.327
0
0.913
0.321
0.228
0.905
0.353
0.679
0.525
0.869
0.42
0.063
0.914
0.992
0.524
0.866
0.213
0.351
0.353
0.183
0.107
0.271
0.593
0.503
0.424
0.677
0.509
0.866
0.282
0.611
0.048
0.995
0.735
0.024
0.379
0.047
0.426
0.053
0.947
0.134
0.689
0.237
0.35
0.875
0.623
0.185
0.935
0.944
0.848
0.671
0.448
0.973
0.435
0
0.358
0.69
0.415
0.129
0.473
0.584
0.251
0.447
0.711
0.891
0.772
0.107
0.796
0.784
0.802
0.759
0.707
0.728
0.846
0.176
0.962
0.625
0.196
0.453
0.929
0.938
0.775
0.579
0.898
0.321
0.126
0.18
0.372
0.812
0.114
0.64
0.489
0.353
0.336
0.461
0.42
0.524
0.057
0.165
0.837
0.415
0.431
0.158
0.152
0.691
0.081
0.644
0.32
0.668
0.338
0.667
0.31
0.243
1.0
0.366
0.458
0.728
0.17
0.4
0.092
0.311
0.74
0.874
0.202
0.044
0.493
0.75
0.988
0.192
0.173
0.56
0.19
0.095
0.677
0.074
0.224
0.65
0.049
0.296
0.736
0.711
0.563
0.171
0.859
0.241
0.426
0.324
0.565
0.828
0.783
0.955
0.7
0.555
0.045
0.921
0.816
0.681
0.924
0.127
0.034
0.811
0.769
0.552
0.46
0.413
0.505
0.134
0.163
0.902
0.612
0.473
0.401
0.951
0.004
0.343
0.107
0.442
0.789
0.595
0.059
0.853
0.359
0.903
0.648
0.95
0.874
0.043
0.387
0.452
0.498
0.817
0.294
0.107
0.162
0.116
0.642
0.739
0.097
0.026
0.318
0.124
0.187
0.015
0.559
0.507
0.604
0.238
0.554
0.341
0.552
0.253
0.854
0.183
0.835
0.432
0.575
0.991
0.395
0.384
0.614
0.093
0.534
0.711
0.1
0.274
0.082
0.335
0.507
0.698
0.457
0.411
0.403
0.731
0.841
0.11
0.858
0.489
0.387
0.96
0.13
0.369
0.23
0.334
0.456
0.942
0.962
0.158
0.642
0.579
0.942
0.403
0.5
0.768
0.988
0.457
0.114
0.64
0.628
0.492
0.863
0.263
0.774
0
0
0.959
0.689
0.384
0.782
0.023
0.743
0.111
0.395
0.248
0.793
0.398
0.392
0.516
0.861
0.534
0.339
0.691
0.513
0.072
0.741
0.62
0.714
0.808
0.571
0.822
0.929
0.817
0.083
0.753
0.026
0.432
0.538
0.356
0.083
0.66
0.484
0.84
0.757
0.519
0.843
0.086
0.201
0.308
0.473
0.684
0.947
0.424
0.016
0.245
0.536
0.639
0.996
0.145
0.019
0.741
0.233
0.309
0.538
0.273
0.259
0.654
0.716
0.578
0.532
0.049
0.189
0.828
0.052
0.484
0.565
0.021
0.02
0.795
0.247
0.688
0.915
0.547
0.369
0.829
0.017
0.87
0.906
0.191
0.907
0.155
0.581
0.972
0.716
0.308
0.574
0.578
0.636
0.308
0.603
0.935
0.244
0.548
0.265
0.697
0.66
0.735
0.173
0.395
0.077
0.647
0.838
0.686
0.716
0.211
0.208
0.553
0.844
0.014
0.666
0.634
0.374
0.712
0.137
0.082
0
0.803
0.314
0.305
0.404
0.993
0.757
0.745
0.47
0.347
0.543
0.927
0.046
0.738
0.173
0.356
0.924
0.067
0.746
0.868
0.908
0.64
0.466
0.734
0.155
0.432
0.416
0.676
0.053
0.268
0.753
0.254
0.359
0.721
0.666
0.702
0.425
0.567
0.526
0.767
0.609
0.993
0.832
0.254
0.994
0.024
0.264
0.664
0.564
0.345
0.867
0.951
0.094
0.907
0.157
0.312
0.662
0.399
0.85
0.79
0.301
0.84
0.322
0.39
0.918
0.656
0.222
0.522
0.203
0.788
0.827
0.467
0.654
0.375
0.471
