0.925
0.885
0.179
0.925
0.858
0.36
0.874
0.274
0.432
0.519
0.425
0.399
0.392
0.71
0.49
0.555
0.306
0.112
0.434
0.891
0.755
0.891
0.665
0.712
0.682
0.212
0.295
0.029
0.635
0.745
0.611
0.193
0.469
0.436
0.568
0.565
0.183
0.325
0.124
0.327
0.773
0.115
0.708
0.483
0.936
0.324
0.757
0.61
0.272
0.044
0.742
0.057
0.857
0.271
0.886
0.342
0.728
0.778
0.258
0.027
0.913
0.856
0.378
0.529
0.392
0.94
0.426
0.391
0.516
0.417
0.763
0.867
0.984
0.003
0.67
0.676
0.058
0.76
0.724
0.552
0.971
0.658
0.582
0.472
0.591
0.415
0.266
0
0.342
0.827
0.138
0.443
0.212
0.384
0.256
0.57
0.904
0.016
0.641
0.523
0.681
0.415
0.662
0.376
0.603
0.671
0.303
0.691
0.426
0.273
0.28
0.051
0.176
0.931
0.153
0.157
0.17
0.913
0.438
0.585
0.398
0.701
0.738
0.453
0.361
0.952
0.869
0.596
0.578
0.543
0.4
0.112
0.928
0.13
0.531
0.717
0.74
0.713
0.538
0.281
0.83
0.534
0.204
0.471
0.006
0.319
0.767
0.57
0.449
0.152
0.516
0.988
0.938
0.553
0.594
0.76
0.882
0.879
0.895
0.344
0.589
0.517
0.255
0.181
0.257
0.868
0.512
0.964
0.527
0.306
0.411
0.852
0.668
0.737
0.067
0.122
0.451
0.381
0.504
0.858
0.597
0.832
0.413
0.287
0.203
0.232
0.843
0.676
0.657
0.836
0.292
0.814
0.028
0.613
0.056
0.952
0.243
0.766
0.602
0.36
0.811
0.341
0.588
0.164
0.018
0.094
0.87
0.674
0.562
0.346
0.009
0.442
0.421
0.422
0.674
0.565
0.297
0.947
0.989
0.707
0.016
0.861
0.249
0.197
0.679
0.478
0.406
0.259
0.044
0.82
0.862
0.376
0.935
0.568
0.316
0.609
0.776
0.727
0.889
0.41
0.535
0.362
0.149
0.338
0.767
0.242
0.089
0.957
0.835
0.755
0.737
0.907
0.618
0.734
0.027
0.165
0.947
0.472
0.073
0.994
0.584
0.751
0.047
0.0
0.146
0.962
0.718
0.2
0.634
0.402
0.413
0.994
0.001
0.95
0.06
0.774
0.286
0.824
0.967
0.485
0.322
0.643
0.412
0.105
0.73
0
0.919
0.658
0.772
0.194
0.677
0.617
0.42
0.157
0.038
0.892
0.333
0.208
0.582
0.727
0.458
0.924
0.384
0.488
0.074
0.964
0.388
0.495
0.708
0
0.403
0.287
0.862
0.633
0.987
0.21
0.119
0.524
0.051
0.075
0.548
0.853
0.26
0.196
0.322
0.038
0.737
0.814
0.527
0.84
0.188
0.598
0.124
0.721
0.234
0.973
0.935
0.785
0.151
0.022
0.211
0.899
0.583
0.764
0.231
0.371
0.269
0.779
0.788
0.706
0.291
0.563
0.841
0.928
0.663
0.916
0.67
0.444
0.756
0.342
0.757
0.374
0.838
0.785
0.468
0.333
0.426
0.68
0.678
0.686
0.381
0.707
0.626
0.042
0.723
0.671
0.846
0.98
0.966
0.173
0.349
0
0.543
0.041
0.662
0.085
0.691
0.789
0.071
0.479
0.194
0.725
0.9
0.151
0.491
0.28
0.713
1.0
0.172
0.773
0.165
0.785
0.512
0.474
0.674
0.729
0.731
0.285
0.234
0.418
0.191
0.045
0.448
0.512
0.004
0.029
0.48
0.243
0.307
0.707
0.505
0.377
0.293
0.885
0.979
0.827
0.499
0.439
0.317
0.019
0.444
0.389
0.9
0.799
0.378
0.338
0.185
0.444
0.693
0.354
0.149
0.686
0.958
0.511
0.109
0.309
0.005
0.9
0.954
0.819
0.751
0.546
0.673
0.435
0.481
0.84
0.361
0.477
0.596
0.023
0.013
0.338
0.26
0.81
0.17
0.576
0.557
0.195
0.244
0.543
0.943
0.09
0.305
0.695
0.607
0.871
0.97
0.994
0.185
0.696
0.958
0.383
0.324
0.204
0.272
0.243
0.772
0.567
1.0
0.648
0.556
0.33
0.626
0.292
0.271
0.499
0.423
0.242
0.964
0.676
0.529
0.069
0.163
0.435
0.987
0.398
0.589
0.153
0.959
0.383
0.167
0.941
0.791
0.203
0.807
0.043
0.32
0.613
0.402
0.181
0.268
0.099
0.288
0.629
0.258
0.944
0.688
0.995
0.192
0.715
0.057
0.256
0.928
0.729
0.657
0.197
0.296
0.606
0.494
0.431
0.837
0.973
0.531
0.989
0.024
0.169
0.374
0.664
0.527
0.641
0.59
0.6
0.728
0.667
0.956
0.844
0.208
0.446
0.34
0.773
0.932
0.679
0.308
0.745
0.822
0.805
0.611
0.443
0.136
0.649
0.244
0.21
0.979
0.144
0.933
0.009
0.01
0.917
0.141
0.476
0.844
0.208
0.618
0.728
0.786
0.988
0.752
0.358
0.826
0.302
0.154
0.16
0.292
0.352
0.96
0.75
0.831
0.498
0.388
0.203
0.226
0.209
0.019
0.172
0.493
0.536
0.605
0.776
0.305
0.361
0.601
0.361
0.651
0.897
0.485
0.44
0.364
0.931
0.706
0.04
0.528
0.348
0.676
0.65
0.63
0.896
0.808
0.823
0.265
0.513
0.333
0.703
0.512
0.865
0.934
0.235
0.96
0.374
0.287
0.796
0.678
0.481
0.396
0.111
0.349
0.662
0.885
0.734
0.812
0.44
0.896
0.838
0.147
0.816
0.324
0.24
0.017
0.116
0.044
0.682
0.704
0.72
0.035
0.566
0.39
0.495
0
0.103
0.523
0.053
0.2
0.065
0.186
0.98
0.817
0.23
0.103
0.278
0.633
0.061
0.774
0.808
0.104
0.715
0.848
0.872
0.167
0.385
0.963
0.222
0.204
0.58
0.642
0.069
0.558
0.012
0.939
0.849
0.248
0.243
0.423
0.811
0.04
0.773
0.745
0.376
0.921
0.427
0.295
0.817
0.525
0.508
0.341
0.318
0.212
0.111
0.509
0.799
0.57
0.255
0.799
0.142
0.458
0.839
0.103
0.299
0.571
0.177
0.657
0.293
0.531
0.497
0.584
0.425
0.703
0.548
0.328
0.906
0.249
0.883
0.175
0.028
0.891
0.039
0.181
0.42
0.171
0.626
0.465
0.176
0.836
0.878
0.755
0.353
0.441
0.73
0.345
0.177
0.955
0.554
0.087
0.642
0.752
0.532
0.62
0.87
0.7
0.951
0.865
0.533
0.705
0.143
0.825
0.653
0.632
0.523
0.194
0.844
0.935
0.773
0.709
0.587
0.375
0.276
0.337
0.385
0.203
0.274
0.213
0.823
0.061
0.876
0.227
0.17
0.553
0.6
0.03
0.618
0.726
0.153
0.751
0.926
0.14
0.449
0.819
0.575
0
0.553
0.003
0.513
0.387
0.43
0.851
0.161
0.595
0.134
0.351
0.452
0.928
1.0
0.376
0.576
0.1
0.219
0.161
0.133
0.239
0
0.789
0.286
0.151
0.144
0.742
0.944
0.303
0.312
0.448
0.627
0.274
0.166
0.231
0.474
0.43
0.743
0.118
0.585
0.183
0.749
0.908
0.697
0.382
0.537
0.149
0.305
0.148
0.194
0.933
0.208
0.856
0.246
0.862
0.143
0.515
0.472
0.02
0.211
0.869
0.454
0.772
0.471
0.954
0.11
0.005
0.412
0.575
0.618
0.677
0.391
0.748
0.358
0.279
0.303
0.188
0.069
0.01
0.483
0.937
0.513
0.912
0.622
0.79
0.258
0.048
0.053
0.062
0.905
0.701
0.972
0.171
0.147
0.775
0.774
0.826
0.81
0.22
0.636
0.717
0.953
0.657
0.403
0.391
0.76
0.149
0.961
0.175
0.875
0.677
0.354
0.111
0.685
0.94
0.602
0.993
0.733
0.589
0.551
0.589
0.931
0.949
0.259
0.615
0.104
0.04
0.494
0.582
0.013
0.912
0.329
0.859
0.993
0.288
0.631
0.441
0.624
0.364
0.284
0.903
0.826
0.262
0.965
0.17
0.56
0.463
0.179
0.326
0.993
0.347
0.318
0.976
0.36
0.299
0.353
0.388
0.795
0.456
0.922
0.966
0.627
0.933
0.808
0.719
0.484
0.919
0.12
0.142
0.892
0.703
0.637
0.511
0.814
0.058
0.726
0.254
0.882
0.154
0.573
0.535
0.442
0.898
0.892
0.39
0.027
0.927
0.769
0.1
0.435
0.677
0.811
0.212
0.14
