0.411
0.725
0.012
0.354
0.426
0.081
0.565
0.27
0.071
0.992
0.409
0.255
0.74
0.016
0.025
0.075
0.066
0.51
0.426
0.596
0.392
0.164
0.058
0.198
0.595
0.081
0.714
0.845
0.217
0.78
0.517
0.225
0.229
0.687
0.198
0.402
0.606
0.277
0.576
0.556
0.304
0.21
0.773
0.114
0.123
0.884
0.414
0.844
0.194
0.743
0.649
0.774
0.368
0.646
0.18
0.107
0.253
0.106
0.819
0.373
0.976
0.607
0.576
0.592
0.357
0.041
0.764
0.123
0.356
0.423
0.076
0.56
0.795
0.475
0.119
0.389
0.066
0.232
0.181
0.097
0.341
0.297
0.345
0.604
0.35
0.608
0.224
0.098
0.774
0.65
0.558
0.808
0.649
0.633
0.426
0.786
0.914
0.622
0.564
0.152
0.004
0.555
0.019
0.484
0.061
0.418
0.598
0.85
0.896
0.197
0.563
0.077
0.878
0.63
0.492
0.67
0.134
0.653
0.871
0.513
0.775
0.241
0.939
0.632
0.108
0.037
0.697
0.088
0.412
0.035
0.496
0.111
0.454
0.176
0.318
0.028
0.692
0.54
0.188
0.775
0.582
0.989
0.057
0.06
0.293
0.205
0.37
0.89
0.188
0.275
0.201
0.873
0.402
0.382
0.646
0.652
0.22
0.657
0.247
0.823
0.616
0.037
0.124
0.009
0.862
0.955
0.181
0.047
0.186
0.103
0.504
0.13
0.034
0.337
0.517
0.587
0.23
0.589
0.022
0.335
0.537
0.939
0.602
0.052
0.712
0.834
0.432
0.392
0.702
0.043
0.118
0.851
0.15
0.481
0.866
0.097
0.394
0.479
0.249
0.19
0.943
0.595
0.151
0.968
0.995
0.374
0.584
0.96
0.163
0.509
0.864
0.284
0.219
0.735
0.138
0.937
0.925
0.752
0.684
0.454
0.593
0.281
0.647
0.539
0.968
0.473
0.839
0.467
0.656
0.284
0.915
0.733
0.238
0.648
0.239
0.742
0.319
0.35
0.193
0.836
0.833
0.221
0.393
0.271
0.882
0.378
0.222
0.221
0.201
0.339
0.526
0.54
0.57
0.674
0.969
0.138
0.286
0.373
0.85
0.974
0.864
0.666
0.385
0.053
0.929
0.115
0.375
0.803
0.293
0.369
0.318
0.336
0.514
0.028
0.12
0.486
0.242
0.75
0.886
0.35
0.49
0.644
0.011
0.703
0.786
0.083
0.088
0.904
0.597
0.714
0.32
0.241
0.303
0.895
0.926
0.958
0.986
0.222
0.602
0.364
0.264
0.49
0.294
0.67
0.862
0.582
0.639
0.442
0.009
0.779
0.211
0.927
0.667
0.258
0.891
0.84
0.787
0.677
0.629
0.097
0.912
0.941
0.197
0.625
0.133
0.326
0.344
0.074
0.1
0.956
0.635
0.102
0.97
0.096
0.299
0.31
0.292
0.862
0.199
0.739
0.742
0.337
0.292
0.293
0.108
0.683
0.327
0.213
0.986
0.825
0.468
0.966
0.28
0.555
0.964
0.735
0.699
0.033
0.251
0.839
0.265
0.662
0.504
0.015
0.482
0.854
0.182
0.057
0.703
0.058
0.996
0.194
0.399
0.913
0.956
0.929
0.719
0.781
0.862
0.637
0.401
0.173
0.256
0.062
0.249
0.449
0.213
0.998
0.044
0.29
0.161
0.133
0.251
0.653
0.361
0.979
0.971
0.606
0.802
0.256
0.2
0.129
0.2
0.753
0.763
0.119
0.919
0.611
0.267
0.006
0.355
0.817
0.612
0.132
0.669
0.179
0.615
0.472
0.207
0.415
0.836
0.533
0.432
0.134
0.835
0.428
0.668
0.612
0.532
0.551
0.015
0.465
0.692
0.712
0.528
0.888
0.941
0.155
0.041
0.666
0.322
0.961
0.683
0.325
0.464
0.598
0.71
0.412
0.02
0.06
0.246
0.355
0.517
0.903
0.519
0.432
0.12
0.015
0.124
0.899
0.259
0.081
0.547
0.045
0.52
0.317
0.961
0.096
0.509
0.332
0.678
0.163
0.123
0.82
0.749
0.553
0.23
0.475
0.304
0.634
0.272
0.268
0.019
0.458
0.163
0.014
0.944
0.443
0.906
0.123
0.518
0.282
0.285
0.823
0.784
0.892
0.886
0.395
0.923
0.101
0.618
0.014
0.399
0.413
0.224
0.266
0.958
0.427
0.548
0.066
0.577
0.498
0.46
0.658
0.76
0.6
0.849
0.246
0.762
0.193
0.069
0.8
0.4
0.579
0.407
0.6
0.496
0.899
0.808
0.901
0.573
0.02
0.974
0.438
0.221
0.728
0.604
0.153
0.843
0.895
0.459
0.602
0.331
0.371
0.544
0.949
0.499
0.241
0.442
0.707
0.074
0.721
0.439
0.77
0.644
0.237
0.761
0.052
0.294
0.041
0.399
0.534
0.953
0.1
0.259
0.33
0.079
0.187
0.513
0.166
0.468
0.576
0.237
0.78
0.068
0.681
0.862
0.817
0.461
0.683
0.613
0.28
0.662
0.753
0.767
0.828
0.92
0.311
0.821
0.936
0.665
0.153
0.318
0.781
0.944
0.502
0.641
0.652
0.816
0.119
0.752
0.224
0.124
0.34
0.11
0.437
0.513
0.817
0.189
0.177
0.913
0.986
0.655
0.647
0.88
0.868
0.599
0.981
0.649
0.488
0.809
0.253
0.814
0.908
0.878
0.778
0.982
0.765
0.309
0.992
0.1
0.309
0.273
0.205
0.552
0.777
0.848
0.328
0.779
0.682
0.873
0.226
0.891
0.769
0.676
0.896
0.212
0.779
0.771
0.23
0.773
0.479
0.067
0.686
0.826
0.398
0.123
0.283
0.819
0.697
0.39
0.424
0.361
0.029
0.298
0.391
0.37
0.482
0.091
0.73
0.231
0.244
0.073
0.093
0.205
0.916
0.733
0.216
0.253
0.999
0.402
0.123
0.532
0.152
0.078
0.281
0.81
0.29
0.061
0.135
0.682
0.699
0.83
0.798
0.568
0.162
0.751
0.756
0.152
0.775
0.437
0.757
0.504
0.464
0.582
0.968
0.566
0.215
0.4
0.929
0.309
0.947
0.147
0.396
0.492
0.86
0.876
0.203
0.215
0.582
0.207
0.804
0.399
0.271
0.337
0.449
0.462
0.078
0.209
0.821
0.676
0.226
0.891
0.888
0.931
0.085
0.245
0.8
0.97
0.447
0.151
0.31
0.481
0.978
0.37
0.584
0.591
0.893
0.988
0.172
0.928
0.161
0.732
0.465
0.32
0.878
0.544
0.073
0.35
0.098
0.948
0.117
0.959
0.324
0.394
0.649
0.744
0.466
0.1
0.868
0.487
0.603
0.975
0.367
0.985
0.452
0.08
0.332
0.606
0.073
0.354
0.479
0.487
0.706
0.427
0.792
0.065
0.055
0.175
0.63
0.716
0.817
0.321
0.267
0.046
0.734
0.463
0.656
0.079
0.686
0.558
0.291
0.35
0.023
0.81
0.689
0.996
0.077
0.632
0.146
0.326
0.523
0.685
0.416
0.847
0.976
0.646
0.173
0.273
0.193
0.544
0.11
0.171
0.909
0.874
0.648
0.341
0.684
0.31
0.028
0.312
0.262
0.952
0.453
0.413
0.401
0.031
0.203
0.902
0.252
0.877
0.484
0.204
0.22
0.402
0.902
0.636
0.9
0.2
0.978
0.208
0.054
0.442
0.447
0.162
0.461
0.753
0.856
0.607
0.673
0.746
0.014
0.903
0.212
0.964
0.558
0.854
0.08
0.141
0.685
0.135
0.749
0.006
0.458
0.784
0.587
0.715
0.565
0.676
0.854
0.017
0.339
0.33
0.908
0.488
0.915
0.895
0.494
0.63
0.397
0.732
0.772
0.114
0.964
0.688
0.841
0.521
0.635
0.194
0.547
0.491
0.614
0.683
0.186
0.514
0.948
0.434
0.162
0.592
0.051
0.122
0.223
0.476
0.136
0.249
0.629
0.543
0.173
0.354
0.095
0.451
0.334
0.155
0.732
0.419
0.501
0.744
0.539
0.483
0.709
0.096
0.814
0.419
0.525
0.967
0.798
0.295
0.181
0.499
0.257
0.45
0.178
0.77
0.171
0.364
0.061
0.365
0.644
0.687
0.048
0.452
0.371
0.636
0.524
0.793
0.542
0.571
0.146
0.802
0.94
0.954
0.704
0.549
0.485
0.409
0.084
0.012
0.11
0.032
0.342
0.846
0.989
0.848
0.116
0.212
0.336
0.583
0.485
0.597
0.094
0.331
0.277
0.409
0.783
0.159
0.973
0.493
0.32
0.112
0.679
0.121
0.635
0.067
0.512
0.118
0.213
0.679
0.788
0.289
0.457
