0.379
0.745
0.486
0.497
0.456
0.922
0.905
0.578
0.436
0.844
0.677
0.845
0.943
0.176
0.102
0.909
0.372
0.934
0.793
0.351
0.546
0.012
0.216
0.01
0.866
0.667
0.146
0.765
0.756
0.425
0.092
0.635
0.286
0.431
0.194
0.997
0.326
0.382
0.912
0.93
0.964
0.816
0.531
0.131
0.088
0.237
0.959
0.456
0.009
0.969
0.164
0.574
0.324
0.618
0.876
0.37
0.942
0.93
0.827
0.123
0.831
0.936
0.1
0.206
0.826
0.005
0.241
0.732
0.349
0.76
0.415
0.963
0.349
0.747
0.653
0.049
0.263
0.427
0.32
0.42
0.763
0.465
0.93
0.557
0.747
0.3
0.407
0.191
0.521
0.074
0.408
0.345
0.93
0.274
0.922
0.314
0.311
0.048
0.842
0.355
0.908
0.862
0.16
0.002
0.869
0.527
0.5
0.503
0.363
0.186
0.988
0.716
0.903
0.942
0.168
0.569
0.401
0.16
0.469
0.819
0.94
0.023
0.944
0.305
0.987
0.87
0.236
0.73
0.71
0.78
0.437
0.719
0.592
0.767
0.25
0.904
0.691
0.359
0.128
0.432
0.304
0.683
0.757
0.169
0.919
0.697
0.317
0.479
0.345
0.09
0.884
0.296
0.894
0.768
0.293
0.53
0.448
0.817
0.555
0.728
0.117
0.209
0.862
0.838
0.755
0.2
0.242
0.912
0.649
0.318
0.323
0.84
0.406
0.385
0.433
0.191
0.927
0.061
0.368
0.505
0.438
0.407
0.047
0.695
0.965
0.899
0.074
0.069
0.57
0.393
0.484
0.504
0.989
0.88
0.834
0.457
0.85
0.891
0.003
0.991
0.33
0.534
0.858
0.892
0.993
0.773
0.677
0.691
0.471
0.406
0.28
0.047
0.272
0.653
0.285
0.428
0.694
0.914
0.112
0.706
0.312
0.648
0.981
0.968
0.523
0.134
0.509
0.927
0.096
0.149
0.238
0.568
0.069
0.405
0.584
0.41
0.388
0.687
0.449
0.657
0.342
0.426
0.864
0.078
0.968
0.692
0.498
0.145
0.74
0.995
0.892
0.573
0.575
0.645
0.596
0.87
0.265
0.34
0.18
0.715
0.233
0.567
0.371
0.482
0.238
0.948
0.567
0.582
0.668
0.695
0.786
0.392
0.636
0.109
0.3
0.423
0.995
0.066
0.164
0.082
0.465
0.999
0.23
0.047
0.266
0.104
0.413
0.268
0.599
0.633
0.838
0.09
0.962
0.694
0.813
0.709
0.027
0.353
0.147
0.613
0.125
0.153
0.997
0.915
0.25
0.034
0.523
0.785
0.343
0.052
0.584
0.842
0.888
0.363
0.645
0.876
0.667
0.944
0.524
0.484
0.044
0.206
0.124
0.363
0.754
0.75
0.983
0.719
0.889
0.233
0.166
0.499
0.893
0.77
0.998
0.976
0.676
0.9
0.238
0.57
0.898
0.575
0.836
0.456
0.39
0.036
0.434
0.91
0.477
0.514
0.999
0.472
0.416
0.287
0.602
0.342
0.501
0.201
0.183
0.237
0.713
0.893
0.334
0.061
0.833
0.257
0.523
0.572
0.721
0.217
0.742
0.729
0.586
0.055
0.611
0
0.072
0.967
0.792
0.691
0.488
0.204
0.756
0.037
0.262
0.704
0.423
0.924
0.221
0.634
0.209
0.48
0.415
0.985
0.332
0.72
0.836
0.621
0.184
0.482
0.577
0.815
0.049
0.156
0.662
0.636
0.15
0.155
0.837
0.826
0.449
0.073
0.313
0.991
0.423
0.77
0.345
0.265
0.03
0.537
0.554
0.817
0.258
0.834
0.309
0.096
0.695
0.282
0.758
0.931
0.618
0.27
0.837
0.405
0.538
0.77
0.739
0.229
0.098
0.582
0.216
0.341
0.738
0.473
0.115
0.56
0.175
0.763
0.024
0.953
0.903
0.652
0.802
0.441
0.63
0.83
0.984
0.88
0.926
0.565
0.29
0.392
0.088
0.292
0.836
0.68
0.609
0.799
0.813
0.767
0.495
0.085
0.018
0.491
0.528
0.031
0.717
0
0.45
0.078
0.852
0.094
0.308
0.817
0.509
0.007
0.34
0.976
0.901
0.264
0.623
0.281
0.057
0.162
0.062
0.602
0.724
0.395
0.807
0.078
0.985
0.371
0.148
0.033
0.727
0.254
0.595
0.799
0.032
0.317
0.291
0.883
0.544
0.464
0.055
0.796
0.273
0.296
0.588
0.999
0.525
0.514
0.546
0.723
0.06
0.937
0.186
0.923
0.199
0.707
0.814
0.603
0.135
0.732
0.363
0.555
0.906
0.175
0.722
0.981
0.055
0.703
0.887
0.51
0.379
0.255
0.691
0.804
0.895
0.433
0.818
0.918
0.51
0.547
0.668
0.108
0.682
0.505
0.26
0.981
0.337
0.923
0.139
0.848
0.275
0.347
0.124
0.195
0.053
0.289
0.69
0.486
0.078
0.907
0.827
0.338
0.594
0.003
0.927
0.136
0.185
0.837
0.037
0.813
0.702
0.603
0.302
0.396
0.714
0.257
0.097
0.334
0.719
0.858
0.897
0.154
0.99
0.495
0.88
0.333
0.942
0.467
0.354
0.815
0.259
0.738
0.057
0.538
0.344
0.991
0.232
0.277
0.543
0.3
0.147
0.227
0.978
0.208
0.141
0.346
0.894
0.981
0.679
0.637
0.57
0.229
0.361
0.87
0.415
0.26
0.788
0.785
0.918
0.585
0.604
0.964
0.232
0.171
0.194
0.208
0.302
0.283
0.174
0.458
0.62
0.826
0.16
0.892
0.946
0.468
0.836
0.943
0.228
0.449
0.87
0.225
0.406
0.294
0.817
0.11
0.639
0.522
0.093
0.514
0.582
0.626
0.235
0.165
0.392
0.512
0.894
0.14
0.092
0.141
0.14
0.378
0.364
0.87
0.882
0.498
0.968
0.18
0.345
0.533
0.231
0.43
0.092
0.797
0.057
0.581
0.636
0.479
0.368
0.092
0.406
0.639
0.338
0.787
0.538
0.084
0.811
0.268
0.46
0.224
0.191
0.396
0.679
0.568
0.335
0.831
0.042
0.457
0.931
0.552
0.588
0.199
0.815
0.523
0.338
0.109
0.94
0.948
0.946
0.194
0.449
0.775
0.984
0.675
0.678
0.893
0.352
0.787
0.114
0.632
0.101
0.319
0.411
0.863
0.385
0.24
0.85
0.993
0.213
0.65
0.215
0.55
0.043
0.793
0.645
0.332
0.685
0.468
0.436
0.008
0.512
0.131
0.967
0.758
0.478
0.896
0.917
0.196
0.207
0.754
0.244
0.811
0.269
0.549
0.631
0.12
0.331
0.705
0.06
0.264
0.533
0.898
0.14
0.265
0.624
0.33
0.389
0.967
0.999
0.638
0.404
0.256
0.426
0.99
0.056
0.606
0.375
0.616
0.042
0.634
0.876
0.368
0.363
0.985
0.045
0.288
0.257
0.012
0.951
0.244
0.674
0.814
0.514
0.328
0.618
0.221
0.128
0.611
0.269
0.942
0.709
0.619
0.9
0.061
0.717
0.938
0.735
0.463
0.849
0.166
0.599
0.485
0.915
0.889
0.195
0.625
0.996
0.999
0.312
0.598
0.3
0.78
0.261
0.38
0.858
0.733
0.054
0.616
0.842
0.205
0.894
0.844
0.979
0.036
0.362
0.946
0.304
0.876
0.603
0.827
0.955
0.56
0.585
0.858
0.433
0.193
0.603
0.478
0.291
0.666
0.957
0.114
0.42
0.854
0.491
0.505
0.15
0.07
0.658
0.755
0.324
0.793
0.692
0.26
0.354
0.145
0.051
0.802
0.582
0.161
0.428
0.98
0.16
0.887
0.016
0.362
0.436
0.779
0.496
0.089
0.329
0.038
0.108
0.172
0.435
0.42
0.857
0.917
0.46
0.02
0.202
0.103
0.991
0.272
0.87
0.024
0.411
0.43
0.187
0.629
0.429
0.053
0.839
0.478
0.997
0.836
0.634
0.616
0.561
0.633
0.981
0.675
0.603
0.954
0.825
0.81
0.636
0.092
0.165
0.423
0.809
0.066
0.672
0.679
0.623
0.377
0.448
0.654
0.852
0.492
0.521
0.895
0.934
0.949
0.51
0.683
0.055
0.394
0.509
0.764
0.683
0.444
0.877
0.193
0.332
0.071
0.794
0.504
0.601
0.981
0.116
0.765
0.806
0.063
0.78
0.17
0.759
0.795
0.705
0.932
0.868
0.943
0.525
0.612
0.213
0.671
0.542
0.338
0.51
0.714
0.274
0.418
0.096
0.532
0.771
0.833
0.133
0.544
0.854
0.994
0.22
0.716
0.626
0.285
0.913
0.569
