0.241
0.752
0.662
0.983
0.011
0.529
0.047
0.137
0.854
0.067
0.389
0.259
0.912
0.303
0.534
0.925
0.716
0.296
0.864
0.538
0.569
0.346
0.015
0.796
0.635
0.594
0.732
0.672
0.286
0.962
0.493
0.478
0.73
0.551
0.207
0.829
0.376
0.176
0.688
0.503
0.661
0.781
0.281
0.881
0.613
0.824
0.438
0.159
0.076
0.597
0.66
0.411
0.047
0.881
0.049
0.456
0.257
0.471
0.185
0.333
0.527
0.202
0.243
0.131
0.26
0.763
0.992
0.486
0.499
0.897
0.402
0.812
0.239
0.57
0.781
0.938
0.014
0.745
0.412
0.148
0.531
0.014
0.791
0.532
0.296
0.851
0.742
0.687
0.414
0.482
0.683
0.775
0.656
0.637
0.286
0.702
0.951
0.332
0.757
0.85
0.39
0.32
0.022
0.183
0.57
0.041
0.753
0.985
0.705
0.349
0.139
0.234
0.421
0.641
0.912
0.658
0.194
0.979
0.649
0.151
0.728
0.36
0.141
0.745
0.005
0.487
0.91
0.264
0.073
0.931
0.982
0.017
0.138
0.356
0.878
0.668
0.904
0.087
0.306
0.734
0.026
0.423
0.928
0.141
0.768
0.232
0.784
0.096
0.778
0.079
0.866
0.429
0.202
0.257
0.272
0.78
0.114
0.51
0.488
0.031
0.329
0.26
0.798
0.027
0.945
0.555
0.714
0.43
0.001
0.426
0.252
0.553
0.193
0.304
0.018
0.97
0.372
0.031
0.881
0.287
0.367
0.981
0.515
0.855
0.791
0.201
0.481
0.209
0.859
0.651
0.011
0.994
0.182
0.063
0.821
0.929
0.962
0.405
0.827
0.025
0.089
0.703
0.752
0.54
0.532
0.022
0.88
0.604
0.943
0.285
0.83
0.751
0.251
0.049
0.052
0.976
0.231
0.898
0.84
0.698
0.357
0.877
0.5
0.323
0.276
0.332
0.016
0.361
0.214
0.973
0.892
0.206
0.528
0.027
0.896
0.362
0.455
0.372
0.037
0.082
0.724
0.918
0.115
0.119
0.06
0.04
0.569
0.675
0.585
0.916
0.769
0.317
0.572
0.3
0.705
0.01
0.763
0.363
0.662
0.4
0.043
0.957
0.116
0.318
0.197
0.951
0.416
0.0
0.61
0.698
0.418
0.534
0.398
0.83
0.434
0.263
0.244
0.669
0.676
0.949
0.025
0.095
0.304
0.897
0.071
0.137
0.568
0.408
0.404
0.135
0.639
0.634
0.698
0.85
0.529
0.386
0.469
0.971
0.46
0.821
0.904
0.72
0.613
0.22
0.629
0.535
0.44
0.265
0.305
0.298
0.898
0.223
0.01
0.305
0.013
0.768
0.125
0.946
0.903
0.357
0.187
0.941
0.425
0.59
0.077
0.782
0.315
0.814
0.429
0.144
0.521
0.105
0.588
0.516
0.323
0.845
0.945
0.246
0.214
0.759
0.737
0.618
0.615
0.834
0.165
0.368
0.067
0.954
0.528
0.942
0.823
0.633
0.352
0.667
0.266
0.074
0.716
0.134
0.878
0.074
0.049
0.756
0.679
0.992
0.016
0.826
0.427
0.765
0.274
0.014
0.629
0.541
0.435
0.502
0.554
0.098
0.027
0.89
0.174
0.43
0.161
0.596
0.412
0.649
0.519
0.923
0.396
0.269
0.948
0.502
0.61
0.383
0.297
0.848
0.233
0.158
0.526
0.087
0.953
0.798
0.87
0.49
0.906
0.524
0.598
0.88
0.417
0.138
0.762
0.774
0.853
0.539
0.884
0.553
0.471
0.413
0.757
0.564
0.805
0.712
0.785
0.157
0.297
0.321
0.486
0.814
0.038
0.626
0.714
0.111
0.911
0.179
0.848
0.558
0.86
0.554
0.348
0.856
0.941
0.223
0.265
0.571
0.402
0.695
0.321
0.757
0.952
0.181
0.871
0.299
0.592
0.049
0.515
0.844
0.747
0.057
0.576
0.434
0.908
0.322
0.015
0.925
0.346
0.382
0.598
0.627
0.592
0.334
0.198
0.12
0.763
0.999
0.536
0.282
0.386
0.485
0.777
0.218
0.319
0.766
0.828
0.421
0.511
0.296
0.06
0.365
0.97
0.9
0.887
0.583
0.92
0.616
0.454
0.903
0.282
0.895
0.049
0.324
0.42
0.693
0.899
0.9
0.193
0.331
0.469
0.13
0.219
0.377
0.619
0.652
0.219
0.2
0.922
0.111
0.907
0.74
0.829
0.615
0.549
0.824
0.985
0.791
0.52
0.197
0.663
0.817
0.802
0.747
0.668
0.299
0.351
0.953
0.975
0.638
0.312
0.603
0.672
0.677
0.715
0.963
0.556
0.41
0.293
0.68
0.994
0.612
0.25
0.833
0.573
0.82
0.661
0.021
0.319
0.064
0.035
0.032
0.224
0.704
0.841
0.244
0.992
0.699
0.378
0.473
0.312
0.687
0.244
0.252
0.239
0.14
0.017
0.519
0.059
0.99
0.157
0.624
0.871
0.344
0.692
0.378
0.049
0.799
0.46
0.896
0.248
0.219
0.345
0.851
0.911
0.373
0.421
0.858
0.525
0.031
0.659
0.639
0.723
0.396
0.148
0.136
0.796
0.568
0.531
0.058
0.251
0.578
0.035
0.777
0.462
0.575
0.797
0.246
0.052
0.327
0.911
0.038
0.861
0.219
0.121
0.424
0.458
0.739
0.938
0.432
0.05
0.674
0.466
0.26
0.51
0.871
0.336
0.696
0.881
0.293
0.749
0.56
0.131
0.25
0.872
0.66
0.743
0.957
0.978
0.737
0.814
0.836
0.211
0.737
0.533
0.786
0.222
0.829
0.454
0.03
0.195
0.587
0.601
0.753
0.78
0.321
0.68
0.72
0.945
0.032
0.818
0.596
0.191
0.846
0.198
0.778
0.017
0.751
0.705
0.839
0.912
0.778
0.709
0.603
0.145
0.804
0.464
0.217
0.598
0.067
0.951
0.991
0.981
0.325
0.519
0.52
0.94
0.163
0.572
0.335
0.344
0.166
0.618
0.654
0.433
0.506
0.708
0.516
0.886
0.071
0.753
0.599
0.478
0.336
0.166
0.486
0.511
0.529
0.195
0.965
0.937
0.461
0.818
0.757
0.54
0.652
0.955
0.821
0.041
0.896
0.477
0.173
0.4
0.156
0.102
0.002
0.957
0.27
0.781
0.815
0.224
0.827
0.063
0.519
0.938
0.093
0.529
0.74
0.636
0.935
0.285
0.934
0.649
0.434
0.347
0.608
0.728
0.114
0.073
0.547
0.777
0.178
0.082
0.82
0.262
0.162
0.627
0.228
0.677
0.833
0.125
0.593
0.839
0.354
0.605
0.603
0.557
0.495
0.435
0.322
0.055
0.29
0.56
0.83
0.725
0.243
0.314
0.677
0.673
0.802
0.226
0.902
0.012
0.985
0.406
0.358
0.026
0.378
0.702
0.812
0.067
0.057
0.764
0.475
0.424
0.336
0.002
0.774
0.856
0.279
0.849
0.882
0.613
0.375
0.074
0.07
0.427
0.222
0.726
0.368
0.694
0.107
0.904
0.508
0.273
0.714
0.35
0.395
0.389
0.79
0.435
0.967
0.282
0.664
0.829
0.825
0.019
0.55
0.428
0.938
0.974
0.251
0.806
0.195
0.145
0.111
0.287
0.008
0.121
0.862
0.287
0.072
0.191
0.219
0.142
0.248
0.297
0.662
0.762
0.974
0.557
0.519
0.423
0.819
0.716
0.506
0.778
0.402
0.477
0.077
0.729
0.206
0.432
0.54
0.058
0.689
0.939
0.258
0.787
0.455
0.199
0.995
0.303
0.322
0.292
0.647
0.758
0.328
0.096
0.802
0.55
0.722
0.204
0.534
0.413
0.325
0.771
0.179
0.83
0.388
0.601
0.999
0.759
0.073
0.7
0.555
0.824
0.257
0.544
0.808
0.893
0.845
0.523
0.125
0.868
0.115
0.84
0.541
0.327
0.087
0.443
0.03
0.24
0.189
0.215
0.824
0.425
0.454
0.093
0.919
0.75
0.032
0.133
0.12
0.384
0.152
0.531
0.333
0.612
0.969
0.536
0.446
0.398
0.279
0.904
0.825
0.179
0.971
0.405
0.349
0.404
0.583
0.248
0.356
0.397
0.493
0.715
0.618
0.394
0.023
0.268
0.95
0.54
0.549
0.828
0.531
0.589
0.42
0.748
0.223
0.901
0.397
0.435
0.504
0.251
0.3
0.569
0.478
0.047
0.219
0.585
0.503
0.751
0.111
0.728
0.521
0.733
0.889
0.67
0.397
0.854
0.131
0.724
0.967
0.989
0.841
0.74
0.831
0.942
0.967
0.721
0.372
0.767
0.588
0.413
0.184
