0.893
0.336
0.535
0.306
0.866
0.395
0.18
0.994
0.389
0.374
0.847
0.921
0.404
0.878
0.949
0.329
0.35
0.37
0.272
0.968
0.879
0.796
0.882
0.823
0.821
0.051
0.848
0.973
0.426
0.904
0.536
0.538
0.818
0.687
0.86
0.358
0.404
0.633
0.883
0.327
0.958
0.583
0.34
0.478
0.115
0.51
0.428
0.992
0.461
0.978
0.997
0.554
0.805
0.919
0.755
0.555
0.732
0.889
0.104
0.474
0.232
0.679
0.349
0.744
0.459
0.094
0.514
0.599
0.258
0.864
0.156
0.633
0.502
0.906
0.213
0.866
0.192
0.851
0.025
0.904
0.711
0.726
0.951
0.853
0.328
0.535
0.267
0.018
0.063
0.607
0.813
0.029
0.558
0.239
0.501
0.789
0.773
0.359
0.853
0.058
0.526
0.769
0.602
0.284
0.599
0.861
0.268
0.379
0.229
0.356
0.023
0.945
0.04
0.036
0.508
0.908
0.327
0.647
0.288
0.126
0.268
0
0.986
0.58
0.753
0.221
0.91
0.038
0.331
0.418
0.418
0.773
0.105
0.74
0.897
0.182
0.837
0.251
0.887
0.58
0.639
0.975
0.965
0.293
0.015
0.548
0.846
0.075
0.98
0.731
0.437
0.33
0.687
0.374
0.664
0.343
0.61
0.459
0.012
0.618
0.518
0.242
0.133
0.249
0.713
0.766
0.331
0.813
0.89
0.848
0.617
0.624
0.713
0.203
0.222
0.242
0.918
0.541
0.781
0.709
0.448
0.385
0.731
0.636
0.766
0.2
0.82
0.436
0.398
0.122
0.581
0.526
0.756
0.412
0.784
0.877
0.348
0.897
0.069
0.177
0.077
0.705
0.984
0.837
0.04
0.28
0
0.112
0.497
0.982
0.237
0.796
0.806
0.095
0.766
0.123
0.463
0.462
0.49
0.793
0.76
0.901
0.936
0.57
0.139
0.025
0.697
0.546
0.812
0.352
0.226
0.374
0.831
0.529
0.518
0.23
0.585
0.461
0.248
0.534
0.82
0.637
0.545
0.042
0.611
0.492
0.06
0.755
0.083
0.529
0.0
0.906
0.813
0.78
0.711
0.301
0.377
0.758
0.704
0.291
0.45
0.179
0.68
0.833
0.811
0.659
0.614
0.673
0.076
0.45
0.548
0.7
0.447
0.088
0.983
0.858
0.553
0.128
0.032
0.981
0.198
0.989
0.735
0.191
0.461
0.995
0.772
0.478
0.154
0.716
0.446
0.265
0.618
0.222
0.004
0.65
0.987
0.661
0.318
0.385
0.699
0.223
0.673
0.569
0.796
0.872
0.069
0.927
0.433
0.258
0.491
0.975
0.058
0.432
0.128
0.532
0.014
0.593
0.24
0.169
0.308
0.289
0.709
0.66
0.514
0.381
0.759
0.159
0.325
0.98
0.909
0.173
0.293
0.969
0.208
0.217
0.605
0.46
0.357
0.028
0.772
0.046
0.091
0.858
0.654
0.206
0.755
0.185
0.093
0.72
0.509
0.374
0.893
0.94
0.975
0.114
0.141
0.195
0.055
0.304
0.529
0.007
0.577
0.44
0.266
1.0
0.784
0.446
0.135
0.395
0.976
0.657
0.877
0.001
0.354
0.926
0.341
0.794
0.07
0.587
0.2
0.535
0.902
0.583
0.972
0.478
0.144
0.674
0.993
0.326
0.439
0.419
0.072
0.45
0.698
0.698
0.284
0.671
0.565
0.801
0.467
0.961
0.578
0.038
0.565
0.344
0.44
0.903
0.461
0.214
0.339
0.551
0.188
0.636
0.633
0.799
0.041
0.449
0.274
0.68
0.045
0.723
0.07
0.12
0.441
0.073
0.603
0.175
0.336
0.687
0.618
0.293
0.697
0.108
0.798
0.619
0.95
0.189
0.022
0.146
0.049
0.92
0.206
0.557
0.504
0.516
0.137
0.269
0.743
0.795
0.639
0.295
0.179
0.48
0.199
0.923
0.314
0.011
0.82
0.585
0.694
0.009
0.587
0.056
0.85
0.652
0.252
0.864
0.595
0.458
0.872
0.759
0.072
0.44
0.819
0.121
0.836
0.953
0.955
0.002
0.625
0.832
0.409
0.222
0.221
0.153
0.421
0.57
0.701
0.1
0.85
0.313
0.755
0.419
0.79
0.996
0.42
0.014
0.288
0.382
0.531
0.82
0.236
0.668
0.642
0.29
0.727
0.957
0.861
0.651
0.816
0.643
0.426
0.402
0.964
0.557
0.393
0.646
0.329
0.781
0.522
0.1
0.991
0.816
0.617
0.552
0.031
0.63
0.261
0.33
0.784
0.842
0.783
0.674
0.973
0.049
0.186
0.328
0.44
0.666
0.921
0.548
0.713
0.978
0.243
0.19
0.544
0.487
0.479
0.491
0.0
0.999
0.08
0.472
0.684
0.764
0.07
0.377
0.801
0.394
0.621
0.139
0.757
0.22
0.072
0.193
0.456
0.409
0.508
0.308
0.148
0.572
0.555
0.012
0.467
0.627
0.262
0.102
0.447
0.838
0.601
0.185
0.311
0.657
0.163
0.909
0.034
0.737
0.655
0.769
0.786
0.373
0.35
0.298
0.819
0.376
0.092
0.545
0.198
0.199
0.026
0.581
0.198
0.586
0.99
0.349
0.832
0.661
0.02
0.948
0.406
0.639
0.126
0.778
0.661
0.329
0.997
0.405
0.685
0.213
0.861
0.029
0.299
0.009
0.173
0.059
0.997
0.606
0.701
0.632
0.565
0.101
0.28
0.933
0.374
0.418
0.646
0.318
0.617
0.573
0.905
0.649
0.187
0.817
0.34
0.769
0.565
0.515
0.42
0.071
0.118
0.932
0.695
0.594
0.233
0.003
0.417
0.816
0.919
0.405
0.132
0.976
0.715
0.523
0.564
0.701
0.194
0.725
0.98
0.885
0.952
0.434
0.407
0.546
0.226
0.626
0.367
0.17
0.715
0.886
0.774
0.951
0.196
0.41
0.887
0.254
0.294
0.915
0.994
0.297
0.663
0.253
0.267
0.607
0.747
0.552
0.856
0.7
0.288
0.37
0.609
0.042
0.503
0.809
0.892
0.992
0.416
0.767
0.02
0.274
0.215
0.932
0.596
0.837
0.26
0.479
0.612
0.051
0.79
0.472
0.01
0.774
0.328
0.92
0.769
0.021
0.042
0.705
0.361
0.358
0.584
0.294
0.13
0.389
0.156
0.035
0.329
0.936
0.781
0.804
0.126
0.516
0.073
0.425
0.904
0.499
0.142
0.339
0.654
0.254
0.755
0.033
0.953
0.916
0.64
0.556
0.622
0.575
0.054
0.274
0.357
0.115
0.863
0.753
0.154
0.594
0.665
0.559
0.781
0.885
0.574
0.707
0.022
0.822
0.924
0.333
0.559
0.046
0.945
0.416
0.669
0.314
0.979
0.93
0.244
0.879
0.885
0.987
0.413
0.775
0.916
0.605
0.833
0.286
0.88
0.681
0.807
0.857
0.189
0.402
0.857
0.01
0.391
0.287
0.77
0.507
0.853
0.409
0.408
0.681
0.04
0.876
0.251
0.456
0.94
0.33
0.372
0.504
0.166
0.849
0.405
0.665
0.213
0.337
0.812
0.774
0.703
0.401
0.903
0.292
0.28
0.73
0.511
0.837
0.489
0
0.359
0.475
0.549
0.504
0.016
0.979
0.502
0.173
0.19
0.317
0.155
0.273
0.36
0.372
0.511
0.114
0.672
0.853
0.008
0.748
0.263
0.686
0.964
0.04
0.281
0.236
0.823
0.682
0.363
0.84
0.257
0.176
0.815
0.563
0.708
0.775
0.161
0.502
0.555
0.504
0.722
0.991
0.664
0.285
0.581
0.648
0.375
0.234
0.769
0.644
0.585
0.629
0.104
0.147
0.322
0.563
0.653
0.125
0.43
0.188
0.325
0.774
0.904
0.097
0
0.755
0.274
0.766
0.841
0.006
0.834
0.064
0.563
0.999
0.084
0.11
0.415
0.775
0.719
0.874
0.728
0.723
0.167
0.276
0.809
0
0.684
0.119
0.907
0.179
0.783
0.415
0.983
0.301
0.892
0.407
0.43
0.402
0.319
0.732
0.808
0.353
0.54
0.804
0.554
0.803
0.857
0.233
0.411
0.452
0.615
0.075
0.229
0.663
0.664
0.22
0.739
0.212
0.743
0.335
0.345
0.981
0.917
0.677
0.603
0.425
0.604
0.792
0.769
0.116
0.663
0.708
0.352
0.136
0.358
0.735
0.612
0.782
0.859
0.115
0.372
0.171
0.16
0.503
0.208
0.264
0.596
0.723
0.337
0.635
0.117
0.566
0.951
0.095
0.64
0.185
0.996
0.323
0.636
0.143
0.122
0.496
0.792
0.542
