0.165
0.554
0.391
0.901
0.391
0.707
0.517
0.778
0.187
0.905
0.459
0.73
0.904
0.949
0.341
0.655
0.642
0.7
0.215
0.686
0.918
0.132
0.081
0.432
0.894
0.344
0.742
0.999
0.52
0.359
0.763
0.438
0.9
0.907
0.289
0.534
0.697
0.888
0.906
0.425
0.833
0.975
0.91
0.505
0.85
0.083
0.995
0.564
0.014
0.924
0.063
0.655
0.429
0.957
0.63
0.813
0.577
0.115
0.391
0.203
0.831
0.227
0.21
0.971
0.766
0.416
0.336
0.645
0.918
0.362
0.823
0.621
0.913
0.308
0.746
0.82
0.445
0.912
0.203
0.442
0.31
0.593
0.767
0.196
0.917
0.022
0.914
0.62
0.455
0.736
0.577
0.361
0.863
0.775
0.321
0.75
0.729
0.371
0.196
0.6
0.403
0.358
0.921
0.183
0.701
0.821
0.067
0.192
0.915
0.363
0.994
0
0.34
0.691
0.477
0.355
0.628
0.494
0.89
0.092
0.566
0.378
0.119
0.153
0.725
0.675
0.249
0.379
0.867
0.433
0.324
0.675
0.106
0.606
0.271
0.228
0.181
0.159
0.024
0.67
0.726
0.899
0.727
0.347
0.595
0.539
0.428
0.621
0
0.524
0.254
0.474
0.121
0.855
0.024
0.256
0.778
0.439
0.04
0.181
0.974
0.092
0.958
0.32
0.818
0.751
0.639
0.739
0.102
0.938
0.34
0.699
0.632
0.006
0.622
0.727
0.848
0.273
0.971
0.175
0.663
0.539
0.587
0.375
0.873
0.424
0.496
0.608
0.651
0.835
0.702
0.627
0.812
0.047
0.284
0.137
0.544
0.38
0.164
0.702
0.146
0.039
0.806
0.511
0.625
0.312
0.174
0.113
0.907
0.322
0.496
0.915
0.998
0.761
0.244
0.089
0.125
0.098
0.807
0.286
0.692
0.041
0.243
0.31
0.773
0.716
0.982
0.243
0.313
0.595
0.153
0.532
0.146
0.075
0.531
0.885
0.012
0.767
0.024
0.593
0.141
0.837
0.355
0.144
0.373
0.887
0.513
0.181
0.354
0.78
0.246
0.525
0.688
0.292
0.37
0.934
0.514
0.551
0.228
0.384
0.496
0.903
0.591
0.518
0.067
0.941
0.374
0.637
0.682
0.139
0.453
0.771
0.879
0.347
0.731
0.761
0.153
0.411
0.71
0.237
0.471
0.829
0.536
0.085
0.658
0.851
0.124
0.687
0.182
0.683
0.254
0.837
0.927
0.391
0.386
0.016
0.937
0.136
0.674
0.662
0.738
0.794
0.372
0.613
0.046
0.618
0.845
0.515
0.762
0.984
0.785
0.346
0.651
0.559
0.929
0.035
0.667
0.718
0.109
0.731
0.798
0.606
0.626
0.677
0.048
0.837
0.098
0.543
0.918
0.089
0.121
0.5
0.466
0.424
0.579
0.728
0.077
0.855
0.658
0.306
0.58
0.432
0.073
0.044
0.248
0.532
0.205
0.301
0.365
0.029
0.433
0.814
0.465
0.556
0.756
0.165
0.934
0.049
0.052
0.97
0.239
0.007
0.543
0.395
0.382
0.178
0.807
0.158
0.945
0.8
0.099
0.107
0.689
0.693
0.26
0.805
0.883
0.563
0.087
0.33
0.73
0.515
0.251
0.589
0.96
0.436
0.189
0.901
0.038
0.057
0.54
0.496
0.784
0.719
0.996
0.493
0.576
0.7
0.652
0.102
0.67
0.63
0.167
0.588
0.113
0.423
0.15
0.338
0.014
0.617
0.858
0.993
0.883
0.651
0.14
0.624
0.164
0.44
0.215
0.56
0.061
0.356
0.501
0.471
0.127
0.124
0.959
0.958
0.657
0.867
0.983
0.898
0.861
0.286
0.836
0.521
0.853
0.294
0.967
0.515
0.431
0.848
0.269
0.755
0.974
0.919
0.053
0.853
0.375
0.843
0.355
0.411
0.396
0.841
0.925
0.082
0.305
0.51
0.789
0.113
0.075
0.142
0.304
0.467
0.127
0.271
0.235
0.547
0.916
0.283
0.682
0.601
0.305
0.071
0.302
0.233
0.751
0.838
0.931
0.923
0.036
0.735
0.546
0.995
0.034
0.423
0.812
0.915
0.523
0.949
0.506
0.907
0.003
0.487
0.559
0.357
0.174
0.331
0.059
0.322
0.801
0.128
0.933
0.146
0.271
0.572
0.597
0.661
0.726
0.481
0.823
0.608
0.915
0.821
0.264
0.469
0.533
0.845
0.925
0.925
0.377
0.428
0.193
0.876
0.859
0.693
0.515
0.279
0.861
0.964
0.627
0.612
0.11
0.999
0.465
0.556
0.77
0.998
0.941
0.759
0.87
0.481
0.561
0.602
0.803
0.589
0.376
0.641
0.84
0.237
0.194
0.336
0.426
0.929
0.519
0.758
0.838
0.165
0.771
0.548
0.756
0.643
0.445
0.223
0.777
0.031
0.184
0.866
0.17
0.267
0.326
0.301
0.815
0.704
0.769
0.337
0.899
0.922
0.474
0.767
0.916
0.796
0.762
0.354
0.484
0.145
0.863
0.123
0.624
0.213
0.281
0.241
0.985
0.031
0.661
0.942
0.688
0.367
0.288
0.846
0.884
0.81
0.242
0.971
0.319
0.063
0.019
0.326
0.643
0.507
0.052
0.779
0.588
0.987
0.452
0.255
0.57
0.499
0.583
0.477
0.142
0.394
0.895
0.462
0.708
0.189
0.153
0.337
0.585
0.645
0.888
0.58
0.182
0.474
0.222
0.364
0.692
0.906
0.275
0.626
0.055
0.842
0.822
0.451
0.283
0.154
0.627
0.213
0.542
0.18
0.101
0.566
0.338
0.737
0.695
0.621
0.619
0.207
0.586
0.127
0.788
0.635
0.177
0.731
0.681
0.678
0.127
0.127
0.531
0.546
0.8
0.344
0.089
0.633
0.612
0.694
0.726
0.442
0.262
0.047
0.212
0.183
0.398
0.498
0.579
0.462
0.329
0.375
0.844
0.52
0.189
0.555
0.944
0.184
0.167
0.415
0.615
0.448
0
0.537
0.898
0.626
0.955
0.63
0.454
0.327
0.799
0.04
0.623
0.914
0.398
0.562
0.067
0.552
0.21
0.597
0.213
0.564
0.263
0.511
0.562
0.351
0.919
0.472
0.434
0.534
0.566
0.923
0.364
0.802
0.906
0.19
0.646
0.376
0.989
0.777
0.157
0.674
0.624
0.386
0.478
0.885
0.933
0.511
0.29
0.548
0.945
0.775
0.754
0.851
0.681
0.204
0.153
0.018
0.751
0.636
0.095
0.688
0.433
0.765
0.045
0.547
0.952
0.078
0.367
0.676
0.371
0.338
0.275
0.275
0.112
0.407
0.435
0.626
0.42
0.845
0.517
0.266
0.834
0.729
0.59
0.977
0.991
0.084
0.76
0.421
0.74
0.941
0.376
0.163
0.63
0.038
0.455
0.781
0.196
0.712
0.859
0.914
0.318
0.505
0.977
0.713
0.95
0.312
0.005
0.333
0.087
0.303
0.924
0.455
0.557
0.842
0.088
0.491
0.523
0.51
0.228
0.34
0.398
0.547
0.553
0.818
0.875
0
0.827
0.681
0.975
0.595
0.33
0.331
0.32
0.839
0.728
0.964
0.346
0.531
0.094
0.999
0.258
0.566
0.07
0.87
0.527
0.768
0.844
0.427
0.1
0.55
0.723
0.208
0.061
0.243
0.104
0.746
0.169
0.531
0.35
0.922
0.924
0.322
0.086
0.034
0.152
0.865
0.457
0.274
0.268
0.067
0.039
0.216
0.771
0.443
0.551
0.205
0.897
0.116
0.976
0.785
0.128
0.026
0.731
0.519
0.974
0.375
0.568
0.025
0.338
0.81
0.769
0.947
0.146
0.934
0.225
0.846
0.5
0.827
0.629
0.166
0.891
0.017
0.767
0.61
0.624
0.245
0.963
0.549
0.426
0.755
0.728
0.319
0.313
0.493
0.222
0.105
0.355
0.663
0.194
0.716
0.328
0.111
0.347
0.595
0.733
0.496
0.533
0.318
0.557
0.493
0.149
0.377
0.201
0.607
0.756
0.442
0.766
0.9
0.863
0.196
0.861
0.396
0.134
0.19
0.378
0.67
0.437
0.145
0.561
0.883
0.345
0.354
0.136
0.549
0.313
0.711
0.097
0.064
0.928
0.853
0.269
0.252
0.316
0.715
0.262
0.255
0.65
0.137
0.129
0.03
0.472
0.577
0.395
0.16
0.35
0.665
0.489
0.467
0.128
0.15
0.63
0.638
0.705
0.022
0.732
0.191
0.871
0.414
0.273
0.197
0.355
0.804
0.291
0.723
0.892
0.288
0.051
0.728
0.74
0.614
0.218
0.686
