0.029
0.983
0.096
0.853
0.751
0.47
0.119
0.359
0.239
0.934
0.19
0.847
0.672
0.824
0.565
0.546
0.387
0.251
0.966
0.787
0.483
0.815
0.448
0.171
0.253
0.63
0.872
0.043
0.696
0.741
0.803
0.48
0.763
0.52
0.711
0.885
0.4
0.172
0.639
0.406
0.345
0.187
0.534
0.495
0.627
0.754
0.11
0.295
0.15
0.707
0.712
0.603
0.181
0.928
0.141
0.424
0.884
0.533
0.532
0.994
0.125
0.854
0.588
0.491
0.824
0.589
0.952
0.922
0.096
0.142
0.23
0.077
0.031
0.075
0.146
0.955
0.357
0.378
0.492
0.797
0.202
0.217
0.783
0.148
0.703
0.558
0.393
0.155
0.757
0.856
0.218
0.261
0.369
0.122
0.899
0.405
0.042
0.302
0.017
0.411
0.583
0.453
0.413
0.117
0.159
0.449
0.155
0.97
0.095
0.132
0.626
0.177
0.981
0.843
0.242
0.477
0.966
0.13
0.352
0.255
0.661
0.907
0.42
0.624
0.917
0.215
0.099
0.861
0.951
0.4
0.473
0.438
0.201
0.983
0.203
0.342
0.837
0.258
0.516
0.529
0.475
0.726
0.104
0.216
0.88
0.057
0.606
0.212
0.171
0.568
0.062
0.768
0.539
0.893
0.692
0.068
0.773
0.686
0.08
0.051
0.38
0.17
0.874
0.172
0.175
0.921
0.965
0.049
0.167
0.957
0.563
0.006
0.2
0.967
0.988
0.77
0.905
0.213
0.878
0.663
0.619
0.671
0.517
0.522
0.586
0.846
0.993
0.489
0.214
0.624
0.283
0.03
0.539
0.229
0.081
0.755
0.965
0.349
0.067
0.514
0.831
0.78
0.998
0.807
0.93
0.672
0.428
0.911
0.203
0.409
0.678
0.313
0.908
0.488
0.408
0.713
0.262
0.98
0.16
0.195
0.022
0.12
0.765
0.349
0.02
0.189
0.873
0.687
0.504
0.977
0.056
0.386
0.749
0.692
0.588
0.629
0.76
0.799
0.598
0.2
0.16
0.975
0.738
0.322
0.495
0.567
0.256
0.873
0.114
0.942
0.373
0.989
0.353
0.497
0.561
0.323
0.1
0.723
0.393
0.521
0.007
0
0.206
0.103
0.942
0.727
0.647
0.417
0.279
0.69
0.553
0.636
0.397
0.68
0.835
0.521
0.863
0.015
0.373
0.268
0.917
0.527
0.66
0.632
0.923
0.853
0.156
0.418
0.131
0.255
0.963
0.854
0.947
0.81
0.69
0.002
0.056
0.019
0.673
0.498
0.156
0.777
0.742
0.458
0.729
0.448
0.326
0.459
0.35
0.143
0.928
0.558
0.462
0.837
0.144
0.21
0.19
0.412
0.757
0.944
0.374
0.024
0.444
0.139
0.258
0.839
0.965
0.154
0.94
0.521
0.364
0.317
0.377
0.659
0.763
0.9
0.36
0.785
0.221
0.47
0.419
0.301
0.729
0.059
0.951
0.718
0.377
0.407
0.64
0.354
0.929
0.282
0.054
0.55
0.652
0.911
0.24
0.686
0.648
0.189
0.989
0.039
0.466
0.953
0.672
0.508
0.229
0.221
0
0.088
0.15
0.702
0.742
0.555
0.019
0.477
0.733
0.268
0.455
0.767
0.354
0.588
0.786
0.007
0.94
0.288
0.074
0.867
0.581
0.385
0.529
0.94
0
0.789
0.944
0.987
0.635
0.204
0.804
0.606
0.106
0.342
0.799
0.74
0.352
0.922
0.954
0
0.271
0.303
0.646
0.06
0.144
0.496
0.78
0.784
0.794
0.924
0.505
0.427
0.843
0.175
0.451
0.261
0.165
0.473
0.851
0.058
0.308
0.192
0.401
0.087
0.53
0.345
0.383
0.976
0.05
0.624
0.083
0.341
0.588
0.716
0.867
0.009
0.649
0.743
0.161
0.263
0.889
0.495
0.604
0.221
0.777
0.545
0.895
0.727
0.466
0.795
0.172
0.369
0.952
0.528
0.393
0.923
0.024
0.98
0.73
0.576
0.97
0.873
0.057
0.624
0.51
0.978
0.695
0.255
0.323
0.474
0.466
0.708
0.995
0.125
0.141
0.464
0.554
0.34
0.853
0.662
0.458
0.355
0.768
0.963
0.385
0.401
0.045
0.718
0.715
0.768
0.404
0.174
0.56
0.595
0.359
0.207
0.067
0.267
0.696
0.517
0.745
0.615
0.837
0.496
0.095
0.706
0.352
0.781
0.34
0.932
0.296
0.159
0.46
0.963
0.704
0.564
0.393
0.427
0.892
0.167
0.319
0.663
0.866
0.703
0.515
0.428
0.927
0.96
0.657
0.009
0.638
0.02
0.206
0.28
0.257
0.013
0.414
0.861
0.026
0.036
0.154
0.365
0.873
0.205
0.717
0.733
0.005
0.196
0.584
0.113
0.237
0.922
0.81
0.569
0.758
0.88
0.125
0.068
0.174
0.898
0.028
0.176
0.629
0.316
0.281
0.148
0.423
0.439
0.995
0.233
0.841
0.275
0.981
0.306
0.324
0.221
0.134
0.993
0.182
0.21
0.343
0.444
0.204
0.095
0.654
0.539
0.997
0.088
0.528
0.482
0.027
0.9
0.015
0.304
0.393
0.731
0.908
0.056
0.036
0.585
0.07
0.224
0.342
0.403
0.963
0.12
0.88
0.38
0.833
0.363
0.598
0.775
0.33
0.609
0
0.281
0.371
0.088
0.535
0.761
0.841
0.753
0.713
0.518
0.598
0.373
0.138
0.291
0.745
0.504
0.282
0.098
0.169
0.764
0.489
0.972
0.204
0.817
0.566
0.551
0.519
0.156
0.939
0.034
0.979
0.267
0.284
0.727
0.56
0.556
0.838
0.268
0.811
0.374
0.302
0.561
0.776
0.229
0.432
0.577
0.036
0.003
0.585
0.723
0.286
0.035
0.297
0.241
0.236
0.457
0.827
0.598
0.763
0.295
0.527
0.599
0.9
0.935
0.028
0.7
0.387
0.844
0.566
0.01
0.013
0.534
0.552
0
0.729
0.337
0.794
0.396
0.939
0.3
0.965
0.587
0.929
0.853
0.81
0.157
0.83
0.198
0.379
0.838
0.656
0.296
0.331
0.706
0.497
0.386
0.183
0.092
0.424
0.336
0.74
0.75
0.841
0.317
0.214
0.457
0.265
0.598
0.295
0.153
0.882
0.768
0.14
0.032
0.49
0.004
0.005
0.603
0.836
0.176
0.394
0.621
0.307
0.672
0.1
0.453
0.76
0.702
0.766
0.814
0.544
0.706
0.57
0.732
0.328
0.451
0.096
0.255
0.03
0.102
0.964
0.708
0.946
0.265
0.227
0.675
0.269
0.086
0.207
0.048
0.985
0.836
0.724
0.356
0.226
0.59
0.11
0.724
0.067
0.412
0.998
0.529
0.962
0.583
0.944
0.341
0.833
0.433
0.711
0.44
0.514
0.307
0.366
0.282
0.156
0.477
0.437
0.985
0.322
0.708
0.401
0.728
0.401
0.035
0.146
0.216
0.095
0.749
0.297
0.963
0.129
0.483
0.09
0.611
0.005
0.955
0.032
0.71
0.058
0.104
0.473
0.588
0.677
0.715
0.236
0.152
0.671
0.933
0
0.289
0.155
0.365
0.579
0.616
0.223
0.659
0.01
0.135
0.129
0.116
0.997
0.853
0.679
0.482
0.567
0.742
0.826
0.925
0.104
0.716
0.313
0.977
0.401
0.508
0.022
0.943
0.332
0.668
0.101
0.99
0.317
0.529
0.819
0.679
0.446
0.4
0.729
0.238
0.379
0.902
0.593
0.829
0.768
0.317
0.818
0.081
0.707
0.524
0.789
0.36
0.107
0.683
0.657
0.709
0.706
0.745
0.233
0.983
0.863
0.383
0.659
0.445
0.116
0.018
0.183
0.611
0.611
0.112
0.502
0.355
0.408
0.222
0.024
0.266
0.874
0.17
0.178
0.139
0.403
0.108
0.145
0.891
0.354
0.45
0.787
0.269
0.962
0.857
0.201
0.225
0.396
0.886
0.576
0.492
0.006
0.305
0.295
0.252
0.713
0.765
0.562
0.458
0.399
0.953
0.172
0.279
0.849
0.427
0.668
0.424
0.59
0.669
0.693
0.034
0.739
0.503
0.31
0.799
0.745
0.536
0.693
0.474
0.162
0.922
0.185
0.214
0.367
0.469
0.77
0.505
0.305
0.028
0.307
0.548
0.68
0.183
0.408
0.377
0.479
0.03
0.303
0.567
0.27
0.411
0.286
0.952
0.318
0.853
0.93
0.402
0.597
0.431
0.789
0.587
0.039
0.173
0.089
0.385
0.258
0.289
0.699
0.616
0.549
0.417
0.756
0.501
0.696
0.889
