0.807
0.545
0.934
0.97
0.166
0.882
0.11
0.033
0.262
0.711
0.19
0.289
0.348
0.797
0.801
0.228
0.055
0.679
0.755
0.726
0.777
0.26
0.237
0.392
0.727
0.271
0.727
0.224
0.211
0.328
0.318
0.822
0.397
0.767
0.262
0.031
0.501
0.332
0.814
0.205
0.318
0.264
0.841
0.478
0.906
0.604
0.877
0.049
0.858
0.384
0.305
0.719
0.431
0.564
0.953
0.017
0.902
0.078
0.907
0.326
0.247
0.408
0.732
0.946
0.855
0.431
0.164
0.192
0.686
0.104
0.822
0.055
0.416
0.05
0.508
0.541
0.11
0.917
0.292
0.111
0.784
0.931
0.659
0.184
0.302
0.406
0.336
0.275
0.309
0.413
0.586
0.002
0.026
0.975
0.694
0.011
0.545
0.658
0.478
0.664
0.514
0.009
0.404
0.116
0.536
0.34
0.707
0.729
0.431
0.752
0.358
0.101
0.13
0.537
0.162
0.528
0.413
0.434
0.478
0.786
0.947
0.28
0.005
0.593
0.018
0.424
0.913
0.927
0.311
0.45
0.616
0.436
0.38
0.176
0.408
0.865
0.194
0.138
0.557
0.713
0.853
0.75
0.562
0.598
0.646
0.944
0.255
0.818
0.923
0.818
0.245
0.744
0.117
0.82
0.149
0.756
0.953
0.373
0.493
0.205
0.114
0.126
0.761
0.533
0.393
0.151
0.52
0.36
0.94
0.42
0.256
0.545
0.379
0.269
0.013
0.774
0.21
0.795
0.616
0.727
0.988
0.93
0.633
0.944
0.821
0.137
0.795
0.304
0.962
0.202
0.971
0.35
0.065
0.437
0.386
0.307
0.019
0.959
0.67
0.611
0.453
0.249
0.25
0.805
0.476
0.412
0.099
0.987
0.73
0.327
0.259
0.804
0.413
0.383
0.073
0.071
0.556
0.14
0.882
0.915
0.854
0.609
0.462
0.742
0.652
0.842
0.243
0.695
0.688
0.578
0.718
0.897
0.384
0.988
0.56
0.529
0.45
0.209
0.443
0.73
0.813
0.322
0.672
0.199
0.383
0.612
0.288
0.353
0.201
0.477
0.071
0.181
0.682
0.289
0.997
0.923
0.957
0.206
0.578
0.958
0.666
0.287
0.575
0.082
0.695
0.728
0.196
0.791
0.848
0.434
0.154
0.418
0.579
0.833
0.568
0.858
0.733
0.955
0.985
0.53
0.513
0.568
0.412
0.087
0.536
0.618
0.425
0.047
0.957
0.117
0.7
0.232
0.916
0.132
0.974
0.956
0.302
0.097
0.808
0.037
0.08
0.122
0.103
0.494
0.133
0.575
0.381
0.227
0.956
0.335
0.195
0.762
0.303
0.989
0.869
0.679
0.528
0.909
0.959
0.967
0.913
0.305
0.929
0.857
0.647
0.809
0.753
0.452
0.876
0.994
0.007
0.193
0.262
0.319
0.581
0.488
0.942
0.817
0.001
0.181
0.755
0.379
0.988
0.112
0.136
0.481
0.488
0.908
0.526
0.231
0.551
0.883
0.53
0.049
0.506
0.842
0.025
0.229
0.398
0.111
0.38
0.517
0.546
0.089
0.237
0.614
0.268
0.377
0.558
0.016
0.016
0.357
0.151
0.38
0.72
0.007
0.955
0.804
0.01
0.063
0.342
0.617
0.138
0.57
0.946
0.869
0.621
0.945
0.202
0.008
0.794
0.697
0.466
0.203
0.859
0.425
0.522
0.909
0.446
0.442
0.121
0.758
0.635
0.763
0.172
0.902
0.101
0.555
0.278
0.213
0.791
0.179
0.672
0.562
0.322
0.842
0.243
0.31
0.059
0.522
0.982
0.27
0.803
0.37
0.027
0.552
0.5
0.065
0.741
0.959
0.259
0.253
0.847
0.252
0.463
0.489
0.8
0.477
0.927
0.939
0.688
0.302
0.234
0.721
0.035
0.119
0.253
0.007
0.086
0.999
0.879
0.012
0.989
0.492
0.978
0.33
0.272
0.396
0.874
0.461
0.714
0.118
0.912
0.995
0.206
0.613
0.651
0.124
0.076
0.708
0.111
0.132
0.648
0.706
0.889
0.369
0.498
0.876
0.846
0.234
0.177
0.331
0.555
0.503
0.981
0.316
0.49
0.546
0.764
0.554
0.237
0.81
0.556
0.7
0.279
0.573
0.271
0.991
0.126
0.829
0.289
0.689
0.017
0.748
0.235
0.598
0.692
0.296
0.376
0.517
0.255
0.79
0.67
0.977
0.816
0.836
0.266
0.835
0.159
0.741
0.645
0.202
0.715
0.513
0.798
0.567
0.433
0.183
0.06
0.161
0.09
0.514
0.665
0.693
0.626
0.307
0.306
0.004
0.755
0.488
0.298
0.907
0.615
0.569
0.485
0.576
0.92
0.444
0.624
0.214
0.554
0.428
0.908
0.114
0.655
0.937
0.184
0.677
0.365
0.097
0.88
0.997
0.326
0.649
0.864
0.147
0.982
0.539
0.315
0.098
0.74
0.445
0.618
0.241
0.179
0.497
0.33
0.555
0.59
0.466
0.923
0.415
0.023
0.91
0.613
0.73
0.232
0.568
0.804
0.842
0.925
0.816
0.166
0.038
0.856
0.773
0.01
0.368
0.829
0.623
0.436
0.088
0.427
0.352
0.69
0.707
0.702
0.17
0.031
0.452
0.094
0.813
0.384
0.93
0.676
0.822
0.339
0.74
0.166
0.274
0.229
0.144
0.484
0.562
0.259
0.257
0.763
0.094
0.957
0.554
0.45
0.905
0.853
0.722
0.609
0.112
0.403
0.726
0.383
0.761
0.085
0.977
0.597
0.524
0.018
0.66
0.042
0.486
0.369
0.662
0.367
0.179
0.409
0.021
0.964
0.76
0.877
0.581
0.82
0.589
0.134
0.747
0.411
0.9
0.532
0.997
0.634
0.463
0.006
0.807
0.211
0.79
0.713
0.931
0.679
0.75
0.984
0.937
0.24
0.123
0.016
0.779
0.737
0.824
0.893
0.527
0.175
0.681
0.687
0.135
0.64
0.591
0.651
0.054
0.365
0.234
0.608
0.558
0.412
0.408
0.731
0.557
0.278
0.486
0.606
0.886
0.496
0.762
0.788
0.851
0.351
0.269
0.248
0.794
0.891
0.686
0.334
0.326
0.487
0.852
0.935
0.577
0.55
0.874
0.591
0.993
0.752
0.476
0.286
0.666
0.872
0.405
0.507
0.062
0.318
0.357
0.06
0.377
0.427
0.13
0.892
0.188
0.387
0.183
0.542
0.283
0.335
0.309
0.729
0.818
0.28
0.551
0.08
0.006
0.996
0.912
0.62
0.913
0.568
0.865
0.818
0.862
0.217
0.139
0.194
0.007
0.468
0.103
0.555
0.462
0.609
0.43
0.063
0.106
0.779
0.885
0.53
0.555
0.726
0.991
0.123
0.835
0.625
0.937
0.116
0.473
0.252
0.387
0.339
0.469
0.697
0.992
0.721
0.224
0.358
0.279
0.074
0.209
0.831
0.563
0.982
0.661
0.794
0.522
0.486
0.205
0.247
0.099
0.707
0.116
0.813
0.319
0.928
0.911
0.147
0.699
0.752
0.705
0.609
0.541
0.929
0.197
0.667
0.496
0.923
0.446
0.462
0.545
0.737
0.223
0.787
0.271
0.539
0.915
0.521
0.144
0.765
0.094
0.036
0.817
0.93
0.304
0.876
0.418
0.024
0.769
0.234
0.115
0.795
0.303
0.125
0.692
0.006
0.195
0.675
0.937
0.301
0.768
0.801
0.496
0.967
0.715
0.257
0.663
0.958
0.37
0.333
0.724
0.078
0.072
0.873
0.039
0.605
0.299
0.823
0.265
0.34
0.561
0.137
0.999
0.551
0.311
0.036
0.645
0.502
0.557
0.12
0.297
0.984
0.622
0.149
0.467
0.046
0.937
0.696
0.407
0.233
0.178
0.643
0.34
0.048
0.169
0.092
0.057
0.864
0.0
0.796
0.696
0.484
0.631
0.468
0.885
0.135
0.958
0.929
0.32
0.746
0.43
0.823
0.006
0.217
0.761
0.982
0.89
0.273
0.02
0.153
0.608
0.828
0.86
0.079
0.03
0.252
0.814
0.958
0.11
0.671
0.455
0.924
0.248
0.241
0.844
0.761
0.603
0.503
0.701
0.013
0.949
0.724
0.908
0.109
0.224
0.228
0.859
0.269
0.887
0.318
0.769
0.572
0.96
0.747
0.668
0.218
0.303
0.536
0.366
0.113
0.828
0.41
0.932
0.301
0.663
0.387
0.202
0.26
0.815
0.488
0.94
0.292
0.647
0.527
0.83
0.006
0.77
0.726
0.774
0.984
0.148
0.449
0.537
0.17
0.986
0.652
0.456
0.584
0.797
0.538
0.057
0.171
0.236
