0.567
0
0.479
0.957
0.536
0.921
0.782
0.223
0.074
0.681
0.641
0.14
0.657
0.411
0.651
0.511
0.413
0.182
0.032
0.896
0.992
0.255
0.059
0.743
0.635
0.751
0.871
0.692
0.907
0.138
0.533
0.956
0.815
0.967
0.779
0.257
0.005
0.352
0.5
0.402
0.496
0.458
0.904
0.147
0.769
0.188
0.288
0.009
0.11
0.439
0.191
0.304
0.679
0.119
0.878
0.722
0.541
0.801
0.536
0.615
0.554
0.702
0.728
0.7
0.728
0.181
0.786
0.102
0.77
0.433
0.117
0.36
0.626
0.975
0.653
0.779
0.218
0.769
0.878
0.079
0.63
0.684
0.781
0.387
0.213
0.937
0.971
0.602
0.592
0.6
0.577
0.088
0.476
0.569
0.635
0.304
0.529
0.456
0.784
0.132
0.214
0.682
0.228
0.138
0.805
0.066
0.36
0.067
0.999
0.724
0.23
0.05
0.262
0.911
0.963
0.538
0.915
0.272
0.707
0.282
0.079
0.372
0.821
0.292
0.174
0.069
0.806
0.33
0.022
0.968
0.705
0.91
0.561
0.717
0.828
0.689
0.404
0.849
0.581
0.241
0.844
0.493
0.808
0.545
0.096
0.507
0.931
0.523
0.023
0.76
0.127
0.261
0.033
0.316
0.458
0.398
0.101
0.129
0.586
0.608
0.841
0.075
0.108
0.1
0.427
0.452
0.14
0.036
0.068
0.865
0.041
0.008
0.143
0.76
0.642
0.019
0.033
0.978
0.276
0.575
0.676
0.977
0.221
0.078
0.431
0.248
0.749
0.244
0.856
0.289
0.612
0.866
0.296
0.322
0.812
0.477
0.088
0.706
0.479
0.218
0.263
0.597
0.866
0.759
0.903
0.089
0.193
0.855
0.318
0.026
0.324
0.083
0.357
0.413
0.555
0.187
0.904
0.424
0.966
0.462
0.038
0.651
0.3
0.592
0.065
0.543
0
0.422
0.1
0.389
0.202
0.467
0.844
0.998
0.535
0.257
0.173
0.336
0.571
0.817
0.629
0.514
0.26
0.718
0.015
0.033
0.801
0.843
0.875
0.403
0.513
0.99
0.793
0.456
0.633
0.594
0.153
0.448
0.468
0.674
0.011
0.607
0.369
0.085
0.474
0.681
0.373
0.289
0.285
0.205
0.856
0.742
0.311
0.991
0.528
0.484
0.571
0.856
0.465
0.997
0.236
0.118
0.621
0.109
0.8
0.829
0.845
0.027
0.753
0.15
0.713
0.514
0.208
0.062
0.787
0.497
0.383
0.079
0.69
0.87
0.606
0.327
0.682
0.055
0.998
0.094
0.403
0.174
0.755
0.591
0.114
0.387
0.839
0.126
0.979
0.888
0.056
0.982
0.034
0.239
0.603
0.667
0.485
0.19
0.883
0.186
0.953
0.062
0.448
0.949
0.533
0.219
0.604
0.694
0.317
0.976
0.413
0.635
0.418
0.142
0.261
0.776
0.821
0.165
0.697
0.068
0.916
0.709
0.231
0.218
0.624
0.355
0.074
0.934
0.217
0.461
0.652
0.076
0.847
0.654
0.436
0.404
0.386
0.386
0.909
0.983
0.619
0.087
0.451
0.018
0.428
0.159
0.685
0.391
0.688
0.47
0.997
0.589
0.932
0.295
0.415
0.055
0.633
0.841
0.437
0.402
0.289
0.202
0.984
0.683
0.223
0.785
0.218
0.808
0.155
0.89
0.698
0.381
0.267
0.366
0.065
0.354
0.274
0.266
0.663
0.942
0.702
0.312
0.145
0.535
0.705
0.956
0.289
0.57
0.05
0.917
0.604
0.089
0.86
0.389
0.017
0.407
0.115
0.54
0.629
0.124
0.045
0.18
0.693
0.909
0.526
0.29
0.154
0.267
0.898
0.512
0.852
0.915
0.178
0.989
0.201
0.215
0.534
0.205
0.825
0.58
0.689
0.976
0.43
0.255
0.224
0.186
0.37
0.994
0.715
0.091
0.028
0.646
0.312
0.854
0.35
0.761
0.6
0.748
0.665
0.177
0.853
0.955
0.783
0.951
0.373
0.661
0.735
0.874
0.312
0.199
0.799
0.135
0.682
0.588
0.184
0.231
0.77
0.442
0.459
0.355
0.613
0.236
0.023
0.293
0.017
0.905
0.58
0.538
0.876
0.583
0.889
0.17
0.761
0.54
0.235
0.035
0.433
0.4
0.603
0.825
0.783
0.66
0.516
0.702
0.702
0.571
0.912
0.224
0.181
0.47
0.321
0.604
0.702
0.911
0.071
0.048
0.421
0.664
0.107
0.187
0.746
0.426
0.281
0.494
0.919
0.1
0.317
0.334
0.668
0.56
0.583
0.822
0.602
0.598
0.857
0.947
0.074
0.393
0.438
0.788
0.045
0.142
0.339
0.35
0.575
0.216
0.065
0.539
0.051
0.197
0.382
0.705
0.309
0.759
0.214
0.056
0.627
0.994
0.75
0.512
0.334
0.748
0.645
0.219
0.764
0.228
0.626
0.647
0.749
0.133
0.584
0.414
0.081
0.527
0.515
0.51
0.457
0.981
0.685
0.447
0.486
0.832
0.565
0.782
0.794
0.344
0.677
0.861
0.379
0.453
0.425
0.808
0.145
0.769
0.419
0.817
0.229
0.104
0.437
0.499
0.442
0.832
0.852
0.507
0.394
0.577
0.669
0.008
0.465
0.046
0.208
0.223
0.254
0.217
0.211
0.534
0.509
0.041
0.594
0.939
0.496
0.473
0.591
0.856
0.674
0.454
0.196
0.006
0.209
0.748
0.653
0.796
0.726
0.9
0.349
0.243
0.282
0.414
0.279
0.641
0.735
0.667
0.027
0.219
0.688
0.705
0.825
0.815
0.65
0.999
0.196
0.135
0.589
0.453
0.327
0.477
0.984
0.302
0.12
0.778
0.926
0.687
0.281
0.614
0.19
0.885
0.278
0.896
0.395
0.469
0.221
0.885
0.849
0.826
0.829
0.77
0.297
0.896
0.109
0.852
0.835
0.902
0.867
0.582
0.619
0.969
0.909
0.245
0.419
0.107
0.828
0.578
0.063
0.97
0.754
0.131
0.34
0.995
0.086
0.908
0.375
0.471
0.87
0.493
0.923
0.237
0.344
0.395
0.272
0.53
0.221
0.552
0.588
0.329
0.243
0.042
0.781
0.316
0.797
0.347
0.462
0.04
0.129
0.584
0.932
0.748
0.271
0.472
0.465
0.341
0
0.272
0.404
0.019
0.523
0.823
0.237
0.12
0.423
0.058
0.503
0.225
0.312
0.121
0.941
0.422
0.741
0.916
0.878
0.18
0.803
0.207
0.902
0.263
0.691
0.584
0.542
0.536
0.505
0.607
0.518
0.478
0.289
0.873
0.617
0.394
0.133
0.576
0.226
0.653
0.861
0.174
0.803
0.108
0.367
0.202
0.89
0.416
0.233
0.74
0.601
0.512
0.341
0.576
0.146
0.297
0.523
0.196
0.037
0.101
0.14
0.714
0.208
0.608
0.786
0.622
0.51
0.037
0.792
0.933
0.181
0.227
0.008
0.727
0.847
0.894
0.876
0.915
0.398
0.481
0.394
0.173
0.181
0.226
0.641
0.514
0.958
0.445
0.344
0.517
0.686
0.641
0.139
0.167
0.047
0.474
0.259
0.334
0.563
0.57
0.774
0.149
0.374
0.979
0.164
0.417
0.705
0.933
0.275
0.194
0.567
0.761
0.291
0.501
0.898
0.294
0.778
0.988
0.182
0.874
0.976
0.043
0.589
0.636
0.023
0
0.652
0.118
0.307
0.079
0.89
0.613
0.38
0.426
0.125
0.82
0.383
0.267
0.152
0.147
0.423
0.536
0.993
0.016
0.136
0.474
0.401
0.939
0.728
0.013
0.057
0.809
0.066
0.543
0.045
0.291
0
0.157
0.035
0.856
0.859
0.173
0.248
0.881
0.11
0.518
0.454
0.074
0.886
0.71
0.125
0.707
0.216
0.106
0.013
0.275
0.5
0.003
0.09
0.723
0.045
0.676
0.464
0.489
0.811
0.756
0.47
0.812
0.164
0.896
0.406
0.357
0.254
0.957
0.122
0.548
0.972
0.074
0.925
0.333
0.165
0.099
0.853
0.082
0.683
0.361
0.082
0.23
0.104
0.633
0.196
0.485
0.45
0.664
0.519
0.654
0.486
0.408
0.859
0.994
0.492
0.89
0.376
0.092
0.04
0.519
0.662
0.856
0.745
0.666
0.027
0.083
0.546
0.875
0.39
0.251
0.147
0.388
0.504
0.805
0.853
0.698
0.213
0.375
0.021
0.128
0.621
0.207
0.531
0.518
0.011
0.274
0.926
0.673
0.243
0.376
0.095
0.586
0.34
0.331
0.536
0.553
0.678
0.758
