0.478
0.974
0.933
0.005
0.843
0.763
0.111
0.097
0.696
0.839
0.852
0.267
0.098
0.144
0.079
0.838
0.395
0.124
0.628
0.682
0.541
0.79
0.404
0.296
0.305
0.055
0.338
0.164
0.317
0
0.337
0.114
0.143
0.682
0.332
0.999
0.202
0.304
0.247
0.223
0.052
0.451
0.941
0.283
0.958
0
0.313
0.99
0.918
0.067
0.894
0.783
0.652
0.707
0.473
0.896
0.207
0.762
0.09
0.756
0.596
0.986
0.701
0.085
0.372
0.269
0.704
0.953
0.824
0.192
0.163
0.487
0.258
0.207
0.619
0.086
0.804
0.653
0.309
0.941
0.109
0.516
0.165
0.733
0.246
0.642
0.487
0.026
0.416
0.954
0.144
0.139
0.77
0.976
0.257
0.95
0.248
0.161
0.592
0.404
0.331
0.33
0.64
0.862
0.371
0.684
0.925
0.599
0.918
0.579
0.22
0.574
0.673
0.731
0.214
0.085
0.979
0.465
0.033
0.885
0.757
0.112
0.215
0.82
0.124
0.529
0.653
0.445
0.835
0.633
0.896
0.257
0.321
0.436
0.063
0.665
0.929
0.163
0.739
0.455
0.221
0.248
0.685
0.087
0.24
0.701
0.583
0.708
0.687
0.496
0.706
0.011
0.168
0.907
0.435
0.141
0.381
0.736
0.475
0.755
0.227
0.144
0.942
0.084
0.98
0.692
0.833
0.187
0.385
0.25
0.787
0.471
0.427
0.787
0.427
0.755
0.705
0.761
0.429
0.432
0.822
0.666
0.021
0.091
0.495
0.073
0.787
0.384
0.344
0.391
0.456
0.105
0.87
0.733
0.806
0.011
0.447
0.981
0.952
0.587
0.91
0.357
0.131
0.316
0.309
0.717
0.118
0
0.552
0.803
0.258
0.172
0.211
0.39
0.22
0.444
0.992
0.435
0.18
0.114
0.201
0.126
0.81
0.587
0.352
0.713
0.117
0.643
0.969
0.059
0.874
0.385
0.397
0.234
0.436
0.298
0.813
0.719
0.561
0.089
0.591
0.191
0.902
0
0.647
0.278
0.435
0.394
0.775
0.75
0.298
0.86
0.305
0.337
0.087
0.636
0.304
0.332
0.215
0.201
0.257
0.578
0.232
0.482
0.801
0.689
0.113
0.72
0.487
0.416
0.191
0.041
0.833
0.749
0.528
0.269
0.953
0.215
0.27
0.651
0.27
0.61
0.94
0.277
0.558
0.062
0.679
0.865
0.529
0.135
0.903
0.82
0.793
0.776
0.411
0.623
0.45
0.241
0.388
0.192
0.492
0.541
0.441
0.369
0.361
0.104
0.758
0.272
0.518
0.523
0.652
0.401
0.855
0.698
0.169
0.685
0.532
0.895
0.749
0.445
0.649
0.14
0.886
0.669
0.678
0.627
0.177
0.36
0.207
0.483
0.381
0.928
0.583
0.611
0.932
0.986
0.795
0.507
0.541
0.971
0.491
0.518
0.11
0.996
0.145
0.781
0.866
0.318
0.785
0.715
0.746
0.456
0.587
0.732
0.088
0.611
0.271
0.482
0.159
0.161
0.075
0.601
0.637
0.127
0.13
0.906
0.379
0.689
0.577
0.193
0.489
0.941
0.844
0.767
0.816
0.26
0.338
0.486
0.63
0.54
0.723
0.907
0.281
0.183
0.613
0.636
0.816
0.288
0.787
0.359
0.333
0.096
0.378
0.292
0.656
0.359
0.475
0.502
0.985
0.107
0.573
0.694
0.722
0.419
0.079
0.423
0.606
0.438
0.874
0.901
0.109
0.016
0.122
0.652
0.053
0.762
0.691
0.498
0.117
0.967
0.051
0.491
0.956
0.341
0.257
0.457
0.492
0.369
0.774
0.903
0.533
0.11
0.315
0.634
0.982
0.243
0.126
0.331
0.82
0.499
0.878
0.585
0.283
0.921
0.532
0.53
0.713
0.048
0.21
0.336
0.728
0.105
0.756
0.957
0.804
0.84
0.671
0.119
0.563
0.067
0.754
0.863
0.29
0.749
0.919
0.435
0.705
0.889
0.147
0.631
0.416
0.468
0.321
0.321
0.972
0.493
0.61
0.157
0.839
0.424
0.165
0.25
0.948
0.639
0.664
0.445
0.57
0.616
0.952
0.613
0.636
0.575
0.528
0.684
0.475
0.067
0.203
0.304
0.202
0.754
0.653
0.416
0.247
0.222
0.763
0.702
0.814
0.612
0.823
0.834
0.154
0.957
0.532
0.563
0.241
0.609
0.452
0.104
0.976
0.148
0.563
0.667
0.059
0.923
0.377
0.46
0.813
0.074
0.32
0.74
0.169
0.629
0.46
0.744
0.958
0.021
0.948
0.98
0.81
0.514
0.905
0.964
0.451
0.457
0.797
0
0.665
0.506
0.88
0.125
0.787
0.939
0.046
0.098
0.049
0.949
0.494
0.857
0.626
0.446
0.34
0.373
0.369
0.052
0.245
0.839
0.402
0.718
0.151
0.758
0.585
0.185
0.904
0.247
0.057
0.093
0.598
0.211
0.385
0.582
0.568
0.905
0.42
0.526
0.678
0.337
0.969
0.062
0.224
0.263
0.327
0.703
0.511
0.756
0.742
0.014
0.493
0.289
0.253
0.067
0.3
0.021
0.672
0.44
0.189
0.623
0.026
0.774
0.068
0.838
0.296
0.629
0.585
0.954
0.827
0.475
0.876
0.812
0.439
0.817
0.651
0.868
0.767
0.239
0.335
0.312
0.419
0.564
0.093
0.61
0.959
0.232
0.459
0.746
0.264
0.428
0.167
0.546
0.527
0.273
0.204
0.136
0.92
0.4
0.287
0.882
0.912
0.934
0.412
0.102
0.469
0.807
0.408
0.842
0.658
0.266
0.323
0.37
0.841
0.651
0.835
0.839
0.214
0.115
0.287
0.988
0.751
0.477
0.1
0.438
0.97
0.724
0.726
0.772
0.505
0.119
0.651
0.716
0.771
0.824
0.627
0.369
0.534
0.823
0.289
0.385
0.948
0.024
0.212
0.989
0.428
0
0.827
0.898
0.395
0.506
0.821
0.805
0.986
0.084
0.96
0.969
0.829
0.024
0.384
0.513
0.435
0.135
0.535
0.648
0.064
0.674
0.45
0.434
0.682
0.889
0.653
0.772
0.323
0.361
0.242
0.553
0.299
0.368
0.869
0.939
0.126
0.752
0
0.639
0.71
0.485
0.816
0.284
0.426
0.166
0.683
0.791
0.861
0.304
0.501
0.565
0.939
0.822
0.389
0.28
0.285
0.989
0.619
0.17
0.253
0.627
0.961
0.643
0.716
0.581
0.346
0.923
0.245
0.983
0.044
0.623
0.454
0.232
0.38
0.057
0.563
0.01
0.104
0.929
0.963
0.16
0.38
0.315
0.426
0.654
0.299
0.503
0.964
0.974
0.34
0.28
0.403
0.345
0.208
0.998
0.479
0.314
0.059
0.567
0.416
0.97
0.796
0.684
0.759
0.885
0.828
0.301
0.666
0.818
0.256
0.707
0.8
0.882
0.972
0.754
0.266
0.207
0.43
0.539
0.138
0.784
0.654
0.914
0.262
0.016
0.967
0.655
0.335
0.85
0.233
0
0.111
0.606
0.069
0.014
0.88
0.5
0.89
0.284
0.27
0.77
0.763
0.914
0.564
0.435
0.735
0.218
0.401
0.281
0.535
0.404
0.284
0.876
0.7
0.251
0.59
0.266
0.916
0.423
0.44
0.634
0.497
0.179
0.054
0.948
0.285
0.249
0.039
0.032
0.131
0.649
0.6
0.654
0.434
0.595
0.454
0.02
0.367
0.974
0.651
0.827
0.678
0.921
0.763
0.788
0.335
0.772
0.791
0.75
0.793
0.805
0.462
0.092
0.007
0.961
0.505
0.781
0
0.841
0.016
0.399
0.872
0.722
0.771
0.875
0.896
0.41
0.62
0.039
0.285
0.225
0.507
0.47
0.036
0.43
0.346
0.36
0.532
0.284
0.13
0.132
0.53
0.922
0.417
0.44
0.288
0.652
0.849
0.337
0.994
0.832
0.417
0.444
0.233
0.48
0.027
0.473
0.321
0.867
0.164
0.492
0.838
0.547
0.456
0.572
0.676
0.36
0.669
0.194
0.922
0.458
0.484
0.408
0.494
0.519
0.219
0.724
0.661
0.479
0.894
0.262
0.207
0.416
0.198
0.816
0.499
0.945
0.32
0.029
0.843
0.146
0.452
0.731
0.827
0.848
0.99
0.868
0.299
0.515
0.729
0.701
0.371
0.224
0.229
0.179
0.806
0.257
0.377
0.208
0.657
0.915
0.393
0.912
0.509
0.244
0.359
0.317
0.664
0.63
0.141
0.728
0.917
0.907
0.667
0.112
0.08
0.751
0.176
0.181
