0.324
0.686
0.596
0.529
0.975
0.754
0.749
0.09
0.034
0.931
0.31
0.059
0.401
0.668
0.392
0.979
0.37
0.984
0.49
0.47
0.719
0.869
0.065
0.961
0.225
0.952
0.799
0.649
0.405
0.617
0.282
0.073
0.975
0.486
0.944
0.057
0.899
0.813
0.371
0.733
0.79
0.786
0.865
0.413
0.103
0.221
0.209
0.802
0.145
0.3
0.954
0.52
0.018
0.089
0.546
0.975
0.968
0.481
0.483
0.532
0.061
0.181
0.517
0.598
0.857
0.189
0.173
0.9
0.231
0.944
0.945
0.304
0.048
0.932
0.642
0.605
0.134
0.095
0.782
0.474
0.035
0.642
0.777
0.54
0.071
0.288
0.399
0.404
0.126
0.943
0.982
0.127
0.639
0.645
0.906
0.808
0.147
0.02
0.689
0.586
0.308
0.417
0.059
0.038
0.581
0.009
0.716
0.808
0.941
0.212
0.931
0.251
0.071
0.816
0.533
0.334
0.152
0.181
0.778
0.554
0.458
0.439
0.327
0.272
0.951
0.716
0.138
0.746
0.897
0.807
0.115
0.183
0.294
0.565
0.602
0.169
0.57
0.219
0.705
0.649
0.388
0.834
0.209
0.992
0.23
0.999
0.131
0.116
0.557
0.039
0.781
0.079
0.229
0.08
0.635
0.427
0.019
0.852
0.639
0.967
0.997
0.672
0.196
0.588
0.739
0.709
0.833
0.985
0.764
0.769
0.162
0
0.055
0.69
0.271
0.313
0.674
0.251
0.153
0.054
0.717
0.838
0.309
0.713
0.991
0.839
0.884
0.637
0.022
0.785
0.604
0.227
0.562
0.552
0.33
0.997
0.236
0.511
0.06
0.648
0.882
0.452
0.914
0.289
0.387
0.813
0.434
0.528
0.39
0.962
0.071
0.854
0.156
0.046
0.443
0.891
0.127
0.839
0.293
0.915
0.6
0.288
0.135
0.677
0.857
0.946
0.125
0.188
0.373
0.975
0.839
0.577
0.3
0.322
0.727
0.288
0.63
0.52
0.32
0.414
0.312
0.833
0.148
0.493
0.864
0.07
0.63
0.501
0.861
0.538
0.082
0.707
0.635
0.423
0.171
0.626
0.967
0.841
0.469
0.512
0.622
0.324
0.152
0.186
0.571
0.646
0.034
0.734
0.636
0.222
0.67
0.745
0.317
0.018
0.716
0.602
0.069
0.738
0.734
0.619
0.238
0.491
0.267
0.219
0.831
0.829
0.018
0.295
0.298
0.903
0.863
0.038
0.338
0.002
0.132
0.077
0.808
0.891
0.493
0.026
0.996
0.422
0.908
0.802
0.974
0.049
0.583
0.254
0.066
0.361
0.145
0.171
0.791
0.765
0.857
0.614
0.807
0.134
0.552
0.825
0.81
0.444
0.599
0.833
0.52
0.019
0.025
0.371
0.925
0.866
0.428
0.331
0.343
0.95
0.564
0.643
0.652
0.422
0.975
0.394
0.561
0.878
0.293
0.726
0.875
0.64
0.704
0.705
0.382
0.626
0.55
0.837
0.812
0.083
0.171
0.075
0.534
0.197
0.162
0.51
0.541
0.125
0.076
0.26
0.484
0.467
0.793
0.031
0.529
0.704
0.888
0.082
0.091
0.344
0.006
0.314
0.503
0.896
0.667
0.703
0.093
0.166
0.336
0.443
0.096
0.814
0.359
0.155
0.485
0.686
0.541
0.64
0.414
0.486
0.617
0.078
0.183
0.419
0.939
0.563
0.684
0.645
0.043
0.973
0.408
0.1
0.112
0.444
0.864
0.458
0.008
0.577
0.637
0.992
0.5
0.648
0.289
0.651
0.474
0.355
0.06
0.539
0.63
0.545
0.225
0.504
0.143
0.456
0.992
0.081
0.957
0.264
0.722
0.507
0.748
0.021
0.383
0.246
0.194
0
0.066
0.769
0.653
0.05
0.902
0.14
0.313
0.128
0.29
0.517
0.274
0.103
0.055
0.05
0.726
0.467
0.386
0.144
0.833
0.239
0.473
0.263
0.06
0.211
0.268
0.892
0.542
0.07
0.102
0.477
0.064
0.506
0.99
0.818
0.957
0.699
0.905
0.633
0.757
0.914
0.861
0.374
0.671
0.869
0.068
0.07
0.093
0.395
0.408
0.155
0.387
0.768
0.305
0.453
0.657
0.77
0.739
0.565
0.015
0.294
0.482
0.57
0.378
0.468
0.747
0.08
0.152
0.527
0.762
0.414
0.839
0.357
0.118
0.378
0.02
0.078
0.73
0.541
0.241
0.281
0.19
0.153
0.497
0.75
0.595
0.393
0.909
0.246
0.387
0.07
0.684
0.756
0.196
0.385
0.474
0.402
0.29
0.157
0.96
0.936
0.075
0.909
0.326
0.402
0.585
0.018
0.003
0.176
0.577
0.597
0.066
0.28
0.062
0.626
0.53
0.552
0.372
0.96
0.056
0.601
0.722
0.14
0.041
0.162
0.269
0.484
0.53
0.876
0.068
0.773
0.612
0.017
0.352
0.942
0.539
0.77
0.472
0.171
0.163
0.561
0.688
0.608
0.623
0.469
0.125
0.34
0.788
0.86
0.904
0.644
0.055
0.582
0.811
0.049
0.052
0.045
0.395
0.953
0.841
0.132
0.801
0.903
0.292
0.283
0.709
0.144
0.364
0.671
0.777
0.863
0.865
0.794
0.065
0.534
0.182
0.543
0.847
0.134
0.219
0.244
0.865
0.919
0.819
0.876
0.242
0.602
0.459
0.269
0.466
0.948
0.69
0.717
0.509
0.016
0.415
0.546
0.731
0.595
0.026
0.984
0.317
0.591
0.945
0.601
0.105
0.678
0.254
0.757
0.646
0.589
0.934
0.985
0.714
0.07
0.686
0.089
0.678
0.55
0.216
0.337
0.965
0.24
0.483
0.813
0.266
0.309
0.297
0.124
0.909
0.081
0.053
0.972
0.131
0.238
0.989
0.856
0.53
0.762
0.675
0.654
0.271
0.75
0.019
0.17
0.559
0.342
0.825
0.91
0.532
0.615
0.023
0.816
0.224
0.725
0.814
0.649
0.523
1.0
0.295
0.267
0.515
0.052
0.975
0.638
0.807
0.435
0.221
0.63
0.242
0.544
0.066
0.537
0.861
0.099
0.257
0.894
0.79
0.777
0.129
0.463
0.334
0.989
0.687
0.087
0.079
0.162
0.0
0.067
0.828
0.125
0.922
0.047
0.732
0.713
0.237
0.642
0.858
0.011
0
0.405
0.221
0.471
0.305
0.481
0.024
0.458
0.43
0.164
0.996
0.858
0
0.625
0.6
0.96
0.176
0.555
0.534
0.208
0.223
0.05
0.72
0.436
0.468
0.877
0.434
0.368
0.939
0.853
0.944
0.195
0
0.539
0.129
0.545
0.26
0.978
0.957
0.558
0.557
0.662
0.796
0.707
0.421
0.376
0.417
0.315
0.288
0.216
0.385
0.245
0.054
0.679
0.234
0.425
0.038
0.143
0.444
0.541
0.633
0.82
0.194
0.159
0.629
0.488
0.988
0.602
0.847
0.064
0.899
0.759
0.617
0.418
0.487
0.378
0.962
0.337
0.43
0.496
0.02
0.283
0.84
0.49
0.242
0.771
0.852
0.974
0.641
0.484
0.292
0.512
0.209
0.731
0.681
0.586
0.794
0.279
0.422
0.594
0.865
0.374
0.177
0.653
0.101
0.264
0.247
0.763
0.774
0.434
0.844
0.644
0.471
0.652
0.808
0.736
0.37
0.926
0.373
0.601
0.333
0.932
0.787
0.418
0.916
0.731
0.542
0.002
0.027
0.763
0.871
0.827
0.146
0.053
0.458
0.597
0.54
0.371
0.133
0.543
0.176
0.629
0.646
0.784
0.936
0.784
0.081
0.086
0.236
0.078
0.937
0.744
0.13
0.763
0.866
0.14
0.773
0.405
0.721
0.452
0.818
0.559
0.948
0.963
0.489
0.281
0.578
0.774
0.831
0.926
0.144
0.677
0.191
0.322
0.807
0.441
0.471
0.255
0.026
0.858
0.952
0.906
0.135
0.827
0.609
0.643
0.596
0.287
0.024
0.263
0.971
0.314
0.196
0.818
0.779
0.571
0.89
0.792
0.583
0.51
0.819
0.75
0.301
0.479
0.265
0.383
0.267
0.42
0.288
0.079
0.487
0.466
0.271
0.639
0.176
0.324
0.476
0.095
0.814
0.387
0.998
0.334
0.529
0.053
0.648
0.92
0.255
0.954
0.953
0.308
0.28
0.276
0.071
0.982
0.147
0.174
0.594
0.264
0.999
0.014
0.209
0.445
0.1
0.473
0.076
0.86
0.892
0.848
0.149
0.576
0.231
0.594
0.068
0.813
0.884
0.735
0.97
0.122
0.528
0.817
0.959
0.991
