0.084
0.976
0.751
0.825
0.387
0.694
0.722
0.462
0.596
0.375
0.025
0.467
0.078
0.092
0.525
0.188
0.936
0.779
0.867
0.031
0.535
0.327
0.308
0.246
0.998
0.288
0.151
0.835
0.648
0.697
0.378
0.095
0.745
0.111
0.645
0.915
0.354
0.276
0.574
0.322
0.782
0.952
0.863
0.8
0.347
0.376
0.861
0.54
0.322
0.71
0.683
0.403
0.312
0.155
0.008
0.782
0.226
0.135
0.524
0.733
0.962
0.91
0.534
0.088
0.135
0.311
0.723
0.373
0.015
0.912
0.047
0.57
0.771
0.362
0.122
0.531
0.14
0.692
0.537
0.027
0.695
0.392
0.037
0.877
0.805
0.876
0.357
0.059
0.753
0.753
0.673
0.045
0.604
0.857
0.857
0.575
0.022
0.113
0.11
0.565
0.707
0.16
0.847
0.491
0.574
0.301
0.774
0.362
0.707
0.888
0.257
0.855
0.566
0.068
0.923
0.548
0.715
0.271
0.58
0.162
0.202
0.058
0.89
0.166
0.019
0.03
0.695
0.639
0.908
0.516
0.821
0.984
0.538
0.063
0.88
0.979
0.346
0.881
0.24
0.085
0.205
0.015
0.837
0.364
0.815
0.655
0.606
0.546
0.508
0.988
0.816
0.102
0.556
0.938
0.775
0.384
0.728
0.58
0.923
0.749
0.627
0.2
0.775
0.685
0.88
0.548
0.426
0.87
0.81
0.2
0.043
0.564
0.856
0.716
0.186
0.253
0.691
0.631
0.569
0.195
0.145
0.674
0.61
0.07
0.758
0.371
0.203
0.423
0.357
0.478
0.42
0.934
0.775
0.887
0.778
0.653
0.806
0.094
0.771
0.123
0.141
0.614
0.938
0.667
0.323
0.233
0.59
0.066
0.485
0.389
0.959
0.845
0.768
0.321
0.868
0.93
0.825
0.849
0.39
0.075
0.203
0.453
0.018
0.384
0.355
0.575
0.01
0.489
0
0.208
0.527
0.61
0.22
0.714
0.794
0.898
0.193
0.55
0.759
0.047
0.813
0.791
0.877
0.794
0.171
0.56
0.988
0.992
0.164
0.429
0.569
0.178
0.837
0.072
0.765
0.202
0.621
0.495
0.877
0.512
0.841
0.545
0.322
0.562
0.658
0.936
0.848
0.046
0.934
0.661
0.503
0.563
0.33
0.812
0.635
0.21
0.921
0.428
0.317
0.805
0.045
0.683
0.644
0.301
0.551
0.734
0.54
0.357
0.037
0.563
0.286
0.838
0.665
0.997
0.98
0.457
0.714
0.945
0.35
0.185
0.043
0.086
0.422
0.849
0.262
0.779
0.871
0.761
0.343
0.685
0.504
0.969
0.596
0.223
0.39
0.027
0.115
0.405
0.241
0.539
0.578
0.814
0.08
0.228
0.105
0.913
0.115
0.892
0.326
0.043
0.071
0.775
0.932
0.685
0.753
0.153
0.341
0.805
0.55
0.285
0.59
0.879
0.811
0.881
0.264
0.35
0.15
0.532
0.816
0.496
0.686
0.425
0.025
0.38
0.873
0.57
0.746
0.355
0.644
0.947
0.487
0.643
0.879
0.391
0.327
0.38
0.273
0.306
0.093
0.085
0.926
0.488
0.12
0.465
0.08
0.194
0.77
0.19
0.307
0.483
0.641
0
0.85
0.302
0.204
0.879
0.489
0.341
0.416
0.794
0.939
0.833
0.541
0.206
0.031
0.323
0.422
0.346
0.518
0.01
0.693
0.101
0.043
0.786
0.702
0.15
0.651
0.586
0.663
0.327
0.792
0.792
0.22
0.189
0.99
0.052
0.818
0.941
0.715
0.254
0.334
0.9
0.264
0.616
0.064
0.654
0.564
0.47
0.622
0.136
0.984
0.867
0.394
0.226
0.869
0.423
0.146
0.668
0.368
0.948
0.585
0.388
0.751
0.779
0.172
0.908
0.084
0.936
0.209
0.82
0.537
0.763
0.451
0.741
0.669
0.419
0.852
0.595
0.154
0.743
0.661
0.823
0.315
0.45
0.276
0.886
0.096
0.605
0.554
0.466
0.445
0.92
0.446
0.573
0.412
0.048
0.125
0.95
0.124
0.851
0.214
0.889
0.499
0.326
0.468
0.536
0.65
0.242
0.069
0.984
0.293
0.231
0.216
0.399
0.812
0.011
0.531
0.105
0.669
0.487
0.186
0.389
0.535
0.923
0.606
0.18
0.738
0.547
0.906
0.464
0.634
0.388
0.759
0.046
0.98
0.683
0.712
0.314
0.798
0.802
0.146
0.58
0.267
0.185
0.616
0.514
0.446
0.066
0.249
0.726
0.161
0.174
0.555
0.854
0.296
0.224
0.206
0.253
0.817
0.965
0.303
0.07
0.242
0.066
0.956
0.387
0.571
0.2
0
0.69
0.019
0.175
0.174
0.196
0.786
0.037
0.1
0.241
0.607
0.214
0.99
0.388
0.524
0.258
0.769
0.869
0.641
0.678
0.203
0.394
0.865
0.908
0.736
0.894
0.377
0.342
0.503
0.725
0.748
0.027
0.521
0.078
0.784
0.182
0.237
0.353
0.954
0.908
0.907
0.715
0.849
0.217
0.267
0.071
0.388
0.738
0.743
0.197
0.044
0.878
0.329
0.844
0.523
0.399
0.192
0.633
0.61
0.719
0.022
0.756
0.243
0.544
0.604
0.891
0.816
0.595
0.28
0.183
0.859
0.479
0.117
0.771
0.851
0.302
0.425
0.49
0.876
0.797
0.414
0.737
0.009
0.986
0.987
0.375
0.564
0.293
0.323
0.254
0.401
0.943
0.352
0.128
0.406
0.842
0.125
0.899
0.487
0.932
0.517
0.861
0.009
0.279
0.762
0.056
0.432
0.806
0.604
0.226
0.871
0.586
0.637
0.699
0.879
0.596
0.87
0.417
0.27
0.676
0.162
0.934
0.922
0.316
0.734
0.285
0.158
0.796
0.737
0.551
0.168
0.108
0.522
0.941
0.335
0.424
0.235
0.192
0.984
0.789
0.173
0.276
0.08
0.914
0.866
0.949
0.504
0.439
0.146
0.547
0.847
0.507
0.969
0.423
0.574
0.111
0.042
0.959
0.884
0.835
0.129
0.509
0.419
0.716
0.98
0.468
0.429
0.974
0.193
0.254
0.181
0.677
0.237
0.301
0.004
0.324
0.099
0.769
0.073
0.663
0.16
0.168
0.59
0.464
0.495
0
0.595
0.622
0.831
0.659
0.87
0.268
0.453
0.365
0.644
0.123
0.948
0.393
0.162
0.75
0.556
0.108
0.774
0.3
0.135
0.107
0.024
0.613
0.118
0.942
0.072
0.234
0.625
0.177
0.141
0.144
0.058
0.731
0.224
0.896
0.908
0.347
0.643
0.666
0.086
0.693
0.657
0.408
0.416
0.03
0.958
0.817
0.873
0.356
0.611
0.972
0.001
0.616
0.335
0.432
0.662
0.708
0.534
0.804
0.863
0.895
0.561
0.694
0.741
0.775
0.326
0.625
0.813
0.522
0.61
0.284
0.564
0.363
0.954
0.013
0.527
0.567
0.601
0.178
0.698
0.283
0.683
0.478
0.844
0.92
0.171
0.364
0.334
0.207
0.1
0.248
0.612
0.612
0.57
0.841
0.778
0.198
0.605
0.379
0.318
0.622
0.269
0.625
0.608
0.272
0.188
0.208
0.644
0.865
0.418
0.633
0.568
0.695
0.328
0.3
0.525
0.033
0.354
0.171
0.051
0.727
0.67
0.724
0.809
0.29
0.252
0.526
0.681
0.971
0.625
0.487
0.399
0.415
0.083
0.1
0.926
0.127
0.913
0.737
0.011
0.673
0.672
0.948
0.801
0.279
0.879
0.272
0.775
0.619
0.064
0.834
0.645
0.317
0.321
0.053
0.417
0.222
0.242
0.777
0.178
0.832
0.009
0.171
0.065
0.593
0.752
0.616
0.206
0.835
0.344
0
0.963
0.183
0.888
0.896
0.246
0.628
0.116
0.906
0.352
0.001
0.247
0.106
0.026
0.635
0.616
0.946
0.102
0.164
0.715
0.697
0.911
0.108
0.813
0.071
0.628
0.902
0.451
0.013
0.141
0.069
0.798
0.623
0.638
0.817
0.664
0.433
0.434
0.342
0.1
0.826
0.665
0.506
0.799
0.314
0.885
0.502
0.829
0.791
0.841
0.699
0.024
0.987
0.855
0.387
0.764
0.336
0.816
0.706
0.046
0.914
0.116
0.561
0.334
0.445
0.951
0.9
0.419
0.238
0.364
0.597
0.338
0.537
0.747
0.983
0.463
0.342
0.581
0.083
0.022
0.457
0.411
0.525
0.256
0.638
0.731
0.06
0.696
0.873
0.627
0.008
0.874
0.214
0.459
0.621
0.23
0.791
