0.053
0.553
0.668
0.796
0.567
0.435
0.349
0.865
0.233
0.839
0.877
0.171
0.376
0.111
0.567
0.629
0.139
0.212
0.876
0.179
0.62
0.464
0.017
0.397
0.61
0.838
0.31
0.385
0.803
0.01
0.167
0.371
0.218
0.665
0.186
0.946
0.271
0.787
0.601
0.226
0.596
0.334
0.9
0.613
0.003
0.174
0.974
0.031
0.605
0.259
0.708
0.669
0.938
0.391
0.864
0.125
0.812
0.089
0.11
0.1
0.78
0.493
0.27
0.404
0.541
0.09
0.211
0.904
0.366
0.028
0.2
0.388
0.262
0.587
0.07
0.206
0.723
0.517
0.214
0.11
0.894
0.311
0.829
0.127
0.706
0.738
0.444
0.018
0.719
0.732
0.688
0.426
0.386
0.71
0.744
0.543
0.445
0.62
0.488
0.832
0.391
0.068
0.626
0.743
0.78
0.682
0.225
0.093
0.027
0.771
0.474
0.485
0.677
0.38
0.309
0.433
0.044
0.807
0.474
0.983
0.315
0.784
0.265
0.078
0.36
0.261
0.229
0.59
0.782
0.592
0.971
0.683
0.796
0.927
0.795
0.251
0.873
0.573
0.271
0.245
0.253
0.153
0.153
0.075
0.918
0.107
0.572
0.961
0.665
0.362
0.88
0.68
0.541
0.787
0.934
0.553
0.626
0.84
0.053
0.568
0.761
0.451
0.929
0.655
0.938
0.232
0.746
0.132
0.162
0.36
0.518
0.596
0.96
0.781
0.345
0.664
0.03
0.811
0.179
0.519
0.923
0.603
0.898
0.102
0.034
0.255
0.613
0.983
0.343
0.494
0.726
0.888
0.802
0.225
0.624
0.912
0.015
0.066
0.079
0.257
0.648
0.788
0.425
0.669
0.101
0.758
0.005
0.343
0.459
0.206
0.113
0.158
0.163
0.068
0.14
0.595
0.7
0.971
0.783
0.644
0.064
0.671
0.16
0.581
0.61
0.186
0.158
0.056
0.3
0.097
0.466
0.854
0.526
0.34
0.371
0.422
0.753
0.416
0.696
0.411
0.891
0.172
0.757
0.948
0.459
0.322
0.144
0.358
0.691
0.596
0.508
0.502
0.595
0.315
0.793
0.328
0.983
0.114
0.503
0.787
0.187
0.398
0.534
0.147
0.887
0.002
0.16
0.383
0.325
0.045
0.034
0.139
0.151
0.043
0.397
0.541
0.815
0.555
0.949
0.949
0.63
0.221
0.348
0.742
0.149
0.95
0.561
0.576
0.588
0.36
0.872
0.718
0.595
0.851
0.712
0.781
0.877
0.447
0.942
0.806
0.7
0.821
0.252
0.153
0.179
0.853
0.696
0.334
0.731
0.267
0.515
0.114
0.213
0.039
0.681
0.483
0.254
0.991
0.157
0.023
0.11
0.047
0.595
0.005
0.171
0.98
0.676
0.47
0.839
0.413
0.043
0.081
0.252
0.871
0.96
0.143
0.423
0.984
0.591
0.979
0.101
0.879
0.228
0.604
0.079
0.183
0.523
0.248
0.838
0.146
0.618
0.874
0.259
0.136
0.747
0.498
0.437
0.567
0.521
0.811
0.678
0.127
0.26
0.148
0.037
0.317
0.79
0.334
0.579
0.013
0.307
0.725
0.385
0.927
0.053
0.009
0.892
0.303
0.687
0.002
0.284
0.767
0.069
0.394
0.482
0.525
0.631
0.645
0.258
0.906
0.542
0.917
0.735
0.335
0.648
0.339
0.042
0.685
0.144
0.851
0.348
0.961
0.564
0.807
0.594
0.384
0.36
0.115
0.175
0.791
0.241
0.778
0.805
0.5
0.222
0.169
0.685
0.552
0.047
0.4
0.068
0.529
0.04
0.876
0.44
0.253
0.314
0.601
0.28
0.164
0.907
0.083
0.022
0.592
0.519
0.018
0.388
0.653
0.34
0.837
0.461
0.926
0.38
0.361
0.048
0.134
0.931
0.991
0.552
0.902
0.194
0.008
0.017
0.965
0.413
0.936
0.179
0.496
0.628
0.896
0.549
0.93
0.789
0.822
0.425
0.368
0.446
0.88
0.331
0.746
0.019
0.199
0.321
0.913
0.157
0.006
0.925
0.46
0.766
0.455
0.685
0.558
0.14
0.967
0.492
0.373
0.566
0.598
0.293
0.517
0.588
0.652
0.322
0.094
0.081
0.665
0.011
0.997
0.296
0.472
0.699
0.316
0.542
0.022
0.172
0.065
0.774
0.093
0.718
0.641
0.4
0.445
0.287
0.231
0.475
0.572
0.539
0.75
0.651
0.169
0.475
0.366
0.584
0.687
0.495
0.635
0.472
0.423
0.694
0.538
0.959
0.083
0.469
0.69
0.478
0.385
0.608
0.605
0.625
0.445
0.78
0.705
0.908
0.343
0.579
0.084
0.973
0.614
0.047
0.152
0.606
0.061
0.069
0.526
0.953
0.109
0.152
0.572
0.623
0.293
0.284
0.907
0.25
0.203
0.63
0.638
0.819
0.529
0.175
0.874
0.744
0.343
0.378
0.075
0.37
0.712
0.081
0.682
0.459
0.704
0.243
0.955
0.509
0.739
0.067
0.286
0.577
0.904
0.941
0.46
0.69
0.46
0.251
0.283
0.346
0.77
0.199
0.977
0.432
0.547
0.743
0.951
0.584
0.712
0.393
0.873
0.885
0.22
0.119
0.633
0.214
0.595
0.533
0.504
0.918
0.145
0.232
0.735
0.368
0.522
0.404
0.052
0.128
0.574
0.402
0.524
0.456
0.112
0.386
0.712
0.412
0.755
0.912
0.13
0.631
0.148
0.515
0.411
0.77
0.828
0.643
0.882
0.308
0.305
0.455
0.695
0.036
0.342
0.788
0.851
0.836
0.133
0.381
0.983
0.463
0.214
0.606
0.141
0.032
0.178
0.237
0.021
0.774
0.001
0.751
0.582
0.245
0.656
0.954
0.519
0.763
0.027
0.657
0.882
0.85
0.623
0.341
0.293
0.495
0.252
0.158
0.177
0.866
0.537
0.34
0.043
0.278
0.661
0.951
0.715
0.357
0.235
0.565
0.495
0.511
0.686
0.914
0.653
0.331
0.776
0.206
0.952
0.292
0.47
0.423
0.745
0.332
0.698
0.718
0.462
0.205
0.087
0.329
0.256
0.535
0.986
0.379
0.237
0.538
0.01
0.652
0.719
0.216
0.406
0.015
0.264
0.177
0.367
0.302
0.291
0.641
0.064
0.228
0.207
0.931
0.276
0.605
0.988
0.056
0.234
0.461
0.949
0.494
0.436
0.702
0.047
0.362
0.753
0.662
0.916
0.676
0.537
0.455
0.593
0.596
0.22
0.294
0.627
0.229
0.758
0.717
0.374
0.045
0.064
0.561
0.926
0.594
0.027
0.839
0.35
0.027
0.039
0.854
0.958
0.979
0.668
0.369
0.231
0.199
0.561
0.208
0.049
0.626
0.861
0.651
0.058
0.014
0.298
0.626
0.033
0.671
0.887
0.481
0.085
0.96
0.292
0.69
0.045
0.693
0.409
0.869
0.613
0.315
0.037
0.275
0.364
0.757
0.987
0.254
0.086
0.964
0.943
0.591
0.755
0.221
0.345
0.569
0.669
0.023
0.278
0.161
0.925
0.114
0.627
0.11
0.631
0.853
0.436
0.277
0.522
0.229
0.334
0.278
0.318
0.737
0.989
0.234
0.997
0.271
0.888
0.264
0.781
0.504
0.063
0.05
0.986
0.849
0.741
0.241
0.316
0.191
0.845
0.529
0.519
0.176
0.634
0.729
0.532
0.968
0.603
0.158
0.342
0.978
0.988
0.47
0.04
0.726
0.139
0.27
0.434
0.664
0.525
0.796
0.061
0.388
0.068
0.055
0.025
0.622
0.297
0.785
0.928
0.436
0.799
0.541
0.688
0.737
0.568
0.852
0.73
0.026
0.085
0.922
0.815
0.727
0.454
0.864
0.106
0.904
0.637
0.797
0.781
0.983
0.055
0.274
0.414
0.685
0.693
0.809
0.927
0.017
0.942
0.219
0.114
0.338
0.83
0.901
0.214
0.742
0.343
0.762
0.491
0.623
0.074
0.86
0.36
0.934
0.884
0.345
0.761
0.204
0.162
0.25
0.455
0.196
0.486
0.939
0.076
0.948
0.578
0.959
0.348
0.073
0.475
0.849
0.781
0.795
0.883
0.947
0.851
0.596
0.505
0.357
0.808
0.693
0.769
0.572
0.781
0.669
0.047
0.085
0.687
0.718
0.787
0.004
0.991
0.377
0.183
0.609
0.537
0.118
0.701
0.794
0.635
0.498
0.119
0.695
0.706
0.35
0.672
0.845
0.438
0.442
0.318
0.551
0.775
0.5
0.033
0.053
0.485
0.767
0.733
0.82
0.453
0.037
0.857
0.492
0.794
0.421
0.28
