0.549
0.544
0.136
0.295
0.423
0.818
0.4
0.732
0.999
0.059
0.704
0.619
0.565
0.658
0.251
0.5
0.004
0.257
0.618
0.032
0.449
0.402
0.984
0.437
0.125
0.257
0.453
0.151
0.119
0.552
0.968
0.311
0.719
0.121
0.818
0.445
0.57
0.647
0.425
0.516
0.806
0.118
0.676
0.589
0.216
0.278
0.561
0.409
0.285
0.663
0.991
0.911
0.297
0.969
0.456
0.682
0.813
0.59
0.072
0.15
0.375
0.918
0.582
0.267
0.3
0.533
0.869
0.515
0.08
0.47
0.539
0.358
0.771
0.569
0.943
0.091
0.093
0.434
0.816
0.783
0.852
0.511
0.553
0.212
0.081
0.121
0.235
0.631
0.058
0.685
0.616
0.182
0.364
0.409
0.495
0.929
0.731
0.9
0.917
0.45
0.309
0.598
0.887
0.437
0.038
0.181
0.268
0.712
0.429
0.104
0.343
0.665
0.359
0.947
0.918
0.096
0.943
0.013
0.469
0.461
0.382
0.516
0.56
0.774
0.059
0.691
0.335
0.425
0.69
0.877
0.522
0.981
0.454
0.705
0.804
0.256
0.107
0.589
0.364
0.215
0.585
0.825
0.764
0.635
0.072
0.064
0.647
0.98
0.1
0.976
0.284
0.649
0.617
0.772
0.902
0.255
0.692
0.7
0.938
0.279
0.34
0.888
0.495
0.205
0.388
0.246
0.101
0.194
0.931
0.079
0.406
0.94
0.616
0.404
0.934
0.756
0.939
0.99
0.008
0.928
0.926
0.875
0.941
0.109
0.903
0.19
0.449
0.242
0.608
0.099
0.853
0.255
0.063
0.133
0.496
0.592
0.729
0.992
0.717
0.019
0.04
0.912
0.506
0.639
0.808
0.906
0.06
0.435
0.49
0.856
0.727
0.066
0.537
0.609
0.799
0.088
0.601
0.923
0.331
0.336
0.928
0.813
0.547
0.59
0.197
0.294
0.649
0.094
0.58
0.82
0.558
0.156
0.76
0.956
0.901
0.319
0.792
0.647
0.23
0.555
0.416
0.094
0.156
0.33
0.061
0.379
0.375
0.523
0.857
0.585
0.654
0.364
0.309
0.31
0.905
0.313
0.158
0.417
0.209
0.473
0.713
0.463
0.106
0.642
0.563
0.2
0.018
0.769
0.901
0.002
0.681
0.924
0.964
0.277
0.495
0.988
0.965
0.635
0.051
0.649
0.448
0.086
0.347
0.743
0.291
0.89
0.112
0.534
0.791
0.92
0.019
0.681
0.692
0.226
0.109
0.612
0.825
0.593
0.892
0.714
0.289
0.92
0.55
0.625
0.963
0.594
0.247
0.088
0.744
0.317
0.6
0.568
0.263
0.714
0.406
0.223
0.442
0.153
0.756
0.437
0.851
0.191
0.283
0.407
0.569
0.62
0.781
0.977
0.821
0.023
0.213
0.551
0.95
0.321
0.467
0.377
0.014
0.387
0.26
0.232
0.371
0.134
0.13
0.684
0.416
0.871
0.175
0.16
0.473
0.994
0.809
0.461
0.78
0.835
0.283
0.526
0.778
0.925
0.914
0.68
0.985
0.495
0.222
0.064
0.098
0.033
0.391
0.736
0.83
0.97
0.945
0.394
0.854
0.766
0.556
0.766
0.894
0.695
0.785
0.631
0.137
0.699
0.88
0.298
0.111
0.538
0.178
0.393
0.515
0.126
0.833
0.39
0.284
0.549
0.965
0.858
0.323
0.324
0.275
0.693
0.092
0.74
0.17
0.532
0.963
0.271
0.257
0.98
0.91
0.286
0.986
0.773
0.518
0.804
0.064
0.189
0.088
0.89
0.777
0.634
0.609
0.899
0.561
0.154
0.855
0.783
0.892
0.724
0.977
0.193
0.889
0.375
0.636
0.405
0.303
0.291
0.224
0.196
0.771
0.197
0.676
0.614
0.031
0.178
0.259
0.25
0.663
0.998
0.726
0.79
0.955
0.292
0.304
0.011
0.025
0.763
0.946
0.137
0.577
0.438
0.011
0.845
0.401
0.587
0.711
0.089
0.021
0.263
0.311
0.013
0.955
0.743
0.241
0.428
0.516
0.461
0.999
0.41
0.949
0.547
0.618
0.308
0.915
0.374
0.925
0.911
0.09
0.875
0.109
0.791
0.85
0.627
0.026
0.354
0.502
0.376
0.171
0.533
0.743
0.777
0.364
0.678
0.459
0.907
0.499
0.287
0.77
0.992
0.793
0.171
0.609
0.863
0.139
0.363
0.6
0.478
0.248
0.707
0.217
0.421
0.448
0.363
0.38
0.379
0.519
0.944
0.585
0.375
0.827
0.557
0.602
0.627
0.088
0.512
0.308
0.033
0.227
0.756
0.035
0.359
0.262
0.699
0.95
0.232
0.948
0.738
0.302
0.846
0.921
0.591
0.598
0.998
0.536
0.967
0.53
0.642
0.87
0.063
0.192
0.274
0.854
0.557
0.985
0.204
0.758
0.877
0.21
0.051
0.396
0.032
0.872
0.614
0.671
0.95
0.153
0.687
0.889
0.209
0.885
0.228
0.364
0.623
0.249
0.774
0.719
0.428
0.954
0.723
0.567
0.915
0.019
0.904
0.504
0.403
0.247
0.872
0.529
0.457
0.449
0.695
0.601
0.637
0.556
0.291
0.679
0.364
0.281
0.392
0.242
0.682
0.885
0.131
0.134
0.42
0.637
0.12
0.559
0.049
0.903
0.009
0.186
0.548
0.883
0.03
0.21
0.575
0.517
0.809
0.389
0.002
0.172
0.01
0.397
0.285
0.106
0.543
0.953
0.181
0.494
0.164
0.597
0.064
0.438
0.304
0.658
0.999
0.956
0.78
0.385
0.498
0.403
0.365
0.894
0.825
0.988
0.371
0.807
0.145
0.235
0.94
0.809
0.289
0.785
0.348
0.069
0.041
0.232
0.551
0.076
0.085
0.658
0.801
0.5
0.778
0.704
0.709
0.094
0.646
0.543
0.474
0.674
0.756
0.686
0.446
0.288
0.544
0.906
0.21
0.13
0.484
0.479
0.49
0.241
0.18
0.964
0.735
0.282
0.295
0.749
0.302
0.328
0.763
0.272
0.07
0.144
0.89
0.203
0.064
0.084
0.352
0.557
0.408
0.534
0.793
0.082
0.512
0.65
0.999
0.686
0.799
0.802
0.346
0.487
0.989
0.204
0.052
0.024
0.779
0.714
0.699
0.279
0.708
0.108
0.733
0.241
0.055
0.01
0.938
0.846
0.307
0.964
0.604
0.916
0.175
0.076
0.71
0.77
0.794
0.032
0.326
0.077
0.294
0.393
0.114
0
0.551
0.781
0.887
0.298
0.845
0.951
0.844
0.471
0.856
0.549
0.509
0.197
0.262
0.857
0.457
0.768
0.399
0.526
0.897
0.938
0.525
0.959
0.323
0.693
0.678
0.522
0.457
0.44
0.546
0.71
0.649
0.55
0.361
0.068
0.197
0.443
0.284
0.493
0.901
0.562
0.967
0.245
0.978
0.779
0.728
0.118
0.787
0.009
0.774
0.23
0.592
0.629
0.095
0.786
0.283
0.308
0.142
0.274
0.781
0.062
0.184
0.856
0.352
0.236
0.37
0.192
0.473
0.668
0.643
0.976
0.631
0.689
0.046
0.28
0.231
0.499
0.33
0.779
0.303
0.025
0.608
0.806
0.09
0.275
0.518
0.768
0.728
0.579
0.511
0.345
0.541
0.748
0.515
0.597
0.362
0.512
0.238
0.849
0.242
0.861
0.202
0.48
0.834
0.254
0.427
0.296
0.541
0.636
0.982
0.492
0.006
0.101
0.241
0.58
0.447
0.936
0.796
0.32
0.883
0.94
0.665
0.334
0.219
0.082
0.754
0.688
0.058
0.618
0.266
0.116
0.517
0.079
0.065
0.405
0.526
0.781
0.926
0.307
0.256
0.173
0.456
0.582
0.424
0.25
0.588
0.338
0.862
0.184
0.836
0.766
0.376
0.055
0.932
0.188
0.393
0.226
0.496
0.666
0.614
0.089
0.53
0.533
0.679
0.955
0.166
0.487
0.807
0.483
0.468
0.962
0.718
0.183
0.383
0.091
0.911
0.024
0.25
0.03
0.983
0.708
0.304
0.01
0.88
0.611
0.748
0.158
0.055
0.022
0.643
0.464
0.977
0.137
0.778
0.165
0.722
0.888
0.731
0.384
0.639
0.041
0.543
0.311
0.954
0.534
0.933
0.672
0.747
0.343
0.392
0.547
0.079
0.429
0.238
0.899
0.001
0.373
0.19
0.637
0.068
0.068
0.063
0.232
0.877
0.268
0.504
0.804
0.677
0.778
0.107
0.478
0.869
0.537
0.575
0.568
0.893
0.911
0.538
0.659
0.166
0.086
0.946
0.802
0.114
0.667
0.452
