0.123
0.995
0.698
0.891
0.15
0.842
0.113
0.276
0.668
0.721
0.81
0.925
0.232
0.529
0.514
0.702
0.218
0.896
0.727
0.146
0.05
0.987
0.879
0.406
0.514
0.103
0.721
0.976
0.38
0.107
0.294
0.866
0.797
0.552
0.453
0.464
0.639
0.879
0.219
0.973
0.572
0.149
0.251
0.492
0.899
0.562
0.545
0.189
0.09
0.648
0
0.794
0.134
0.508
0.257
0.163
0.889
0.261
0.891
0.24
0.962
0.049
0.952
0.882
0.346
0.226
0.243
0.03
0.441
0.01
0.002
0.168
0.76
0.116
0.927
0.044
0.353
0.694
0.731
0.595
0.21
0.06
0.552
0.048
0.489
0.013
0.589
0.061
0.683
0.391
0.425
0.193
0.586
0.36
0.765
0.216
0.894
0.079
0.169
0.132
0.969
0.736
0.679
0.055
0.405
0.847
0.697
0.955
0.178
0.043
0.645
0.359
0.658
0.352
0.394
0.413
0.054
0.794
0.16
0.093
0.913
0.67
0.33
0.827
0.821
0.405
0.815
0.291
0.663
0.682
0.267
0.726
0.842
0.142
0.033
0.479
0.904
0.183
0.878
0.128
0.275
0.776
0.202
0.327
0.411
0.424
0.669
0.751
0.787
0.017
0.364
0.412
0.456
0.087
0.825
0.539
0.158
0.339
0.129
0.119
0.899
0.796
0.677
0.774
0.254
0.985
0.326
0.957
0.232
0.326
0.131
0.938
0.366
0.146
0.626
0.853
0.933
0.592
0.176
0.419
0.222
0.104
0.641
0.881
0.421
0.105
0.383
0.17
0.668
0.458
0.809
0.87
0.129
0.453
0.352
0.498
0.7
0.277
0.036
0.032
0.06
0.642
0.868
0.746
0.736
0.882
0.168
0.595
0.895
0.477
0.975
0.724
0.937
0.464
0.174
0.043
0.092
0.043
0.303
0.75
0.369
0.884
0.688
0.357
0.588
0.655
0.474
0.204
0.92
0.41
0.977
0.549
0.432
0.87
0.889
0.313
0.077
0.948
0.969
0.657
0.006
0.026
0.585
0.496
0.906
0.884
0.761
0.224
0.999
0.052
0.574
0.153
0.447
0.207
0.454
0.941
0.56
0.745
0.191
0.667
0.86
0.333
0.861
0.399
0.915
0.285
0.133
0.853
0.838
0.186
0.904
0.019
0.273
0.709
0.241
0.074
0.687
0.129
0.129
0.916
0.759
0.09
0.445
0.392
0.491
0.038
0.29
0.174
0.93
0.316
0.693
0.335
0.115
0.074
0.309
0.583
0.45
0.432
0.632
0.14
0.929
0.247
0.542
0.265
0.402
0.489
0.443
0.833
0.928
0.556
0.574
0.388
0.437
0.344
0.593
0.091
0.724
0.898
0.207
0.941
0.135
0.497
0.392
0.351
0.765
0.861
0.328
0.934
0.389
0.029
0.421
0.626
0.516
0.745
0.919
0.67
0.099
0.973
0.02
0.597
0.315
0.233
0.43
0.52
0.815
0.356
0.172
0.632
0.99
0.732
0.636
0.899
0.552
0.937
0.021
0.457
0.403
0.562
0.332
0.861
0.796
0.852
0.311
0.962
0.554
0.453
0.882
0.401
0.86
0.397
0.631
0.95
0.181
0.207
0.417
0.566
0.798
0.718
0.521
0.929
0.359
0.723
0.11
0.148
0.62
0.986
0.277
0.718
0.797
0.342
0.1
0.237
0.562
0.663
0.023
0.134
0.657
0.402
0.398
0.131
0.932
0.286
0.992
0.954
0.237
0.772
0.463
0.135
0.331
0.77
0
0.215
0.536
0.948
0.727
0.896
0.937
0.734
0.507
0.776
0.37
0.425
0.806
0.772
0.758
0.048
0.407
0.216
0.559
0.097
0.751
0.322
0.874
0.138
0.56
0.753
0.789
0.289
0.131
0.834
0.486
0.263
0.151
0.608
0.748
0.669
0.079
0.999
0.648
0.916
0.977
0.815
0.215
0.993
0.133
0.082
0.159
0.826
0.934
0.608
0.346
0.408
0.989
0.129
0.665
0.464
0.818
0.14
0.498
0.666
0.657
0.567
0.467
0.965
0.187
0.991
0.838
0.1
0.195
0.996
0.095
0.757
0.561
0.892
0.013
0.409
0.686
0.819
0.186
0.089
0.203
0.483
0.831
0.867
0.075
0.34
0.174
0.197
0.237
0.284
0.914
0.167
0.53
0.271
0.558
0.628
0.753
0.082
0.419
0.634
0.008
0.225
0.613
0.476
0.351
0.527
0.804
0.033
0.613
0.608
0.603
0.132
0.117
0.788
0.08
0.945
0.977
0.965
0.475
0.605
0.669
0.392
0.244
0.999
0.853
0.15
0.574
0.705
0.858
0.242
0.855
0.021
0.039
0.813
0.425
0.352
0.166
0.116
0.596
0.214
0.428
0.514
0.928
0.944
0.185
0.19
0.945
0.559
0.327
0.106
0.791
0.825
0.934
0.583
0.841
0.946
0.856
0.044
0.518
0.882
0.288
0.578
0.192
0.848
0.811
0.26
0.984
0.845
0.172
0.181
0.035
0.677
0.456
0.474
0.182
0.062
0.537
0.183
0.592
0.649
0.686
0.693
0.007
0.106
0.563
0.124
0.035
0.355
0.068
0.565
0.953
0.734
0.848
0.084
0.842
0.137
0.236
0.819
0.865
0.403
0.201
0.282
0.454
0.725
0.219
0.107
0.637
0.669
0.992
0.62
0.112
0.519
0.85
0.901
0.944
0.69
0.083
0.676
0.971
0.799
0.469
0.062
0.847
0.569
0.481
0.675
0.387
0.031
0.484
0.349
0.084
0.586
0.309
0.939
0.231
0.954
0.932
0.947
0.194
0.501
0.17
0.426
0.555
0.763
0.208
0.533
0.442
0.023
0.696
0.25
0.974
0.591
0.733
0.856
0.917
0.13
0.801
0.666
0.728
0.288
0.863
0.203
0.845
0.959
0.408
0.286
0.616
0.421
0.127
0.702
0.807
0.128
0.954
0.681
0.319
0.943
0.335
0.794
0.02
0.791
0.395
0.677
0.355
0.319
0.805
0.273
0.45
0.294
0.535
0.44
0.251
0.754
0.971
0.642
0.332
0.763
0.835
0.562
0.512
0.435
0.563
0.671
0.547
0.904
0.41
0.977
0.716
0.046
0.976
0.891
0.267
0.483
0.537
0.723
0.443
0.025
0.356
0.892
0.265
0.154
0.605
0.248
0.008
0.642
0.663
0.742
0.374
0.098
0.35
0.463
0.291
0.979
0.376
0.023
0.142
0.529
0.28
0.339
0.392
0.378
0.813
0.828
0.959
0.575
0.418
0.358
0.466
0.174
0.916
0.651
0.666
0.586
0.369
0.208
0.308
0.804
0.542
0.575
0.766
0.314
0.476
0.485
0.346
0.823
0.501
0.359
0.345
0.036
0.329
0.688
0.193
0.913
0.47
0.785
0.704
0.709
0.836
0.346
0.996
0.647
0.039
0.731
0.754
0.113
0.22
0.988
0.713
0.528
0.557
0.292
0.208
0.302
0.716
0.715
0.015
0.934
0.404
0.79
0.41
0.489
0.963
0.969
0.225
0.989
0.56
0.394
0.539
0.342
0.667
0.157
0.392
0.316
0.851
0.513
0.969
0.673
0.707
0.642
0.595
0.682
0.165
0.34
0.519
0.41
0.787
0.086
0.559
0.306
0.38
0.63
0.513
0.862
0.569
0.3
0.701
0.346
0.19
0.728
0.5
0.325
0.598
0.193
0.057
0.212
0.139
0.052
0.86
0.472
0.067
0.579
0.901
0.102
0.699
0.358
0.761
0.989
0.541
0.473
0.358
0.712
0.483
0.092
0.064
0.912
0.838
0.472
0.183
0.775
0.355
0.276
0.781
0.057
0.873
0.228
0.331
0.694
0.264
0.357
0.534
0.419
0.776
0.86
0.057
0.174
0.793
0.579
0.75
0.073
0.316
0.63
0.852
0.628
0.53
0.883
0.165
0.95
0.602
0.373
0.485
0.909
0.359
0.243
0.508
0.428
0.893
0.832
0.274
0.66
0.488
0.004
0.202
0.071
0.582
0.352
0.758
0.831
0.411
0.873
0.844
0.191
0.012
0.135
0.744
0.988
0.469
0.535
0.228
0.095
0.964
0.475
0.692
0.065
0.296
0.524
0.044
0.792
0.272
0.148
0.041
0.517
0.479
0.239
0.36
0.852
0.753
0.194
0.826
0.184
0.11
0.441
0.976
0.536
0.898
0.451
0.027
0.606
0.094
0.777
0.644
0.265
0.275
0.736
0.368
0.977
0.598
0.504
0.729
0.883
0.38
0.781
0.067
0.079
0
0.661
0.784
0.299
0.361
0.313
0.967
0.283
0.766
0.987
0.593
0.192
0.166
0.51
0.814
0.717
0.665
0.94
