0.589
0.421
0.237
0.727
0.171
0.947
0.902
0.435
0.27
0.625
0.696
0.924
0.553
0.847
0.784
0.67
0.593
0.557
0.11
0.085
0.992
0.926
0.255
0.905
0.012
0.996
0.212
0.786
0.21
0.362
0.087
0.041
0.079
0.308
0.802
0.894
0.732
0.14
0.012
0.14
0.45
0.454
0.35
0.292
0.752
0.744
0.41
0.542
0.484
0.327
0.07
0.744
0.397
0.024
0.996
0.111
0.262
0.635
0.816
0.729
0.718
0.284
0.261
0.302
0.123
0.332
0.023
0.24
0.848
0.722
0.255
0.278
0.211
0.606
0.987
0.262
0.165
0.505
0.624
0.906
0.818
0.945
0.91
0.739
0.655
0.822
0.861
0.099
0.597
0.33
0.164
0.576
0.022
0.746
0.806
0.631
0.957
0.41
0.467
0.21
0.809
0.106
0.175
0.799
0.827
0.637
0.098
0.254
0.702
0.068
0.411
0.68
0.061
0.478
0.846
0.947
0.698
0.357
0.655
0.789
0.372
0.927
0.131
0.253
0.971
0.655
0.2
0.917
0.819
0.119
0.744
0.119
0.72
0.152
0.534
0.724
0.818
0.445
0.716
0.094
0.593
0.55
0.692
0.267
0.722
0.675
0.149
0.662
0.017
0.323
0.744
0.423
0.957
0.233
0.477
0.216
0.746
0.502
0.861
0.47
0.645
0.583
0.467
0.51
0.546
0.586
0.775
0.005
0.1
0.489
0.694
0.825
0.95
0.227
0.386
0.259
0.037
0.92
0.522
0.203
0.438
0.902
0.597
0.369
0.367
0.69
0.737
0.021
0.375
0.717
0.441
0.877
0.885
0.001
0.029
0.631
0.957
0.117
0.523
0.133
0.375
0.01
0.288
0.421
0.722
0.81
0.774
0.991
0.497
0.356
0.257
0.953
0.82
0.109
0.63
0.011
0.28
0.633
0.095
0.496
0.563
0.38
0.802
0.303
0.017
0.342
0.451
0.161
0.661
0.31
0.646
0.68
0.516
0.653
0.589
0.658
0.15
0.131
0.236
0.048
0.514
0.258
0.76
0.565
0.023
0.472
0.974
0.395
0.587
0.762
0.993
0.886
0.227
0.39
0.449
0.225
0.741
0.245
0.675
0.578
0.485
0.414
0.018
0.358
0.045
0.384
0.87
0.885
0.735
0.442
0.356
0.532
0.438
0.864
0.797
0.788
0.571
0.325
0.887
0.805
0.052
0.165
0.71
0.86
0.065
0.799
0.64
0.766
0.953
0.958
0.093
0.316
0.014
0.119
0.219
0.465
0.261
0.291
0.318
0.793
0.881
0.999
0.014
0.37
0.342
0.24
0.122
0.17
0.905
0.008
0.82
0.39
0.508
0.657
0.683
0.349
0.804
0.468
0.786
0.094
0.489
0.71
0.763
0.302
0.023
0.36
0.916
0.802
0.55
0.95
0.883
0.366
0.715
0.864
0.166
0.122
0.424
0.835
0.204
0.08
0.387
0.927
0.072
0.029
0.848
0.754
0.541
0.227
0.268
0.191
0.326
0.839
0.806
0.006
0.739
0.09
0.824
0.55
0.883
0.268
0.554
0.217
0.664
0.064
0.665
0.945
0.337
0.478
0.216
0.92
0.658
0.08
0.605
0.541
0.929
0.268
0.169
0.861
0.075
0.284
0.746
0.413
0.953
0.569
0.026
0.282
0.018
0.347
0.856
0.298
0.271
0.478
0.892
0.191
0.09
0.256
0.801
0.629
0.665
0.852
0.693
0.81
0.717
0.479
0.885
0.629
0.522
0.744
0.703
0.802
0.502
0.676
0.22
0.191
0.097
0.911
0.404
0.799
0.085
0.873
0.43
0.23
0.249
0.938
0.364
0.064
0.633
0.771
0.504
0.019
0.913
0.055
0.234
0.79
0.558
0.712
0.151
0.359
0.58
0.749
0.652
0.334
0.325
0.532
0.252
0.694
0.308
0.672
0.729
0.74
0.824
0.724
0.411
0.584
0.355
0.572
0.987
0.93
0.87
0.125
0.465
0.687
0.113
0.974
0.279
0.071
0.368
0.416
0.529
0.805
0.22
0.164
0.14
0.518
0.17
0.196
0.882
0.24
0.451
0.157
0.036
0.827
0.265
0.276
0.74
0.046
0.372
0.838
0.007
0.243
0.138
0.375
0.819
0.082
0.231
0.088
0.282
0.15
0.683
0.937
0.038
0.026
0.283
0.208
0.529
0.74
0.994
0.231
0.872
0.243
0.69
0.247
0.997
0.313
0.408
0.963
0.113
0.531
0.381
0.399
0.774
0.163
0.829
0.137
0.218
0.516
0.88
0.59
0.31
0.36
0.79
0.005
0.195
0.396
0.95
0.409
0.039
0.57
0.039
0.766
0.079
0.688
0.019
0.125
0.306
0.564
0.896
0.255
0.632
0.076
0.064
0.276
0.399
0.171
0.499
0.603
0.602
0.448
0.333
0.05
0.373
0.938
0.488
0.865
0.649
0.283
0.156
0.961
0.529
0.415
0.118
0.885
0.996
0.597
0.318
0.105
0.22
0.943
0.358
0.507
0.867
0.863
0.855
0.392
0.082
0.933
0.95
0.403
0.221
0.317
0.283
0.847
0.679
0.328
0.201
0.99
0.469
0.57
0.326
0.821
0.168
0.755
0.553
0.668
0.369
0.296
0.862
0.13
0.518
0.876
0.264
0.611
0.94
0.847
0.984
0.264
0.895
0.945
0.753
0.322
0.526
0.266
0.03
0.496
0.442
0.268
0.914
0.75
0.08
0.149
0.959
0.299
0.815
0.555
0.191
0.594
0.309
0.404
0.734
0.126
0.529
0.948
0.122
0.933
0.362
0.426
0.322
0.259
0.928
0.423
0.698
0.47
0.257
0.16
0.891
0.825
0.012
0.582
0.615
0.507
0.293
0.279
0.305
0.586
0.029
0.975
0.756
0.952
0.534
0.838
0.595
0.64
0.489
0.006
0.94
0.538
0.249
0.557
0.328
0.143
0.125
0.467
0.611
0.378
0.548
0.67
0.784
0.914
0.858
0.773
0.037
0.719
0.423
0.758
0.082
0.8
0.021
0.428
0.889
0.183
0.289
0.254
0.78
0.923
0.89
0.926
0.911
0.316
0.098
0.136
0.99
0.073
0.867
0.33
0.239
0.13
0.118
0.767
0.049
0.384
0.997
0.345
0.266
0.977
0.583
0.83
0.121
0.308
0.833
0.518
0.868
0.603
0.158
0.857
0.253
0.201
0.666
0.032
0.644
0.393
0.563
0.525
0.653
0.721
0.318
0.196
0.676
0.446
0.189
0.359
0.576
0.544
0.46
0.13
0.353
0.758
0.386
0.695
0.203
0.654
0.25
0.144
0.069
0.246
0.579
0.891
0.655
0.098
0.371
0.277
0.97
0.324
0.926
0.109
0.651
0.495
0.075
0.215
0.848
0.485
0.967
0.583
0.864
0.673
0.212
0.785
0.55
0.855
0.399
0.034
0.42
0.875
0.559
0.225
0.168
0.786
0.432
0.98
0.767
0.873
0.897
0.703
0.931
0.041
0.304
0.221
0.269
0.911
0.7
0.369
0.82
0.567
0.556
0.082
0.004
0.404
0.548
0.706
0.74
0.998
0.542
0.96
0.994
0.343
0.585
0.206
0.238
0.926
0.827
0.741
0.132
0.238
0.992
0.68
0.733
0.583
0.362
0.491
0.477
0.067
0.086
0.155
0.568
0.127
0.786
0.925
0.485
0.994
0.615
0.77
0.859
0.895
0.363
0.99
0.724
0.481
0.312
0.758
0.791
0.88
0.695
0.991
0.921
0.2
0.539
0.835
0.097
0.701
0.146
0.739
0.184
0.214
0.016
0.547
0.753
0.476
0.865
0.914
0.939
0.251
0.13
0.146
0.582
0.015
0.759
0.134
0.32
0.066
0.326
0.734
0.747
0.022
0.411
0.439
0.558
0.86
0.314
0.009
0.087
0.171
0.26
0.101
0.452
0.887
0.911
0.143
0.623
0.547
0.766
0.207
0.257
0.884
0.604
0.09
0.52
0.114
0.561
0.914
0.501
0.118
0.218
0.544
0.418
0.562
0.913
0.098
0.233
0.757
0.556
0.994
0.017
0.724
0.632
0.393
0.284
0.607
0.55
0.028
0.468
0.464
0.463
0.694
0.791
0.002
0.001
0.1
0.952
0.838
0.864
0.301
0.953
0.751
0.93
0.007
0.355
0.254
0.114
0.011
0.268
0.78
0.876
0.63
0.31
0.617
0.482
0.548
0.581
0.98
0.059
0.708
0.78
0.048
0.028
0.605
0.387
0.441
0.27
0.851
0.328
0.683
0.792
0.801
0.007
0.176
0.522
0.696
0.534
0.127
0.745
0.957
0.681
0.786
0.183
0.291
0.791
0.45
0.393
0.132
0.31
0.098
