0.495
0.471
0.543
0.011
0.739
0.649
0.887
0.83
0.785
0.016
0.728
0.732
0.071
0.996
0.647
0.502
0.704
0.646
0.559
0.901
0.3
0.873
0.082
0.974
0.57
0.872
0.298
0.611
0.283
0.418
0.558
0.976
0.092
0.563
0.886
0.923
0.201
0.111
0.235
0.583
0.881
0.345
0.653
0.221
0.393
0.734
0.475
0.219
0.565
0.569
0.545
0.23
0.232
0.029
0.217
0.419
0.435
0.314
0.803
0.824
0.39
0.372
0.981
0.995
0.832
0.161
0.954
0.353
0.939
0.062
0.62
0.717
0.668
0.674
0.632
0.516
0.703
0.726
0.108
0.069
0.776
0.139
0.338
0.638
0.072
0.668
0.998
0.172
0.927
0.248
0.625
0.962
0.577
0.729
0.298
0.774
0.558
0.612
0.757
0.248
0.595
0.663
0.766
0.483
0.701
0.585
0.486
0.083
0.622
0.052
0.442
0.555
0.302
0.853
0.305
0.237
0.829
0.307
0.16
0.41
0.959
0.617
0.896
0.704
0.084
0.345
0.894
0.155
0.993
0.456
0.801
0.18
0.273
0.39
0.083
0.793
0.324
0.937
0.613
0.74
0.825
0.509
0.832
0.475
0.881
0.852
0.154
0.349
0.861
0.684
0.619
0.12
0.248
0.269
0.413
0.154
0.948
0.331
0.174
0.331
0.263
0.057
0.477
0.996
0.722
0.818
0.249
0.557
0.025
0.52
0.205
0.179
0.438
0.325
0.898
0.163
0.029
0.594
0.376
0.108
0.536
0.36
0.105
0.841
0.312
0.77
0.112
0.256
0.241
0.733
0.697
0.452
0.044
0.945
0.771
0.061
0.148
0.233
0.524
0.57
0.72
0.78
0.614
0.129
0.105
0.048
0.17
0.153
0.833
0.374
0.798
0.006
0.059
0.73
0.619
0.062
0.433
0.841
0.852
0.463
0.785
0.318
0.569
0.594
0.74
0.179
0.585
0.06
0.466
0.204
0.728
0.257
0.717
0.397
0.971
0.079
0.753
0.312
0.979
0.554
0.117
0.186
0.258
0.02
0.366
0.142
0.416
0.877
0.047
0.314
0.688
0.072
0.412
0.754
0.108
0.299
0.609
0.296
0.791
0.829
0.099
0.583
0.034
0.37
0.033
0.736
0.601
0.741
0.535
0.601
0.276
0.246
0.534
0.619
0.536
0.522
0.267
0.232
0.859
0.267
0.384
0.58
0.137
0.734
0.502
0.633
0.186
0.794
0.179
0.421
0.097
0.026
0.794
0.58
0.729
0.872
0.981
0.377
0.695
0.793
0.795
0.068
0.351
0.238
0.431
0.425
0.585
0.534
0.288
0.23
0.155
0.941
0.326
0.225
0.086
0.596
0.246
0.049
0.548
0.404
0.08
0.522
0.062
0.966
0.687
0.266
0.004
0.253
0.349
0.295
0.897
0.644
0.541
0.123
0.992
0.55
0.933
0.483
0.382
0.402
0.254
0.763
0.117
0.244
0.708
0.113
0.109
0.664
0.248
0.028
0.83
0.146
0.959
0.884
0.708
0.263
0.546
0.346
0.033
0.406
0.425
0.214
0.403
0.055
0.243
0.201
0.677
0.779
0.336
0.585
0.464
0.214
0.674
0.875
0.214
0.17
0.087
0.184
0.577
0.515
0.318
0.139
0.038
0.188
0.704
0.453
0.515
0.062
0.715
0.176
0.875
0.203
0.009
0.795
0.461
0.308
0.389
0.224
0.814
0.39
0.081
0.79
0.009
0.746
0.833
0.612
0.746
0.946
0.537
0.109
0.453
0.075
0.65
0.89
0.535
0.614
0.774
0.795
0.573
0.808
0.08
0.78
0.519
0.465
0.727
0.529
0.543
0.589
0.419
0.248
0.857
0.061
0.015
0.563
0.434
0.204
0.855
0.128
0.617
0.146
0.973
0.587
0.115
0.874
0.457
0.038
0.859
0.266
0.955
0.823
0.802
0.177
0.262
0.476
0.431
0.031
0.403
0.454
0.542
0.338
0.271
0.874
0.926
0.909
0.307
0.813
0.92
0.323
0.765
0.177
0.456
0.839
0.7
0.131
0.626
0.195
0.465
0.292
0.379
0.566
0.111
0.959
0.495
0.395
0.578
0.07
0.372
0.398
0.567
0.398
0.212
0.255
0.273
0.609
0.634
0.422
0.784
0.091
0.101
0.835
0.173
0.91
0.558
0.792
0.727
0.162
0.803
0.43
0.898
0.577
0.166
0.462
0.525
0.536
0.823
0.423
0.733
0.687
0.274
0.64
0.674
0.235
0.232
0.153
0.492
0.673
0.101
0.127
0.083
0.746
0.221
0.398
0.873
0.434
0.909
0.023
0.291
0.146
0.667
0.214
0.904
0.649
0.553
0.381
0.456
0.357
0.405
0.118
0.825
0.451
0.763
0.897
0.038
0.182
0.09
0.823
0.64
0.665
0.252
0.919
0.169
0.369
0.187
0.399
0.353
0.404
0.581
0.637
0.929
0.12
0.464
0.223
0.77
0.322
0.887
0.347
0.087
0.518
0.145
0.277
0.896
0.429
0.05
0.727
0.902
0.143
0.556
0.869
0.93
0.012
0.708
0.433
0.816
0.458
0.566
0.337
0.927
0.654
0.908
0.891
0.685
0.554
0.229
0.992
0.629
0.43
0.624
0.263
0.926
0.727
0.594
0.651
0.936
0.815
0.505
0.088
0.448
0.785
0.978
0.03
0.791
0.302
0.587
0.338
0.739
0.525
0.769
0.951
0.795
0.481
0.557
0.671
0.805
0.283
0.89
0.805
0.434
0.991
0.614
0.524
0.099
0.308
0.66
0.858
0.386
0.493
0.224
0.015
0.887
0.942
0.494
0.206
0.613
0.334
0.828
0.212
0.15
0.092
0.995
0.745
0.763
0.561
0.662
0.595
0.527
0.896
0.446
0.129
0.833
0.172
0.235
0.442
0.415
0.345
0.534
0.845
0.283
0.82
0.416
0.982
0.545
0.333
0.412
0.199
0.184
0.785
0.192
0.808
0.135
0.359
0.831
0.139
0.305
0.382
0.088
0.729
0.491
0.329
0.868
0.997
0.66
0.542
0.2
0.527
0.165
0.804
0.486
0.069
0.757
0.049
0.573
0.181
0.72
0.589
0.099
0.327
0.461
0.865
0.613
0.167
0.445
0.178
0.147
0.482
0.549
0.837
0.097
0.613
0.256
0.707
0.0
0.533
0.121
0.014
0.049
0.554
0.409
0.501
0.579
0.111
0.005
0.971
0.936
0.593
0.125
0.576
0.503
0.846
0.709
0.789
0.202
0.489
0.159
0.278
0.101
0.591
0.952
0.701
0.173
0.96
0.306
0.643
0.396
0.77
0.793
0.034
0.262
0.159
0.825
0.665
0.495
0.588
0.591
0.13
0.945
0.105
0.424
0.575
0.826
0.994
0.731
0.15
0.279
0.704
0.258
0.668
0.416
0.73
0.34
0.7
0.696
0.791
0.026
0.784
0.246
0.013
0.646
0.54
0.212
0.251
0.051
0.655
0.109
0.557
0.353
0.832
0.64
0.359
0.155
0.501
0.6
0.737
0.154
0.467
0.497
0.061
0.302
0.22
0.707
0.457
0.692
0.713
0.467
0.584
0.018
0.772
0.096
0.623
0.054
0.153
0.134
0.455
0.73
0.357
0.437
0.771
0.049
0.851
0.511
0.483
0.313
0.657
0.421
0.777
0.027
0.716
0.624
0.998
0.988
0.443
0.206
0.222
0.278
0.796
0.092
0.153
0.169
0.364
0.001
0.431
0.882
0.268
0.908
0.762
0.613
0.945
0.557
0.179
0.292
0.415
0.432
0.939
0.514
0.796
0.856
0.268
0.328
0.55
0.529
0.805
0.12
0.575
0.981
0.22
0.916
0.012
0.297
0.119
0.705
0.4
0.836
0.529
0.061
0.76
0.714
0.973
0.548
0.662
0.016
0.05
0.644
0.388
0.55
0.85
0.62
0.858
0.445
0.581
0.307
0.033
0.496
0.529
0.535
0.3
0.033
0.237
0.669
0.295
0.102
0.325
0.119
0.633
0.569
0.575
0.31
0.761
0.373
0.729
0.276
0.992
0.2
0.523
0.09
0.827
0.356
0.397
0.06
0.017
0.067
0.141
0.127
0.513
0.665
0.435
0.061
0.642
0.125
0.803
0.694
0.425
0.585
0.493
0.781
0.339
0.019
0.405
0.975
0.182
0.261
0.736
0.768
0.591
0.056
0.482
0.652
0.896
0.634
0.423
0.389
0.285
0.96
0.815
0.4
0.941
0.665
0.556
0.336
0.442
0.078
0.896
0.984
0.307
0.079
0.396
0.958
0.602
0.352
0.663
0.6
0.772
0.71
0.787
0.705
0.004
0.516
0.676
0.571
0.143
0.007
0.884
