0.069
0.843
0.417
0.818
0.789
0.78
0.975
0.525
0.6
0.061
0.92
0.995
0.665
0.953
0.809
0.636
0.019
0.019
0.782
0.384
0.199
0.231
0.714
0.707
0.174
0.402
0.999
0.424
0.157
0.474
0.924
0.847
0.873
0.74
0.229
0.682
0.301
0.74
0.614
0.959
0.555
0.968
0.723
0
0.842
0.362
0.685
0.792
0.699
0.377
0.014
0.452
0.648
0.902
0.27
0.27
0.865
0.632
0.981
0.784
0.48
0.871
0.517
0.657
0.895
0.445
0.051
0.715
0.591
0.325
0.645
0.866
0.122
0.747
0.788
0.931
0.413
0.363
0.338
0.58
0.85
0.048
0.876
0.976
0.318
0.998
0.946
0.354
0.982
0.255
0.117
0.106
0.933
0.427
0.988
0.269
0.453
0.539
0.394
0.57
0.821
0.036
0.092
0.669
0.379
0.474
0.752
0.775
0.187
0.635
0.313
0.961
0.076
0.565
0
0.904
0.286
0.047
0.852
0.634
0.699
0.376
0.689
0.963
0.863
0.764
0.719
0.501
0.563
0.203
0.394
0.445
0.56
0.21
0.702
0.63
0.021
0.439
0.202
0.279
0.977
0.978
0.189
0.671
0.002
0.89
0.173
0.742
0.453
0.032
0.569
0.848
0.432
0.446
0.476
0.176
0.197
0.81
0.425
0.927
0.382
0.37
0.053
0.022
0.726
0.299
0.309
0.095
0.791
0.134
0.541
0.734
0.548
0.437
0.577
0.22
0.913
0.996
0.397
0.728
0.189
0.691
0.325
0.068
0.946
0.95
0.658
0.379
0.888
0.717
0.073
0.389
0.489
0.131
0.1
0.465
0.143
0.01
0.54
0.972
0.21
0.154
0.884
0.861
0.589
0.52
0.336
0.41
0.819
0.935
0.33
0.41
0.537
0.822
0.171
0.476
0.434
0.008
0.894
0.116
0.755
0.455
0.776
0.18
0.236
0.218
0.378
0.825
0.691
0.135
0.906
0.315
0.493
0.849
0.538
0.279
0.857
0.832
0.422
0.978
0.871
0.986
0.4
0.846
0.238
0.317
0.335
0.772
0.637
0.342
0.672
0.115
0.588
0.895
0.899
0.123
0.027
0.503
0.194
0.182
0.854
0.451
0.048
0.407
0.486
0.008
0.565
0.887
0.383
0.708
0.094
0.332
0.641
0.462
0.831
0.705
0.971
0.181
0.135
0.645
0.252
0.375
0.238
0.333
0.979
0.249
0.367
0.726
0.967
0.717
0.66
0.873
0.798
0.135
0.903
0.693
0.198
0.31
0.111
0.095
0.395
0.346
0.087
0.127
0.628
0.583
0.04
0.544
0.525
0.731
0.748
0.48
0.011
0.638
0.059
0.954
0.563
0.07
0.551
0.081
0.94
0.838
0.522
0.181
0.559
0.981
0.532
0.257
0.161
0.89
0.583
0.994
0.061
0.344
0.578
0.399
0.31
0.587
0.419
0.936
0.904
0.021
0.928
0.297
0.61
0.735
0.331
0.071
0.617
0.394
0.85
0.302
0.569
0.585
0.062
0.546
0.373
0.143
0.36
0.146
0.337
0.253
0.167
0.02
0.276
0.094
0.8
0.214
0.767
0.01
0.477
0.004
0.508
0
0.404
0.753
0.112
0.153
0.422
0.034
0.043
0.621
0.48
0.119
0.347
0.087
0.581
0.181
0.546
0.945
0.408
0.065
0.622
0.085
0.536
0.584
0.182
0.043
0.411
0.863
0.105
0.562
0.397
0.601
0.88
0.712
0.918
0.603
0.993
0.986
0.926
0.113
0.177
0.3
0.345
0.264
0.602
0.616
0.47
0.202
0.903
0.375
0.739
0.678
0.171
0.419
0.293
0.15
0.828
0.324
0.805
0.626
0.788
0.91
0.723
0.103
0.09
0.844
0.419
0.124
0.205
0.699
0.538
0.836
0.335
0.478
0.138
0.916
0.474
0.81
0.007
0.182
0.816
0.254
0.486
0.034
0.079
0.069
0.017
0.117
0.361
0.794
0.789
0.28
0.392
0.983
0.336
0.839
0.173
0.669
0.982
0.941
0.223
0.695
0.884
0.372
0.917
0.942
0.798
0.48
0.432
0.979
0.749
0.262
0.24
0.548
0.338
0.401
0.958
0.365
0.651
0.784
0.644
0.667
0.355
0.264
0.184
0.808
0.313
0.643
0.215
0.453
0.365
0.998
0.228
0.546
0.472
0.204
0.83
0.091
0.946
0.742
0.146
0.225
0.446
0.272
0.867
0.199
0.905
0.311
0.335
0.467
0.032
0.003
0.756
0.711
0.932
0.438
0.221
0.122
0.092
0.193
0.742
0.019
0.704
0.281
0.253
0.114
0.222
0.336
0.489
0.28
0.663
0.578
0.39
0.145
0.218
0.782
0.358
0.839
0.409
0.667
0
0.439
0.4
0.802
0.727
0.889
0.161
0.284
0.229
0.898
0.839
0.837
0.678
0.594
0.739
0.52
0.902
0.493
0.665
0.107
0.309
0.646
0.884
0.807
0.332
0.013
0.627
0.674
0.81
0.978
0.937
0.679
0.329
0.699
0.006
0.619
0.659
0.391
0.443
0.656
0.93
0.324
0.8
0.381
0.021
0.535
0.305
0.284
0.676
0.697
0.332
0.899
0.77
0.755
0.147
0.285
0.059
0.595
0.834
0.806
0.906
0.643
0.62
0.278
0.321
0.443
0.291
0.377
0.773
0.122
0.523
0.382
0.144
0.074
0.213
0.769
0.59
0.427
0.221
0.094
0.394
0.423
0.545
0.248
0.213
0.399
0.362
0.319
0.645
0.717
0.81
0.794
0.492
0.612
0.612
0.236
0.089
0.017
0.054
0.631
0.652
0.9
0.627
0
0.804
0.646
0.476
0.83
0.959
0.507
0.467
0.387
0.0
0.966
0.275
0.998
0.526
0.597
0.096
0.165
0.279
0.584
0.547
0.85
0.127
0.327
0.549
0.584
0.578
0.191
0.294
0.801
0.534
0.763
0.627
0.28
0.465
0.007
0.797
0.992
0.461
0.686
0.763
0.044
0.072
0.003
0.38
0.948
0.902
0.805
0.286
0.537
0.569
0.729
0.58
0.27
0.145
0.283
0.289
0.096
0.637
0.021
0.789
0.265
0.182
0.025
0.461
0.328
0.226
0.076
0.132
0.929
0.821
0.067
0.792
0.856
0.528
0.061
0.327
0.934
0.109
0.576
0.225
0.791
0.429
0.457
0.478
0.178
0.545
0.827
0.385
0.695
0.405
0.046
0.503
0.325
0.487
0.871
0.729
0.919
0.445
0.083
0.152
0.231
0.295
0.18
0.968
0.113
0.543
0.187
0.894
0.158
0.534
0.846
0.036
0.401
0.228
0.178
0.835
0.411
0.136
0.744
0.048
0.702
0.238
0.717
0.793
0.591
0.162
0.623
0.192
0.154
0.192
0.134
0.685
0.732
0.978
0.802
0.311
0.717
0.845
0.121
0.442
0.094
0.706
0
0.182
0.222
0.492
0.124
0.555
0.618
0.804
0.815
0.448
0.123
0.133
0.657
0
0.963
0.929
0.786
0.81
0.01
0.906
0.612
0.466
0.069
0.613
0.123
0.944
0.07
0.026
0.404
0.738
0.786
0.278
0.547
0.281
0.386
0.036
0.835
0.827
0.928
0.597
0.935
0.865
0.965
0.772
0.794
0.679
0.927
0.997
0.892
0.573
0.158
0.242
0.546
0.759
0.052
0.673
0.518
0.862
0.512
0.185
0.33
0.303
0.0
0.265
0.598
0.282
0.001
0.128
0.946
0.125
0.57
0.323
0.948
0.12
0.858
0.157
0.727
0.349
0.31
0.81
0.787
0.667
0.823
0.044
0.537
0.202
0.352
0.761
0.985
0.678
0.653
0.066
0.677
0.939
0.296
0
0.421
0.843
0.17
0.034
0.091
0.227
0.903
0.237
0.445
0.227
0.356
0.371
0.869
0.53
0.311
0.826
0.416
0.403
0.94
0.476
0.746
0.736
0.618
0.915
0.857
0.693
0.814
0.929
0.291
0.065
0.017
0.314
0.904
0.483
0.602
0.021
0.858
0.223
0.597
0.843
0.887
0.978
0.663
0.751
0.857
0.358
0.122
0.877
0.164
0.328
0.438
0.484
0.552
0.911
0.021
0.46
0.803
0.551
0.716
0.955
0.306
0.773
0.251
0.117
0.004
0.289
0.907
0.789
0.315
0.643
0.077
0.697
0.419
0.007
0.397
0.585
0.682
0.049
0.106
0.87
0.895
0.021
0.156
0.116
0.711
0.335
0.735
0.905
0.746
0.952
0.149
0.067
0.407
0.628
0.323
0.223
0.403
0.71
0.335
0.736
0.843
0.535
0.257
0.629
0.661
0.769
0.966
