0.194
0.237
0.715
0.46
0.07
0.39
0.864
0.573
0.828
0.916
0.94
0.137
0.776
0.772
0.782
0.322
0.346
0.685
0.653
0.186
0.503
0.108
0.163
0.346
0.573
0.904
0.775
0.611
0.472
0.098
0.965
0.254
0.943
0.668
0.731
0.573
0.466
0.533
0.881
0.481
0.334
0.168
0.5
0.031
0.497
0.427
0.981
0.424
0.521
0.956
0.475
0.195
0.451
0.604
0.275
0.546
0.714
0.038
0.797
0.678
0.457
0.651
0.794
0.159
0.878
0.153
0.361
0.164
0.293
0.872
0.561
0.614
0.201
0.608
0.074
0.81
0.819
0.813
0.699
0.313
0.461
0.842
0.644
0.479
0.68
0.7
0.964
0.81
0.586
0.763
0.099
0.826
0.764
0.716
0.31
0.484
0.583
0.258
0.457
0.191
0.376
0.065
0.548
0.398
0.067
0.58
0.771
0.379
0.06
0.674
0.568
0.167
0.048
0.846
0.608
0.264
0.25
0.86
0.022
0.102
0.894
0.957
0.384
0.562
0.423
0.946
0.36
0.588
0.201
0.374
0.782
0.559
0.151
0.304
0.148
0.75
0.771
0.659
0.709
0.008
0.625
0.905
0.026
0.037
0.31
0.748
0.566
0.062
0.163
0.921
0.447
0.676
0.185
0.126
0.133
0.501
0.743
0.067
0.802
0.879
0.852
0.886
0.396
0.067
0.097
0.707
0.405
0.123
0.864
0.446
0.053
0.195
0.338
0.707
0.98
0.323
0.135
0.855
0.966
0.457
0.025
0.197
0
0.435
0.312
0.832
0.084
0.939
0.157
0.963
0.613
0.664
0.727
0.881
0.537
0.266
0.816
0.911
0.748
0.096
0.181
0.821
0.742
0.242
0.435
0.552
0.133
0.31
0.703
0.607
0.637
0.41
0.569
0.402
0.675
0.377
0.126
0.654
0.372
0.505
0.85
0.232
0.966
0.851
0.908
0.136
0.819
0.496
0.452
0.746
0.544
0.22
0.881
0.331
0.158
0.207
0.52
0.895
0.183
0.015
0.899
0.115
0.215
0.869
0.304
0.988
0.235
0.253
0.067
0.455
0.539
0.976
0.674
0.447
0.59
0.186
0.91
0.518
0.184
0.825
0.454
0.832
0.608
0.674
0.586
0.921
0.878
0.673
0.193
0.839
0.74
0.599
0.952
0.208
0.022
0.767
0.078
0.506
0.09
0.324
0.199
0.947
0.072
0.315
0.013
0.761
0.28
0.43
0.576
0.287
0.044
0.241
0.044
0.969
0.416
0.931
0.549
0.892
0.548
0.312
0.955
0.38
0.708
0.592
0.032
0.149
0.718
0.321
0.44
0.514
0.378
0.662
0.376
0.664
0.522
0.121
0.957
0.621
0.055
0.71
0.056
0.681
0.037
0.893
0.491
0.343
0.404
0.289
0.357
0.264
0
0.968
0.352
0.916
0.86
0.993
0.398
0.784
0.541
0.856
0.847
0.239
0.345
0.529
0.964
0.603
0.639
0.193
0.145
0.115
0.532
0.576
0.719
0.339
0.331
0.847
0.353
0.255
0.262
0.612
0.658
0.282
0.918
0.738
0
0.683
0.802
0.296
0.87
0.225
0.611
0.789
0.568
0.601
0.745
0.421
0.809
0.286
0.698
0.694
0.827
0.434
0.96
0.76
0.321
0.679
0.14
0.842
0.005
0.226
0.648
0.064
0.763
0.449
0.124
0.587
0.649
0.335
0.384
0.731
0.8
0.995
0.382
0.897
0.876
0.811
0.234
0.219
0.62
0.429
0.995
0.81
0.24
0.539
0.634
0.794
0.217
0.009
0.944
0.561
0.419
0.438
0.429
0.201
0.9
0.64
0.467
0.593
0.054
0.462
0.763
0.653
0.8
0.496
0.414
0.151
0.633
0.071
0.859
0.604
0.459
0.013
0.363
0.872
0.73
0.959
0.217
0.553
0.313
0.788
0.284
0.322
0.992
0.851
0.129
0.27
0.986
0.748
0.965
0.993
0.021
0.474
0.731
0.694
0.521
0.89
0.225
0.475
0.769
0.696
0.207
0.828
0.127
0.147
0.672
0.83
0.22
0.246
0.157
0.413
0.577
0.136
0.065
0.197
0.389
0.336
0.133
0.019
0.659
0.359
0.862
0.874
0.173
0.892
0.549
0.744
0.088
0.126
0.854
0.611
0.408
0.2
0.812
0.134
0.26
0.876
0.979
0.774
0.966
0.948
0.658
0.195
0.56
0.277
0.06
0.03
0.261
0.143
0.867
0.29
0.345
0.52
0.003
0.027
0.945
0.367
0.389
0.613
0.156
0.855
0.217
0.499
0.114
0.821
0.715
0.613
0.768
0.889
0.352
0.629
0.755
0.733
0.999
0.669
0.72
0.989
0.789
0.012
0.623
0.808
0.193
0.848
0.886
0.29
0.778
0.48
0.584
0.775
0.162
0.276
0.877
0.047
0.963
0.259
0.939
0.978
0.679
0.581
0.159
0.444
0.515
0.397
0.331
0.629
0.387
0.366
0.498
0.154
0.491
0.903
0.62
0.21
0.838
0.14
0.688
0.847
0.433
0.695
0.677
0.212
0.661
0.825
0.785
0.232
0.943
0.028
0.772
0.446
0.547
0.472
0.329
0.706
0.678
0.098
0.2
0.291
0.715
0.371
0.672
0.13
0.421
0.765
0.105
0.772
0.503
0.965
0.471
0.231
0.694
0.721
0.397
0.766
0.121
0.401
0.152
0.257
0.351
0.855
0.804
0.306
0.215
0.177
0.129
0.104
0.14
0.252
0.191
0.131
0.703
0.227
0.943
0.852
0.536
0.411
0.03
0.539
0.673
0.463
0.173
0.628
0.495
0.357
0.666
0.066
0.215
0.522
0.069
0.141
0.914
0.947
0.687
0.802
0.569
0.847
0.668
0.887
0.144
0.578
0.042
0.342
0.974
0.591
0.491
0.986
0.173
0.021
0.593
0.057
0.322
0.265
0.559
0.188
0.921
0.232
0.05
0.532
0.477
0.627
0.031
0.223
0.469
0.796
0.272
0.057
0.198
0.261
0.707
0.557
0.942
0.591
0.433
0.243
0.964
0.499
0.507
0.131
0.226
0.191
0.518
0.738
0.005
0.58
0.542
0.417
0.507
0.667
0.108
0.381
0.798
0.086
0.44
0.726
0.768
0.911
0.002
0.912
0.448
0.478
0.08
0.547
0.789
0.304
0.252
0.141
0.787
0.112
0.163
0.736
0.926
0.565
0.203
0.501
0.431
0.839
0.998
0.125
0.518
0.572
0.543
0.869
0.155
0.595
0.846
0.768
0
0.022
0.665
0.346
0.87
0.273
0.73
0.219
0.957
0.412
0.557
0.281
0.419
0.48
0.309
0.266
0.75
0.052
0.769
0.818
0.086
0.066
0.829
0.551
0.574
0.834
0.972
0.514
0.157
0.755
0.193
0.821
0.15
0.964
0.164
0.759
0.695
0.944
0.861
0.896
0.926
0.272
0.469
0.109
0.984
0.388
0.952
0.387
0.288
0.492
0.98
0.622
0.067
0.733
0.395
0.194
0.355
0.096
0.492
0.225
0.528
0.831
0.234
0.708
0.544
0.274
0.015
0.05
0.889
0.021
0.005
0.091
0.544
0.658
0.578
0.243
0.743
0.311
0.939
0.559
0.306
0.672
0.78
0.929
0.44
0.769
0.549
0.617
0.46
0.188
0.736
0.674
0.468
0.469
0.08
0.435
0.518
0.069
0.079
0.157
0.593
0.035
0.96
0.445
0.475
0.56
0.908
0.431
0.947
0.802
0.28
0.879
0.91
0.018
0.011
0.97
0.149
0.989
0.548
0.512
0.935
0.786
0.111
0.426
0.977
0.142
0.362
0.997
0.781
0.678
0.03
0.939
0.406
0.643
0.966
0.287
0.576
0.262
0.073
0.96
0.292
0.839
0.544
0.132
0.665
0.067
0.133
0.814
0.468
0.91
0.427
0.4
0.616
0.147
0.866
0
0.093
0.455
0.657
0.519
0.658
0.171
0.669
0.881
0.101
0.118
0.781
0.882
0.267
0.877
0.752
0.815
0.828
0.272
0.73
0.565
0.444
0.365
0.743
0.699
0.795
0.303
0.296
0.073
0.867
0.752
0.663
0.389
0.417
0.592
0.003
0.775
0.986
0.972
0.272
0.815
0.1
0.92
0.475
0.103
0.594
0.095
0.358
0.563
0.77
0.393
0.361
0.941
0.947
0.148
0.212
0.2
0.001
0.423
0.267
0.148
0.861
0.334
0.115
0.581
0.044
0.316
0.457
0.978
0.253
0.67
0.206
0.255
0.892
0.534
0.303
0.719
0.233
0.091
0.991
0.902
0.442
0.397
0.676
0.301
0.343
0.586
0.826
0.072
0.312
0.841
