0.496
0.413
0.417
0.285
0.976
0.985
0.382
0.407
0.504
0.936
0.709
0.492
0.011
0.493
0.471
0.82
0.404
0.423
0.881
0.703
0.527
0.163
0.35
0.931
0.73
0.907
0.118
0.394
0.806
0.148
0.13
0.454
0.995
0.997
0.041
0.577
0.52
0.744
0.219
0.984
0.89
0.278
0.919
0.295
0.744
0.427
0.558
0.052
0.511
0.047
0.134
0.926
0.775
0.632
0.2
0.183
0.756
0.515
0.426
0.085
0.549
0.887
0.469
0.695
0.443
0.487
0.622
0.452
0.97
0.908
0.356
0.18
0.0
0.174
0.159
0.394
0.093
0.217
0.016
0.661
0.024
0.918
0.091
0.449
0.533
0.231
0.208
0.029
0.156
0.045
0.885
0.166
0.865
0.308
0.381
0.784
0.687
0.812
0.612
0.713
0.779
0.813
0.105
0.006
0.793
0.084
0.909
0.989
0.48
0.513
0.015
0.143
0.181
0.867
0.498
0.479
0.026
0.069
0.161
0.753
0.059
0.546
0.572
0.133
0.05
0.933
0.416
0.091
0.712
0.459
0.386
0.905
0.132
0.102
0.231
0.019
0.505
0.967
0.391
0.281
0.449
0.537
0.428
0.037
0.526
0.234
0.176
0.322
0.155
0.715
0.582
0.944
0.043
0.13
0.452
0.459
0.233
0.392
0.306
0.527
0.391
0.399
0.184
0.468
0.248
0.715
0.436
0.455
0.236
0.202
0.05
0.453
0.208
0.337
0.978
0.465
0.704
0.068
0.307
0.982
0.459
0.374
0.808
0.723
0.369
0.389
0.864
0.195
0.081
0.305
0.751
0.192
0.552
0.543
0.586
0.857
0.166
0.228
0.811
0.04
0.837
0.477
0
0.83
0.873
0.786
0.105
0.206
0.774
0.698
0.219
0.235
0.197
0.182
0.396
0.277
0.182
0.367
0.866
0.69
0.019
0.171
0.719
0.118
0.523
0.198
0.033
0.666
0.382
0.798
0.802
0.79
0.214
0.688
0.736
0.492
0.539
0.338
0.288
0.354
0.489
0.345
0.773
0.818
0.43
0.022
0.909
0.395
0.353
0.297
0.55
0.792
0.51
0.919
0.974
0.84
0.555
0.748
0.341
0.738
0.453
0.211
0.32
0.95
0.319
0.894
0.502
0.384
0.91
0.648
0.695
0.262
0.82
0.844
0.776
0.484
0.554
0.624
0.402
0.545
0.997
0.291
0.561
0.738
0.151
0.501
0.32
0.754
0.826
0.171
0.937
0.128
0.551
0.498
0.99
0.668
0.954
0.338
0.668
0.866
0.686
0.985
0.058
0.081
0.952
0.636
0.302
0.919
0.461
0.536
0.374
0.767
0.077
0.018
0.888
0.719
0.446
0.051
0.211
0.939
0.064
0.424
0.893
0.96
0.104
0.2
0.821
0.548
0.487
0.259
0.571
0.34
0.812
0.068
0.35
0.297
0.211
0.856
0.28
0.28
0.648
0.997
0.086
0.046
0.28
0.207
0.311
0.985
0.77
0.152
0.475
0.861
0.948
0.014
0.781
0.164
0.225
0.4
0.02
0.112
0.24
0.838
0.072
0.655
0.683
0.838
0.483
0.274
0.058
0.907
0.383
0.404
0.528
0.801
0.975
0.44
0.109
0.968
0.126
0.813
0.143
0.071
0.153
0.27
0.945
0.234
0.427
0.75
0.48
0.849
0.578
0.713
0.062
0.49
0.645
0.245
0.63
0.24
0.586
0.456
0.602
0.672
0.102
0.422
0.413
0.765
0.991
0.313
0.694
0.177
0.612
0.874
0.869
0.707
0.42
0.633
0.816
0.611
0.57
0.827
0.404
0.918
0.488
0.919
0.178
0.243
0.874
0.303
0.198
0.937
0.929
0.7
0.2
0.45
0.887
0.419
0.951
0.091
0.399
0.55
0.72
0.602
0.678
0.404
0.963
0.316
0.956
0.168
0.241
0.531
0.421
0.76
0.423
0.683
0.599
0.928
0.051
0.654
0.749
0.071
0.95
0.72
0.766
0.608
0.73
0.922
0.486
0.95
0.244
0.484
0.894
0.212
0.079
0.238
0.39
0.667
0.634
0.503
0.633
0.011
0.936
0.256
0.093
0.43
0.757
0.25
0.802
0.362
0.129
0.785
0.497
0.971
0.813
0.47
0.325
0.273
0.363
0.553
0.053
0.168
0.785
0.459
0.002
0.264
0.769
0.215
0.597
0.729
0.044
0.385
0.433
0.061
0.957
0.305
0.046
0.287
0.493
0.888
0.661
0.438
0.095
0.23
0.682
0.618
0.132
0.256
0.099
0.51
0.139
0.356
0.572
0.089
0.41
0.677
0.305
0.628
0.454
0.951
0.296
0.48
0.244
0.354
0.251
0.372
0.866
0.133
0.575
0.067
0.867
0.116
0.654
0.022
0.787
0.934
0.67
0.59
0.602
0.31
0.132
0.34
0.715
0.95
0.286
0.499
0.627
0.902
0.646
0.834
0.704
0.473
0.534
0.789
0.448
0.906
0.061
0.845
0.649
0.807
0.973
0.298
0.117
0.308
0.942
0.215
0.972
0.146
0.393
0.735
0.877
0.115
0.906
0.066
0.088
0.683
0
0.918
0.516
0.73
0.048
0.076
0.105
0.775
0.395
0.501
0.705
0.67
0.158
0.458
0.292
0.344
0.989
0.205
0.449
0.595
0.196
0.412
0.043
0.141
0.623
0.232
0.98
0.168
0.91
0.846
0.208
0.857
0.11
0.933
0.974
0.408
0.945
0.71
0.122
0.322
0.067
0.578
0
0.239
0.293
0.298
0.658
0.92
0.698
0.92
0.991
0.762
0.991
0.599
0.484
0.324
0.926
0.094
0.167
0.461
0.952
0.874
0.238
0.786
0.979
0.467
0.27
0.663
0.584
0.807
0.883
0.05
0.979
0.566
0.703
0.948
0.471
0.986
0.074
0.198
0.452
0.834
0.047
0.667
0.996
0
0.001
0.498
0.18
0.339
0.201
0.6
0.364
0.052
0.813
0.153
0.26
0.219
0
0.859
0.031
0.673
0.995
0.731
0.18
0.319
0.563
0.428
0.702
0.154
0.899
0.977
0.857
0.471
0.815
0.026
0.165
0.023
0.268
0.96
0.142
0.502
0.348
0.962
0.765
0.755
0.755
0.357
0.816
0.757
0.832
0.149
0.872
0.435
0.625
0.567
0.476
0.505
0.261
0.96
0.165
0.233
0.967
0.809
0.962
0.184
0.117
0.965
0.243
0.924
0.908
0.941
0.207
0.099
0.803
0.254
0.759
0.75
0.38
0.364
0.393
0.722
0.357
0.253
0.431
0.332
0.794
0.388
0.494
0.317
0.906
0.411
0.237
0.224
0.106
0.681
0.034
0.2
0.396
0.596
0.568
0.541
0.924
0.354
0
0.2
0.557
0.53
0.106
0.596
0.061
0.742
0.39
0.202
0.789
0.351
0.024
0.341
0.574
0.033
0.638
0.33
0.405
0.682
0.457
0.679
0.268
0.34
0.973
0.915
0.87
0.836
0.14
0.512
0.706
0.774
0.463
0.704
0.81
0.801
0.328
0.592
0.48
0.313
0.459
0.836
0.521
0.038
0.037
0.062
0.453
0.79
0.293
0.569
0.095
0.268
0.484
0.457
0.572
0.934
0.44
0.363
0.936
0.194
0.763
0.872
0.166
0.537
0.349
0.452
0.478
0.509
0.086
0.634
0.423
0.832
0.297
0.186
0.332
0.67
0.415
0.481
0.432
0.524
0.612
0.354
0.525
0.164
0.869
0.433
0.304
0.35
0.38
0.93
0.851
0.801
0.865
0.251
0.006
0.614
0.221
0.443
0.506
0.862
0.817
0.326
0.297
0.586
0.56
0.658
0.385
0.918
0.31
0.908
0.946
0.509
0.438
0.386
0.806
0.981
0.584
0.734
0.012
0.052
0.697
0.902
0.49
0.314
0.467
0.077
0.337
0.572
0.832
0.618
0.933
0.714
0.76
0.222
0.103
0.807
0.182
0.113
0.662
0.393
0.866
0.224
0.042
0.862
0.618
0.845
0.319
0.66
0.662
0.347
0.862
0.472
0.315
0.718
0.349
0.586
0.012
0.205
0.471
0.96
0.561
0.59
0.817
0.635
0.433
0.539
0.775
0.635
0.707
0.577
0.958
0.512
0.045
0.798
0.25
0.031
0.64
0.817
0.523
0.422
0.834
0.152
0.959
0.965
0.897
0.277
0.574
0.159
0.666
0.324
0.908
0.669
0.055
0.601
0.337
0.898
0.314
0.164
0.758
0.739
0.865
0.63
0.068
0.863
0.708
0.46
0.611
0.999
0.401
0.093
0.175
0.476
0.348
0.92
0.543
0.568
0.116
0.843
0.649
0.249
0.67
0.97
