0.443
0.566
0.05
0.481
0.939
0.164
0.017
0.373
0.358
0.298
0.35
0.088
0.599
0.35
0.081
0.846
0.147
0.46
0.808
0.642
0.429
0.003
0.545
0.325
0.24
0.487
0.795
0.393
0.481
0.908
0.514
0.476
0.627
0.158
0.594
0.536
0.767
0.647
0.715
0.857
0.574
0.15
0.662
0.909
0.361
0.186
0.74
0.936
0.336
0.122
0.348
0.307
0.647
0.289
0.714
0.744
0.843
0.183
0.433
0.055
0.138
0.9
0.228
0.992
0.545
0.731
0.74
0.71
0.687
0.214
0.086
0.639
0.426
0.852
0.453
0.528
0.312
0.939
0.161
0.79
0.969
0.957
0.682
0.629
0.812
0.361
0.161
0.638
0.527
0.659
0.609
0.274
0.954
0.547
0.573
0.033
0.201
0.35
0.952
0.931
0.401
0.436
0.715
0.288
0.207
0.025
0.315
0.103
0.777
0.825
0.453
0.418
0.352
0.315
0.987
0.533
0.704
0.513
0.138
0.769
0.459
0.181
0.99
0.963
0.428
0.083
0.248
0.364
0.706
0.078
0.21
0.052
0.255
0.73
0.814
0.122
0.218
0.832
0.297
0.615
0.083
0.822
0.302
0.395
0.049
0.008
0.213
0.874
0.978
0.443
0.779
0.703
0.459
0.205
0.753
0.935
0.647
0.875
0.268
0.903
0.737
0.294
0.193
0.272
0.414
0.297
0.427
0.274
0.943
0.343
0.025
0.281
0.049
0.415
0.745
0.306
0.113
0.31
0
0.222
0.578
0.937
0.951
0.796
0.084
0.989
0.822
0.732
0.941
0.885
0.072
0.967
0.434
0.943
0.525
0.661
0.161
0.28
0.563
0.666
0.483
0.993
0.676
0.644
0.466
0.116
0.185
0.259
0.68
0.215
0.144
0.911
0.746
0.233
0.247
0.372
0.369
0.129
0.166
0.512
0.316
0.651
0.041
0.038
0.572
0.755
0.989
0.241
0.942
0.015
0.6
0.366
0.388
0.575
0.466
0.779
0.938
0.81
0.193
0.07
0.437
0.444
0.374
0.265
0.882
0.902
0.823
0.987
0.267
0.495
0.223
0.979
0.97
0.947
0.47
0.144
0.19
0.333
0.471
0.842
0.173
0.596
0.598
0.549
0.17
0.293
0.426
0.083
0.197
0.429
0.839
0.909
0.841
0.422
0.96
0.883
0.566
0.324
0.979
0.037
0.485
0.084
0.774
0.407
0.071
0.812
0.168
0.086
0.814
0.892
0.892
0.379
0.051
0.715
0.827
0.595
0.206
0.3
0.821
0.982
0.817
0.703
0.916
0.658
0.225
0.442
0.642
0.468
0.751
0.996
0.569
0.927
0.26
0.435
0.638
0.419
0.755
0.261
0.483
0.222
0.597
0.74
0.609
0.264
0.962
0.254
0.104
0.402
0.598
0.11
0.53
0.908
0.587
0.038
0.442
0.076
0.804
0.615
0.647
0.307
0.542
0.237
0.499
0.114
0.239
0.745
0.834
0.38
0.575
0.171
0.289
0.534
0.888
0.959
0.541
0.284
0.142
0.901
0.308
0.686
0.186
0.581
0.984
0.587
0.064
0.084
0.642
0.012
0.522
0.587
0.372
0.779
0.256
0.454
0.244
0.229
0.741
0.413
0.285
0.801
0.943
0.956
0.343
0.261
0.137
0.479
0.406
0
0.285
0.23
0.551
0.651
0.788
0.964
0.514
0.917
0.349
0.7
0.086
0.371
0.543
0.458
0.164
0.117
0.895
0.584
0.683
0.219
0.668
0.912
0.548
0.187
0.006
0.229
0.371
0.711
0.973
0.04
0.313
0.845
0.962
0.078
0.911
0
0.028
0.95
0.869
0.152
0.367
0.847
0.424
0.178
0.183
0.529
0.848
0.263
0.309
0.648
0.583
0.95
0.193
0.816
0.501
0.732
0.222
0.807
0.859
0.801
0.723
0.576
0.852
0.625
0.095
0.856
0.279
0.382
0.923
0.547
0.659
0.511
0.243
0.623
0.552
0.888
0.719
0.675
0.916
0.079
0.737
0.187
0.05
0.97
1.0
0.41
0.151
0.493
0.462
0.861
0.619
0.023
0.46
0.602
0.122
0.468
0.432
0.507
0.919
0
0.859
0.685
0.708
0.278
0.307
0.117
0.804
0.763
0.278
0.022
0.363
0.335
0.388
0.0
0.698
0.506
0.397
0.487
0.573
0.075
0.686
0.614
0.644
0.106
0.415
0.377
0.018
0.452
0.826
0.677
0.798
0.98
0.852
0.961
0.043
0.32
0.475
0.46
0.679
0.753
0.302
0.169
0.485
0.179
0.399
0.401
0.973
0.96
0.364
0.878
0.221
0.939
0.798
0.355
0.727
0.856
0.69
0.961
0.498
0.881
0.217
0.524
0.882
0.861
0.047
0.796
0.542
0.105
0.368
0.83
0.313
0.699
0.313
0.569
0.583
0.035
0.899
0.465
0.354
0.697
0.079
0.27
0.387
0.96
0.659
0.656
0.827
0.295
0.673
0.469
0.11
0.049
0.574
0.746
0.44
0.234
0.993
0.264
0.039
0.511
0.661
0.206
0.523
0.997
0.1
0.847
0.509
0.303
0.595
0.339
0.933
0.985
0.597
0.767
0
0.149
0.536
0.499
0.819
0.946
0.261
0.674
0.139
0.329
0.853
0.801
0.783
0.819
0.66
0.272
0.95
0.358
0.396
0.619
0.473
0.317
0.957
0.965
0.303
0.48
0.95
0.435
0.729
0.245
0.26
0.602
0.567
0.304
0.782
0.862
0.32
0.734
0.834
0.462
0.988
0.185
0.235
0.386
0.213
0.671
0.672
0.433
0.489
0.57
0.864
0.44
0.499
0.585
0.29
0.862
0.428
0.683
0.872
0.876
0.333
0.93
0.78
0.062
0.324
0.729
0.208
0.539
0.354
0.381
0.837
0.724
0.006
0.54
0.063
0.053
0.51
0.786
0.26
0.932
0.456
0.094
0.345
0.768
0.449
0.594
0.013
0.767
0.506
0.84
0.949
0.129
0.084
0.822
0.311
0.716
0.851
0.497
0.353
0.152
0.68
0.099
0.713
0.187
0.925
0.8
0.043
0.65
0.607
0.388
0.562
0.804
0.553
0.844
0.132
0.654
0.034
0.109
0.64
0.027
0.971
0.557
0.939
0.184
0.051
0.836
0.035
0.037
0.135
0.973
0.699
0.531
0.958
0.867
0.915
0.867
0.136
0.093
0.149
0.922
0.762
0.796
0.362
0.235
0.423
0.38
0.575
0.788
0.262
0.71
0.585
0.632
0.18
0.003
0.034
0.365
0.936
0.595
0.212
0.845
0.854
0.032
0.592
0.854
0.6
0.951
0.199
0.561
0.085
0
0.254
0.295
0.122
0.591
0.956
0.334
0.902
0.631
0.228
0.764
0.058
0.774
0.002
0.603
0.089
0.634
0.769
0.324
0
0.382
0.436
0.019
0.108
0.024
0.983
0.787
0.686
0.423
0.867
0.674
0.604
0.245
0.929
0.979
0.696
0.328
0.529
0.206
0.933
0.734
0
0.642
0.428
0.289
0.157
0.873
0.03
0.855
0.206
0.139
0.859
0.972
0.787
0.543
0.232
0.38
0.988
0.055
0.533
0.031
0.338
0.586
0.3
0.538
0.923
0.073
0.711
0.145
0.712
0.008
0.484
0.842
0.245
0.055
0.026
0.968
0.022
0.805
0.471
0.577
0.236
0.846
0.044
0.124
0.8
0.678
0.119
0.472
0.015
0.497
0.173
0.884
0.915
0.312
0.62
0.04
0.222
0.213
0.753
0.408
0.188
0.968
0.576
0.353
0.004
0.571
0.614
0.746
0.953
0.827
0.529
0.962
0.917
0.789
0.346
0.993
0.439
0.908
0.7
0.691
0.37
0.428
0.032
0.886
0.012
0.72
0.061
0.18
0.186
0.755
0.661
0.706
0.411
0.286
0.744
0.101
0.087
0.57
0.604
0.031
0.811
0.059
0.848
0.953
0.534
0.283
0.229
0.013
0.651
0.545
0.247
0.291
0.291
0.723
0.152
0.042
0.295
0.698
0.992
0.226
0.1
0.015
0.801
0.857
0.323
0.378
0.577
0.493
0.379
0.022
0.687
0.215
0.787
0.208
0.026
0.46
0.893
0.686
0.083
0.132
0.27
0.828
0.22
0.152
0.53
0.896
0.384
0.156
0.866
0.971
0.071
0.562
0.103
0.745
0.382
0.688
0.14
0.568
0.304
0.271
0.762
0.158
0.567
0.338
0.595
0.358
0.459
0.628
0.592
0.732
0.964
0.554
0.698
0.298
0.471
0.265
0.806
0.714
0.647
0.406
0.906
0.83
0.965
0.313
0.454
0.645
0.528
0.817
