0.984
0.948
0.596
0.506
0.832
0.702
0.07
0.445
0.469
0.404
0.503
0.594
0.383
0.862
0.249
0.165
0.861
0.904
0.768
0.846
0.996
0.388
0.178
0.698
0.011
0.112
0.075
0.425
0.71
0.529
0.471
0.691
0.303
0.58
0.228
0.062
0.847
0.408
0.65
0.087
0.377
0.962
0.542
0.157
0.825
0.844
0.522
0.037
0.448
0.263
0.523
0.039
0.634
0.445
0.744
0.099
0.077
0.049
0.408
0.343
0.172
0.105
0.233
0.487
0.091
0.511
0.095
0.236
0.516
0.951
0.121
0.973
0.906
0.897
0.875
0.801
0.375
0.118
0.156
0.283
0.368
0.335
0.73
0.985
0.513
0.605
0.81
0.466
0.169
0.632
0.494
0.011
0.57
0
0.881
0.696
0.088
0.099
0.295
0.239
0.454
0.589
0.571
0.682
0.277
0.097
0.172
0.006
0.059
0.301
0.068
0.417
0.112
0.38
0.755
0.154
0.849
0.747
0.894
0.818
0.061
0.516
0.494
0.862
0.641
0.385
0.752
0.79
0.71
0.603
0.461
0.66
0.127
0.871
0.179
0.428
0.412
0.8
0.884
0.735
0.415
0.213
0.57
0.055
0.11
0.792
0.85
0.315
0.367
0.916
0.56
0.577
0.281
0.265
0.283
0.555
0.184
0.76
0.829
0.782
0.372
0.086
0.946
0.986
0.557
0.102
0.579
0.48
0.332
0.371
0.111
0.136
0.82
0.479
0.757
0.49
0.319
0.996
0.098
0.013
0.01
0.713
0.687
0.269
0.531
0.876
0.074
0.415
0.378
0.603
0.759
0.784
0.801
0.739
0.642
0.336
0.539
0.425
0.317
0.032
0.165
0.355
0.83
0.375
0.329
0.052
0.614
0.702
0.146
0.033
0.456
0.906
0.667
0.562
0.159
0.527
0.926
0.362
0.838
0.149
0.095
0.663
0.857
0.774
0.599
0.528
0.071
0.446
0.183
0.686
0.601
0.064
0.389
0.167
0.796
0.013
0.587
0.14
0.853
0.085
0.47
0.341
0.871
0.875
0.559
0.989
0.182
0.241
0.394
0.214
0.245
0.687
0.754
0.8
0.305
0.478
0.957
0.848
0.792
0.577
0.044
0.638
0.985
0.72
0.578
0.738
0.998
0.969
0.477
0.265
0.985
0.184
0.893
0.221
0.346
0.473
0.497
0.204
0.312
0.694
0.915
0.123
0.391
0.237
0.416
0.972
0.942
0.647
0.051
0.69
0.372
0.808
0.936
0.124
0.731
0.254
0.791
0.799
0.963
0.715
0.905
0.136
0.571
0.952
0.933
0.41
0.394
0.996
0.123
0.623
0.375
0.884
0.748
0.49
0.487
0.591
0.627
0.541
0.624
0.66
0.948
0.61
0.567
0.8
0.386
0.267
0.268
0.491
0.457
0.146
0.354
0.988
0.422
0.664
0.062
0.109
0.929
0.127
0.616
0.623
0.219
0.495
0.37
0.24
0.704
0.774
0.468
0.346
0.874
0.172
0.217
0.595
0.655
0.872
0.087
0.158
0.846
0.635
0.976
0.029
0.904
0.859
0.634
0.266
0.148
0.518
0.002
0.581
0.49
0.977
0.122
0.276
0.794
0.948
0.372
0.948
0.006
0.414
0.802
0.292
0.815
0.396
0.681
0.592
0.103
0.686
0.663
0.168
0.022
0.337
0.895
0.914
0.606
0.671
0.547
0.996
0.884
0.772
0.094
0.507
0.829
0.586
0.293
0.311
0.602
0.88
0.357
0.157
0.691
0.015
0
0.329
0.543
0.152
0.488
0.582
0.392
0.155
0.146
0.545
0.58
0.552
0.95
0.649
0.285
0.193
0.472
0.331
0.68
0.091
0.887
0.987
0.792
0.777
0.172
0.742
0.063
0.825
0.558
0.337
0.842
0.591
0.19
0.987
0.125
0.343
0.981
0.036
0.679
0.92
0.438
0.548
0.868
0.399
0.428
0.672
0.229
0.895
0.692
0.301
0.651
0.17
0.139
0.252
0.605
0.838
0.916
0.911
0.395
0.86
0.65
0.443
0.487
0.81
0.554
0.492
0.01
0.78
0.64
0.94
0.318
0.989
0.906
0.617
0.197
0.784
0.673
0.113
0.052
0.131
0.225
0.321
0.991
0.593
0.013
0.618
0.149
0.099
0.129
0.567
0.624
0.438
0.591
0.739
0.658
0.25
0.998
0.33
0.047
0.932
0.681
0.523
0.186
0.672
0.103
0.92
0.216
0.741
0.163
0.457
0.03
0.068
0.996
0.508
0.282
0.065
0.418
0.335
0.112
0.28
0.775
0.826
0.225
0.131
0.15
0.065
0.256
0.292
0.475
0.442
0.325
0.022
0.587
0.597
0.303
0.171
0.74
0.452
0.055
0.271
0.265
0.38
0.112
0.186
0.999
0.997
0.937
0.57
0.604
0.367
0.912
0.327
0.921
0.769
0.359
0.963
0.665
0.946
0.534
0.277
0.848
0.33
0.224
0.475
0.656
0.22
0.734
0.722
0.078
0.592
0.512
0.281
0.863
0.343
0.846
0.168
0.342
0.186
0.601
0.779
0.465
0.712
0.839
0.14
0.765
0.03
0.337
0.756
0.26
0.777
0.472
0.295
0.379
0.883
0.029
0.128
0.646
0.006
0.135
0.446
0.814
0.901
0.942
0.202
0.765
0.92
0.863
0.287
0.169
0.581
0.064
0.311
0.78
0.168
0.749
0.569
0.357
0.835
0.19
0.834
0.095
0.17
0.417
0.85
0.554
0.705
0.006
0.264
0.292
0.957
0.071
0.087
0.227
0.372
0
0.301
0.885
0.222
0.9
0.883
0.783
0.077
0.511
0.354
0.697
0.307
0.972
0.477
0.63
0.121
0.338
0.549
0.852
0.021
0.973
0.542
0.095
0.67
0.381
0.666
0.954
0.573
0.393
0.475
0.627
0.914
0.131
0.014
0.558
0.819
0.498
0.638
0.804
0.26
0.948
0.125
0.223
0.375
0.469
0.784
0.4
0.911
0.463
0.709
0.756
0.234
0.498
0.315
0.483
0.355
0.852
0.002
0.691
0.802
0.352
0.631
0.43
0.066
0.753
0.459
0.099
0.289
0.826
0
0.037
0.751
0.737
0.576
0.949
0.924
0.219
0.905
0.367
0.795
0.069
0.023
0.752
0.05
0.197
0.577
0.165
0.862
0.158
0.464
0.478
0.218
0.662
0.443
0.493
0.345
0.892
0.862
0.814
0.074
0.992
0.115
0.275
0.799
0.201
0.71
0.794
0.044
0.957
0.93
0.985
0.818
0.499
0.996
0.338
0.264
0.222
0.104
0.55
0.097
0.525
0.682
0.966
0.055
0.166
0.564
0.675
0.938
0.428
0.428
0.029
0.542
0.561
0.677
0.611
0.757
0.255
0.768
0.869
0.922
0.797
0.027
0.692
0.807
0.508
0.142
0.272
0.727
0.077
0.064
0.294
0.902
0.455
0.023
0.825
0.394
0.03
0.78
0.769
0.469
0.69
0.097
0.352
0.272
0.902
0.211
0.296
0.362
0.961
0.528
0.255
0.937
0.221
0.866
0.514
0.699
0.401
0.323
0.491
0.804
0.445
0.498
0.725
0.294
0.618
0.952
0.322
0.648
0.354
0.439
0.178
0.423
0.371
0.295
0.699
0.59
0.268
0.588
0.737
0.343
0.396
0.923
0.463
0.835
0.418
0.517
0.481
0.591
0.81
0.347
0.94
0.071
0.599
0.724
0.487
0.329
0.339
0.259
0.801
0.687
0.117
0.336
0.491
0.492
0.806
0.764
0.986
0.858
0.26
0.322
0.217
0.946
0.614
0.954
0.316
0.592
0.429
0.484
0.672
0.26
0.999
0.702
0.435
0.655
0.019
0.038
0.959
0.215
0.35
0.576
0.124
0.285
0.722
0.699
0.88
0.786
0.199
0.565
0.722
0.334
0.584
0.251
0.702
0.834
0.565
0.886
0.608
0.324
0.397
0.241
0.225
0.32
0.363
0.308
0.928
0.055
0.498
0.106
0.739
0.304
0.22
0.128
0.918
0.958
0.815
0.082
0.086
0.048
0.787
0.602
0.314
0.612
0.469
0.879
0.858
0.142
0.625
0.483
0.638
0.602
0.693
0.752
0.055
0.383
0.419
0.237
0.471
0.008
0.104
0.193
0.93
0.015
0.661
0.906
0.778
0.152
0.145
0.076
0.622
0.563
0.979
0.478
0.567
0.904
0.661
0.973
0.449
0.948
0.986
0.122
0.81
0.147
0.294
0.35
0.319
0.933
0.38
0.127
0.152
0.826
0.579
0.207
0.189
0.657
0.473
0.913
0.256
0.665
0.858
0.187
0.347
0.708
0.069
0.987
0.729
0.259
