0.752
0.937
0.251
0.789
0.98
0.247
0.263
0.067
0.432
0.098
0.563
0.043
0.644
0.242
0.001
0.728
0.963
0.238
0.468
0.656
0.573
0.592
0.346
0.759
0.433
0.395
0.133
0.964
0.053
0.095
0.199
0.74
0.115
0.676
0.728
0.27
0.628
0.027
0.309
0.067
0.283
0.104
0.425
0.198
0.89
0.553
0.685
0.636
0.934
0.479
0.915
0.313
0.955
0.047
0.251
0.502
0.521
0.338
0.325
0.145
0.079
0.376
0.049
0.441
0.136
0.52
0.008
0.159
0.432
0.202
0.601
0.04
0.832
0.914
0.274
0.243
0.626
0.482
0.386
0.682
0.042
0.223
0.197
0.732
0.216
0.537
0.71
0.543
0.597
0.121
0.786
0.743
0.639
0.274
0.029
0.643
0.607
0.93
0.579
0.5
0.461
0.247
0.877
0.817
0.955
0.489
0.017
0.195
0.33
0.213
0.609
0.323
0.33
0.215
0.949
0.016
0.208
0.3
0.774
0.146
0.016
0.974
0.624
0.997
0.959
0.083
0.388
0.427
0.774
0.821
0.238
0.565
0.98
0.079
0.914
0.823
0.702
0.93
0.004
0.416
0.485
0.396
0.59
0.057
0.441
0.607
0.232
0.515
0.983
0.357
0.7
0.15
0.135
0.077
0.374
0.178
0.92
0.374
0.638
0.543
0.547
0.353
0.991
0.689
0.544
0.394
0.655
0.172
0.812
0.991
0.044
0.372
0.768
0.844
0.949
0.36
0.498
0.588
0.206
0.661
0.158
0.735
0.136
0.92
0.434
0.93
0.511
0.892
0.89
0.117
0.101
0.255
0.929
0.403
0.3
0.571
0.412
0.39
0.401
0.35
0.744
0.298
0.864
0.355
0.504
0.018
0.614
0.655
0.756
0.302
0.108
0.25
0.593
0.878
0.386
0.561
0.245
0.746
0.677
0.971
0.297
0.004
0.564
0.664
0.906
0.598
0.679
0.355
0.354
0.488
0.682
0.534
0.512
0.387
0.824
0.767
0.066
0.836
0.553
0.791
0.857
0.08
0.49
0.727
0.226
0.35
0.598
0.914
0.155
0.761
0.813
0.156
0.653
0.203
0.393
0.27
0.322
0.388
0.874
0.181
0.643
0.659
0.914
0.97
0.712
0.58
0
0.221
0.478
0.907
0.617
0.406
0.976
0.054
0.956
0.875
0.58
0.17
0.387
0.197
0.645
0.213
0.303
0.391
0.863
0.98
0.079
0.565
0.988
0.409
0.733
0.354
0.105
0.056
0.06
0.229
0.731
0.57
0.592
0.724
0.829
0.319
0.71
0.957
0.76
0.519
0.89
0.478
0.258
0.377
0.613
0.06
0.146
0.736
0.741
0.765
0.277
0.036
0.888
0.363
0.744
0.021
0.025
0.176
0.691
0.846
0.226
0.842
0.909
0.784
0.604
0.737
0.481
0.819
0.005
0.191
0.041
0.173
0.561
0.142
0.298
0.774
0.677
0.749
0.137
0.623
0.833
0.318
0.773
0.111
0.104
0.063
0.678
0.758
0.965
0.488
0.527
0.374
0.904
0.693
0.293
0.813
0.209
0.2
0.95
0.947
0.531
0.13
0.544
0.484
0.908
0.112
0.704
0.092
0.249
0.717
0.833
0.245
0
0.296
0.675
0.088
0.391
0.451
0.29
0.944
0.322
0.726
0.252
0.635
0.862
0.764
0.825
0.544
0.481
0.757
0.126
0.954
0.352
0.501
0.387
0.103
0.242
0.23
0.171
0.117
0.173
0.155
0.357
0.642
0.147
0.905
0.592
0.869
0.381
0.429
0.616
0.801
0.181
0.002
0.543
0.453
0.106
0.386
0.592
0.812
0.947
0.91
0.037
0.793
0.382
0.334
0.005
0.948
0.787
0.25
0.095
0.88
0.052
0.323
0.255
0.044
0.567
0.627
0.955
0.677
0.896
0.954
0.087
0.429
0.492
0.055
0.384
0.697
0.307
0.257
0.934
0.277
0.27
0.668
0.49
0.297
0.141
0.478
0.096
0.879
0.15
0.76
0.247
0.217
0.175
0.908
0.717
0.427
0.924
0.625
0.163
0.964
0.199
0.692
0.794
0.201
0.862
0.902
0.706
0.103
0.122
0.359
0.844
0.372
0.263
0.792
0.447
0.13
0.898
0.218
0.488
0.359
0.949
0.494
0.401
0.54
0.846
0.253
0.314
0.882
0.769
0.343
0.748
0.911
0.897
0.972
0.982
0.575
0.851
0.482
0.85
0.882
0.839
0.384
0.783
0.807
0.039
0.705
0.138
0.277
0.715
0.553
0.083
0.388
0.815
0.379
0.951
0.567
0.716
0.054
0.624
0.988
0.468
0.528
0.289
0.396
0.556
0.414
0.189
0.661
0.372
0.83
0.458
0.372
0.107
0.286
0.982
0.472
0.152
0.454
0.386
0.828
0.402
0.201
0.671
0.805
0.298
0.375
0.162
0.694
0.672
0.177
0.857
0.449
0.645
0.202
0.614
0.1
0.489
0.94
0.545
0.426
0.917
0.08
0.52
0.161
0.596
0.915
0.16
0.621
0.071
0.685
0.888
0.618
0.629
0.42
0.147
0.914
0.719
0.437
0.301
0.11
0.74
0.346
0.597
0.835
0.312
0.137
0.424
0.839
0.914
0.122
0.872
0.059
0.699
0.493
0.171
0.313
0.899
0.201
0.397
0.462
0.023
0.794
0.533
0.186
0.01
0.225
0.745
0.331
0.168
0.991
0.307
0.915
0.809
0.793
0.701
0.074
0.166
0.818
0.863
0.369
0.488
0.998
0.431
0.764
0.942
0.157
0.576
0.736
0.844
0.177
0.489
0.76
0.28
0.569
0.234
0.261
0.693
0.452
0.212
0.36
0.728
0.233
0.849
0.495
0.423
0.853
0.074
0.472
0.507
0.023
0.18
0.504
0.03
0.33
0.699
0.095
0.177
0.566
0.439
0.544
0.979
0.735
0.723
0.794
0.372
0.602
0.56
0.37
0.323
0.995
0.033
0.015
0.18
0.806
0.661
0.005
0.397
0.822
0.269
0.026
0.768
0.733
0.059
0.631
0.224
0.712
0.228
0.947
0.001
0.438
0.491
0.418
0
0.801
0.026
0.372
0.765
0.116
0.381
0.231
0
0.018
0.293
0.362
0.681
1.0
0.977
0.038
0.022
0.82
0.821
0.632
0.082
0.166
0.256
0.089
0.165
0.747
0.532
0.175
0.755
0.029
0.28
0.202
0.559
0.81
0
0.815
0.782
0.795
0.518
0.238
0.858
0.97
0.579
0.321
0.998
0.543
0.709
0.142
0.337
0.909
0.777
0.935
0.988
0.243
0.019
0.155
0.4
0.131
0.556
0.486
0.83
0.303
0.558
0.232
0.363
0.544
0.011
0.581
0.396
0.876
0.842
0.021
0.374
0.71
0.471
0.631
0.991
0.746
0.016
0.45
0.555
0.104
0.179
0.77
0.884
0.978
0.994
0.994
0.74
0.579
0.648
0.686
0.8
0.497
0.179
0.541
0.957
0.258
0.776
0.603
0.937
0.266
0.997
0.084
0.388
0.817
0.205
0.242
0.338
0.99
0.893
0.266
0.579
0.651
0.873
0.066
0.245
0.613
0.959
0.097
0.324
0.247
0.787
0.306
0.99
0.027
0.461
0.396
0.102
0.237
0.512
0.053
0.576
0.417
0.371
0.289
0.582
0.299
0.214
0.357
0.304
0.048
0.827
0.559
0.504
0.491
0.62
0.268
0.912
0.952
0.263
0.165
0.657
0.902
0.211
0.696
0.011
0.404
0.004
0.099
0.253
0.625
0.117
0.605
0.591
0.177
0.504
0.029
0
0.348
0.856
0.559
0.896
0.755
0.731
0.742
0.816
0.527
0.328
0.743
0.684
0.877
0.45
0.914
0.246
0.417
0.616
0.573
0.101
0.571
0.661
0.643
0.486
0.109
0.247
0.727
0.945
0.696
0.737
0.078
0.54
0.119
0.292
0.504
0.288
0.592
0.952
0.608
0.4
0.517
0.635
0.755
0.006
0.373
0.941
0.58
0.532
0.363
0.174
0.792
0.158
0.361
0.015
0.011
0.155
0.225
0.715
0.445
0.916
0.947
0.389
0.113
0.442
0.202
0.414
0.231
0.326
0.264
0.858
0.588
0.322
0.141
0.724
0.272
0.934
0.561
0.268
0.473
0.913
0.261
0.251
0.14
0.779
0.684
0.287
0.786
0.635
0.799
0.288
0.364
0.551
0.371
0.862
0.817
0.534
0.077
0.478
0.548
0.404
0.794
0.019
0.949
0.083
0.046
0.144
0.024
0.394
0.589
0.466
0.356
0.913
0.789
0
0.455
0.385
0.079
0.325
0.58
0.784
0.465
