0.954
0.406
0.869
0.119
0.682
0.201
0.327
0.742
0.02
0.426
0.688
0.31
0.91
0.278
0.68
0.266
0.322
0.256
0.295
0.158
0.417
0.292
0.43
0.671
0.465
0.768
0.122
0.166
0.374
0.794
0.811
0.667
0.967
0.012
0.747
0.042
0.711
0.551
0.725
0.357
0.687
0.106
0.239
0.286
0.422
0.888
0.924
0.235
0.174
0.117
0.752
0.561
0.775
0.202
0.102
0.166
0.336
0.058
0.931
0.047
0.028
0.753
0.966
0.585
0.789
0.615
0.688
0.762
0.71
0.532
0.274
0.324
0.84
0.245
0.172
0.022
0.965
0.45
0.471
0.855
0.752
0.851
0.692
0.72
0.441
0.168
0.997
0.2
0.129
0.389
0.766
0.271
0.786
0.532
0.298
0.804
0.249
0.312
0.256
0.823
0.533
0.286
0.873
0.74
0.486
0.621
0.96
0.712
0.003
0.764
0.74
0.719
0.811
0.381
0.204
0.783
0.804
0.813
0.528
0.472
0.316
0.429
0.975
0.058
0.344
0.771
0.644
0.553
0.58
0.704
0
0.954
0.092
0.378
0.282
0.558
0.302
0.422
0.904
0.69
0.264
0.98
0.586
0.42
0.77
0.102
0.068
0.407
0.132
0.559
0.131
0.238
0.233
0.214
0.334
0.483
0.61
0.073
0.658
0.848
0.939
0.78
0.782
0.931
0.132
0.825
0.623
0.2
0.996
0.109
0.312
0.756
0.928
0.563
0.721
0.579
0.341
0.484
0.965
0.603
0.848
0.043
0.324
0.676
0.132
0.649
0.607
0.064
0.52
0.46
0.547
0.058
0.154
0.084
0.992
0.7
0.675
0.998
0.76
0.546
0.93
0.328
0.723
0.264
0.329
0.904
0.424
0.942
0.621
0.908
0.914
0.568
0.274
0.517
0.56
0.652
0.727
0.485
0.879
0.932
0.03
0.385
0.093
0.755
0.039
0.12
0.049
0.149
0.43
0.393
0.664
0.569
0.7
0.621
0.661
0.577
0.29
0.633
0.262
0.188
0.563
0.448
0.285
0.611
0.637
0.621
0.359
0.516
0.06
0.512
0.682
0.523
0.844
0.848
0.128
0.809
0.576
0.475
0.584
0.924
0.284
0.766
0.921
0.081
0.894
0.497
0.199
0.277
0.596
0.034
0.904
0.148
0.12
0.056
0.279
0.944
0.984
0.933
0.121
0.031
0.164
0.183
0.756
0.936
0.745
0.157
0.829
0.248
0.457
0.269
0.949
0.345
0.531
0.596
0.3
0.367
0.411
0.558
0.359
0.482
0.091
0.829
0.001
0.446
0.914
0.656
0.961
0.28
0.504
0.191
0.978
0.667
0.994
0.253
0.379
0.382
0.755
0.127
0.103
0.457
0.156
0.974
0.17
0.638
0.062
0.261
0.332
0.299
0.574
0.136
0.489
0.297
0.786
0.368
0.568
0.424
0.013
0.263
0.205
0.302
0.428
0.551
0.896
0.285
0.065
0.614
0.864
0.558
0.267
0.179
0.137
0.365
0.677
0.022
0.908
0.897
0.91
0.871
0.536
0.117
0.161
0.361
0.557
0.258
0.845
0.549
0.436
0.937
0.633
0.988
0.022
0.002
0.161
0.597
0.652
0.329
0.653
0.054
0.548
0.15
0.379
0.573
0.179
0.143
0.11
0.248
0.183
0.994
0.078
0.749
0.945
0.299
0.109
0.686
0.691
0.587
0.439
0.988
0.0
0.145
0.239
0.674
0.268
0.29
0.655
0.769
0.631
0.847
0.85
0.503
0.717
0.332
0.222
0.13
0.176
0.909
0.163
0.179
0.11
0.881
0.031
0.637
0.416
0.731
0.044
0.828
0.117
0.037
0.145
0.429
0.84
0.041
0.031
0.691
0.057
0.473
0.628
0.397
0.439
0.905
0.412
0.186
0.291
0.139
0.172
0.759
0.197
0.967
0.422
0.286
0.909
0.744
0
0.459
0.54
0.704
0.463
0.365
0.588
0.703
0.75
0.592
0.409
0.974
0.656
0.31
0.601
0.352
0.811
0.793
0.159
0.428
0.538
0.086
0.374
0.265
0.373
0.519
0.631
0.747
0.41
0.914
0.801
0.291
0.803
0.603
0.702
0.528
0.122
0.504
0.303
0.111
0
0.1
0.816
0.204
0.454
0.659
0.619
0.924
0.805
0.943
0.058
0.69
0.881
0.332
0.035
0.583
0.407
0.28
0.803
0.779
0.19
0.577
0.456
0.193
0.492
0.335
0.579
0.127
0.865
0.364
0.206
1.0
0.608
0.189
0.733
0.832
0.103
0.138
0.508
0.437
0.899
0.799
0.795
0.234
0.141
0.372
0.632
0.359
0.962
0.793
0.025
0.664
0.509
0.508
0.987
0.112
0.801
0.314
0.364
0.682
0.345
0.65
0.765
0.203
0.955
0.738
0.285
0.841
0.578
0.761
0.68
0.947
0.394
0.149
0.479
0.671
0.822
0.836
0.47
0.502
0.44
0.485
0.428
0.866
0.069
0.218
0.426
0.1
0.785
0.049
0.141
0.519
0.404
0.236
0.007
0.882
0.95
0.489
0.259
0.436
0.23
0.359
0.195
0.614
0.265
0.513
0.88
0.313
0.302
0.502
0.799
0.853
0.579
0.74
0.746
0.609
0.069
0.262
0.713
0.048
0.267
0.774
0.914
0.359
0.199
0.687
0.92
0.713
0.775
0.923
0.883
0.323
0.175
0.251
0.932
0.393
0.386
0.896
0.888
0.698
0.427
0.234
0.128
0.017
0.517
0.81
0.443
0.753
0.708
0.77
0.931
0.458
0.24
0.396
0
0.512
0.675
0.58
0.777
0.978
0.431
0.207
0.366
0.873
0.135
0.718
0.253
0.68
0.867
0.498
0.069
0.614
0.629
0.46
0.879
0.532
0.383
0.41
0.621
0.333
0.72
0.12
0.935
0
0.427
0.91
0.265
0.286
0.904
0.575
0.599
0.636
0.444
0.66
0.397
0.879
0.964
0.622
0.057
0.304
0.23
0.939
0.264
0.231
0.615
0.039
0.571
0.781
0.603
0.89
0.435
0.268
0.986
0.518
0.439
0.196
0.282
0.153
0.795
0.626
0.995
0.678
0.349
0.236
0.228
0.461
0.681
0.408
0.121
0.101
0.385
0.926
0.794
0.418
0.458
0.36
0.811
0.435
0.307
0.684
0.911
0.29
0.369
0.71
0.209
0.239
0.914
0.167
0.99
0.25
0.911
0.149
0.244
0.591
0.482
0.375
0.491
0.484
0.109
0.65
0.374
0.781
0.587
0.544
0.078
0.669
0.092
0.974
0.043
0.578
0.238
0.234
0.374
0.797
0.313
0.035
0.924
0.536
0.493
0.691
0.377
0.888
0.665
0.384
0.71
0.393
0.445
0.41
0.067
0.427
0.114
0.14
0.941
0.859
0.442
0.765
0.391
0.551
0.189
0.946
0.767
0.108
0.312
0.953
0.834
0.92
0.896
0.292
0.79
0.787
0.425
0.396
0.424
0.315
0.039
0.801
0.653
0.549
0.081
0.393
0.181
0.147
0.534
0.607
0.838
0.812
0.743
0.248
0.327
0.787
0.204
0.688
0.426
0.193
0.839
0.788
0.565
0.256
0.541
0.981
0.817
0.309
0.043
0.013
0.175
0.243
0.907
0.892
0.553
0.285
0.027
0.635
0.558
0.27
0.084
0.49
0.343
0.584
0.948
0.88
0.954
0.116
0.987
0.623
0.605
0.108
0.807
0.663
0.519
0.923
0.233
0.469
0.402
0.882
0.361
0.005
0.611
0.203
0.546
0.735
0.346
0.258
0.982
0.935
0.793
0.36
0.888
0.04
0.881
0.343
0.235
0.002
0.002
0.736
0.38
0.579
0.545
0.997
0.842
0.094
0.657
0.35
0.254
0.856
0.175
0.768
0.001
0.81
0.103
0.046
0.615
0.997
0.083
0.927
0.743
0.504
0.354
0.088
0.377
0.635
0.86
0.748
0.319
0.187
0.909
0.972
0.879
0.108
0.771
0.923
0.409
0.628
0.319
0.123
0.913
0.823
0.252
0.847
0.975
0.636
0.751
0.796
0.163
0.675
0.699
0.551
0.403
0.306
0.3
0.232
0.771
0.078
0.297
0.848
0.441
0.667
0.031
0.288
0.47
0.999
0.75
0.744
0.018
0.554
0.725
0.47
0.927
0.714
0.961
0.447
0.891
0.523
0.05
0.716
0.98
0.677
0.679
0.216
0.128
0.587
0.978
0.306
0.878
0.643
0.509
0.044
0.423
0.746
0.437
0.893
0.438
0.177
0.04
0.357
0.219
0.622
0.854
0.076
0.941
0.477
0.615
0.823
0.871
0.644
0.533
0.513
0.773
0.214
