0.076
0.596
0.628
0.298
0.368
0.61
0.655
0.109
0.358
0.641
0.724
0.127
0.488
0.785
0.467
0.202
0.896
0.814
0.269
0.298
0.058
0.99
0.484
0.789
0.444
0.174
0.132
0.26
0.28
0.535
0.05
0.09
0.984
0
0.455
0.041
0.507
0.966
0.613
0.988
0.028
0.48
0.133
0.554
0.312
0.97
0.523
0.01
0.856
0.899
0.731
0.756
0.362
0.599
0.03
0.971
0.333
0.717
0.004
0.558
0.443
0.136
0.037
0.995
0.07
0.859
0.794
0.684
0.818
0.328
0.471
0.252
0.127
0.336
0.544
0.388
0.696
0.176
0.681
0.913
0.93
0.794
0.7
0.535
0.981
0.353
0.996
0.509
0.6
0.012
0.686
0.555
0.354
0.346
0.667
0.695
0.944
0.658
0.659
0.272
0.145
0.053
0.066
0.894
0.204
0.043
0.49
0.58
0.417
0.618
0
0.031
0.43
0.636
0.349
0.056
0.028
0.36
0.803
0.044
0.513
0.433
0.482
0.759
0.083
0.731
0.548
0.738
0.879
0.934
0.974
0.269
0.179
0.325
0.219
0.296
0.975
0.648
0.315
0.278
0.78
0.207
0.498
0.353
0.046
0.104
0.034
0.188
0.538
0.019
0.245
0.117
0.749
0.16
0.112
0.655
0.916
0.295
0.6
0.454
0.251
0.822
0
0.813
0.993
0.236
0.278
0.289
0.881
0.632
0.976
0.503
0.393
0.679
0.12
0.471
0.216
0.436
0.669
0.538
0.597
0.24
0.604
0.268
0.611
0.811
0.4
0.34
0.87
0.932
0
0.114
0.412
0.301
0.247
0
0.356
0.087
0.196
0.16
0.312
0.154
0.012
0.849
0.459
0.201
0.881
0.836
0.175
0.824
0.454
0.943
0.346
0.284
0.966
0.321
0.066
0.34
0.714
0.476
0.107
0.75
0.955
0.877
0.131
0.516
0.708
0.291
0.219
0.461
0.728
0.283
0.528
0.65
0.801
0.35
0.792
0.508
0.039
0.3
0.847
0.429
0.464
0.217
0.023
0.628
0.588
0.303
0.783
0.163
0.728
0.042
0.375
0.668
0.184
0.535
0.578
0.068
0.085
0.748
0.59
0.937
0.646
0.559
0.169
0.001
0.946
0.684
0.207
0.898
0.936
0.57
0.73
0.213
0.044
0.171
0.034
0.993
0.923
0.459
0.202
0.118
0.536
0.236
0.881
0.318
0.763
0.479
0.817
0.324
0.97
0.818
0.896
0.173
0.748
0.074
0.873
0.447
0.526
0.847
0.87
0.099
0.119
0.041
0.968
0.199
0.415
0.515
0.581
0.517
0.905
0.014
0.789
0.739
0.553
0.837
0.259
0.42
0.164
0.191
0.922
0.394
0.298
0.81
0.816
0.884
0.008
0.771
0.791
0.744
0.71
0.125
0.04
0.219
0.603
0.405
0.133
0.407
0.216
0.868
0.907
0.271
0.453
0.869
0.692
0.634
0.365
0.055
0.452
0.39
0.161
0.902
0.229
0.08
0.271
0.388
0.374
0.095
0.85
0.458
0.399
0.496
0.586
0.736
0.613
0.398
0.309
0.546
0.47
0.033
0.794
0.861
0.633
0.624
0.362
0.508
0.369
0.305
0.895
0.45
0.571
0.364
0.194
0.043
0.039
0.504
0.252
0.973
0.931
0.219
0.683
0.828
0.292
0.411
0.803
0.718
0.392
0.825
0.712
0.425
0.234
0.396
0.018
0.785
0.069
0.418
0.458
0.792
0.977
0.735
0.763
0.564
0.662
0.434
0.775
0.847
0.691
0.524
0.393
0.501
0.491
0.261
0.137
0.109
0.148
0.743
0.589
0.045
0.936
0.068
0.289
0.124
0.609
0.973
0.31
0.466
0.56
0.342
0.948
0.441
0.304
0.319
0.839
0.285
0.673
0.172
0.174
0.729
0.102
0.161
0.394
0.55
0.893
0.457
0.72
0.801
0.719
0.09
0.929
0.727
0.401
0.239
0.84
0.866
0.765
0.897
0.631
0.621
0.247
0.722
0.508
0.324
0.174
0.642
0.469
0.802
0.832
0.482
0.28
0.358
0.377
0.958
0.294
0.601
0.536
0.852
0.478
0.744
0.042
0.624
0.687
0.993
0.294
0.431
0.445
0.308
0.919
0.362
0.393
0.34
0.382
0.064
0.854
0.471
0.11
0.206
0.602
0.186
0.699
0.877
0.476
0.02
0.878
0.842
0.371
0.711
0.216
0.828
0.091
0.837
0.941
0.983
0.081
0.801
0.981
0.821
0.387
0.871
0.05
0.551
0.194
0.876
0.287
0.588
0.0
0.752
0.159
0.566
0.68
0.93
0.293
0.476
0.745
0.06
0.48
0.457
0.085
0.145
0.763
0.274
0.124
0.786
0.052
0.402
0.723
0.9
0.044
0.236
0.275
0.952
0.68
0.868
0.015
0.254
0.86
0.865
0.445
0.956
0.236
0.011
0.755
0.121
0.253
0.876
0.676
0.858
0.623
0.609
0.081
0.644
0.86
0.534
0.368
0.437
0.332
0.548
0.303
0.83
0.191
0.702
0.876
0.797
0.804
0.43
0.765
0.647
0.298
0.908
0.069
0.246
0.751
0.694
0.604
0.05
0.46
0.518
0.197
0.585
0.186
0.39
0.364
0.047
0.909
0.434
0.692
0.438
0.535
0.841
0.635
0.156
0.816
0.882
0.723
0.855
0.65
0.683
0.095
0.04
0.047
0.879
0.84
0.631
0.572
0.208
0.336
0.033
0.49
0.9
0.285
0.5
0.644
0.051
0.08
0.329
0.96
0.913
0.01
0.185
0.094
0.964
0.873
0.387
0.788
0.849
0.235
0.1
0.196
0.72
0.447
0.088
0.544
0.506
0.963
0.035
0.087
0.555
0.584
0.874
0.231
0.836
0.844
0.951
0.92
0.663
0.035
0.044
0.436
0.785
0.655
0.048
0.445
0.224
0.616
0.77
0.724
0.687
0.828
0.177
0.438
0.741
0.249
0.135
0.662
0.211
0.128
0.974
0.531
0.347
0.534
0.133
0.37
0.804
0.673
0.285
0.715
0.13
0.449
0.649
0.301
0.878
0.381
0.694
0.322
0.172
0.924
0.118
0.383
0
0.256
0.538
0.311
0.15
0.066
0.085
0.133
0.534
0.684
0.098
0.456
0.088
0.483
0.616
0.346
0.663
0.803
0.734
0.105
0.469
0.574
0.842
0.489
0.106
0.688
0.229
0.747
0.971
0.419
0.012
0.586
0.739
0.075
0.509
0.7
0.362
0.534
0.183
0.14
0.732
0.166
0.778
0.205
0.386
0.542
0.836
0.005
0.952
0.519
0.204
0.491
0.855
0.726
0.935
0.576
0.234
0.226
0.634
0.747
0.061
0.218
0.597
0.817
0.406
0.218
0.68
0.894
0.281
0.467
0.163
0.268
0.67
0.926
0.543
0.669
0.419
0.729
0.847
0.992
0.442
0.773
0.159
0.29
0.861
0.793
0.48
0.588
0.108
0.069
0.099
0.06
0.666
0.722
0.071
0.669
0.095
0.409
0.009
0.655
0.435
0.121
0.448
0.661
0.432
0.264
0.098
0.014
0.674
0.399
0.547
0.17
0.878
0.754
0.775
0.489
0.427
0.147
0.744
0.083
0.885
0.328
0.637
0.463
0.362
0.043
0.488
0.085
0.329
0.527
0.878
0.703
0.794
0.393
0.201
0.596
0.45
0.686
0.947
0.72
0.655
0.554
0.146
0.258
0.864
0
0.24
0.839
0.47
0.64
0.519
0.214
0.937
0.243
0.4
0.671
0.56
0.396
0.462
0.853
0.438
0.119
0.551
0.689
0.147
0.428
0.406
0.633
0.083
0.515
0.87
0.378
0.987
0.689
0.768
0.037
0.258
0.519
0.321
0.616
0.623
0.616
0.488
0.503
0.897
0.644
0.973
0.844
0.215
0.138
0.506
0.327
0.29
0.751
0.028
0.676
0.055
0.431
0.16
0.003
0.368
0.542
0.599
0.91
0.385
0.419
0.39
0.503
0.525
0.909
0.69
0.878
0.791
0.551
0.273
0.9
0.605
0.281
0.256
0.517
0.542
0.783
0.772
0.571
0.75
0.845
0.311
0.197
0.579
0
0.338
0.854
0.963
0.701
0.67
0.898
0.429
0.527
0.531
0.922
0.755
0.58
0.815
0.915
0.711
0.972
0.748
0.358
0.876
0.045
0.516
0.354
0.976
0.856
0.88
0.074
0.363
0.097
0.119
0.298
0.627
0.461
0.027
0.544
0.128
0.492
0.856
0.473
0.522
0.599
0.353
0.035
0
0.318
0.937
0.162
0.493
0.33
0.6
0.339
0.648
0.77
0.454
