0.09
0.831
0.35
0.08
0.43
0.741
0.974
0.707
0.113
0.761
0.822
0.166
0.872
0.858
0.943
0.002
0.953
0.883
0.18
0.46
0.282
0.342
0.112
0.379
0.305
0
0.264
0.568
0.723
0.045
0.942
0.13
0.61
0.163
0.217
0.815
0.992
0.718
0.41
0.404
0.546
0.25
0.747
0.003
0.761
0.853
0.63
0.024
0.255
0.731
0.118
0.906
0.595
0.802
0.312
0.928
0.177
0.664
0.617
0.264
0.363
0.557
0.066
0.221
0.342
0.179
0.014
0.546
0.064
0.399
0.505
0.52
0.028
0.948
0.432
0.897
0.771
0.022
0.686
0.483
0.066
0.286
0.867
0.208
0.095
0.719
0.297
0.782
0.695
0.302
0.544
0.697
0.541
0.018
0.09
0.961
0.523
0.564
0.758
0.986
0.42
0.523
0.574
0.547
0.935
0.508
0.243
0.338
0.621
0.285
0.574
0.062
0.866
0.21
0.129
0.027
0.28
0.418
0.882
0.497
0.298
0.71
0.916
0.921
0.843
0.191
0.96
0.243
0.87
0.788
0.084
0.685
0.223
0.311
0.209
0.925
0.385
0.594
0.755
0.716
0.559
0.697
0.392
0.097
0.122
0.489
0.661
0.951
0.74
0.345
0.802
0.714
0.439
0.991
0.089
0.301
0.469
0.675
0.47
0.073
0.641
0.788
0.305
0.785
0.471
0.579
0.068
0.918
0.638
0.974
0.426
0.367
0.487
0.321
0.416
0.736
0.114
0.292
0.175
0.355
0.138
0.883
0.055
0.403
0.507
0.712
0.215
0.571
0.247
0.642
0.146
0.794
0.578
0.045
0.897
0.775
0.189
0.05
0.013
0.62
0.814
0.552
0.77
0.486
0.702
0.995
0.097
0.755
0.487
0.449
0.187
0.364
0.809
0.837
0.073
0.075
0.612
0.716
0.617
0.912
0.121
0.027
0.593
0.647
0.724
0.616
0.759
0.862
0.816
0.648
0.121
0.623
0.842
0.655
0.871
0.788
0.302
0.346
0.974
0.413
0.971
0.089
0.877
0.2
0.669
0.663
0.61
0.002
0.868
0.963
0.43
0.657
0.062
0.372
0.435
0.447
0.819
0.998
0.58
0.835
0.585
0.962
0.5
0.528
0.23
0.968
0.539
0.875
0.338
0.819
0.857
0.113
0.098
0.881
0.583
0.942
0.279
0.025
0.923
0.032
0.214
0.978
0.254
0.8
0.887
0.289
0.556
0.626
0.806
0.195
0.257
0.457
0.469
0.317
0.186
0.202
0.401
0.954
0.565
0
0.047
0.488
0.413
0.392
0.458
0.899
0.532
0.761
0.606
0.105
0.661
0.924
0.689
0.99
0.513
0.911
0.744
0.477
0.991
0.902
0.446
0.837
0.487
0.779
0.035
0.666
0.248
0.601
0.288
0.213
0.953
0.555
0.641
0.912
0.389
0.773
0.088
0.223
0.659
0.81
0.498
0.079
0.892
0.988
0.326
0.051
0.648
0.513
0.105
0.609
0.131
0.187
0.142
0
0.996
0.768
0.08
0.047
0.462
0.351
0.512
0.91
0.371
0.114
0.543
0.264
0.323
0.301
0.178
0.814
0.728
0.103
0.865
0.686
0.429
0.245
0.265
0.991
0.55
0.188
0.655
0.221
0.291
0.266
0.216
0.063
0.768
0.286
0.062
0.21
0.122
0.24
0.249
0.679
0.439
0.45
0.086
0.339
0
0.465
0.295
0.254
0.479
0.719
0.117
0.919
0.242
0.056
0.52
0.967
0.781
0.522
0.146
0.091
0.528
0.963
0.319
0.487
0.171
0.354
0.176
0.517
0.52
0.659
0.075
0.042
0.476
0.557
0.127
0.458
0.898
0.653
0.326
0.34
0.136
0.226
0.265
0.326
0.58
0.355
0.715
0.018
0.304
0.157
0.507
0.718
0.821
0.096
0.196
0.852
0.767
0.635
0.735
0.467
0.843
0.321
0.905
0.551
0.546
0.652
0.721
0.808
0.083
0.974
0.645
0.706
0.474
0.215
0.572
0.061
0.499
0.435
0.094
0.086
0.804
0.925
0.29
0.483
0.253
0.046
0.326
0.888
0.617
0.234
0.554
0.811
0.738
0.488
0.486
0.854
0.691
0.821
0.56
0.729
0.555
0.968
0.446
0.905
0.544
0.103
0.99
0.677
0.743
0.558
0.835
0.76
0.224
0.799
0.787
0.934
0.442
0.647
0.927
0.167
0.273
0.024
0.956
0.02
0.706
0.716
0.765
0.072
0.53
0.216
0.986
0.635
0.29
0.603
0.298
0.032
0.921
0.601
0.195
0.513
0.017
0.418
0.401
0.074
0.291
0.675
0.582
0.971
0.533
0.291
0.591
0.76
0.898
0.19
0.344
0.639
0.424
0.46
0.839
0.766
0.894
0.242
0.141
0.624
0.244
0.73
0.389
0.674
0.968
0.103
0.052
0.291
0.61
0.915
0.19
0.388
0.984
0.13
0.483
0.735
0.411
0.002
0.121
0.621
0.989
0.723
0.64
0.615
0.343
0.665
0.803
0.326
0.308
0.252
0.268
0.563
0.659
0.789
0.795
0.202
0.186
0.122
0.42
0.466
0.657
0.538
0.689
0.67
0.453
0.542
0.44
0.33
0.718
0.585
0.622
0.443
0.756
0.311
0.486
0.575
0.167
0.438
0.24
0.085
0.986
0.7
0.55
0.839
0.14
0.447
0.466
0.94
0.359
0.382
0.031
0.86
0.973
0.256
0.251
0.573
0.709
0.383
0.695
0.006
0.664
0.884
0.361
0.817
0.074
0.07
0.185
0.45
0.856
0.754
0.615
0.514
0.277
0.742
0.567
0.992
0.682
0.365
0.551
0.395
0.909
0.883
0.166
0.892
0.389
0.293
0.417
0.422
0.57
0.934
0.199
0.528
0.861
0.332
0.901
0.819
0.681
0.212
0.347
0.77
0.814
0.73
0.875
0.226
0.537
0.128
0.946
0.581
0.097
0.994
0.574
0.57
0.399
0.712
0.267
0.378
0.66
0.878
0.861
0.382
0.843
0.827
0.73
0.829
0.101
0.022
0.759
0.1
0.822
0.151
0.043
0.837
0.256
0.924
0.898
0.165
0.849
0.589
0.044
0.566
0.457
0.686
0.583
0.318
0.703
0.389
0.732
0.174
0.453
0.084
0.714
0.715
0.123
0.552
0.034
0.339
0.983
0.605
0.54
0.659
0.308
0.256
0.758
0.905
0.141
0.657
0.373
0.889
0.061
0.281
0.54
0.133
0.839
0.526
0.642
0.476
0.983
0.088
0.184
0.027
0.163
0.341
0.035
0.143
0.329
0.165
0.972
0.993
0.178
0.653
0.204
0.93
0.313
0.1
0.641
0.75
0.813
0.482
0.685
0.601
0.226
0.229
0.095
0.132
0.43
0.79
0.932
0.601
0.313
0.095
0.154
0.397
0.146
0.008
0.622
0.952
0.774
0.293
0.684
0.417
0.366
0.642
0.838
0.827
0.088
0.42
0.911
0.76
0.934
0.286
0.707
0.696
0.694
0.261
0.982
0.544
0.486
0.134
0.589
0.538
0.372
0.977
0.467
0.919
0.807
0.244
0.555
0.141
0.371
0.873
0.238
0.716
0.348
0.264
0.937
0.552
0.642
0.984
0.332
0.234
0.12
0.675
0.666
0.32
0.554
0.923
0.321
0.734
0.1
0.952
0.203
0.184
0.73
0.888
0.037
0.975
0.522
0.184
0.433
0.67
0.554
0.092
0.341
0.458
0.142
0.833
0.631
0.874
0.356
0.297
0.201
0.518
0.105
0.289
0.012
0.444
0.491
0.021
0.332
0.397
0.196
0.205
0.169
0.006
0.392
0.233
0.62
0.229
0.874
0.525
0.748
0.896
0.752
0.712
0.872
0.657
0.304
0.734
0.445
0.904
0.276
0.575
0.104
0.258
0.504
0.673
0.416
0.773
0.479
0.422
0.449
0.888
0.173
0.944
0.586
0.34
0.787
0.107
0.344
0.091
0.738
0.522
0.999
0.701
0.654
0.941
0.121
0.138
0.436
0.96
0.05
0.029
0.735
0.252
0.909
0.365
0.044
0.971
0.179
0.336
0.941
0.614
0.829
0.896
0.853
0.374
0.265
0.007
0.856
0.481
0.06
0.995
0.145
0.644
0.813
0.295
0.421
0.292
0.717
0.685
0.958
0.461
0.754
0.241
0.686
0.034
0.493
0.901
0.011
0.269
0.179
0.96
0.206
0.739
0.085
0.428
0.027
0.065
0.823
0.038
0.575
0.014
0.245
0.292
0.668
0.582
0.268
0.786
0.884
0.446
0.445
0.001
0.652
0.265
0.459
0.367
0.287
0.07
0.543
0.94
0.284
0.586
