0.459
0.824
0.869
0.074
0.196
0.891
0.531
0.148
0.641
0.7
0.84
0.622
0.748
0.641
0.747
0.469
0.896
0.999
0.568
0.003
0.965
0.423
0.116
0.406
0.114
0.136
0.183
0.001
0.907
0.017
0.815
0.965
0.788
0.57
0.911
0.792
0.647
0.169
0.74
0.175
0.054
0.667
0.141
0.4
0.612
0.018
0.589
0.654
0.656
0.681
0.112
0.998
0.852
0.723
0.81
0.864
0.461
0.034
0.222
0.249
0.585
0.779
0.18
0.043
0.086
0.376
0.756
0.734
0.977
0.037
0.136
0.491
0.129
0.314
0.523
0.866
0.288
0.109
0.043
0.905
0.003
0.867
0.423
0.319
0.035
0.69
0.809
0.494
0.57
0.932
0.412
0.241
0.631
0.824
0.636
0.891
0.826
0.417
0.53
0.764
0.701
0.817
0.956
0.506
0.076
0.562
0.297
0.194
0.754
0.761
0.62
0.237
0.839
0.216
0.746
0.028
0.676
0.968
0.05
0.138
0.507
0.022
0.184
0.778
0.417
0.445
0.805
0.36
0.639
0.064
0.707
0.681
0.435
0.053
0.869
0.997
0.703
0.085
0.018
0.955
0.787
0.061
0.745
0.496
0.883
0.861
0.15
0.033
0.185
0.444
0.013
0.066
0.711
0.273
0.253
0.664
0.222
0.131
0.591
0.908
0.161
0.346
0.552
0.705
0.875
0.01
0.593
0.783
0.601
0.098
0.726
0.395
0.345
0.279
0.579
0.439
0.78
0.769
0.04
0.579
0.033
0.449
0.327
0.782
0.296
0.536
0.024
0.601
0.68
0.027
0.811
0.65
0.345
0.089
0.659
0.663
0.91
0.61
0.819
0.778
0.197
0.908
0.409
0.586
0.407
0.421
0.685
0.467
0.348
0.433
0.464
0.24
0.599
0.246
0.123
0.96
0.133
0.035
0.843
0.542
0.819
0.095
0.013
0.701
0.085
0.53
0.152
0.762
0.435
0.841
0.081
0.351
0.8
0.931
0.952
0.22
0.784
0.708
0.125
0.268
0.212
0.541
0.408
0.801
0.395
0.85
0.844
0.499
0.278
0.859
0.97
0.326
0.77
0.693
0.606
0.696
0.39
0.821
0.433
0.925
0.107
0.089
0.426
0.656
0.176
0.515
0.22
0.395
0.938
0.099
0.159
0.2
0.931
0.843
0.457
0.835
0.437
0.176
0.415
0.831
0.386
0.995
0.937
0.034
0.266
0.713
0.567
0.962
0.314
0.759
0.309
0.997
0.407
0.017
0.228
0.596
0.866
0.508
0.097
0.149
0.888
0.701
0.925
0.206
0.631
0.187
0.104
0.536
0.673
0.592
0.739
0.799
0.052
0.781
0.099
0.486
0.792
0.593
0.696
0.358
0.137
0.711
0.347
0.955
0.104
0.439
0.489
0.061
0.967
0.64
0.566
0.668
0.547
0.357
0.294
0.091
0.392
0.204
0.946
0.001
0.48
0.588
0.972
0.608
0.485
0.726
0.666
0.461
0.991
0.146
0.11
0.448
0.182
0.249
0.237
0.022
0.637
0.514
0.249
0.846
0.508
0.066
0.734
0.117
0.037
0.532
0.167
0.118
0.813
0.189
0.563
0.117
0.021
0.101
0.054
0.319
0.904
0.117
0.374
0.251
0.223
0.422
0.473
0.844
0.054
0.923
0.629
0.017
0.206
0.77
0.355
0.132
0.69
0.377
0.18
0.935
0.28
0.941
0.305
0.656
0.505
0.845
0.362
0.42
0.83
0.618
0.788
0.927
0.207
0.332
0.173
0.078
0.975
0.245
0.558
0.176
0.535
0.531
0.852
0.895
0.081
0.194
0.318
0.777
0.448
0.936
0.557
0.421
0.067
0.873
0.584
0.353
0.539
0.71
0.165
0.044
0.408
0.754
0.833
0.594
0.09
0.065
0.048
0.193
0.542
0.152
0.521
0.11
0.583
0.02
0.524
0.513
0.01
0.747
0.029
0.325
0.63
0.248
0.103
0.611
0.884
0.08
0.615
0.547
0.487
0.886
0.648
0.955
0.181
0.886
0.539
0.738
0.086
0.475
0.475
0.052
0.73
0.007
0.069
0.953
0.715
0.262
0.661
0.702
0.098
0.905
0.395
0.179
0.083
0.974
0.08
0.516
0.277
0.712
0.474
0.6
0.773
0.871
0.284
0.655
0.353
0.613
0.579
0.115
0.334
0.943
0.62
0.178
0.249
0.702
0.035
0.138
0.106
0.887
0.775
0.441
0.962
0.472
0.078
0.358
0.089
0.643
0.875
0.677
0.413
0.596
0.864
0.659
0.116
0.936
0.787
0.147
0.569
0.986
0.578
0.784
0.458
0.309
0.182
0.977
0.014
0.426
0.177
0.189
0.979
0.152
0.601
0.243
0.749
0.621
0.91
0.434
0.511
0.245
0.361
0.903
0.12
0.352
0.918
0.22
0.571
0.527
0.667
0.182
0.298
0.001
0.176
0.425
0.492
0.236
0.341
0.655
0.691
0.549
0.731
0.597
0.266
0.635
0.922
0.232
0.059
0.4
0.378
0.69
0.784
0.91
0.434
0.92
0.028
0.943
0.081
0.338
0.381
0.212
0.886
0.017
0.146
0.685
0.991
0.853
0.943
0.297
0.477
0.835
0.987
0.959
0.649
0.831
0.609
0.211
0.982
0.25
0.57
0.641
0.875
0.494
0.819
0.324
0.19
0.665
0.504
0.381
0.631
0.153
0.008
0.347
0.047
0.269
0.08
0.42
0.486
0.82
0.734
0.496
0.632
0.986
0.255
0.529
0.907
0.845
0.005
0.64
0.237
0.184
0.767
0.47
0.592
0.872
0.037
0.074
0.665
0.344
0.162
0.489
0.904
0.711
0.202
0.83
0.365
0.18
0.352
0.678
0.416
0.001
0.158
0.661
0.295
0.359
0.873
0.409
0.826
0.802
0.899
0.453
0.887
0.677
0.566
0.181
0.037
0.87
0.427
0.748
0.824
0.752
0.981
0.894
0.412
0.011
0.671
0.135
0.125
0.079
0.515
0.687
0.089
0.848
0.381
0.48
0.669
0.83
0.716
0.21
0.281
0.228
0.583
0.133
0.299
0.32
0.039
0.032
0.675
0.22
0.066
0.427
0.873
0.647
0.847
0.703
0.097
0.278
0.417
0.079
0.108
0.066
0.946
0.906
0.633
0.536
0.583
0.607
0.043
0.452
0.487
0.286
0.943
0.691
0.313
0.208
0.689
0.504
0.831
0.076
0.469
0.689
0.061
0.183
0.974
0.442
0.167
0.24
0.023
0.822
0.197
0.116
0.027
0.813
0.548
0.974
0.791
0.798
0.231
0.746
0.086
0.053
0.479
0.209
0.58
0.152
0.485
0.193
0.29
0.51
0.562
0.938
0.568
0.227
0.267
0.414
0.909
0.261
0.513
0.381
0.105
0.187
0.496
0.703
0.082
0.651
0.897
0.03
0.721
0.547
0.18
0.475
0.174
0.625
0.296
0.331
0.649
0.872
0.537
0.896
0.882
0.75
0.646
0.501
0.202
0.049
0.374
0.999
0.583
0.974
0.856
0.009
0.279
0.201
0.576
0.135
0.038
0.087
0.923
0.874
0.07
0.544
0.868
0.531
0.96
0.768
0.514
0.285
0.223
0.779
0.549
0.048
0.028
0.763
0.863
0.749
0.06
0.445
0.807
0.407
0.642
0.01
0.515
0.274
0.774
0.971
0.342
0.381
0.108
0.21
0.9
0.557
0.753
0.311
0.433
0.27
0.992
0.818
0.09
0.567
0.684
0.857
0.163
0.373
0.383
0.34
0.031
0.54
0.942
0.469
0.358
0.661
0.746
0.134
0.159
0.348
0.707
0.103
0.342
0.777
0.56
0.78
0.225
0.007
0.0
0.292
0.379
0.185
0.061
0.4
0.49
0.611
0.234
0.629
0.946
0.189
0.276
0.672
0.767
0.356
0.698
0.77
0.394
0.407
0.415
0.923
0.624
0.923
0.246
0.08
0.057
0.48
0.906
0.059
0.066
0.272
0.842
0.231
0.326
0.135
0.33
0.494
0.048
0.079
0.469
0.533
0.233
0.731
0.811
0.884
0.316
0.44
0.758
0.677
0.619
0.149
0.168
0.438
0.78
0.316
0.083
0.831
0.965
0.377
0.781
0.403
0.421
0.369
0.582
0.747
0.602
0.28
0.603
0.819
0.203
0.874
0.907
0.482
0.058
0.513
0.206
0.55
0.189
0.136
0.835
0.071
0.607
0.403
0.718
0.616
0.083
0.06
0.717
0.643
0.389
0.871
0.566
0.133
0.056
0.527
0.266
0.634
0.676
0.338
0.613
0.192
0.096
0.678
0.801
0.945
0.512
0.048
0.23
0.451
0.899
0.859
0.268
0.636
