0.311
0.404
0.799
0.657
0.924
0.777
0.487
0.078
0.383
0.086
0.75
0.214
0.171
0.807
0.337
0.912
0.427
0.511
0.537
0.581
0.12
0.864
0.205
0.672
0.554
0.73
0.966
0.151
0.754
0.154
0.971
0.68
0.623
0.436
0.421
0.399
0.83
0.42
0.139
0.188
0.534
0.349
0.313
0.598
0.017
0.617
0.554
0.268
0.163
0.458
0.132
0.908
0.692
0.176
0.255
0.588
0.071
0.412
0.814
0.828
0.353
0.006
0.808
0.571
0.526
0.353
0.335
0.581
0.395
0.22
0.191
0.642
0.743
0.297
0.429
0.245
0.643
0.057
0.883
0.015
0.686
0.247
0.104
0.688
0.948
0.074
0.48
0.961
0.459
0.743
0.617
0.692
0.845
0.925
0.999
0.522
0.286
0.978
0.363
0.164
0.905
0.893
0.026
0.818
0.43
0.37
0.977
0.226
0.099
0.061
0.992
0.906
0.832
0.231
0.861
0.951
0.541
0.634
0.601
0.951
0.924
0.275
0.854
0.22
0.827
0.404
0.829
0.989
0.938
0.916
0.948
0.352
0.179
0.176
0.089
0.431
0.425
0.315
0.764
0.051
0.367
0.961
0.663
0.708
0.33
0.551
0.575
0.379
0.328
0.892
0.294
0.221
0.49
0.798
0.247
0.48
0.216
0.252
0.183
0.063
0.254
0.014
0.049
0.027
0.037
0.143
0.64
0.046
0.965
0.764
0.266
0.643
0.396
0.967
0.251
0.727
0.505
0.86
0.345
0.966
0.256
0.089
0.337
0.981
0.683
0.721
0.979
0.754
0.951
0.352
0.114
0.364
0.472
0.601
0.079
0.707
0.388
0.189
0.201
0.187
0.27
0.887
0.073
0.865
0.975
0.035
0.082
0.855
0.504
0.108
0
0.01
0.112
0.605
0.057
0.997
0.327
0.117
0.103
0.53
0.068
0.025
0.47
0.218
0.166
0.654
0.711
0.505
0.44
0.898
0.363
0.872
0.533
0.048
0.318
0.82
0.337
0.446
0.044
0.228
0.882
0.84
0.49
0.737
0.985
0.433
0.136
0.644
0.878
0.156
0.115
0.756
0.848
0.632
0.379
0.305
0.001
0.678
0.441
0.986
0.929
0.432
0.825
0.956
0.178
0.428
0.796
0.319
0.467
0.145
0.988
0.262
0.056
0.533
0.66
0.961
0.248
0.327
0.705
0.033
0.955
0.919
0.048
0.671
0.002
0.791
0.401
0.152
0.865
0.064
0.384
0.439
0.101
0.683
0.957
0.923
0.594
0.787
0.867
0.671
0.659
0.672
0.701
0.57
0.352
0.45
0.277
0.05
0.662
0.591
0.158
0.8
0.153
0.947
0.606
0.448
0.142
0.728
0.211
0.604
0.482
0.641
0.903
0.883
0.257
0.057
0.351
0.508
0.479
0.718
0.857
0.379
0.147
0.431
0.061
0.487
0.128
0.858
0.517
0.019
0.713
0.296
0.925
0.407
0.346
0.048
0.665
0.748
0.507
0.661
0.56
0.782
0.805
0.497
0.476
0.555
0.919
0.199
0.767
0.116
0.7
0.054
0.546
0.277
0.773
0.001
0.4
0.906
0.167
0.828
0.243
0.595
0.705
0.483
0.022
0.406
0.259
0.616
0.107
0.446
0.981
0.368
0.826
0.383
0.373
0.13
0.952
0.845
0.927
0.367
0.845
0.995
0.59
0.371
0.81
0.844
0.394
0.24
0.677
0.793
0.525
0
0.096
0.06
0.366
0.506
0.394
0.829
0.738
0.33
0.598
0.233
0.485
0.689
0.324
0.987
0.355
0.752
0.125
0.711
0.49
0.861
0.508
0.616
0.214
0.897
0.189
0.652
0.213
0.877
0.137
0.018
0.954
0.67
0.702
0.497
0.227
0.195
0.894
0.35
0.214
0.008
0
0.347
0.964
0.719
0.359
0.246
0.287
0.771
0.113
0.816
0.852
0.757
0.154
0.205
0.998
0.694
0.42
0.624
0.796
0.106
0.023
0.637
0.987
0.859
0.348
0.968
0.161
0.852
0.216
0.292
0.242
0.488
0.177
0.851
0.609
0.498
0.739
0.824
0.003
0.043
0.883
0.191
0.789
0.545
0.614
0.661
0.885
0.997
0.053
0.177
0.074
0.781
0.682
0.233
0.651
0.648
0.859
0.299
0.845
0.074
0.064
0.902
0.303
0.607
0.613
0.238
0.939
0.912
0.213
0.67
0.335
0.912
0.972
0.465
0.571
0.248
0.951
0.781
0.373
0.172
0.88
0.044
0.67
0.649
0.174
0.815
0.395
0
0.82
0.166
0.31
0.999
0.108
0.335
0.254
0.51
0.284
0.502
0.283
0.846
0.008
0.008
0.332
0.518
0.803
0.09
0.487
0.821
0.056
0.617
0.908
0.911
0.945
0.737
0.222
0.425
0.731
0.301
0.182
0.095
0.627
0.081
0.518
0.172
0.893
0.494
0.216
0.047
0.65
0.144
0.606
0.077
0.327
0.064
0.948
0.157
0.864
0.151
0.489
0.463
0.455
0.574
0.04
0.74
0.696
0.051
0.521
0.589
0.501
0.522
0.453
0.23
0.907
0.19
0.841
0.142
0.171
0.064
0.198
0.108
0.599
0.141
0.819
0.156
0.694
0.441
0.589
0.901
0.08
0.928
0.568
0.823
0.502
0.622
0.785
0.401
0.591
0.998
0.811
0.743
0.773
0.256
0.249
0.968
0.169
0.026
0.125
0.197
0.191
0.49
0.775
0.749
0.557
0.981
0.349
0.991
0.559
0.315
0.237
0.953
0.77
0.848
0.799
0.038
0.661
0.303
0.858
0.961
0.16
0.174
0.655
0.442
0.074
0.173
0.753
0.204
0.345
0.93
0.043
0.962
0.632
0.831
0.01
0.972
0.195
0.141
0.197
0.382
0.24
0.05
0.016
0.619
0.842
0.599
0.244
0.52
0.857
0.713
0.072
0.842
0.97
0.747
0.25
0.4
0.317
0.416
0.746
0.169
0.765
0.371
0.149
0.132
0.014
0.253
0.124
0.509
0.999
0.065
0.903
0.334
0.434
0.488
0.2
0.342
0.153
0.379
0.553
0.703
0.148
0.312
0.403
0.341
0.825
0.516
0.343
0.712
0.397
0.827
0.593
0.604
0.763
0.232
0.687
0.015
0.582
0.691
0.879
0.423
0.904
0.234
0.48
0.391
0.469
0.898
0.626
0.428
0.277
0.128
0.221
0.544
0.1
0.429
0.708
0.878
0.713
0.333
0.733
0.9
0.775
0.049
0.449
0.053
0.565
0.821
0.918
0.56
0.374
0.413
0.59
0.647
0.365
0.057
0.304
0.047
0.648
0.708
0.481
0.7
0.468
0.73
0.417
0.452
0.388
0.248
0.505
0.973
0.222
0.862
0.341
0.339
0.894
0.478
0.314
0.445
0.318
0.69
0.315
0.098
0.939
0.086
0.652
0.373
0.678
0.877
0.328
0.19
0.788
0.759
0.143
0.063
0.752
0.41
0.837
0.578
0.167
0
0.175
0.359
0.658
0.79
0.075
0.603
0.512
0.221
0.208
0.335
0.442
0.63
0.762
0.712
0.794
0.034
0.477
0.833
0.643
0.857
0.861
0.181
0.387
0.126
0.864
0.086
0.498
0.414
0.138
0.99
0.733
0.586
0.52
0.307
0.283
0.515
0.026
0.059
0.179
0.119
0.804
0.258
0.908
0.668
0.013
0.031
0.983
0.379
0.556
0.772
0.568
0.986
0.277
0.897
0.276
0.65
0.755
0.136
0.685
0
0.528
0.878
0.44
0.344
0.746
0.011
0.196
0.866
0.303
0.207
0.623
0.132
0.639
0.435
0.627
0.896
0.231
0.041
0.594
0.114
0.923
0.692
0.543
0.392
0.209
0.406
0.092
0.131
0.781
0.112
0.298
0.075
0.562
0.055
0.865
0.169
0.168
0.492
0.653
0.325
0.529
0.182
0.532
0.576
0.313
0.993
0.981
0.181
0.475
0.339
0.193
0.335
0.529
0.178
0.198
0.299
0.7
0.062
0.787
0.737
0.252
0.624
0.066
0.031
0.845
0.658
0.601
0.046
0.556
0.67
0.276
0.022
0.734
0.414
0.773
0.885
0.844
0.677
0.662
0.942
0.46
0.05
0.855
0.139
0.324
0.711
0.164
0.067
0.911
0.29
0.475
0.751
0.88
0.849
0.015
0.875
0.457
0.293
0.835
0.503
0.75
0.952
0.079
0.071
0.483
0.676
0.019
0.962
0.66
0.862
0.3
0.639
0.326
0.17
0.047
0.609
0.304
0.26
0.373
0.07
0.595
0.726
0.698
0.711
0.574
0.219
0.519
0.784
0.405
0.01
0.74
0.259
