0.74
0.504
0.658
0.429
0.061
0.167
0.451
0.111
0.313
0.331
0.261
0.657
0.949
0.536
0.937
0.512
0.317
0.818
0.356
0.477
0.755
0.062
0.856
0.223
0.096
0.257
0.87
0.68
0.131
0.095
0.928
0.215
0.313
0.797
0.055
0.933
0.187
0.774
0.711
0.289
0.802
0.421
0.481
0.555
0.709
0.228
0.783
0.415
0.859
0.956
0.139
0.213
0.344
0.01
0.824
0.14
0.425
0.672
0.108
0.827
0.927
0.975
0.403
0.279
0.948
0.872
0.838
0.653
0.888
0.337
0.381
0.841
0.547
0.606
0.728
0.406
0.098
0.865
0.932
0.679
0.262
0.492
0.602
0.85
0.216
0.366
0.971
0.968
0.478
0.595
0.82
0.324
0.69
0.966
0.492
0.745
0.831
0.533
0.124
0.528
0.766
0.328
0.381
0.593
0.665
0.57
0.102
0.459
0.694
0.583
0.252
0.825
0.657
0.126
0.582
0.633
0.589
0.72
0.844
0.26
0.258
0.574
0.272
0.4
0.622
0.917
0.893
0.35
0.536
0.016
0.57
0.45
0.476
0.55
0.937
0.863
0.539
0.826
0.18
0.812
0.688
0.719
0.147
0.629
0.52
0.009
0.571
0.914
0.346
0.7
0.738
0.391
0.381
0.438
0.721
0.61
0.046
0.001
0.169
0.318
0.338
0.064
0.478
0.492
0.14
0.311
0.194
0.977
0.616
0.909
0.434
0.115
0.498
0.851
0.319
0.947
0.678
0.454
0.898
0.935
0.241
0.851
0.308
0.535
0.352
0.976
0.667
0.029
0.132
0.377
0.036
0.21
0.497
0.364
0.989
0.102
0.191
0.457
0.229
0.514
0.051
0.931
0.544
0.519
0.575
0.142
0.952
0.202
0.987
0.03
0.105
0.35
0.852
0.189
0.434
0.895
0.291
0.476
0.811
0.618
0.61
0.948
0.832
0.869
0.003
0.755
0.553
0.263
0.787
0.088
0.792
0.04
0.741
0.982
0.325
0.793
0.496
0.183
0.874
0.284
0.91
0.162
0.293
0.345
0.647
0.902
0.442
0.138
0.996
0.708
0.85
0.048
0.706
0.352
0.473
0.844
0.983
0.385
0.684
0.127
0.305
0.792
0.604
0.704
0.217
0.845
0.374
0.469
0.288
0.056
0.706
0.36
0.213
0.755
0.164
0.323
0.799
0.759
0.582
0.105
0.543
0.215
0.352
0.58
0.177
0.543
0.701
0.336
0.855
0.458
0.118
0.285
0.503
0.514
0.336
0.122
0.494
0.303
0.299
0.648
0.688
0.693
0.918
0.937
0.519
0.633
0.637
0.842
0.46
0.199
0.169
0.435
0.222
0.961
0.964
0.972
0.427
0.311
0.966
0.178
0.496
0.569
0.11
0.737
0.539
0.814
0.922
0.513
0.243
0.523
0.118
0.92
0.005
0.776
0.019
0.239
0.154
0.291
0.508
0.334
0.287
0.648
0.487
0.176
0.623
0.903
0.075
0.945
0.655
0.468
0.082
0.195
0.958
0.432
0.518
0.625
0.972
0.656
0.964
0.973
0.159
0.937
0.084
0.132
0.396
0.162
0.432
0.247
0.144
0.038
0.239
0.881
0.796
0.643
0.16
0.645
0.054
0.622
0.198
0.294
0.533
0.001
0.951
0.09
0.134
0.076
0.501
0.477
0.355
0.434
0.891
0.024
0.735
0.655
0.494
0.951
0.293
0.522
0.465
0.587
0.437
0.101
0.613
0.26
0.847
0.91
0.244
0.216
0.077
0.055
0.052
0.572
0.78
0.551
0.222
0.644
0.795
0.519
0.056
0.622
0.027
0.422
0.877
0.681
0.586
0.961
0.895
0.755
0.707
0.562
0.938
0.28
0.945
0.601
0.223
0.229
0.284
0.365
0.948
0.587
0.508
0.55
0.487
0.561
0.861
0.62
0.731
0.293
0.178
0.645
0.025
0.334
0.067
0.959
0.331
0.531
0.214
0.558
0.131
0.153
0.762
0.758
0.178
0.505
0.526
0.708
0.053
0.864
0.312
0.037
0.099
0.134
0.58
0.027
0.664
0.255
0.039
0.559
0.473
0.662
0.73
0.107
0.039
0.434
0.578
0.328
0.256
0.303
0.234
0.422
0.91
0.262
0.949
0.78
0.709
0.353
0.572
0.224
0.444
0.974
0.37
0.45
0.934
0.633
0.618
0.456
0.113
0.569
0.856
0.137
0.633
0.132
0.677
0.745
0.571
0.891
0.385
0.461
0.553
0.652
0.225
0.179
0.752
0.224
0.362
0.626
0.806
0.317
0.742
0.773
0.954
0.857
0.808
0.194
0.796
0.995
0.1
0.69
0.499
0.849
0.621
0.128
0.898
0.274
0.372
0.59
0.327
0.339
0.103
0.83
0.831
0.302
0.052
0.605
0.851
0.215
0.279
0.63
0.366
0.228
0.762
0.781
0.768
0.7
0.876
0.53
0.514
0.779
0.92
0.828
0.696
0.149
0.364
0.715
0.369
0.04
0.795
0.142
0.789
0.884
0.685
0.917
0.828
0.705
0.11
0.032
0.495
0.47
0.991
0.128
0.207
0.441
0.342
0.83
0.838
0.643
0.662
0.646
0.551
0.315
0.616
0.614
0.03
0.33
0.475
0.231
0.123
0.443
0.175
0.305
0.398
0.454
0.878
0.027
0.465
0.273
0.938
0.989
0.365
0.943
0.1
0.633
0.44
0.684
0.73
0.184
0.845
0.047
0.962
0.948
0.888
0.716
0.987
0.008
0.903
0.291
0.732
0.243
0.916
0.325
0.889
0.648
0.631
0.122
0.645
0.533
0.965
0.796
0.682
0.175
0.75
0.697
0.152
0.892
0.85
0.494
0.622
0.521
0.194
0.091
0.63
0.665
0.531
0.901
0.045
0.288
0.514
0.951
0.813
0.802
0.096
0.046
0.242
0.305
0.903
0.963
0.503
0.899
0.397
0.915
0.271
0.904
0.048
0.85
0.081
0.782
0.056
0.158
0.356
0.156
0.575
0.773
0.796
0.333
0.007
0.679
0.722
0.095
0.635
0.54
0.202
0.035
0.039
0.762
0.858
0.167
0.587
0.933
0.014
0.146
0.224
0.155
0.635
0.456
0.069
0.958
0.781
0.905
0.212
0.719
0.271
0.808
0.81
0.929
0.142
0.571
0.474
0.632
0.301
0.95
0.848
0.357
0.986
0.295
0.89
0.914
0.767
0.794
0.398
0.209
0.189
0.891
0.522
0.134
0.6
0.508
0.864
0.256
0.701
0.414
0.352
0.306
0.334
0.198
0.924
0.207
0.82
0.005
0.827
0.073
0.199
0.648
0.002
0.297
0.847
0.279
0.842
0.918
0.745
0.643
0.918
0.809
0.968
0.506
0.816
0.494
0.282
0.981
0.122
0.145
0.157
0.71
0.015
0.481
0.153
0.202
0.823
0.832
0.829
0.93
0.754
0.617
0.208
0.919
0.065
0.004
0.26
0.591
0.186
0.368
0.638
0.225
0.677
0.836
0.894
0.502
0.913
0.652
0.995
0.579
0.168
0.522
0.122
0.799
0.547
0.031
0.323
0.225
0.142
0.623
0.48
0.183
0.601
0.814
0.662
0.557
0.263
0.688
0.968
0.397
0.371
0.381
0.701
0.339
0.61
0.054
0.487
0.67
0.51
0.713
0.447
0.103
0.763
0.305
0.937
0.495
0.916
0.851
0.413
0.153
0.077
0.072
0.181
0.618
0.072
0.232
0.762
0.482
0.081
0.145
0.861
0.421
0.644
0.802
0.463
0.961
0.137
0.576
0.426
0.123
0.14
0.222
0.623
0.558
0.206
0.973
0.133
0.688
0.824
0.175
0.383
0.222
0.564
0.689
0.185
0.911
0.54
0.524
0.418
0.286
0.028
0.123
0.046
0.747
0.663
0.319
0.984
0.277
0.275
0.418
0.293
0.715
0.486
0.72
0.148
0.469
0.497
0.686
0.691
0.937
0.824
0.296
0.232
0.752
0.508
0.143
0.535
0.846
0.494
0.414
0.722
0.264
0.935
0.132
0.589
0.728
0.768
0.546
0.522
0.73
0.354
0.789
0.882
0.136
0.166
0.183
0.899
0.455
0.279
0.247
0.359
0.42
0.773
0.348
0.019
0.802
0.642
0.069
0.136
0.433
0.236
0.852
0.615
0.449
0.204
0.751
0.012
0.995
0.266
0.905
0.63
0.895
0.05
0.579
0.011
0.549
0.968
0.713
0.883
0.239
0.747
0.141
0.037
0.639
0.743
0.901
0.811
0.793
0.338
0.936
0.259
0.477
0.396
0.418
0.755
0.669
0.097
0.792
0.973
0.127
0.671
0.706
0.058
0.49
0.793
0.841
0.264
0.493
0.552
0.107
