0.387
0.376
0.48
0.604
0.759
0.788
0.162
0.573
0.811
0.817
0.326
0.918
0.875
0.919
0.999
0.568
0.398
0.962
0.566
0.129
0.42
0.54
0.048
0.207
0.019
0.493
0.32
0.536
0.398
0.852
0.497
0.341
0.583
0.464
0.164
0.405
0.115
0.174
0.696
0.86
0.964
0.445
0.383
0.757
0.527
0.812
0.09
0.768
0.409
0.536
0.187
0.962
0.524
0.689
0.709
0.726
0.34
0.976
0.152
0.268
0.692
0.697
0.008
0.451
0.978
0.251
0.369
0.311
0.928
0.13
0.78
0.408
0.021
0.482
0.721
0.837
0.203
0.457
0.328
0.431
0.384
0.405
0.768
0.877
0.955
0.938
0.877
0.004
0.95
0.317
0.807
0.439
0.422
0.402
0.523
0.45
0.167
0.52
0.679
0.623
0.187
0.187
0.408
0.888
0.12
0.738
0.118
0.062
0.851
0.483
0.22
0.662
0.574
0.554
0.893
0.962
0.672
0.215
0.393
0.538
0.658
0.723
0.872
0.651
0.518
0.279
0.598
0.129
0.208
0.703
0.405
0.81
0.399
0.256
0.981
0.034
0.377
0.608
0.439
0.907
0.378
0.982
0.133
0.009
0.533
0.967
0.56
0.486
0.804
0.924
0.401
0.948
0.39
0.003
0.891
0.061
0.347
0.191
0.513
0.016
0.331
0.301
0.18
0.653
0.803
0.738
0.524
0.772
0.346
0.957
0.491
0.262
0.844
0.305
0.801
0.965
0.663
0.168
0.818
0.845
0.606
0.292
0.732
0.684
0.934
0.43
0.818
0.219
0.403
0.062
0.781
0.965
0.881
0.048
0.342
0.694
0.202
0.083
0.553
0.566
0.776
0.021
0.581
0.976
0.463
0.792
0.558
0.225
0.54
0.428
0.655
0.586
0.664
0.455
0.791
0.698
0.07
0.592
0.604
0.099
0.679
0.882
0.919
0.496
0.638
0.251
0.16
0.408
0.756
0.995
0.293
0.552
0.691
0.071
0.023
0.309
0.777
0.912
0.283
0.507
0.974
0.768
0.412
0.449
0.977
0.962
0.562
0.002
0.632
0.49
0.698
0.579
0.699
0.018
0.333
0.898
0.619
0.672
0.049
0.181
0.967
0.082
0.285
0.545
0.38
0.601
0.228
0.255
0.366
0.735
0.484
0.079
0.411
0.379
0.539
0.551
0.332
0.228
0.67
0.208
0.178
0.472
0.343
0.049
0.149
0.549
0.708
0.665
0.5
0.737
0.456
0.975
0.236
0.075
0.806
0.207
0.842
0.08
0.087
0.832
0.667
0.515
0.548
0.103
0.079
0.292
0.367
0.524
0.978
0.651
0.736
0.839
0.674
0.161
0.92
0.611
0.317
0.363
0.575
0.691
0.887
0.001
0.088
0.71
0.743
0.011
0.763
0.012
0.029
0.476
0.397
0.674
0.049
0.939
0.539
0.523
0.63
0.378
0.849
0.054
0.766
0.271
0.345
0.496
0.019
0.211
0.139
0.067
0.311
0.462
0.287
0.498
0.642
0.284
0.752
0.673
0.852
0.46
0.373
0.78
0.044
0.276
0.485
0.504
0.982
0.967
0.775
0.725
0.709
0.209
0.681
0.477
0.246
0.222
0.401
0.41
0.343
0.193
0.672
0.259
0.114
0.806
0.111
0.786
0.947
0.499
0.595
0.991
0.139
0.427
0.067
0.082
0.463
0.63
0.844
0.907
0.155
0.394
0.815
0.765
0.066
0.809
0.015
0.56
0.822
0.569
0.89
0.404
0.399
0.797
0.203
0.241
0.96
0.555
0.522
0.169
0.147
0.404
0.829
0.647
0.332
0.849
0.268
0.119
0.899
0.985
0.797
0.726
0.287
0.534
0.365
0.321
0.217
0.977
0.583
0.382
0.284
0.58
0.087
0.378
0.904
0.411
0.94
0.211
0.806
0.915
0.848
0.036
0.754
0.597
0.676
0.149
0.393
0.238
0.704
0.793
0.642
0.373
0.596
0.834
0.419
0.875
0.402
0.491
0.025
0.52
0.05
0.913
0.429
0.093
0.258
0.478
0.732
0.269
0.761
0.319
0.602
0.243
0.315
0.948
0.204
0.7
0.448
0.552
0.54
0.703
0.294
0.497
0.199
0.062
0.265
0.411
0.727
0.484
0.642
0.876
0.404
0.547
0.165
0.136
0.889
0.337
0.268
0.633
0.733
0.711
0.873
0.276
0.69
0.491
0.708
0.518
0.883
0.847
0.0
0.866
0.818
0.856
0.649
0.671
0.483
0.259
0.43
0.352
0.126
0.758
0.272
0.808
0.691
0.485
0.429
0.536
0.3
0.65
0.175
0.354
0.103
0.59
0.891
0.816
0.63
0.473
0.835
0.809
0.15
0.077
0.72
0.053
0.793
0.812
0.628
0.979
0.548
0.707
0.122
0.833
0.287
0.805
0.116
0.994
0.837
0.065
0.189
0.032
0.612
0.034
0.232
0.111
0.157
0.804
0.663
0.64
0.012
0.867
0.285
0.868
0.273
0.873
0.267
0.647
0.541
0.457
0.447
0.239
0.49
0.655
0.842
0.2
0.226
0.704
0.225
0.455
0.03
0.35
0.462
0.325
0.422
0.639
0.244
0.297
0.975
0.543
0.068
0.67
0.078
0.221
0.525
0.944
0.683
0.188
0.315
0.764
0.609
0.121
0.016
0.502
0.971
0.768
0.732
0.167
0.162
0.945
0.602
0.594
0.941
0.466
0.281
0.245
0.658
0.353
0.341
0.47
0.359
0.025
0.075
0.632
0.708
0.905
0.077
0.809
0.976
0.042
0.304
0.477
0.807
0.424
0.171
0.195
0.228
0.655
0.257
0.38
0.46
0.345
0.088
0.431
0.53
0.598
0.567
0.892
0.135
0.24
0.063
0.596
0.897
0.324
0.697
0.453
0.756
0.917
0.613
0.887
0.958
0.937
0.758
0.524
0.071
0.581
0.497
0.438
0.705
0.425
0.153
0.593
0.488
0.162
0.769
0.81
0.364
0.771
0.341
0.477
0.34
0.408
0.636
0.868
0.418
0.394
0.215
0.265
0.149
0.404
0.921
0.702
0.633
0.356
0.972
0.476
0.114
0.488
0.459
0.233
0.231
0.531
0.644
0.774
0.102
0.222
0.526
0.296
0.566
0.048
0.977
0.222
0.583
0.34
0.647
0.254
0.408
0.823
0.509
0.999
0.611
0.338
0.933
0.24
0.314
0.079
0.145
0.627
0.812
0.146
0.873
0.298
0.318
0.717
0.329
0.014
0.693
0.961
0.971
0.924
0.307
0.197
0.804
0.146
0.576
0.042
0.715
0.954
0.536
0.75
0.75
0.247
0.611
0.643
0.661
0.904
0.695
0.646
0.645
0.968
0.808
0.393
0.566
0.314
0.169
0.235
0.559
0.098
0.75
0.609
0.35
0.865
0.007
0.095
0.632
0.376
0.71
0.255
0.894
0.886
0.903
0.549
0.063
0.59
0.274
0.503
0.176
0.472
0.086
0.002
0.86
0.532
0.106
0.324
0.552
0.316
0.238
0.947
0.316
0.073
0.254
0.163
0.957
0.05
0.5
0.654
0.955
0.563
0.093
0.215
0.372
0.588
0.046
0.979
0.61
0.856
0.369
0.901
0.865
0.317
0.812
0.33
0.861
0.034
0.046
0.514
0.561
0.194
0.035
0.687
0.902
0.149
0.926
0.635
0.976
0.293
0.426
0.08
0.98
0.376
0.799
0.544
0.87
0.384
0.987
0.959
0.126
0.626
0.831
0.374
0.901
0.087
0.594
0.362
0.624
0.734
0.392
0.209
0.24
0.655
0.272
0.304
0.469
0.058
0.413
0.756
0.461
0.119
0.706
0.597
0.865
0.74
0.088
0.553
0.318
0.926
0.55
0.008
0.752
0.081
0.667
0.325
0.563
0.538
0.765
0.611
0.001
0.915
0.508
0.882
0.548
0.234
0.124
0.158
0.817
0.61
0.925
0.845
0.979
0.143
0.325
0.544
0.538
0.579
0.763
0.731
0.089
0.909
0.33
0.787
0.05
0.101
0.08
0.315
0.504
0.996
0.112
0.578
0.961
0.324
0.843
0.433
0.533
0.452
0.24
0.255
0.098
0.48
0.966
0.851
0.43
0.773
0.039
0.643
0.833
0.0
0.998
0.532
0.215
0.922
0.45
0.591
0.013
0.521
0.56
0.444
0.25
0.239
0.279
0.467
0.563
0.514
0.359
0.99
0.459
0.048
0.281
0.038
0.33
0.874
0.446
0.882
0.698
0.797
0.687
0.665
0.485
0.113
0.969
0.48
0.412
0.364
0.561
0.759
0.248
0.068
0.989
0.372
0.879
0.866
0.485
0.455
0.78
0.15
0.36
0.776
0.7
0.806
