0.56
0.565
0.453
0.781
0.116
0.203
0.168
0.919
0.702
0.173
0.328
0.432
0.491
0.287
0.747
0.728
0.128
0.24
0.923
0.381
0.478
0.91
0.898
0.709
0.352
0.482
0.439
0.395
0.594
0.889
0.589
0.093
0.135
0.884
0.609
0.35
0.004
0.986
0.958
0.725
0.837
0.722
0.061
0.087
0.062
0.464
0.829
0.125
0.99
0.635
0.547
0.821
0.482
0.669
0.899
0.447
0.165
0.531
0.065
0.634
0.328
0.884
0.819
0.694
0.627
0.247
0.328
0.764
0.128
0.384
0.203
0.54
0.322
0.849
0.896
0.365
0.361
0.015
0.03
0.216
0.881
0.62
0.415
0.771
0.891
0.663
0.012
0.498
0.126
0.547
0.028
0.019
0
0.156
0.455
0.475
0.764
0.311
0.712
0.843
0.485
0.825
0.296
0.067
0.551
0.485
0.339
0.068
0.355
0.675
0.262
0.273
0.919
0.547
0.623
0.584
0.994
0.185
0.331
0.612
0.667
0.21
0.598
0.053
0.54
0.039
0.117
0.13
0.694
0.301
0.308
0.959
0.641
0.91
0.618
0.026
0.29
0.855
0.147
0.569
0.62
0.759
0.671
0.95
0.108
0.269
0.282
0.903
0.545
0.348
0.361
0.176
0.083
0.784
0.81
0.046
0.731
0.561
0.302
0.676
0.71
0.761
0.882
0.163
0.432
0.149
0.607
0.117
0.358
0.509
0.051
0.424
0.754
0.171
0.343
0.125
0.312
0.467
0.906
0.608
0.595
0.231
0.256
0.632
0.496
0.929
0.759
0.561
0.587
0.368
0.939
0.108
0.897
0.704
0.792
0.76
0.641
0.45
0.437
0.64
0.162
0.32
0.135
0.265
0.424
0.799
0.512
0.702
0.803
0.569
0.849
0.261
0.929
0.139
0.074
0.658
0.115
0.71
0.316
0.705
0.486
0.523
0.573
0.906
0.814
0.195
0.816
0.002
0.556
0.439
0.973
0.692
0.631
0.073
0.471
0.282
0.342
0.559
0.405
0.136
0.247
0.196
0.242
0.419
0.373
0.635
0.286
0.037
0.213
0.141
0.416
0.707
0.851
0.351
0.976
0.45
0.117
0.74
0.878
0.302
0.594
0.498
0.695
0.622
0.228
0.094
0.39
0.572
0.971
0.479
0.655
0.407
0.041
0.759
0.113
0.401
0.492
0.765
0.126
0.939
0.639
0.138
0.849
0.558
0.869
0.324
0.637
0.761
0.33
0.284
0.483
0.635
0.437
0.067
0.897
0.189
0.918
0.171
0.007
0.354
0.349
0.852
0.769
0.87
0.025
0.86
0.892
0.334
0.327
0.127
0.823
0.133
0.263
0.487
0.914
0.051
0.845
0.663
0.571
0.703
0
0.947
0.656
0.268
0.181
0.755
0.346
0.866
0.217
0.301
0.876
0.784
0.073
0.771
0.532
0.164
0.712
0.74
0.305
0.311
0.392
0.432
0.075
0.111
0.855
0.073
0.842
0.631
0.285
0.554
0.165
0.79
0.588
0.152
0.521
0.402
0.791
0.754
0.58
0.927
0.95
0.307
0.424
0.131
0.916
0.613
0.733
0.127
0.212
0.369
0.868
0.021
0.346
0.93
0.038
0.757
0.056
0.95
0.652
0.885
0.514
0.145
0.914
0.486
0.41
0.573
0.764
0.245
0.175
0.236
0.718
0.92
0.82
0.688
0.917
0.183
0.138
0.025
0.412
0.221
0.096
0.161
0.746
0.351
0.245
0.718
0.984
0.454
0.779
0.272
0.708
0.752
0.854
0.391
0.101
0.571
0.85
0.206
0.554
0.097
0.153
0.822
0.206
0.575
0.889
0.854
0.43
0.172
0.397
0.874
0.789
0.162
0.004
0.299
0.172
0.699
0.368
0.434
0.834
0.347
0.51
0.627
0.457
0.527
0.747
0.515
0.935
0.289
0.654
0.142
0.767
0.662
0.951
0.871
0.047
0.813
0.117
0.654
0.875
0.759
0.384
0.483
0.685
0.274
0.114
0.62
0.771
0.507
0.16
0.821
0.241
0.146
0.987
0.282
0.207
0.374
0.562
0.737
0.57
0.222
0.301
0.819
0.857
0.52
0.198
0.053
0.427
0.257
0.843
0.749
0.534
0.151
0.983
0.289
0.078
0.222
0.398
0.816
0.813
0.884
0.778
0.056
0.731
0.048
0.743
0.409
0.19
0.292
0.529
0.407
0.91
0.177
0.469
0.553
0.36
0.34
0.659
0.818
0.366
0.428
0.071
0.26
0.669
0.218
0.151
0.717
0.323
0.718
0.543
0.43
0.049
0.113
0.315
0.334
0.243
0.328
0.151
0.565
0.471
0.747
0.089
0.572
0.175
0.749
0.235
0.668
0.333
0.607
0.863
0.923
0.126
0.543
0.888
0.618
0.306
0.81
0.912
0.103
0.006
0.26
0.914
0.409
0.954
0.555
0.043
0.893
0.607
0.94
0.596
0.735
0.422
0.106
0.057
0.633
0.902
0.903
0.819
0.949
0.589
0.987
0.703
0.66
0.21
0.05
0.835
0.598
0.998
0.788
0.052
0.637
0.251
0.454
0.129
0.425
0.39
0.615
0.407
0.264
0.355
0.214
0.544
0.941
0.891
0.502
0.239
0.816
0.583
0.503
0.099
0.807
0.933
0.128
0.886
0.66
0.196
0.359
0.538
0.801
0.91
0.795
0.314
0.227
0.707
0.301
0.043
0.246
0.782
0.173
0.435
0.694
0.102
0.463
0.448
0.76
0.108
0.189
0.997
0.486
0.792
0.741
0.05
0.141
0.013
0.423
0.249
0.808
0.246
0.401
0.322
0.877
0.84
0.231
0.698
0.552
0.299
0.363
0.065
0.801
0.326
0.67
0.653
0.316
0.228
0.095
0.376
0.632
0.715
0.174
0.836
0.317
0.162
0.747
0.395
0.928
0.043
0.993
0.775
0.754
0.435
0.319
0.858
0.995
0.524
0.769
0.332
0.736
0.146
0.96
0.518
0.934
0.331
0.948
0.618
0.63
0.051
0.087
0.387
0.201
0.148
0.83
0.153
0.593
0.866
0.03
0.212
0.837
0.774
0.189
0.834
0.792
0.563
0.966
0.065
0.617
0.561
0.319
0.942
0.313
0.789
0.685
0.049
0.411
0.322
0.611
0.734
0.436
0.578
0.548
0.559
0.057
0.34
0.088
0.998
0.201
0.356
0.938
0.129
0.235
0.6
0.966
0.88
0.677
0.948
0.245
0.15
0.881
0.479
0.45
0.304
0.207
0.695
0.558
0.844
0.108
0.39
0.855
0.37
0.104
0.103
0.371
0.354
0.783
0.203
0.409
0.737
0.406
0.713
0.84
0.214
0.249
0.01
0.35
0.02
0.557
0.249
0.885
0.098
0.595
0.702
0.818
0.198
0.032
0.952
0.894
0.563
0.792
0.114
0.219
0.377
0.397
0.074
0.684
0.745
0.675
0.657
0.557
0.503
0.927
0.765
0.955
0.307
0.407
0.942
0.482
0.197
0.59
0.14
0.742
0.398
0.57
0.357
0.068
0.735
0.413
0.268
0.693
0.212
0.341
0.107
0.678
0.372
0.95
0.042
0.943
0.12
0.945
0.395
0.42
0.925
0.328
0.332
0.613
0.209
0.316
0.341
0.529
0.474
0.726
0.69
0.621
0.978
0.092
0.451
0.236
0.397
0.365
0.247
0.589
0.389
0.367
0.996
0.661
0.836
0.055
0.834
0.926
0.356
0.214
0.442
0.732
0.473
0.92
0.025
0.448
0.708
0.692
0.071
0.425
0.103
0.638
0.928
0.846
0.959
0.39
0.743
0.558
0.8
0.808
0.744
0.107
0.755
0.275
0.003
0.43
0.813
0.816
0.624
0.418
0.494
0.999
0.842
0.161
0.788
0.812
0.729
0.649
0.724
0.889
0.954
0.107
0.715
0.614
0.295
0.861
0.55
0.195
0.657
0.751
0.08
0.235
0.533
0.361
0.186
0.693
0.284
0.102
0.66
0.227
0.023
0.497
0.709
0.38
0.102
0.809
0.774
0.784
0.812
0.802
0.174
0.423
0.342
0.288
0.627
0.325
0.609
0.747
0.605
0.649
0.948
0.858
0.987
0.43
0.561
0.266
0.098
0.486
0.241
0.431
0.354
0.673
0.007
0.937
0.644
0.493
0.041
0.05
0.915
0.323
0.556
0.148
0.429
0.862
0.817
0.999
0.205
0.243
0.849
0.857
0.907
0.639
0.206
0.331
0.441
0.944
0.872
0.176
0.832
0.227
0.406
0.586
0.113
0.609
0.618
0.007
0.773
0.578
0.71
0.799
0.773
0.528
0.534
0.504
0.15
0.677
0.806
0.754
0.414
0.341
0.23
0.416
