0.666
0.823
0.29
0.154
0.34
0.063
0.547
0.066
0.747
0.026
0.845
0.548
0.037
0.13
0.718
0.244
0.58
0.589
0.668
0.233
0.205
0.975
0.768
0.696
0.991
0.309
0.172
0.282
0.284
0.111
0.587
0.654
0.051
0.555
0.864
0.95
0.101
0.989
0.372
0.389
0.162
0.546
0.027
0.89
0.952
0.926
0.521
0.685
0.431
0.813
0.075
0.908
0.914
0.173
0.966
0.559
0.546
0.543
0.58
0.163
0.097
0.386
0.916
0.388
0.956
0.79
0.765
0.811
0.302
0.477
0.266
0.406
0.701
0.433
0.208
0.414
0.654
0.361
0.191
0.369
0.335
0.603
0.69
0.847
0.24
0.02
0.319
0.768
0.136
0.977
0.766
0.121
0.962
0.457
0.469
0.334
0.287
0.631
0.97
0.708
0.448
0.96
0.304
0.648
0.173
0.148
0.841
0.858
0.705
0.077
0.917
0.061
0.232
0.108
0.187
0.555
0.667
0.557
0.427
0.611
0.521
0.576
0.088
0.174
0.788
0.375
0.162
0.855
0.879
0.37
0.525
0.263
0.183
0.683
0.878
0.898
0.806
0.714
0.144
0.367
0.079
0.194
0.948
0.314
0.504
0.448
0.107
0.555
0.592
0.391
0.926
0.209
0.676
0.694
1.0
0.081
0.575
0.612
0.154
0.1
0.798
0.917
0.349
0.202
0.774
0.54
0.124
0.931
0.097
0.804
0.707
0.822
0.885
0.719
0.79
0.594
0.33
0.116
0.93
0.69
0.288
0.011
0.732
0.005
0.564
0.38
0.043
0.65
0.376
0.148
0.488
0.514
0.075
0.002
0.791
0.274
0.782
0.262
0.349
0.687
0.562
0.431
0.234
0.367
0.152
0.1
0.221
0.429
0.716
0.264
0.105
0.569
0.6
0.048
0.413
0.471
0.844
0.035
0.432
0.327
0.742
0.266
0.164
0.515
0.297
0.092
0.406
0.768
0.693
0.102
0.228
0.514
0.804
0.602
0.479
0.7
0.649
0.538
0.268
0.99
0.262
0.485
0.36
0.056
0.224
0.385
0.345
0.137
0.577
0.998
0.593
0.271
0.016
0.22
0.689
0.818
0.817
0.68
0.399
0.905
0.538
0.42
0.845
0.778
0.331
0.82
0.482
0.772
0.339
0.436
0.25
0.257
0.942
0.459
0.462
0.521
0.827
0.981
0.069
0.778
0.225
0.709
0.553
0.476
0.451
0.335
0.834
0.945
0.727
0.048
0.267
0.459
0.769
0.591
0.2
0.194
0.964
0.415
0.605
0.756
0.429
0.338
0.246
0.329
0.403
0.216
0.327
0.169
0.391
0.767
0.406
0.984
0.772
0.093
0.478
0.733
0.128
0.77
0.532
0.378
0.338
0.62
0.879
0.979
0.706
0.872
0.363
0.034
0.364
0.636
0.955
0.083
0.029
0.26
0.265
0.206
0.729
0.529
0.144
0.763
0.346
0.757
0.373
0.581
0.339
0.69
0.459
0.482
0
0.098
0.973
0.115
0.586
0.614
0.901
0.9
0.474
0.759
0.814
0.633
0.564
0.171
0.967
0.737
0.686
0.533
0.838
0.293
0.085
0.631
0.362
0.559
0.214
0.197
0.352
0.218
0.427
0.409
0.864
0.988
0.191
0.407
0.69
0.684
0.895
0.385
0.154
0.8
0.68
0.056
0.17
0.631
0.87
0.758
0.085
0.609
0.159
0.782
0.295
0.434
0.541
0.104
0.569
0.319
0.374
0.763
0.501
0.76
0.537
0.824
0.461
0.861
0.395
0.906
0.234
0.539
0.98
0.457
0.55
0.152
0.208
0.04
0.067
0.428
0.852
0.212
0.946
0.106
0.872
0.488
0.394
0.442
0.712
0.448
0.058
0.573
0.9
0.732
0.856
0.292
0.14
0.505
0.631
0.094
0.322
0.256
0.113
0.057
0.467
0.283
0.916
0.904
0.868
0.207
0.846
0.02
0.224
0.357
0.932
0.596
0.736
0.122
0.56
0.056
0.477
0.104
0.729
0.475
0.276
0.599
0.744
0.37
0.063
0.819
0.646
0.371
0.593
0.668
0.493
0.379
0.896
0.253
0.286
0.801
0.82
0.963
0.146
0.029
0.299
0.115
0.78
0.073
0.474
0.383
0.954
0.316
0.598
0.636
0.548
0.457
0.869
0.73
0.778
0.131
0.145
0.404
0.38
0.502
0.655
0.783
0.731
0.345
0.623
0.73
0.689
0.534
0.098
0.888
0.914
0.71
0.597
0.012
0.433
0.114
0.926
0.716
0.633
0.433
0.255
0.495
0.382
0.211
0.741
0.105
0.729
0.374
0.365
0.611
0.481
0.527
0.504
0.926
0.81
0.856
0.091
0.993
0.837
0.651
0.084
0.179
0.023
0.324
0.634
0.242
0.963
0.725
0.123
0.862
0.796
0.24
0.664
0.186
0.861
0.353
0.895
0.55
0.687
0.031
0.13
0.901
0.892
0.702
0.094
0.816
0.677
0.165
0.84
0.035
0.422
0.449
0.384
0.601
0.656
0.392
0.597
0.353
0.364
0.752
0.349
0.433
0.357
0.227
0.465
0.879
0.501
0.557
0.615
0.054
0.178
0.38
0.914
0.987
0.052
0.36
0.291
0.37
0.61
0.426
0.351
0.299
0.33
0.258
0.601
0.001
0.53
0.86
0.299
0.485
0.905
0.863
0.826
0.656
0.846
0.847
0.862
0.95
0.067
0.827
0.957
0.443
0.094
0.306
0.72
0.442
0.08
0.263
0.215
0.111
0.256
0.582
0.794
0.29
0.748
0.091
0.901
0.364
0.758
0.646
0.235
0.749
0.934
0.616
0.813
0.403
0.379
0.5
0.816
0.799
0.611
0.071
0.041
0.354
0.151
0.301
0.198
0.047
0.069
0.343
0.964
0.121
0.988
0.006
0.659
0.223
0.564
0.217
0.278
0.029
0.315
0.999
0.806
0.597
0.874
0.485
0.625
0.423
0.546
0.481
0.559
0.283
0.665
0.441
0.428
0.876
0.175
0.038
0.081
0.178
0.042
0.085
0.924
0.967
0.807
0.159
0.809
0.679
0.304
0.58
0.513
0.888
0.602
0.627
0.35
0.109
0.501
0.907
0.011
0.629
0.418
0.165
0.694
0.414
0.85
0.894
0.086
0.8
0.545
0.917
0.259
0.924
0.006
0.994
0.29
0.719
0.846
0.83
0.991
0.595
0.577
0.732
0.033
0.447
0.78
0.062
0.667
0.419
0.001
0.383
0.564
0.522
0.63
0.067
0.952
0.821
0.84
0.7
0.612
0.075
0.948
0.037
0.754
0.89
0.614
0.556
0.651
0.524
0.756
0.871
0.196
0.659
0.626
0.316
0.735
0.469
0.429
0.396
0.814
0.447
0.461
0.637
0.314
0.222
0.571
0.93
0.912
0.649
0.753
0.428
0.113
0.267
0.956
0.692
0.409
0.589
0.818
0.231
0.836
0.031
0.922
0.873
0.772
0.213
0.957
0.126
0.409
0.994
0.574
0.06
0.569
0.412
0.491
0.324
0.835
0.105
0.622
0.693
0.726
0.823
0.725
0.939
0.564
0.6
0.686
0.309
0.932
0.632
0.76
0.451
0.759
0.394
0.616
0.145
0.681
0.184
0.157
0.355
0.166
0.515
0.252
0.909
0.485
0.045
0.994
0.264
0.396
0.828
0.172
0.26
0.77
0.208
0.709
0.025
0.25
0.696
0.027
0.185
0.666
0.365
0.395
0.842
0.489
0.735
0.482
0.602
0.513
0.991
0.275
0.143
0.284
0.588
0.522
0.218
0.74
0.286
0.787
0.9
0.66
0.842
0.829
0.77
0.168
0.981
0.317
0.556
0.05
0.139
0.217
0.341
0.9
0.094
0.16
0.205
0.837
0.474
0.348
0.55
0.676
0.168
0.293
0.471
0.756
0.777
0.865
0.184
0.975
0.537
0.268
0.735
0.593
0.523
0.76
0.412
0.639
0.62
0.288
0.637
0.048
0.645
0.911
0.744
0.646
0.622
0.728
0.67
0.562
0.875
0.688
0.765
0.617
0.508
0.123
0.221
0.696
0.878
0.695
0.611
0.364
0.036
0.829
0.038
0.541
0.139
0.245
0.35
0.835
0.594
0.603
0.282
0.723
0.356
0.527
0.394
0.475
0.202
0.107
0.777
0.432
0.569
0.932
0.826
0.914
0.9
0.009
0.316
0.752
0.557
0.842
0.963
0.726
0.119
0.198
0.909
0.548
0.75
0.448
0.792
0.452
0.71
0.771
0.707
0.411
0.249
0.392
0.392
0.26
0.095
0.798
0.214
0.368
0.693
0.167
0.532
0.529
0.479
0.523
0.054
0.866
0.066
0.885
0.391
