0.924
0.862
0.039
0.252
0.263
0.715
0.047
0.005
0.684
0.259
0.72
0.913
0.522
0.506
0.859
0.502
0.744
0.301
0.606
0.124
0.343
0.327
0.172
0.919
0.546
0.496
0.417
0.869
0.685
0.721
0.33
0.678
0.029
0.505
0.237
0.125
0.084
0.65
0.992
0.419
0.661
0.389
0.961
0.103
0.857
0.685
0.348
0.844
0.754
0.315
0.237
0.487
0.499
0.001
0.758
0.243
0.098
0.677
0.008
0.804
0.666
0.76
0.098
0.726
0.189
0.846
0.729
0.493
0.362
0.908
0.119
0.73
0.513
0.311
0.546
0.667
0.091
0.838
0.459
0.639
0.751
0.684
0.67
0.288
0.058
0.931
0.939
0.091
0.804
0.062
0.581
0.808
0.38
0.175
0.257
0.33
0.796
0.657
0.417
0.359
0.581
0.084
0.958
0.818
0.098
0.528
0.873
0.962
0.163
0.758
0.79
0.11
0.997
0.633
0.525
0.996
0.579
0.859
0.057
0.379
0.915
0.487
0.046
0.226
0.469
0.923
0.91
0.001
0.55
0.951
0.467
0.639
0.642
0.427
0.757
0.979
0.522
0.992
0.615
0.157
0.576
0.906
0.309
0.982
0.945
0.192
0.703
0.403
0.206
0.205
0.192
0.782
0.414
0.059
0.729
0.013
0.332
0.955
0.247
0.306
0.544
0.328
0.674
0
0.698
0.935
0.141
0.446
0.711
0.818
0.34
0.152
0.51
0.423
0.535
0.669
0.834
0.369
0.888
0
0.203
0.094
0.063
0.345
0.51
0.94
0.977
0.219
0.477
0.85
0.261
0.99
0.241
0.392
0.058
0.107
0.954
0.598
0.554
0.962
0.129
0.848
0.375
0.133
0.002
0.648
0.113
0.92
0.376
0.757
0.683
0.178
0.853
0.303
0.381
0.879
0.118
0.397
0.504
0.002
0.157
0.82
0.173
0.949
0.062
0.983
0.746
0.496
0.417
0.562
0.621
0.021
0.733
0.364
0.323
0.7
0.583
0.825
0.227
0.09
0.038
0.682
0.598
0.481
0.747
0.429
0.927
0.855
0.794
0.342
0.355
0.211
0.454
0.153
0.684
0.06
0.835
0.484
0.452
0.719
0.842
0.3
0.563
0.939
0.575
0.655
0.11
0.803
0.642
0.223
0.733
0.788
0.365
0.023
0.497
0.007
0.551
0.515
0.089
0.628
0.543
0.523
0.674
0.256
0.399
0.414
0.711
0.704
0.39
0.977
0.692
0.775
0.654
0.221
0.605
0.193
0.898
0.153
0.536
0.429
0.591
0.612
0.257
0.137
0.569
0.863
0.62
0.472
0.362
0.778
0.234
0.251
0.016
0
0.136
0.248
0.323
0.941
0.351
0.522
0.716
0.3
0.182
0.236
0.756
0.64
0.06
0.723
0.362
0.377
0.925
0.533
0.993
0.09
0.727
0.894
0.148
0.115
0.387
0.366
0.873
0.984
0.785
0.435
0.714
0.601
0.4
0.878
0.137
0.897
0.411
0.102
0.625
0.396
0.047
0.999
0.456
0.061
0.385
0.425
0.343
0.838
0.94
0.955
0.333
0.884
0.653
0.699
0.175
0.072
0.581
0.141
0.277
0.36
0.629
0.682
0.914
0.169
0.301
0.159
0.662
0.429
0.438
0.583
0.454
0.167
0.106
0.718
0.949
0.957
0.229
0.135
0.872
0.324
0.389
0.433
0.956
0.223
0.477
0.685
0.667
0.004
0.343
0.141
0.156
0.069
0.464
0.3
0.586
0.704
0.956
0.495
0.396
0.334
0.128
0.865
0.751
0.062
0.133
0.083
0.345
0.592
0.264
0.416
0.312
0.114
0.035
0.267
0.224
0.548
0.586
0.268
0.166
0.17
0.352
0.687
0.586
0.25
0.596
0.414
0.641
0.988
0.479
0.189
0.186
0.759
0.73
0.564
0.982
0.834
0.297
0.242
0.487
0.636
0.158
0.621
0.809
0.157
0.924
0.781
0.618
0.149
0.93
0.247
0.659
0.882
0.67
0.519
0.821
0.61
0.209
0.819
0.036
0.344
0.755
0.308
0.759
0.577
0.642
0.129
0.248
0.518
0.477
0.746
0.506
0.263
0.666
0.738
0.449
0.475
0.676
0.878
0.961
0.918
0.894
0.3
0.992
0.548
0.163
0.74
0.234
0.524
0.524
0.901
0.753
0.575
0.003
0.121
0.848
0.54
0.422
0.942
0.072
0.236
0.325
0.351
0.593
0.412
0.277
0.312
0.583
0.968
0.503
0.005
0.959
0.823
0.437
0.074
0.837
0.54
0.765
0.144
0.246
0.471
0.17
0.092
0.449
0.875
0.524
0.211
0.121
0.354
0.052
0.944
0.587
0.826
0.095
0.251
0.013
0.423
0.529
0.876
0.57
0.77
0.478
0.986
0.206
0.927
0.288
0.725
0.403
0.116
0.101
0.181
0.289
0.182
0.422
0.099
0.354
0.559
0.433
0.391
0.841
0.916
0.64
0.322
0.711
0.589
0.51
0.045
0.362
0.913
0.803
0.939
0.06
0.346
0.613
0.401
0.416
0.624
0.135
0.651
0.002
0.566
0.273
0.882
0.427
0.317
0.825
0.781
0.874
0.287
0.897
0.646
0.25
0.999
0.244
0.693
0.574
0.563
0.972
0.405
0.201
0.988
0.316
0.576
0.249
0.902
0.094
0.405
0.882
0.591
0.007
0.476
0.129
0.499
0.278
0.876
0.001
0.185
0.405
0.205
0.065
0.385
0.549
0.507
0.196
0.339
0.57
0.59
0.777
0.643
0.875
0.354
0.155
0.475
0.097
0.101
0.5
0.23
0.924
0.094
0.965
0.442
0.153
0.564
0.018
0.526
0.133
0.543
0.57
0.199
0.207
0.913
0.022
0.653
0.42
0.434
0.62
0.275
0.488
0.915
0.33
0.144
0.686
0.01
0.069
0.08
0.609
0.249
0.96
0.568
0.449
0.631
0.355
0.117
0.02
0.429
0.429
0.919
0.464
0.137
0.699
0.877
0.56
0.979
0.413
0.381
0.247
0.352
0.983
0.44
0.778
0.157
0.884
0.947
0.835
0.717
0.509
0.878
0.358
0.372
0.295
0.297
0.405
0.522
0.496
0.324
0.032
0.341
0.363
0.33
0.327
0.552
0.611
0.991
0.332
0.944
0.287
0.192
0.02
0.169
0.188
0.987
0.65
0.2
0.08
0.922
0.055
0.876
0.597
0.278
0.999
0.682
0.292
0.834
0.308
0.328
0.939
0.549
0.565
0.858
0.093
0.169
0.147
0.054
0.425
0.282
0.882
0.968
0.289
0.512
0.202
0.045
0.634
0.009
0.284
0.369
0.789
0.811
0.418
0.831
0.313
0.874
0.946
0.222
0.332
0.483
0.203
0.405
0.409
0.255
0.217
0.18
0.492
0.147
0.937
0.631
0.818
0.163
0.721
0.994
0.894
0.523
0.857
0.183
0.173
0.176
0.375
0.809
0.55
0.082
0.141
0.036
0.664
0.723
0.349
0.372
0.304
0.187
0.49
0.752
0.293
0.302
0.726
0.796
0.295
0.474
0.554
0.846
0.931
0.985
0.565
0.21
0.324
0.668
0.215
0.601
0.039
0.817
0.643
0.07
0.927
0.524
0.944
0.786
0.891
0.536
0.591
0.529
0.114
0.586
0.816
0.209
0.284
0.352
0.141
0.26
0.228
0.148
0.623
0.347
0.423
0.604
0.879
0.262
0.112
0.033
0.989
0.657
0.867
0.491
0.642
0.797
0.873
0.297
0.998
0.326
0.422
0.169
0.103
0.951
0.708
0.231
0.127
0.824
0.092
0.719
0.27
0.356
0.842
0.372
0.184
0.774
0.128
0.858
0.648
0.833
0.591
0.109
0.286
0.649
0.342
0.224
0.553
0.928
0.232
0.494
0.275
0.196
0.057
0.808
0.11
0.367
0.094
0.299
0.038
0.509
0.664
0.234
0.211
0.925
0.472
0.296
0.683
0.319
0.838
0.087
0.249
0.43
0.087
0.512
0.451
0.771
0.855
0.455
0.08
0.347
0.418
0.619
0.63
0.379
0.865
0.824
0.097
0.928
0.655
0.874
0.785
0.645
0.442
0.667
0.52
0.261
0.702
0.229
0.237
0.118
0.788
0.566
0.133
0.898
0.462
0.965
0.03
0.859
0.819
0.139
0.036
0.117
0.242
0.948
0.706
1.0
0.645
0.053
0.861
0.716
0.278
0.121
0.056
0.898
0.675
0.729
0.983
0.502
0.075
0.302
0.034
0.222
0.901
0.177
0.854
0.261
0.734
0.043
0
0.612
0.916
0.299
0.869
0.144
0.208
0.745
0.013
0.242
0.443
0.088
0.711
0.046
