0.143
0.11
0.389
0.814
0.582
0.068
0.53
0.307
0.48
0.925
0.496
0.602
0.396
0.24
0.711
0.405
0.653
0.986
0.158
0.955
0.24
0.342
0.08
0.118
0.649
0.537
0.136
0.743
0.829
0.846
0.069
0.34
0.752
0.791
0.272
0.074
0.125
0.733
0.577
0.316
0.401
0.523
0.395
0.37
0.616
0.214
0.837
0.628
0.747
0.237
0.54
0.25
0.247
0.674
0.636
0.248
0.037
0.619
0.075
0.609
0.272
0.866
0.195
0.206
0.912
0.629
0.499
0.96
0.88
0.193
0.251
0.331
0.364
0.807
0.102
0.919
0.23
0.29
0.162
0.624
0.564
0.75
0.921
0.329
0.537
0.73
0.512
0.629
0.807
0.118
0.725
0.333
0.821
0.041
0.163
0.065
0.892
0.587
0.704
0.92
0.674
0.629
0.808
0.214
0.142
0.808
0.34
0.289
0.532
0.577
0.813
0.129
0.135
0.509
0.389
0.485
0.862
0.515
0.165
0.734
0.711
0.291
0.564
0.705
0.663
0.795
0.565
0.122
0.909
0.781
0.703
0.323
0.257
0.126
0.857
0.968
0.312
0.607
0.745
0.287
0.152
0.593
0.553
0.996
0.327
0.056
0.593
0.721
0.649
0.09
0.592
0.208
0.129
0.526
0.777
0.754
0.44
0.193
0.764
0.452
0.26
0.47
0.062
0.584
0.158
0.413
0.741
0.876
0.156
0.333
0.703
0.066
0.146
0.63
0.241
0.623
0.783
0.316
0.805
0.267
0.093
0.169
0.764
0.533
0.021
0.072
0.15
0.137
0.822
0.528
0.803
0.768
0.566
0.351
0.801
0.288
0.828
0.709
0.205
0.848
0.084
0.331
0.937
0.892
0.223
0.607
0.006
0.836
0.809
0.006
0.659
0.646
0.172
0.355
0.629
0.991
0.795
0.65
0.995
0.494
0.813
0.949
0.308
0.36
0.361
0.556
0.849
0.156
0.845
0.75
0.718
0.355
0.06
0.236
0.14
0.74
0.448
0.435
0.585
0.732
0.283
0.434
0.184
0.342
0.624
0.715
0.764
0.873
0.839
0.902
0.221
0.238
0.281
0.296
0.842
0.829
0.702
0.243
0.475
0.748
0.359
0.399
0.866
0.519
0.045
0.328
0.645
0.792
0.705
0.985
0.003
0.685
0.893
0.05
0.119
0.443
0.645
0.763
0.339
0.025
0.163
0.355
0.912
0.608
0.919
0.395
0.354
0.993
0.47
0.851
0.47
0.976
0.02
0.813
0.739
0.932
0.53
0.716
0.182
0.984
0.705
0.728
0.232
0.365
0.453
0.543
0.469
0.311
0.186
0.429
0.541
0.376
0.478
0.516
0.095
0.947
0.09
0.948
0.713
0.069
0.772
0.049
0.46
0.224
0.254
0.289
0.616
0.54
0.211
0.511
0.515
0.854
0.693
0.953
0.242
0.798
0.481
0.777
0.755
0.227
0.899
0.888
0.087
0.429
0.343
0.726
0.994
0.584
0.569
0.613
0.242
0.496
0.394
0.56
0.406
0.657
0.26
0.758
0.35
0.987
0.82
0.301
0.578
0.8
0.234
0.357
0.0
0.037
0.268
0.336
0.489
0.019
0.792
0.351
0.303
0.691
0.184
0.634
0.85
0.677
0.836
0.42
0.57
0.168
0.671
0.731
0.709
0.987
0.034
0.856
0.804
0.299
0.947
0.947
0.025
0.665
0.327
0.35
0.613
0.594
0.729
0.687
0.108
0.607
0.932
0.455
0.736
0.948
0.0
0.241
0.609
0.7
0.327
0.878
0.38
0.934
0.156
0.031
0.421
0.521
0.337
0.896
0.955
0.798
0.168
0.347
0.492
0.348
0.538
0.071
0.11
0.801
0.211
0.192
0.761
0.587
0.969
0.212
0.405
0.928
0.87
0.638
0.557
0.898
0.958
0.717
0.041
0.104
0.903
0.192
0.938
0.889
0.843
0.166
0.076
0.445
0.024
0.798
0.264
0.73
0.806
0.75
0.271
0.599
0.921
0.609
0.806
0.123
0.852
0.73
0.925
0.476
0.738
0.897
0.2
0.31
0.19
0.36
0.136
0.388
0.75
0.771
0.848
0.951
0.807
0.428
0.921
0.188
0.458
0.887
0.271
0.319
0.148
0.225
0.149
0.531
0.988
0.685
0.403
0.315
0.242
0.095
0.943
0.15
0.181
0.768
0.174
0.709
0.438
0.032
0.597
0.343
0.257
0.242
0.275
0.657
0.957
0.884
0.447
0.092
0.256
0.461
0.891
0.439
0.288
0.643
0.555
0.226
0.575
0.282
0.147
0.188
0.605
0.107
0.739
0.759
0.646
0.173
0.615
0.707
0.142
0.732
0.39
0.673
0.951
0.081
0.093
0.786
0.555
0.953
0.046
0.047
0.654
1.0
0.386
0.002
0.613
0.818
0.329
0.431
0.327
0.948
0.915
0.133
0.637
0.978
0.389
0.664
0.057
0.226
0.843
0.593
0.473
0.225
0.033
0.629
0.314
0.488
0.923
0.708
0.621
0.652
0.799
0.885
0.6
0.023
0.607
0.154
0.512
0.913
0.927
0.129
0.236
0.082
0.269
0.237
0.514
0.946
0.369
0.203
0.167
0.772
0.303
0.707
0.161
0.545
0.15
0.139
0.088
0.527
0.522
0.146
0.489
0.764
0.055
0.143
0.621
0.562
0.101
0.033
0.347
0.171
0.082
0.325
0.592
0.511
0.373
0.421
0.385
0.5
0.931
0.141
0.739
0.934
0.805
0.816
0.044
0.168
0.793
0.137
0.721
0.027
0.001
0.641
0.057
0.52
0.579
0.388
0.421
0.8
0.325
0.697
0.48
0.124
0.501
0.254
0.307
0.166
0.472
0.255
0.637
0.245
0.632
0.683
0.643
0.363
0.067
0.949
0.996
0.369
0.733
0.013
0.109
0.972
0.738
0.534
0.336
0.811
0.082
0.437
0.556
0.618
0.86
0.151
0.223
0.714
0.375
0.173
0.849
0.56
0.372
0.625
0.552
0.873
0.071
0.258
0.375
0.647
0.671
0.389
0.414
0.643
0.177
0.471
0.01
0.856
0.142
0.285
0.583
0.94
0.914
0.739
0.407
0.41
0.785
0.694
0.523
0.517
0.326
0.394
0.984
0.011
0.512
0.596
0.754
0.788
0.982
0.896
0.121
0.753
0.651
0.701
0.653
0.669
0.236
0.171
0.341
0.388
0.275
0.31
0.195
0.808
0.581
0.369
0.145
0.073
0.977
0.506
0.061
0.634
0.529
0.363
0.237
0.707
0.318
0.391
0.776
0.569
0.458
0.506
0
0.402
0.681
0.804
0.472
0.944
0.215
0.886
0.701
0.606
0.994
0.82
0.74
0.984
0.846
0.756
0.871
0.612
0.057
0.906
0.838
0.399
0.175
0.875
0.184
0.688
0.839
0.098
0.985
0.192
0.292
0.65
0.575
0.206
0.78
0.562
0.984
0.546
0.136
0.819
0.908
0.108
0.633
0.68
0.318
0.701
0.738
0.707
0.789
0.871
0.115
0.98
0.381
0.363
0.617
0.856
0.552
0.141
0.089
0.364
0.387
0.078
0.551
0.667
0.378
0.199
0.968
0.127
0.272
0.345
0.399
0.506
0.7
0.265
0.213
0.211
0.874
0.775
0.633
0.699
0.758
0.51
0.436
0.198
0.228
0.247
0.644
0.073
0.659
0.547
0.335
0.372
0.46
0.102
0.7
0.8
0.679
0.434
0.778
0.958
0.062
0.141
0.762
0.403
0.487
0.715
0.529
0.181
0.899
0.823
0.44
0.094
0.722
0.833
0.159
0.298
0.508
0.984
0.203
0.764
0.427
0.612
0.458
0.569
0.274
0.199
0.478
0.487
0.65
0.577
0.96
0.73
0.94
0.525
0.287
0.646
0.187
0.213
0.561
0.993
0.641
0.143
0.952
0.455
0.811
0.701
0.313
0.592
0.624
0.123
0.056
0.485
0.975
0.687
0.471
0.732
0.329
0.797
0.192
0.605
0.153
0.526
0.654
0.531
0.729
0.82
0.294
0.94
0.904
0.237
0.527
0.808
0.56
0.205
0.093
0.349
0.267
0.536
0.552
0.228
0.263
0.476
0.989
0.032
0.874
0.78
0.292
0.777
0.587
0.281
0.371
0.369
0.161
0.704
0.065
0.227
0.193
0.089
0.446
0.573
0.104
0.754
0.662
0.357
0.344
0.592
0.195
0.534
0.599
0.485
0.393
0.797
0.013
0.682
0.495
0.923
0.328
0.924
0.992
0.276
0.68
0.257
0.726
0
0.547
0.975
0.719
0.842
0.699
0.609
0.211
0.33
0.337
0.588
0.949
0.534
0.344
0.182
0.121
0.705
