0.707
0.472
0.048
0.703
0.405
0.843
0.231
0.255
0.499
0.713
0.307
0.092
0.398
0.254
0.691
0.826
0.015
0.805
0.686
0.806
0.321
0.262
0.099
0.758
0.79
0.124
0.239
0.469
0.176
0.701
0.175
0.421
0.247
0.806
0.112
0.487
0.024
0.834
0.121
0.07
0.954
0.076
0.32
0.183
0.829
0.87
0.847
0.823
0.203
0.676
0.931
0.03
0.217
0.802
0.172
0.478
0.952
0.139
0.795
0.488
0.635
0.661
0.649
0.251
0.55
0.068
0.466
0.97
0.283
0.872
0.349
0.031
0.447
0.04
0.841
0.808
0.333
0.303
0.355
0.303
0.062
0.64
0.497
0.039
0.877
0.942
0.345
0.158
0.684
0.866
0.213
0.163
0.343
0.104
0.433
0.297
0.052
0.939
0.586
0.71
0.388
0.356
0.738
0.369
0.877
0.082
0.25
0.082
0.513
0.74
0.024
0.195
0.203
0.13
0.721
0.013
0.94
0.656
0.501
0.539
0.552
0.799
0.391
0.404
0.663
0.627
0.922
0.82
0.61
0.229
0.675
0.255
0.891
0.263
0.435
0.293
0.852
0.602
0.888
0.286
0.985
0.157
0.14
0.485
0.374
0.738
0.392
0.47
0.202
0.441
0.233
0.896
0.418
0.742
0.495
0.909
0.429
0.059
0.303
0.915
0.002
0.872
0.346
0.182
0.812
0.63
0.73
0.493
0.879
0.881
0.305
0.487
0.661
0.517
0.004
0.168
0.072
0.624
0.946
0.883
0.441
0.539
0.107
0.347
0.105
0.606
0.327
0.423
0.663
0.497
0.186
0.496
0.298
0.335
0.215
0.403
0.327
0.112
0.855
0.65
0.597
0.711
0.27
0.851
0.058
0.772
0.338
0.727
0.178
0.418
0.335
0.793
0.176
0.695
0.205
0.852
0.127
0.302
0.275
0.196
0.314
0.546
0.594
0.569
0.333
0.198
0.444
0.575
0.988
0.534
0.821
0.504
0.519
0.958
0.33
0.874
0.699
0.862
0.438
0.201
0.342
0.951
0.287
0.413
0.817
0.707
0.597
0.81
0.124
0.097
0.588
0.429
0.783
0.078
0.655
0.065
0.715
0.402
0.122
0.835
0.439
0.803
0.727
0.437
0.448
0.183
0.036
0.666
0.668
0.465
0.971
0.597
0.948
0.63
0.102
0.22
0.814
0.918
0.74
0.128
0.295
0.644
0.469
0.246
0.636
0.14
0.495
0.14
0.061
0.124
0.121
0.109
0.232
0.459
0.714
0.705
0.595
0.844
0.293
0.179
0.151
0.065
0.418
0.975
0.597
0.656
0.506
0.425
0.163
0.561
0
0.451
0.055
0.782
0.506
0.03
0.389
0.806
0.224
0.601
0.882
0.724
0.96
0.315
0.158
0.65
0.221
0.833
0.799
0.991
0.396
0.058
0.901
0.544
0.561
0.746
0.782
0.76
0.742
0.349
0.186
0.459
0.04
0.452
0.837
0.233
0.668
0.376
0.917
0.566
0.484
0.841
0.451
0.237
0.246
0.413
0.884
0.907
0.555
0.889
0.072
0.432
0.501
0.967
0.261
0.473
0.006
0.656
0.891
0.613
0.752
0.953
0.537
0.986
0.915
0.461
0.746
0.793
0.465
0.044
0.571
0.216
0.372
0.641
0.581
0.474
0.846
0.671
0.793
0.71
0.232
0.562
0.657
0.976
0.428
0.336
0.016
0.52
0.72
0.701
0.186
0.842
0.842
0.453
0.565
0.428
0.525
0.778
0.908
0.019
0.649
0.104
0.175
0.384
0.93
0.026
0.818
0.784
0.505
0.723
0.901
0.356
0.495
0.418
0.016
0.262
0.807
0.355
0.418
0.777
0.209
0.911
0.288
0.118
0.996
0.16
0.06
0.301
0.65
0.84
0.015
0.094
0.108
0.949
0.331
0.537
0.284
0.367
0.285
0.937
0.957
0.027
0.716
0.73
0.134
0.383
0.798
0.915
0.32
0.418
0.366
0.36
0.908
0.395
0.934
0.1
0.532
0.574
0.72
0.19
0.365
0.925
0.347
0.535
0.874
0.868
0.855
0.948
0.555
0.497
0.395
0.129
0.768
0.615
0.142
0.671
0.914
0.535
0.982
0.34
0.954
0.631
0.643
0.729
0.335
0.015
0.54
0.263
0.458
0.181
0.424
0.775
0.032
0.983
0.309
0.232
0.601
0.292
0.616
0.494
0.053
0.764
0.584
0
0.438
0.756
0.186
0.742
0.799
0.951
0.839
0.232
0.939
0.381
0.999
0.754
0.487
0.664
0.378
0.071
0.024
0.362
0.575
0.744
0.708
0.849
0.965
0.951
0.508
0.234
0.433
0.957
0.579
0.306
0.839
0.854
0.504
0.858
0
0.287
0.606
0.031
0.172
0.697
0.019
0.249
0.829
0.296
0.647
0.59
0.693
0.771
0.499
0.15
0.451
0.933
0.273
0.477
0.671
0.288
0.248
0.364
0.709
0.51
0.494
0.924
0.88
0.14
0.531
0.761
0.708
0.839
0.777
0.011
0.271
0.416
0.008
0.782
0.615
0.546
0.783
0.881
0.21
0.896
0.57
0.798
0.722
0.847
0.047
0.535
0.211
0.27
0.079
0.212
0.225
0.434
0.286
0.347
0.832
0.169
0.2
0.546
0.048
0.523
0.251
0.535
0.491
0.67
0.145
0.881
0.41
0.096
0.286
0.408
0.26
0.367
0.579
0.165
0.031
0.936
0.645
0.198
0.081
0.154
0.875
0.836
0.296
0.389
0.538
0.027
0.869
0.277
0.797
0.007
0.253
0.99
0.064
0.123
0.282
0.686
0.55
0.907
0.414
0.623
0.19
0.212
0.417
0.069
0.655
0.119
0.236
0.374
0.284
0.868
0.367
0.499
0.991
0.962
0.287
0.677
0.562
0.934
0.247
0.829
0.097
0.665
0.61
0.362
0.471
0.518
0.922
0.001
0.36
0.034
0.894
0.021
0.936
0.402
0.12
0.322
0.029
0.478
0.986
0.456
0.065
0.427
0.968
0.613
0.325
0.453
0.474
0.427
0.729
0.673
0.052
0.902
0.817
0.894
0.231
0.034
0.091
0.713
0.366
0.49
0.579
0.718
0.459
0.907
0.435
0.741
0.048
0.042
0.834
0.368
0.978
0.291
0.573
0.052
0.72
0.968
0.841
0.66
0.346
0.035
0.913
0.705
0.621
0.572
0.601
0.885
0.651
0.068
0.839
0.868
0.225
0.879
0.263
0.054
0.388
0.861
0.902
0.751
0.598
0.029
0.763
0.088
0.397
0.255
0.756
0.089
0.983
0.047
0.46
0.065
0.609
0.875
0.337
0.296
0.384
0.134
0.567
0.046
0.318
0.826
0.452
0.863
0.787
0.215
0.135
0.085
0.79
0.722
0.396
0.766
0.232
0.293
0.557
0.727
0.097
0.668
0.594
0.238
0.472
0.402
0.591
0.79
0.787
0.164
0.195
0.645
0.514
0.956
0.287
0.082
0.211
0.462
0.652
0.408
0.465
0.276
0.042
0.355
0.849
0.066
0.404
0.456
0.558
0.387
0.218
0.261
0.17
0.444
0.134
0.54
0.161
0.585
0.376
0.307
0.275
0.262
0.024
0.219
0.773
0.133
0.997
0.375
0.537
0.72
0.275
0.871
0.571
0.261
0.544
0.739
0.979
0.094
0.829
0.496
0.364
0.759
0.983
0.586
0.861
0.613
0.258
0.751
0.549
0.906
0
0.81
0.352
0.628
0.526
0.802
0.939
0.802
0.099
0.46
0
0.711
0.638
0.768
0.061
0.044
0.738
0.879
0
0.153
0.859
0.107
0.972
0.362
0.89
0.191
0.082
0.121
0.304
0.403
0.534
0.625
0.887
0.901
0.403
0.635
0.837
0.179
0.74
0.568
0.516
0.54
0
0.743
0.987
0.648
0.207
0.82
0.88
0.869
0.021
0.51
0.922
0.197
0.948
0.042
0.742
0.614
0.558
0.433
0.193
0.542
0.349
0.671
0.331
0.077
0.449
0.576
0.935
0.525
0.537
0.822
0.203
0.775
0.117
0.043
0.833
0.204
0.764
0.202
0.035
0.035
0.371
0.264
0.814
0.693
0.459
0.062
0.06
0.38
0.489
0.025
0.707
0.107
0.055
0.335
0.133
0.114
0.869
0.424
0.864
0.677
0.628
0.158
0.541
0.637
0.028
0.121
0.679
0.748
0.025
0.018
0.54
0.292
0.264
0.753
0.736
0.488
0.779
0.608
0.576
0.86
0.03
0.102
0.595
0.192
0.547
0.93
0.327
0.779
0.944
0.312
0.098
0.533
0.388
0.7
0.132
0.099
0.951
0.803
0.253
0.174
