0.039
0.386
0.484
0.101
0.754
0.749
0.327
0.817
0.488
0.962
0.821
0.134
0.112
0.676
0.581
0.756
0.319
0.209
0.359
0.704
0.763
0.319
0.356
0.074
0.274
0.462
0.369
0.433
0.07
0.525
0.608
0.038
0.287
0.392
0.269
0.887
0.16
0.71
0.627
0.437
0.362
0.046
0.038
0.997
0.959
0.973
0.923
0.933
0.112
0.612
0.279
0.967
0.797
0.06
0.284
0.522
0.816
0.315
0.713
0.416
0.67
0.614
0.153
0.42
0.391
0.275
0.888
0.47
0.982
0.943
0.464
0.344
0.839
0.681
0.648
0.537
0.869
0.677
0.014
0.712
0.272
0.953
0.945
0.662
0.839
0.562
0.553
0.961
0.834
0.19
0.744
0.379
0.826
0.111
0.976
0.363
0.616
0.258
0.518
0.957
0.759
0.047
0.881
0.529
0.297
0.769
0.647
0.671
0.103
0.136
0.768
0.112
0.579
0.799
0.982
0.325
0.015
0.339
0.75
0.326
0.635
0.396
0.106
0.377
0.19
0.417
0.177
0.825
0.684
0.149
0.579
0.268
0.641
0.096
0.085
0.818
0.667
0.241
0.708
0.515
0.917
0.757
0.839
0.168
0.01
0.505
0.066
0.146
0.413
0.318
0.649
0.835
0.354
0.44
0.105
0.021
0.729
0.847
0.547
0.474
0.813
0.43
0.961
0.805
0.938
0.71
0.944
0.8
0.283
0.846
0.11
0.492
0.638
0.572
0.559
0.486
0.742
0.084
0.135
0.611
0.168
0.969
0.533
0.412
0.818
0.941
0.679
0.502
0.069
0.936
0.603
0.335
0.49
0.578
0.106
0.757
0.834
0.046
0.94
0.755
0.921
0.001
0.474
0.446
0.264
0.113
0.197
0.112
0.547
0.429
0.916
0.318
0.62
0.146
0.45
0.888
0.304
0.652
0.533
0.885
0.875
0.604
0.154
0.353
0.97
0.601
0.92
0.732
0.799
0.864
0.451
0.74
0.78
0.74
0.029
0.861
0.78
0.165
0.655
0.842
0.169
0.559
0.192
0.498
0.174
0.34
0.843
0.401
0.379
0.278
0.647
0.839
0.711
0.759
0.616
0.845
0.355
0.495
0.869
0.34
0.772
0.82
0.475
0.576
0.38
0.105
0.294
0.729
0.223
0.61
0.95
0.132
0.606
0.746
0.954
0.84
0.198
0.562
0.077
0.681
0.14
0.027
0.272
0.724
0.803
0.885
0.709
0.093
0.787
0.348
0.433
0.541
0.442
0.91
0.479
0.203
0.661
0.727
0.155
0.563
0.15
0.296
0.392
0.043
0.936
0.048
0.511
0.556
0.544
0.351
0.443
0.825
0.224
0.989
0.688
0.347
0.334
0.205
0.377
0.674
0.109
0.635
0.141
0.17
0.662
0.619
0.9
0.492
0.253
0.87
0.804
0.654
0.612
0.813
0.133
0.896
0.565
0.675
0.349
0.842
0.278
0.879
0.285
0.768
0.849
0.709
0.704
0.889
0.734
0.012
0.801
0.561
0.993
0.285
0.887
0.621
0.079
0.835
0.882
0.505
0.624
0.949
0.902
0.562
0.753
0.394
0.622
0.419
0.194
0.042
0.601
0.633
0.113
0.425
0.644
0.485
0.77
0.141
0.245
0.078
0.799
0.014
0.152
0.078
0.8
0.221
0.801
0.529
0.246
0.595
0.453
0.134
0.871
0.995
0.263
0.789
0.669
0.422
0.747
0.721
0.128
0.771
0.109
0.036
0.374
0.212
0.098
0.771
0.392
0.553
0.055
0.3
0.983
0.209
0.962
0.607
0.365
0.895
0.614
0.496
0.582
0.42
0.855
0.392
0.319
0.481
0.743
0.681
0.426
0.263
0.097
0.066
0.551
0.589
0.064
0.937
0.512
0.99
0.741
0.962
0.852
0.478
0.621
0.481
0.766
0.683
0.816
0.577
0.436
0.627
0.105
0.638
0.325
0.307
0.366
0.783
0.622
0.052
0.137
0.184
0.848
0.096
0.397
0.702
0.337
0.468
0.932
0.314
0.392
0.477
0.134
0.243
0.068
0.274
0.015
0.578
0.535
0.446
0.893
0.697
0.819
0.454
0.719
0.929
0.984
0.16
0.213
0.575
0.765
0.109
0.473
0.193
0.615
0.125
0.748
0.818
0.873
0.198
0.087
0.138
0.51
0.678
0.864
0.601
0.454
0.115
0.906
0.386
0.334
0.549
0.802
0.813
0.591
0.495
0.756
0.15
0.531
0.009
0.089
0.153
0.995
0.371
0.299
0.231
0.04
0.409
0.042
0.225
0.447
0.908
0.116
0.97
0.633
0.597
0.837
0.695
0.962
0.717
0.538
0.702
0.705
0.529
0.364
0.904
0.534
0.228
0.334
0.339
0.267
0.016
0.266
0.176
0.06
0.948
0.264
0.662
0.824
0.721
0.164
0.703
0.409
0.51
0.069
0.138
0.966
0.189
0.274
0.718
0.434
0.27
0.214
0.883
0.993
0.419
0.29
0.831
0.306
0.396
0.921
0.462
0.254
0.945
0.003
0.286
0.712
0.282
0.409
0.211
0.813
0.426
0.793
0.778
0.179
0.209
0.894
0.325
0.853
0.73
0.645
0.821
0.655
0.43
0.668
0.314
0.622
0.237
0.061
0.38
0.65
0.558
0.518
0.012
0.605
0.637
0.42
0.441
0.117
0.005
0.231
0.764
0.097
0.772
0.376
0.262
0.929
0.946
0.967
0.181
0.17
0.228
0.68
0.893
0.066
0.9
0.663
0.266
0.752
0.974
0.4
0.672
0.418
0.256
0.553
0.374
0.662
0.737
0.349
0.326
0.184
0.344
0.756
0.436
0.518
0.347
0.839
0.0
0.906
0.961
0.096
0.48
0.024
0.241
0.472
0.66
0.366
0.055
0.635
0.897
0.845
0.422
0.846
0.75
0.051
0.363
0.923
0.488
0.106
0.302
0.73
0.622
0.537
0.503
0.698
0.039
0.314
0.039
0.383
0.625
0.261
0.73
0.511
0.612
0.202
0.099
0.022
0.297
0.877
0.605
0.95
0.377
0.78
0.675
0.125
0.743
0.943
0.257
0.893
0.692
0.261
0.758
0.337
0.721
0.354
0.161
0.086
0.32
0.707
0.415
0.56
0.238
0.217
0.22
0.847
0.729
0.515
0.759
0.613
0.391
0.192
0.497
0.773
0.562
0.307
0.335
0.429
0.825
0.235
0.195
0.192
0.649
0.691
0.927
0
0.555
0.992
0.434
0.994
0.528
0.692
0.562
0.099
0.149
0.571
0.209
0.122
0.084
0.803
0.193
0.81
0.088
0.45
0.784
0.075
0.858
0.737
0.938
0.691
0.94
0.585
0
0.286
0.425
0.353
0.994
0.764
0.214
0.845
0.708
0.747
0.924
0.181
0.836
0.547
0.089
0.066
0.627
0.833
0.295
0.367
0.082
0.528
0.611
0.42
0.435
0.638
0.498
0.501
0.318
0.585
0.276
0.432
0.765
0.282
0.887
0.865
0.582
0.406
0.93
0.022
0.741
0.627
0.992
0.328
0.78
0.173
0.453
0.6
0.611
0.354
0
0.565
0.793
0.886
0.374
0.691
0.632
0.802
0.375
0.884
0.153
0.113
0.249
0.404
0.517
0.196
0.639
0.248
0.063
0.968
0.612
0.534
0.32
0.716
0.555
0.682
0.732
0.14
0.526
0.841
0.536
0.405
0.974
0.866
0.537
0.2
0.309
0.032
0.761
0.511
0.493
0.438
0.797
0.082
0.096
0.771
0.023
0.592
0.993
0.421
0.267
0.528
0.866
0.171
0.631
0.895
0.313
0.269
0.566
0.22
0.965
0.455
0.861
0.274
0.554
0.976
0.936
0.43
0.535
0.471
0.504
0.675
0.986
0.805
0.69
0.923
0.004
0.042
0.638
0.707
0.952
0.535
0.519
0.966
0.702
0.438
0.718
0.628
0.394
0.6
0.53
0.38
0.973
0.348
0.967
0.097
0.651
0.37
0.966
0.904
0.944
0.078
0.1
0.578
0.977
0.605
0.528
0.546
0.96
0.481
0.742
0.046
0.074
0.559
0.659
0.756
0.216
0.523
0.803
0.992
0.031
0.191
0.76
0.5
0.281
0.599
0.718
0.703
0.27
0
0.471
0.197
0.206
0.782
0.887
0.393
0.691
0.646
0.727
0.256
0.379
0.226
0.152
0.395
0.602
0.105
0.212
0.553
0.502
0.44
0.183
0.139
0.783
0.427
0.102
0.707
0.317
0.874
0.564
0.252
0.803
0.504
0.721
0.294
0.207
0.627
0.345
0.158
0.947
0.591
0.698
0.481
0.665
0.339
0.521
0.208
0.284
0.227
0.626
0.648
0.315
