0.229
0.397
0.964
0.575
0.513
0.498
0.042
0.308
0.692
0.103
0.53
0.16
0.558
0.857
0.586
0.855
0.338
0.7
0.664
0.046
0.817
0.763
0.167
0.775
0.29
0.002
0.406
0.8
0.623
0.442
0.129
0.11
0.966
0.102
0.388
0.356
0.446
0.14
0.53
0.265
0.834
0.376
0.202
0.502
0.033
0.824
0.792
0.348
0.098
0.85
0.601
0.77
0.429
0.493
0.326
0.627
0.358
0.603
0.023
0.81
0.478
0.06
0.728
0.349
0.87
0.117
0.233
0.662
0.767
0.557
0.496
0.574
0.81
0.683
0.445
0.126
0.932
0.464
0.167
0.542
0.419
0.819
0.584
0.183
0.272
0.496
0.65
0.798
0.643
0.03
0.906
0.262
0.546
0.183
0.176
0.473
0.379
0.438
0.549
0.225
0.027
0.977
0.231
0.014
0.394
0.643
0.758
0.948
0.872
0.487
0.416
0.467
0.306
0.323
0.37
0.794
0.7
0.938
0.359
0.572
0.669
0.131
0.979
0.688
0.668
0.358
0.217
0.705
0.443
0.806
0.6
0.54
0.541
0.307
0.895
0.634
0.286
0.225
0.552
0.469
0.74
0.124
0.39
0.338
0.945
0.133
0.351
0.373
0.405
0.999
0.005
0.814
0.983
0.69
0.715
0.112
0.094
0.171
0.087
0.935
0.673
0.977
0.324
0.921
0.772
0.554
0.627
0.053
0.996
0.394
0.141
0.467
0.155
0.742
0.85
0.972
0.195
0.33
0.035
0.769
0.703
0.077
0.93
0.126
0.376
0.055
0.691
0.347
0.684
0.409
0.817
0.773
0.133
0.503
0.829
0.398
0.253
0.011
0.439
0.985
0.146
0.031
0.647
0.603
0.219
0.472
0.565
0.619
0.738
0.467
0.422
0.619
0.738
0.699
0.614
0.079
0.765
0.361
0.913
0.387
0.921
0.763
0.013
0.351
0.585
0.837
0.082
0.92
0.325
0.335
0.15
0.561
0.128
0.866
0.2
0.493
0.215
0.686
0.91
0.526
0.515
0.746
0.947
0.3
0.102
0.962
0.708
0.245
0.818
0.901
0.305
0.601
0.53
0.869
0.704
0.857
0.357
0.728
0.869
0.519
0.966
0.151
0.896
0.092
0.189
0.333
0.757
0.031
0.285
0.566
0.972
0.548
0.212
0.941
0.333
0.207
0.278
0.731
0.389
0.575
0.754
0.452
0.715
0.206
0.847
0.303
0.587
0.365
0.499
0.289
0.928
0.179
0.013
0.32
0.544
0.883
0.796
0.647
0.934
0.484
0.098
0.602
0.202
0.244
0.389
0.126
0.756
0.389
0.485
0.111
0.513
0.933
0.099
0.346
0.797
0.574
0.616
0.518
0.52
0.844
0.691
0.336
0.371
0.354
0.358
0.927
0.693
0.317
0.898
0.947
0.864
0.34
0.107
0.034
0.313
0.008
0.505
0.296
0.565
0.549
0.596
0.412
0.298
0.073
0.909
0.3
0.619
0.708
0.307
0.736
0.641
0.21
0.034
0.504
0.386
0.763
0.446
0.291
0.714
0.294
0.716
0.485
0.6
0.339
0.258
0.493
0.506
0.884
0.919
0.131
0.1
0.421
0.229
0.441
0.711
0.98
0.811
0.485
0.74
0.266
0.51
0.304
0.452
0.247
0.779
0.153
0.918
0.997
0.702
0.958
0.601
0.869
0.986
0.607
0.454
0.095
0.995
0.846
0.471
0.444
0.218
0.034
0.225
0.902
0.507
0.029
0.648
0.784
0.1
0.368
0.406
0.998
0.389
0.843
0.725
0.584
0.499
0.475
0.383
0.071
0.239
0.401
0.78
0.441
0.818
0.419
0.095
0.112
0.389
0.014
0.174
0.199
0.64
0.803
0.804
0.398
0.529
0.452
0.263
0.923
0.233
0.516
0.511
0.726
0.177
0.066
0.872
0.551
0.564
0.897
0.161
0.579
0.395
0.312
0.866
0.398
0.838
0.345
0.066
0.543
0.36
0.233
0.384
0.254
0.262
0.233
0.738
0.625
0.369
0.504
0.463
0.748
0.066
0.858
0.647
0.591
0.809
0.515
0.55
0.285
0.423
0.546
0.175
0.085
0.902
0.803
0.84
0.856
0.813
0.565
0.981
0.801
0.626
0.734
0.254
0.411
0.723
0.668
0.181
0.404
0.358
0.609
0.06
0.612
0.559
0.938
0.993
0.582
0.266
0.96
0.569
0.48
0.589
0.957
0.896
0.298
0.711
0.143
0.808
0.273
0.844
0.496
0.446
0.386
0.01
0.701
0.232
0.936
0.236
0.466
0.23
0.694
0.095
0.977
0.812
1.0
0.472
0.081
0.822
0.402
0.949
0.179
0.442
0.405
0.094
0.829
0.033
0.909
0.347
0.878
0.159
0.312
0.91
0.733
0.289
0.212
0.784
0.882
0.479
0.636
0.053
0.73
0.663
0.253
0.417
0.441
0.436
0.819
0.233
0.7
0.358
0.867
0.159
0.075
0.262
0.082
0.777
0.522
0.455
0.911
0.748
0.674
0.53
0.096
0.425
0.386
0.094
0.744
0.432
0.839
0.408
0.866
0.307
0.231
0.923
0.147
0.981
0.787
0.833
0.425
0.562
0.124
0.233
0.223
0.741
0.541
0.904
0.767
0.466
0.897
0.642
0.469
0.224
0.067
0.906
0.622
0.714
0.991
0.954
0.362
0.427
0.994
0.154
0.337
0.062
0.549
0.044
0.691
0.487
0.881
0.613
0.008
0.785
0.256
0.05
0.615
0.998
0.205
0.593
0.994
0.199
0.257
0.33
0.46
0.941
0.39
0.075
0.569
0.781
0.789
0.675
0.763
0.131
0.864
0.559
0.883
0.684
0.928
0.074
0.308
0.239
0.653
0.931
0.715
0.447
0.944
0.144
0.532
0.598
0.685
0.369
0.114
0.543
0.338
0.754
0.197
0.542
0.13
0.354
0.871
0.866
0.264
0.351
0.762
0.163
0.145
0.733
0.305
0.463
0.016
0.591
0.324
0.401
0.851
0.812
0.669
0.748
0.543
0.757
0.732
0.0
0.182
0.002
0.626
0.608
0.972
0.759
0.278
0.812
0.479
0.647
0.667
0.571
0.677
0.704
0.626
0.516
0.359
0.066
0.618
0.636
0.431
0.981
0.846
0.875
0.539
0.735
0.322
0.399
0.76
0.045
0.389
0.177
0.036
0.958
0.626
0.035
0.279
0.359
0.295
0.6
0.142
0.931
0.152
0.045
0.668
0.129
0.025
0.696
0.33
0.885
0.89
0.866
0.014
0.906
0.083
0.582
0.182
0.949
0.889
0.452
0.649
0.763
0.912
0.963
0.555
0.238
0.095
0.885
0.173
0.022
0.214
0.415
0.545
0.385
0.594
0.091
0.322
0.375
0.35
0.252
0.107
0.626
0.717
0.905
0.878
0.382
0.024
0.055
0.532
0.755
0.406
0.831
0.237
0.737
0.263
0.131
0.543
0.392
0.928
0.444
0.021
0.274
0.304
0.701
0.718
0.596
0.299
0.855
0.657
0.587
0.584
0.323
0.65
0.537
0.276
0.513
0.2
0.676
0.448
0.866
0.563
0.097
0.302
0.318
0.177
0.735
0.473
0.42
0.26
0.747
0.719
0.458
0.003
0.664
0.488
0.051
0.803
0.029
0.061
0.175
0.118
0.464
0.665
0.613
0.315
0.944
0.106
0.144
0.216
0.587
0.871
0.022
0.53
0.646
0.07
0
0.894
0.028
0.208
0.449
0.494
0.84
0.691
0.914
0.396
0.824
0.465
0.68
0.546
0.84
0.143
0.128
0.562
0.903
0.747
0.248
0.835
0.996
0.002
0.815
0.394
0.653
0.307
0.237
0.217
0.912
0.314
0.536
0.277
0.408
0.918
0.652
0.389
0.006
0.752
0.682
0.186
0.272
0.095
0.558
0.114
0.691
0.712
0.939
0.201
0.329
0.032
0.877
0.82
0.055
0.483
0.574
0.722
0.349
0.13
0.015
0.476
0.774
0.19
0.571
0.803
0.49
0.342
0.803
0.197
0.64
0.005
0.932
0.044
0.338
0.901
0.169
0.049
0.236
0.69
0.85
0.228
0.196
0.27
0.524
0.333
0.472
0.736
0.435
0.724
0.569
0.179
0.419
0.479
0.497
0.814
0.179
0.786
0.179
0.558
0.815
0.808
0.793
0.724
0.045
0.27
0.019
0.127
0.86
0.594
0.261
0.042
0.745
0.271
0.233
0.938
0.457
0.135
0.284
0.351
0.241
0.481
0.474
0.831
0.885
0.396
0.922
0.595
0.49
0.467
0.801
0.813
0.878
0.959
0.423
0.732
0.563
0.384
0.414
0.971
0.977
0.619
0.185
0.277
