0.994
0.834
0.718
0.797
0.059
0.425
0.327
0.786
0.849
0.078
0.214
0.449
0.435
0.737
0.455
0.726
0.69
0.237
0.133
0.44
0.221
0.368
0.501
0.502
0.929
0.745
0.005
0.328
0.574
0.86
0.564
0.074
0.734
0.868
0.366
0.542
0.866
0.45
0.03
0.105
0.61
0.921
0.663
0.467
0.308
0.699
0.388
0.773
0.983
0.799
0.076
0.831
0.284
0.86
0.577
0.073
0.52
0.354
0.995
0.793
0.607
0.856
0.268
0.324
0.569
0.832
0.274
0.429
0.005
0.592
0.435
0.665
0.756
0.861
0.067
0.908
0.754
0.163
0.393
0.007
0.455
0.638
0.821
0.253
0.195
0.827
0.956
0.031
0.09
0.229
0.85
0.808
0
0.967
0.832
0.695
0.177
0.496
0.263
0.327
0.372
0.221
0.174
0.594
0.295
0.128
0.822
0.837
0.91
0.6
0.748
0.337
0.278
0.34
0.145
0.856
0.346
0.785
0.488
0.413
0.075
0.819
0.121
0.071
0.376
0.647
0.404
0.903
0.642
0.411
0.155
0.213
0.941
0.266
0.454
0.865
0.706
0.319
0.332
0.417
0.956
0.976
0.459
0.059
0.249
0.291
0.066
0.431
0.146
0.731
0.874
0.928
0.36
0.321
0.583
0.878
0.706
0.084
0.149
0.479
0.687
0.709
0.712
0.85
0.51
0.584
0.087
0.038
0.4
0.575
0.799
0.655
0.424
0.969
0
0.848
0.832
0
0.822
0
0.75
0.021
0.343
0.838
0.291
0.83
0.886
0.896
0.023
0.676
0.504
0.957
0.77
0.218
0.758
0.798
0.007
0.001
0.638
0.499
0.631
0.603
0.259
0.817
0.011
0.55
0.059
0.57
0.854
0.637
0.616
0.89
0.411
0.832
0.968
0.13
0.319
0.64
0.524
0.753
0.891
0.347
0.074
0.288
0.743
0.946
0.326
0.202
0.064
0.073
0.658
0.343
0.443
0.216
0.369
0.823
0.566
0.253
0.816
0.812
0.428
0.102
0.58
0.883
0.671
0.625
0.295
0.982
0.442
0.892
0.855
0.529
0.675
0.195
0.952
0.404
0.572
0.711
0.84
0.986
0.572
0.745
0.253
0.29
0.047
0.597
0.806
0.535
0.434
0.705
0.835
0.181
0.106
0.245
0.159
0.849
0.955
0.417
0.551
0.744
0.652
0.78
0.69
0.465
0.077
0.23
0.023
0.309
0.71
0.765
0.296
0.582
0.854
0.933
0.445
0.128
0.393
0.149
0.172
0.796
0.933
0.978
0.053
0.516
0.921
0.015
0.435
0.067
0.473
0.287
0.109
0.154
0.585
0.078
0.658
0.779
0.455
0.581
0.493
0.608
0.391
0.531
0.974
0.274
0.749
0.236
0.73
0.554
0.252
0.797
0.208
0.207
0.288
0.178
0.615
0.873
0.627
0.571
0.15
0.23
0.786
0.617
0.544
0.364
0.709
0.676
0.782
0.286
0.62
0.325
0.466
0.313
0.742
0.853
0.308
0.05
0.265
0.583
0.662
0.637
0.631
0.239
0.581
0.728
0.018
0.676
0.092
0.983
0.831
0.217
0.068
0.757
0.195
0.476
0.931
0.833
0.352
0.45
0.687
0.29
0.398
0.48
0.166
0.101
0.629
0.839
0.878
0.71
0.408
0.648
0.338
0.297
0.06
0.62
0.168
0.756
0.996
0.484
0.933
0.266
0.823
0.101
0.654
0.559
0.915
0.072
0.925
0.136
0.585
0.052
0.443
0.194
0.693
0.964
0.347
0.511
0.609
0.612
0.688
0.763
0.043
0.723
0.9
0.661
0.511
0.624
0.414
0.164
0.9
0.16
0.338
0.119
0.151
0.791
0.927
0.498
0.595
0.373
0.061
0.754
0.606
0.049
0.519
0.394
0.716
0.386
0.552
0.733
0.777
0.279
0.366
0.211
0.16
0.462
0.688
0.652
0.916
0.596
0.232
0.299
0.988
0.674
0.742
0.513
0.029
0.26
0.676
0.468
0.005
0.374
0.783
0.873
0.123
0.348
0.449
0.69
0.002
0.548
0.589
0.299
0.97
0.6
0.41
0.475
0.202
0.429
0.04
0.525
0.157
0.171
0.832
0.9
0.81
0.328
0.063
0.591
0.14
0.975
0.789
0.153
0.964
0.737
0.279
0.549
0.849
0.57
0.023
0.389
0.726
0.731
0.002
0.713
0.637
0.529
0.52
0.214
0.522
0.966
0.617
0.043
0.151
0.906
0.227
0.654
0.122
0.672
0.008
0.205
0.8
0.691
0.738
0.48
0.453
0.375
0.841
0.391
0.243
0.029
0.725
0.189
0.522
0.601
0.637
0.723
0.091
0.956
0.859
0.726
0.64
0.523
0.286
0.081
0.937
0.343
0.497
0.112
0
0.194
0.581
0.018
0.279
0.248
0.243
0.63
0.365
0.976
0.085
0.21
0.89
0.813
0.282
0.594
0.673
0.616
0.427
0.695
0.865
0.643
0.875
0.175
0.041
0.325
0.92
0.379
0.682
0.409
0.583
0.627
0.992
0.564
0.428
0.622
0.949
0.976
0.965
0.461
0.749
0.407
0.399
0.32
0.042
0.42
0.266
0.781
0.211
0.991
0.417
0.684
0.701
0.377
0.044
0.301
0.345
0.368
0.452
0.23
0.091
0.361
0.529
0.218
0.18
0.301
0.432
0.882
0.57
0.503
0.934
0.791
0.315
0.117
0.481
0.12
0.51
0.35
0.002
0.986
0.322
0.288
0.053
0.305
0.806
0
0.636
0.068
0.432
0.179
0.193
0.285
0.565
0.488
0.017
0.304
0.848
0.831
0.35
0.901
0.804
0.93
0.626
0.109
0.769
0.82
0.784
0.668
0.511
0.955
0.971
0.366
0.644
0.844
0.274
0.741
0.259
0.678
0.147
0.793
0.249
0.6
0.119
0.456
0.355
0.509
0.911
0.401
0.171
0.565
0.305
0.007
0
0.593
0.32
0.207
0.648
0.048
0.2
0.835
0.225
0.618
0.435
0.141
0.112
0.514
0.409
0.274
0.412
0.37
0.741
0.375
0.005
0.414
0.6
0.309
0.326
0.818
0.005
0.428
0.021
0.928
0.911
0.486
0.101
0.481
0.832
0.697
0.255
0.894
0.764
0.179
0.844
0.248
0.303
0.483
0.207
0.031
0.045
0.29
0.14
0.696
0.14
0.184
0.827
0.087
0.564
0.981
0.118
0.265
0.798
0.099
0.142
0.345
0.224
0.149
0.331
0.069
0.93
0.053
0.589
0.963
0.537
0.184
0.058
0.844
0.946
0.499
0.138
0.769
0.451
0.584
0.874
0.462
0.723
0.631
0.558
0.947
0.72
0.992
0.097
0.864
0.85
0.295
0.279
0.074
0.362
0.1
0.395
0.97
0.424
0.31
0.015
0.648
0.318
0.918
0.411
0.562
0.345
0.674
0.265
0.98
0.941
0.594
0.075
0.174
0.673
0.698
0.654
0.693
0.98
0.789
0.564
0.838
0.376
0.901
0.852
0.696
0.078
0.611
0.907
0.876
0.97
0.437
0.207
0.209
0.513
0.765
0.812
0.517
0.809
0.197
0.968
0.343
0.948
1.0
0.364
0.252
0.068
0.843
0.402
0.618
0.361
0.058
0.637
0.226
0.047
0.405
0.114
0.747
0.275
0.461
0.19
0.756
0.453
0.9
0.429
0.405
0.307
0.267
0.34
0.396
0.81
0.702
0.663
0.008
0.795
0.641
0.089
0.715
0.948
0.313
0.979
0.442
0.0
0.843
0.568
0.044
0.079
0.812
0.883
0.465
0.963
0.288
0.526
0.493
0.435
0.519
0.512
0.47
0.295
0.058
0.594
0.89
0.71
0.095
0.257
0.996
0.187
0.578
0.316
0.994
0.447
0.249
0.054
0.433
0.86
0.467
0.949
0.646
0.097
0.8
0.253
0.781
0.281
0.012
0.084
0.754
0.426
0.943
0.965
0.049
0.585
0.047
0.338
0.171
0.067
0.704
0.384
0.271
0.924
0.269
0.364
0.723
0.482
0.729
0.303
0.581
0.546
0.5
0.068
0.297
0.736
0.432
0.486
0.393
0.1
0.432
0.543
0.5
0.849
0.386
0.144
0.148
0.246
0.488
0.034
0.734
0.212
0.636
0.402
0.654
0.775
0.898
0.971
0.065
0.111
0.332
0.037
0.06
0.147
0.764
0.514
0.919
0.087
0.77
0.668
0.269
0.409
0.466
0.711
0.574
0.543
0.454
0.389
0.409
0.206
0.891
0.607
0.133
0.951
0.351
0.717
0.864
0.285
0.01
0.72
0.14
0.22
0.357
0.564
0.487
0.721
0.146
