0.805
0.633
0.347
0.448
0.293
0.298
0.629
0.627
0.167
0.086
0.815
0.258
0.264
0.589
0.414
0.062
0.581
0.196
0.442
0.276
0.313
0.494
0.922
0.467
0.141
0.246
0.193
0.916
0.689
0.947
0.565
0.252
0.621
0.223
0.586
0.489
0.529
0.51
0.777
0.874
0.557
0.237
0.842
0.975
0.149
0.751
0.922
0.088
0.746
0.064
0.03
0.157
0.472
0.162
0.9
0.188
0.376
0.351
0.338
0.487
0.738
0.502
0.023
0.589
0.593
0.658
0.129
0.092
0.848
0.23
0.969
0.066
0.428
0.751
0.774
0.119
0.481
0.111
0.662
0.305
0.787
0.083
0.791
0.085
0.147
0.004
0.907
0.061
0.342
0.387
0.461
0.259
0.463
0.643
0.855
0.694
0.51
0.135
0.511
0.084
0.666
0.152
0.842
0.009
0.67
0.424
0.277
0.897
0.05
0.251
0.923
0.667
0.281
0.104
0.68
0.947
0.152
0.363
0.855
0.97
0.883
0.229
0.753
0.919
0.902
0.953
0.944
0.641
0.745
0.084
0.257
0.373
0.059
0.317
0.707
0.025
0.111
0.689
0.269
0.139
0.249
0.075
0.364
0.962
0.386
0.82
0.875
0.597
0.65
0.825
0.479
0.251
0.15
0.709
0.202
0.966
0.134
0.559
0.414
0.832
0.397
0.998
0.443
0.153
0.57
0.492
0.762
0.655
0.918
0.87
0.882
0.22
0.992
0.315
0.019
0.708
0.678
0.759
0
0.053
0.475
0.859
0.791
0.886
0.499
0.377
0.475
0.18
0.168
0.693
0.776
0.5
0.28
0.416
0.524
0.393
0.519
0.703
0.763
0.004
0.503
0.021
0.027
0.041
0.123
0.877
0.156
0.411
0.053
0.155
0.37
0.667
0.917
0.223
0.518
0.735
0.854
0.618
0.719
0.57
0.322
0.909
0.514
0.883
0.783
0.454
0.052
0.295
0.334
0.471
0.725
0.4
0.183
0.292
0.583
0.508
0.037
0.869
0.78
0.854
0.904
0.206
0.115
0.619
0.219
0.964
0.888
0.658
0.33
0.335
0.786
0.19
0.55
0.717
0.263
0.277
0.81
0.559
0
0.063
0.179
0.261
0.713
0.484
0.744
0.492
0.927
0.57
0.761
0.369
0.505
0.749
0.22
0.975
0.251
0.969
0.888
0.918
0.409
0.931
0.843
0.062
0.472
0.138
0.099
0.836
0.603
0.432
0.693
0.896
0.141
0.544
0.928
0.988
0.67
0.019
0.969
0.138
0.517
0.243
0.931
0.48
0.216
0.848
0.122
0.685
0.654
0.42
0.911
0.012
0.683
0.449
0.093
0.829
0.237
0.898
0.247
0.461
0.442
0.524
0.803
0.042
0.075
0.379
0.214
0.724
0.715
0.359
0.175
0.422
0.327
0.791
0.14
0.556
0.485
0.66
0.901
0.045
0.943
0.827
0.416
0.76
0.169
0.137
0.467
0.125
0.335
0.388
0.357
0.101
0.953
0.096
0.855
0.079
0.975
0.671
0.1
0.145
0.795
0.316
0.393
0.312
0.064
0.821
0.754
0.79
0.209
0.258
0.232
0.527
0.307
0.222
0.096
0.61
0.525
0.204
0.034
0.078
0.328
0.648
0.179
0.435
0.382
0.446
0.774
0.482
0.608
0.196
0.646
0.789
0.362
0.809
0.942
0.255
0.107
0.112
0.428
0.705
0.472
0.722
0.04
0.442
0.725
0.856
0.664
0.63
0.501
0.933
0.301
0.758
0.173
0.277
0.038
0.187
0.024
0.757
0.904
0.271
0.88
0.617
0
0.996
0.613
0.823
0.128
0.88
0.178
0.292
0.05
0.184
0.642
0.642
0.948
0.715
0.71
0.755
0.299
0.071
0.11
0.168
0.008
0.064
0.139
0.996
0.569
0.254
0.501
0.949
0.057
0.858
0.458
0
0.384
0.97
0.219
0.664
0.612
0.703
0.952
0.33
0.439
0.156
0.913
0.16
0.426
0.476
0.523
0.314
0.888
0.643
0.945
0.356
0.31
0.782
0.275
0.089
0.881
0.033
0.236
0.812
0.694
0.033
0.646
0.651
0.737
0.412
0.219
0.499
0.434
0.854
0.425
0.125
0.66
0.842
0.671
0.523
0.01
0.463
0.671
0.598
0.32
0.579
0.218
0.809
0.858
0.617
0.893
0.455
0.202
0.897
0.574
0.063
0.972
0.521
0.292
0.752
0.401
0.263
0.496
0.616
0.061
0.795
0.667
0.47
0.817
0.438
0.037
0.509
0.403
0.347
0.531
0.195
0.788
0.458
0.361
0.753
0.038
0.782
0.622
0.782
0.86
0.691
0
0.494
0.909
0.753
0.219
0.534
0.884
0.445
0.73
0.257
0.044
0.606
0.551
0.628
0.395
0.054
0.705
0.809
0.482
0.819
0.608
0.474
0.067
0.425
0.072
0.871
0.538
0.994
0.623
0.794
0.479
0.055
0.409
0.67
0.711
0.674
0.845
0.056
0.931
0.452
0.332
0.423
0.181
0.316
0.525
0.22
0.897
0.192
0.006
0.542
0.73
0.125
0.055
0.334
0.432
0.443
0.527
0.762
0.611
0.93
0.046
0.491
0.899
0.769
0.786
0.171
0.676
0.3
0.579
0.79
0.576
0.71
0.182
0.179
0.71
0.611
0.674
0.127
0.465
0.11
0.257
0.977
0.349
0.095
0.979
0.981
0.747
0.526
0.118
0.837
0.693
0.852
0.265
0.092
0.706
0.169
0.036
0.486
0.807
0.797
0.043
0.559
0.44
0.696
0.817
0.022
0.997
0.903
0.747
0.101
0.293
0.413
0.505
0.084
0.942
0.01
0.873
0.565
0.109
0.206
0.973
0.996
0.811
0.073
0.537
0.46
0.951
0.757
0.826
0.433
0.449
0.35
0.475
0.625
0.167
0.235
0.885
0.736
0.782
0.945
0.333
0.857
0.642
0.881
0.39
0.662
0.558
0.739
0.244
0.55
0.052
0.355
0.077
0.937
0.505
0.319
0.514
0.675
0.298
0.881
0.81
0.864
0.752
0.837
0.453
0.837
0.171
0.524
0.973
0.488
0.054
0.202
0.05
0.595
0.116
0.386
0.449
0.898
0.068
0.046
0.631
0.592
0.489
0.523
0.483
0.532
0.44
0.703
0.064
0.297
0.312
0.598
0.026
0.493
0.196
0.768
0.479
0.788
0.12
0.228
0.69
0.742
0.985
0.356
0.444
0.337
0.226
0.837
0.158
0.464
0.986
0.413
0.987
0.164
0.147
0.575
0.745
0.837
0.471
0.11
0.101
0.662
0.843
0.19
0.375
0.942
0.254
0.884
0.172
0.959
0.835
0.784
0.251
0.623
0.964
0.474
0.093
0.081
0.477
0.498
0.384
0.562
0.298
0.374
0.382
0.166
0.099
0.48
0.643
0.998
0.539
0.541
0.941
0.787
0.557
0.266
0.547
0.084
0.402
0.431
0.382
0.795
0.944
0.417
0.727
0.467
0.427
0.529
0.382
0.386
0.927
0.943
0.95
0.136
0.982
0.335
0.971
0.277
0.651
0.644
0.932
0.137
0.856
0.229
0.996
0.447
0.377
0.579
0.402
0.147
0.693
0.29
0.257
0.081
0.172
0.639
0.039
0.856
0.721
0.474
0.288
0.952
0.288
0.064
0.814
0.385
0.952
0.354
0.989
0.821
0.198
0.488
0.647
0.439
0.757
0.088
0.289
0.134
0.25
0.837
0.243
0.999
0.964
0.355
0.182
0.47
0.036
0.746
0.666
0.457
0.891
0.922
0.237
0.395
0.762
0.776
0.193
0.059
0.222
0.088
0.638
0.172
0.712
0.827
0.957
0.282
0.061
0.752
0.177
0.224
0.693
0.235
0.941
0.199
0.351
0.237
0.025
0.164
0.95
0.534
0.189
0.052
0.048
0.39
0.75
0.623
0.759
0.881
0.658
0.221
0.379
0.294
0.917
0.221
0.674
0.846
0.361
0.161
0.646
0.715
0.448
0.154
0.612
0.652
0.622
0.372
0.169
0.53
0.381
0.91
0.286
0.119
0.585
0.476
0.59
0.632
0
0.797
0.013
0.655
0.352
0.03
0.867
0.759
0.564
0.814
0.697
0.91
0.308
0.659
0.597
0.564
0.773
0.918
0.125
0.5
0.883
0.187
0.188
0.239
0.8
0.713
0.069
0.466
0.945
0.015
0.517
0.07
0.339
0.844
0.559
0.068
0
0.412
0.718
0.799
0.869
0.838
0.413
0.005
0.968
0.613
0.75
0.361
0.419
0.848
0.263
0.072
0.792
0.854
0.561
0.868
0.509
0.508
0.453
0.601
0.305
0.655
