0.493
0.757
0.146
0.666
0.805
0.962
0.878
0.409
0.348
0.19
0.903
0.954
0.543
0.148
0.276
0.22
0.293
0.83
0.583
0.457
0.057
0.144
0.129
0.429
0.368
0.182
0.955
0.208
0.699
0.607
0.042
0.559
0.676
0.894
0.601
0.348
0.123
0.271
0.879
0.586
0.525
0.412
0.728
0.107
0.936
0.883
0.008
0.111
0.501
0.676
0.85
0.738
0.233
0.917
0.532
0.146
0.774
0.886
0.348
0.289
0.454
0.596
0.257
0.009
0.657
0.867
0.248
0.478
0.045
0.009
0.194
0.589
0.225
0.959
0.629
0.441
0.305
0.037
0.825
0.347
0.523
0.859
0.225
0.614
0.615
0.034
0.989
0.352
0.682
0.964
0
0.022
0.365
0.759
0.653
0.674
0.391
0.323
0.034
0.728
0.709
0.882
0.327
0.218
0.736
0.658
0.322
0.694
0.482
0.299
0.416
0.654
0.461
0.917
0.612
0.323
0.341
0.913
0.785
0.337
0.789
0.398
0.311
0.726
0.09
0.885
0.017
0.172
0.554
0.71
0.971
0.539
0.386
0.153
0.105
0.243
0.676
0.13
0.368
0.36
0.659
0.187
0.094
0.531
0.366
0.124
0.005
0.723
0.637
0.746
0.817
0.029
0.394
0.869
0.519
0.46
0.141
0.59
0.895
0.347
0.322
0.999
0.349
0.818
0.03
0.46
0.882
0.432
0.052
0.273
0.762
0.786
0.039
0.343
0.857
0.387
0.109
0.537
0.275
0.69
0.751
0.684
0.88
0.667
0.737
0.405
0.503
0.646
0.231
0.926
0.619
0.886
0.454
0.471
0.76
0.261
0.586
0.374
0.35
0.043
0.985
0.603
0.751
0.371
0.438
0.478
0.412
0.11
0.191
0.327
0.822
0.167
0.995
0.334
0.841
0.445
0.888
0.283
0.071
0.448
0.002
0.18
0.973
0.767
0.343
0.819
0.275
0.305
0.163
0.717
0.054
0.141
0.105
0.301
0.092
0.352
0.336
0.66
0.951
0.086
0.655
0.586
0.058
0.506
0.853
0.422
0.041
0.576
0.443
0.92
0.099
0.894
0.854
0.118
0.246
0.91
0.552
0.472
0.403
0.298
0.918
0.915
0.999
0.117
0.723
0.223
0.13
0.019
0.836
0.685
0
0.308
0.416
0.764
0.405
0.981
0.915
0.045
0.325
0.525
0.622
0.103
0.929
0.336
0.713
0
0.705
0.766
0.705
0.577
0.894
0.947
0.304
0.679
0.981
0.338
0.313
0.42
0.176
0.879
0.362
0.553
0.815
0.463
0.107
0.758
0.29
0.343
0.596
0.452
0.334
0.051
0.76
0.958
0.776
0.279
0.411
0.963
0.539
0.961
0.938
0.817
0.621
0.254
0.562
0.404
0.823
0.171
0.513
0.601
0.251
0.912
0.709
0.216
0.386
0.988
0.598
0.303
0.804
0.285
0.268
0.967
0.416
0.396
0.132
0.836
0.297
0.6
0.765
0.316
0.462
0.7
0.671
0.484
0.364
0.942
0.276
0.193
0.829
0.178
0.735
0.131
0.316
0.591
0.551
0.638
0.018
0.477
0.691
0.071
0.344
0.873
0.967
0.908
0.873
0.565
0.615
0.755
0.654
0.098
0.194
0.459
0.47
0.743
0.776
0.133
0.084
0.195
0.798
0.029
0.513
0.422
0.715
0.433
0.918
0.666
0.059
0.511
0.829
0.443
0.896
0.138
0.654
0.794
0.71
0.075
0.542
0.902
0.528
0.668
0.906
0.293
0.225
0.847
0.313
0.91
0.12
0.433
0.365
0.177
0.886
0.993
0.458
0.732
0.673
0.877
0.991
0.073
0.443
0.375
0.319
0.567
0.519
0.825
0.654
0.849
0.969
0.585
0.742
0.99
0.18
0.091
0.21
0.19
0.324
0.553
0.054
0.215
0.737
0.631
0.424
0.375
0.286
0.413
0.55
0.912
0.773
0.494
0.147
0
0.6
0.943
0.5
0.132
0.334
0.536
0.242
0.144
0.248
0.372
0.635
0.46
0.744
0.365
0.556
0.391
0.044
0.815
0.328
0.382
0.439
0.959
0.651
0.426
0.845
0.251
0.948
0.885
0.903
0.225
0.06
0.217
0.934
0.246
0.219
0.457
0.739
0.291
0.43
0.576
0.455
0.774
0.303
0.645
0.66
0.197
0.178
0.411
0.713
0.788
0.916
0.259
0.24
0.841
0.103
0.353
0.727
0.786
0.38
0.198
0.489
0.133
0.476
0.03
0.858
0.194
0.796
0.26
0.312
0.443
0.28
0.561
0.796
0.232
0.789
0.015
0.705
0.562
0.849
0.168
0.396
0.627
0.379
0.839
0.718
0.286
0.158
0.132
0.394
0.525
0.365
0.012
0.563
0.977
0.194
0.668
0.913
0.337
0.176
0.664
0.115
0.679
0.607
0.393
0.342
0.976
0.593
0.248
0.602
0.589
0.536
0.316
0.159
0.788
0.375
0.743
0.546
0.654
0.075
0.026
0.759
0.038
0.724
0.997
0.556
0.149
0.276
0.115
0.043
0.481
0.222
0.925
0.224
0.818
0.336
0.387
0.171
0.308
0.183
0.807
0.259
0.194
0.22
0.651
0.312
0.968
0.194
0.156
0.692
0.115
0.469
0.507
0.753
0.355
0.865
0.775
0.517
0.712
0.531
0.988
0.09
0.681
0.643
0.573
0.324
0.645
0.122
0.655
0.798
0.561
0.797
0.306
0.208
0.33
0.28
0.749
0.194
0.867
0.648
0.817
0.241
0.781
0.82
0.97
0
0.742
0.75
0.263
0.62
0.342
0.639
0.551
0.579
0.25
0.843
0.986
0.97
0.792
0.819
0.778
0.463
0.67
0.25
0.088
0.771
0.652
0.254
0.549
0.59
0.273
0.8
0.133
0.275
0.834
0.809
0.055
0.657
0.656
0.826
0.829
0.325
0.948
0.377
0.595
0.306
0.988
0.75
0.881
0.975
0.536
0.695
0.268
0.288
0.599
0.305
0.352
0.362
0.791
0.29
0.944
0.54
0.115
0.48
0.232
0.034
0.072
0.07
0.69
0.622
0.682
0.582
0.235
0.081
0.544
0.632
0.562
0.826
0.48
0.978
0.627
0.681
0.526
0.718
0.165
0.235
0.028
0.838
0.101
0.263
0.1
0.731
0.278
0.357
0.33
0.582
0.097
0.08
0.997
0.957
0.186
0.086
0.757
0.506
0.061
0.34
0.03
0.136
0.587
0.652
0.817
0.205
0.965
0.27
0.909
0.489
0.728
0.517
0.676
0.38
0.071
0.789
0.398
0.275
0.466
0.662
0.667
0.878
0.673
0.57
0.106
0.074
0.758
0.327
0.944
0.59
0.309
0.081
0.593
0.682
0.506
0.773
0.603
0.841
0.023
0.492
0.929
0.772
0.425
0.56
0.358
0.908
0.751
0.371
0.588
0.955
0.574
0.592
0.979
0.557
0.485
0.511
0.982
0.661
0.341
0.704
0.805
0.658
0.484
0.047
0.51
0.676
0.121
0.389
0.03
0.593
0.2
0.295
0.649
0.522
0.243
0.433
0.242
0.295
0.377
0.427
0.589
0.732
0.454
0.422
0.87
0.533
0.003
0.2
0.156
0.933
0.339
0.868
0.374
0.119
0.426
0.273
0.599
0.877
0.261
0.66
0.227
0.38
0.886
0.668
0.715
0.698
0.796
0.042
0.174
0.267
0.598
0.29
0.856
0.161
0.686
0.489
0.316
0.415
0.271
0.406
0.947
0.121
0.438
0.525
0.802
0.646
0.439
0.63
0.858
0.687
0.359
0.914
0.563
0.018
0.83
0.232
0.039
0.586
0.82
0.716
0.511
0.3
0.146
0.638
0.702
0.411
0.35
0.536
0.959
0.953
0.981
0.111
0.839
0.701
0.794
0.724
0.614
0.972
0.843
0.798
0.881
0.338
0.38
0.285
0.91
0.648
0.59
0.38
0.012
0.013
0.225
0.239
0.552
0.357
0.61
0.214
0.002
0.864
0.63
0.739
0.743
0.324
0.252
0.717
0.128
0.431
0.185
0.298
0.634
0.507
0.405
0.221
0.015
0.535
0.6
0.543
0.489
0.657
0.474
0.583
0.389
0.504
0.464
0.34
0.192
0.681
0.11
0.599
0.836
0.888
0.246
0.169
0.28
0.994
0.367
0.722
0.755
0.669
0.455
0.926
0.528
0.161
0.648
0.103
0.929
0.021
0.725
0.586
0.433
0.031
0.517
0.627
0.694
0.182
0.199
0.128
0.298
0.053
0.087
0.479
0.674
0.805
0.439
0.206
0.546
0.649
0.369
0.427
0.275
0.374
0.355
0.52
0.574
0.698
0.352
