0.538
0.579
0.679
0.244
0.121
0.339
0.818
0.402
0.316
0.324
0.662
0.178
0.052
0.606
0.841
0.419
0.426
0.747
0.09
0.35
0.269
0.785
0.133
0.806
0.518
0.969
0.495
0.959
0
0.249
0.809
0.939
0.876
0.524
0.085
0.629
0.441
0.749
0.555
0.074
0.568
0.179
0.952
0.811
0.423
0.813
0.833
0.146
0.755
0.449
0.353
0.909
0.999
0.464
0.559
0.351
0.452
0.987
0.025
0.939
0.929
0.593
0.694
0.686
0.204
0.103
0.354
0.24
0.575
0.979
0.065
0.806
0.765
0.535
0.964
0.615
0.638
0.411
0.477
0.082
0.299
0.903
0.301
0.641
0.753
0.959
0.893
0.441
0.499
0.534
0.927
0.059
0.538
0.046
0.917
0.849
0.847
0.877
0.06
0.065
0.533
0.163
0.199
0.697
0.072
0.175
0.29
0.45
0.747
0.541
0.531
0.322
0.232
0.942
0.189
0.73
0.715
0.162
0.7
0.41
0.037
0.99
0.773
0.209
0.66
0.705
0.302
0.387
0.073
0.166
0.91
0.153
0.389
0.593
0.384
0.753
0.415
0.497
0.326
0.451
0.448
0.471
0.471
0.935
0.944
0.02
0.89
0.865
0.084
0.899
0.082
0.894
0.338
0.903
0.507
0.389
0.773
0.067
0.99
0.624
0.266
0.93
0.81
0.658
0.866
0.936
0.669
0.281
0.517
0.872
0.044
0.256
0.377
0.656
0.869
0.985
0.028
0.673
0.628
0.016
0.072
0.265
0.157
0.417
0.643
0.19
0.018
0.368
0.813
0.037
0.56
0.193
0.189
0.476
0.884
0.842
0.976
0.59
0.312
0.725
0.607
0.826
0.157
0.538
0.487
0.968
0.732
0.982
0.38
0.149
0.705
0.435
0.82
0.401
0.772
0.295
0.721
0.437
0.917
0.449
0.938
0.522
0.927
0.102
0.969
0.891
0.753
0.741
0.991
0.251
0.837
0.431
0.722
0.582
0.731
0.265
0.828
0.087
0.028
0.401
0.118
0.845
0.645
0.865
0.367
0.091
0.345
0.942
0.637
0.565
0.64
0.294
0.099
0.21
0.397
0.555
0.466
0.025
0.74
0.885
0.665
0.597
0.015
0.251
0.982
0.952
0.637
0.054
0.691
0.692
0.569
0.647
0.074
0.22
0.686
0.773
0.781
0.078
0.215
0.318
0.089
0.104
0.959
0.733
0.676
0.084
0.011
0.122
0.911
0.841
0.226
0.464
0.175
0.533
0
0.036
0.406
0.287
0.195
0.053
0.172
0.817
0.843
0.459
0.131
0.406
0.503
0.701
0.759
0.362
0.447
0.211
0.263
0.335
0.245
0.426
0.61
0.971
0.723
0.568
0.31
0.856
0.583
0.463
0.186
0.8
0.325
0.483
0.507
0.634
0.562
0.405
0.54
0.458
0.507
0.951
0.162
0.091
0.806
0.76
0.679
0.462
0.22
0.203
0.624
0.323
0.96
0.359
0.248
0.956
0.237
0.885
0.3
0.732
0.421
0.911
0.675
0.657
0.352
0.42
0.116
0.661
0.799
0.233
0.959
0.187
0.898
0.097
0.213
0.81
0.196
0.686
0.87
0.142
0.032
0.88
0.733
0.605
0.402
0.986
0.072
0.239
0.341
0.742
0.892
0.592
0.095
0.793
0.678
0.288
0.158
0.91
0.595
0.64
0.055
0.907
0.868
0.883
0.453
0.931
0.641
0.978
0.329
0.72
0.828
0.384
0.477
0.718
0.439
0.309
0.919
0.416
0.793
0.391
0.1
0.154
0.091
0.548
0.017
0.31
0.371
0.187
0.714
0.419
0.736
0.512
0.025
0.798
0.167
0.571
0.714
0.312
0.022
0.022
0.794
0.482
0.923
0.608
0.789
0.299
0.291
0.443
0.563
0.539
0.642
0.449
0.952
0.432
0.828
0.646
0.876
0.715
0.734
0.633
0.732
0.746
0.62
0.269
0.131
0.698
0.436
0.937
0.483
0.441
0.443
0.227
0.677
0.489
0.667
0.646
0.024
0.994
0.013
0.91
0.974
0.921
0.513
0.679
0.911
0.985
0.342
0.01
0.226
0.762
0.534
0.298
0
0.619
0.095
0.919
0.538
0.854
0.501
0.097
0.581
0.98
0.194
0.43
0.105
0.446
0.933
0.318
0.497
0.526
0.572
0.385
0.458
0.983
0.759
0.472
0.68
0.259
0.264
0.45
0.291
0.745
0.887
0.676
0.384
0.745
0.465
0.429
0.071
0.642
0.233
0.837
0.744
0.324
0.32
0.487
0.522
0.766
0.616
0.402
0.653
0.47
0.391
0.539
0.817
0.98
0.939
0.35
0.29
0.955
0.814
0.751
0.438
0.641
0.33
0.142
0.023
0.474
0.815
0.399
0.757
0.892
0.324
0.878
0.707
0.434
0.283
0.381
0.967
0.117
0.337
0.014
0.857
0.232
0.705
0.439
0.103
0.512
0.744
0.674
0.461
0.96
0.253
0.813
0.591
0.681
0.852
0.289
0.558
0.278
0.331
0.943
0.033
0.079
0.673
0.139
0.826
0.455
0.504
0.237
0.614
0.0
0.037
0.22
0.514
0.71
0.038
0.067
0.299
0.824
0.739
0.114
0.56
0.988
0.148
0.182
0.225
0.47
0.235
0.703
0.205
0.096
0.591
0.83
0.01
0.804
0.285
0.671
0.272
0.054
0.975
0.811
0.464
0.151
0.9
0.386
0.475
0.717
0.014
0.641
0.702
0.391
0.445
0.421
0.157
0.392
0.798
0.572
0.382
0.846
0.112
0.766
0.395
0.59
0.945
0.34
0.44
0.71
0.124
0.646
0.673
0
0.086
0.526
0.607
0.616
0.955
0.413
0.727
0.739
0.744
0.648
0.075
0.609
0.754
0.45
0.199
0.275
0.838
0.917
0.11
0.351
0.255
0.142
0.494
0.037
0.18
0.471
0.749
0.077
0.046
0.097
0.178
0.84
0.025
0.647
0.668
0.157
0.438
0.373
0.366
0.077
0.228
0.361
0.425
0.065
0.122
0.698
0.945
0.856
0.559
0.512
0.58
0.063
0.491
0.01
0.973
0.802
0.888
0.198
0.093
0.246
0.462
0.281
0.342
0.157
0.072
0.766
0.923
0.15
0.933
0.275
0.37
0.646
0.206
0.712
0.18
0.538
0.408
0.286
0.886
0.266
0.966
0.5
0.236
0.486
0.856
0.965
0.952
0.492
0.991
0.915
0.769
0.523
0.697
0.835
0.669
0.42
0.385
0.954
0.672
0.159
0.638
0.954
0.619
0.631
0.295
0.649
0.805
0.872
0.116
0.122
0.708
0.094
0.928
0.611
0.049
0.373
0.225
0.411
0.041
0.341
0.611
0.857
0.377
0.397
0.726
0.741
0.736
0.065
0.481
0.933
0.992
0.961
0.389
0.958
0.757
0.514
0.347
0.415
0.981
0.817
0.458
0.946
0.012
0.846
0.3
0.693
0.498
0.131
0.772
0.878
0.091
0.263
0.814
0.292
0.288
0.288
0.321
0.449
0.885
0.876
0.596
0.345
0.815
0.524
0.725
0.487
0.812
0.284
0.058
0.177
0.176
0.889
0.233
0.625
0.922
0.526
0.436
0.267
0.122
0.241
0.333
0.763
0.293
0.854
0.776
0.355
0.383
0.426
0.5
0.24
0.017
0.285
0.509
0.618
0.312
0.508
0.69
0.977
0.734
0.571
0.775
0.826
0.696
0.274
0.084
0.505
0.492
0.407
0.324
0.825
0.004
0.622
0.411
0.903
0.952
0.437
0.323
0.575
0.744
0.946
0.674
0.239
0.048
0.176
0.608
0.473
0.499
0.318
0.758
0.583
0.141
0.121
0.301
0.823
0.759
0.736
0.929
0.249
0.546
0.536
0.683
0.471
0.937
0.182
0.864
0.305
0.216
0.64
0.714
0.026
0.398
0.063
0.99
0.804
0.097
0.587
0.725
0.66
0.083
0.725
0.144
0.019
0.799
0.351
0.113
0.799
0.929
0.249
0.535
0.935
0.647
0.519
0.699
0.824
0.467
0.425
0.447
0.447
0.825
0.083
0.25
0.652
0.848
0.756
0.931
0.524
0.785
0.172
0.984
0.882
0.386
0.75
0.892
0.493
0.314
0.978
0.763
0.778
0.74
0.738
0.549
0.337
0.938
0.063
0.344
0.517
0.255
0.846
0.324
0.198
0.239
0.157
0.167
0.562
0.34
0.877
0.725
0.979
0.395
0.809
0.623
0.31
0.725
0.404
0.453
0.002
0.839
0.13
0.777
0.537
0.948
0.167
0.852
0.57
0.528
0.955
0.708
0.114
0.339
0.206
0.399
0.059
0.418
0.866
