0.525
0.359
0.339
0.36
0.794
0.399
0.72
0.522
0.363
0.976
0.383
0.224
0.601
0.381
0.1
0.055
0.608
0.957
0.608
0.122
0.503
0.419
0.089
0.794
0.878
0.836
0.604
0.154
0.892
0.852
0.479
0.023
0.8
0.338
0.57
0.624
0.617
0.782
0.726
0.748
0.875
0.636
0.684
0.617
0.581
0.963
0.079
0.719
0.788
0.812
0.835
0.219
0.486
0.31
0.967
0.02
0.971
0.62
0.017
0.43
0.496
0.162
0.785
0.308
0.147
0.767
0.884
0.96
0.387
0.269
0.149
0.831
0.468
0.268
0.629
0.486
0.675
0.654
0.452
0.29
0.903
0.536
0.512
0.926
0.922
0.561
0.961
0.138
0.421
0.404
0.259
0.376
0.74
0.273
0.584
0.913
0.23
0.099
0.173
0.17
0.39
0.011
0.901
0.554
0.374
0.731
0.979
0.882
0.876
0.441
0.136
0.195
0.906
0.651
0.831
0.864
0.517
0.939
0.069
0.528
0.028
0.417
0.296
0.884
0.203
0.387
0.28
0.303
0.266
0.061
0.015
0.741
0.743
0.186
0.396
0.038
0.003
0.975
0.865
0.029
0.339
0.912
0.371
0.097
0.365
0.66
0.976
0.674
0.844
0.716
0.35
0.67
0.869
0.357
0.721
0.826
0.581
0.137
0.969
0.329
0.912
0.514
0.591
0.549
0.105
0.76
0.13
0.254
0.369
0.848
0.512
0.832
0.434
0.502
0.188
0.17
0.794
0.325
0.16
0.917
0.956
0.684
0.056
0.534
0.281
0.375
0.859
0.133
0.991
0.404
0.222
0.377
0.907
0.778
0.305
0.225
0.525
0.214
0.394
0.718
0.323
0.932
0.404
0.292
0.267
0.933
0.875
0.803
0.056
0.884
0.869
0.075
0.496
0.086
0.043
0.696
0.579
0.123
0.733
0.604
0.881
0.222
0.256
0.031
0.596
0.154
0.833
0.269
0.039
0.191
0.438
0.563
0.301
0.515
0.642
0.579
0.463
0.287
0.037
0.431
0.332
0.927
0.315
0.811
0.929
0.521
0.126
0.667
0.304
0.45
0.115
0.349
0.451
0.662
0.508
0.987
0.617
0.408
0.25
0.43
0.639
0.741
0.008
0.929
0.873
0.031
0.489
0.446
0.252
0.741
0.575
0.468
0.326
0.052
0.512
0.217
0.621
0.704
0.774
0.636
0.49
0.051
0.215
0.639
0.234
0.543
0.667
0.921
0.989
0.7
0.503
0.71
0.199
0.261
0.02
0.414
0.589
0.849
0.443
0.1
0.573
0.469
0.542
0.699
0.077
0.119
0.929
0.79
0.052
0.744
0.805
0.352
0.949
0.823
0.816
0.698
0.997
0.501
0.916
0.338
0.392
0.906
0.213
0.769
0.048
0.941
0.996
0.384
0.27
0.206
0.659
0.573
0.795
0.088
0.753
0.612
0.118
0.207
0.99
0.044
0.314
0.13
0.348
0.388
0.989
0.182
0.804
0.011
0.006
0.778
0.083
0.185
0.165
0.01
0.64
0.617
0.855
0.425
0.79
0.043
0.047
0.938
0.168
0.368
0.865
0.502
0.336
0.369
0.061
0.625
0.023
0.223
0.25
0.643
0.013
0.181
0.431
0.111
0.524
0.897
0.628
0.566
0.216
0.914
0.585
0.909
0.688
0.899
0.363
0.255
0.352
0.977
0.934
0.313
0.892
0.638
0.238
0.901
0.173
0.564
0.787
0.612
0.963
0.645
0.845
0.327
0
0.584
0.06
0.673
0.266
0.553
0.095
0.642
0.693
0.409
0.325
0.832
0.777
0.176
0.427
0.097
0.679
0.367
0.867
0.982
0.018
0.075
0.13
0.225
0.168
0.548
0.692
0.178
0.202
0.339
0.939
0.426
0.864
0.409
0.313
0.94
0.306
0.323
0.308
0.018
0.895
0.661
0.444
0.167
0.191
0.981
0.432
0.088
0.619
0.554
0.274
0.139
0.859
0.566
0.551
0.94
0.101
0.178
0.11
0.464
0.904
0.838
0.491
0.419
0.951
0.599
0.238
0.809
0.813
0.853
0.476
0.167
0.172
0.103
0.738
0.429
0.072
0.199
0.539
0.298
0.913
0.964
0.762
0.424
0.115
0.785
0.128
0.929
0.683
0.781
0.963
0.571
0.581
0.256
0.595
0.589
0.621
0.708
0.063
0.697
0.441
0.446
0.773
0.76
0.577
0.385
0.679
0.676
0.877
0.274
0.806
0.986
0.127
0.237
0.494
0.659
0.299
0.586
0.864
0.153
0.708
0.57
0.435
0.392
0.524
0.039
0.137
0.664
0.406
0.829
0.346
0.527
0.222
0.12
0.91
0.254
0.274
0.72
0.54
0.201
0.796
0.23
0.449
0.782
0.048
0.91
0.082
0.177
0.741
0.482
0.814
0.454
0.869
0.23
0.371
0.329
0.301
0.912
0.46
0.287
0.388
0.528
0.982
0.49
0.025
0.507
0.977
0.826
0.578
0.718
0.151
0.02
0.643
0.675
0.232
0.234
0.284
0.556
0.638
0.074
0.753
0.419
0.075
0.133
0.284
0.663
0.352
0.297
0.96
0.17
0.239
0.013
0.135
0.204
0.433
0.601
0.74
0.652
0.889
0.184
0.756
0.932
0.333
0.79
0.991
0.141
0.801
0.571
0.009
0.188
0.503
0.448
0.5
0.61
0.149
0.716
0.324
0.685
0.494
0.536
0.468
0.918
0.372
0.505
0.272
0.64
0.376
0.378
0.631
0.289
0.976
0.941
0.387
0.032
0.105
0.12
0.085
0.85
0.582
0.39
0.672
0.289
0.658
0.212
0.029
0.353
0.818
0.306
0.965
0.829
0.256
0.045
0.358
0.76
0.82
0.406
0.884
0.478
0.484
0.436
0.198
0.606
0.345
0.556
0.406
0.577
0.791
0.344
0.507
0.974
0.104
0.16
0.782
0.344
0.251
0.44
0.784
0.237
0.668
0.515
0.531
0.961
0.464
0.332
0.883
0.888
0.819
0.774
0.141
0.129
0.176
0.012
0.256
0.305
0.084
0.339
0.145
0.544
0.431
0.487
0.515
0.869
0.938
0.464
0.405
0.493
0.677
0.213
0.017
0.133
0.562
0.996
0.293
0.059
0.61
0.786
0.742
0.915
0.857
0.459
0.48
0.54
0.613
0.636
0.295
0.943
0.036
0.214
0.459
0.179
0.454
0.123
0.028
0.132
0.245
0.485
0.753
0.419
0.287
0.172
0.575
0.565
0.11
0.498
0.775
0.676
0.33
0.208
0.162
0.417
0.382
0.952
0.872
0.353
0.006
0.354
0.272
0.85
0.411
0.63
0.888
0.419
0.795
0.643
0.98
0.997
0.722
0.881
0.155
0.55
0.34
0.5
0.89
0.15
0.074
0.524
0.992
0.623
0.57
0.252
0.393
0.456
0.845
0.351
0.854
0.227
0.133
0.938
0.066
0.766
0.761
0.645
0.755
0.556
0.876
0.825
0.13
0.494
0.139
0.948
0.573
0.264
0.099
0.079
0.148
0.852
0.434
0.462
0.776
0.709
0.488
0.742
0.095
0.893
0.846
0.243
0.831
0.06
0.147
0.907
0.717
0.434
0.14
0.688
0.558
0.036
0.959
0.756
0.962
0.142
0.957
0.629
0.252
0.249
0.168
0.894
0.991
0.775
0.383
0.583
0.539
0.797
0.396
0.687
0.811
0.862
0.965
0.657
0.693
0.552
0.753
0.32
0.978
0.184
0.633
0.159
0.158
0.986
0.059
0.605
0.785
0.6
0.391
0.111
0.272
0.603
0.398
0.242
0.326
0.421
0.759
0.313
0.169
0.415
0.733
0.676
0.384
0.146
0.227
0.475
0.62
0.75
0.966
0.573
0.95
0.589
0.627
0.277
0.574
0.422
0.264
0.364
0.704
0.585
0.975
0.357
0.856
0.994
0.129
0.702
0.105
0.979
0.83
0.48
0.641
0.551
0.854
0.891
0.675
0.773
0.665
0.924
0.367
0.117
0.341
0.884
0.286
0.418
0.982
0.701
0.911
0.684
0.229
0.637
0.701
0.631
0.861
0.467
0.648
0.21
0.498
0.095
0.249
0.076
0.858
0.745
0.845
0.382
0.369
0.103
0.393
0.845
0.742
0.493
0.318
0.201
0.992
0.535
0.482
0.688
0.964
0.402
0.735
0.283
0.621
0.412
0.846
0.669
0.613
0.216
0.854
0.363
0.999
0.723
0.948
0.354
0.978
0.119
0.289
0.616
0.225
0.457
0.851
0.813
0.233
0.068
0.987
0.21
0.294
0.745
0.459
0.937
0.752
0.031
0.227
0
0.206
0.465
0.28
0.607
0.206
0.028
0.231
0.141
