0.147
0.27
0.445
0.075
0.638
0.848
0.896
0.787
0.612
0.887
0.821
0.122
0.799
0.008
0.821
0.013
0.664
0.262
0.002
0.565
0.177
0.821
0.868
0.877
0.395
0.076
0.02
0.491
0.447
0.828
0.456
0.818
0.493
0.68
0.451
0.311
0.214
0.521
0.281
0.416
0.008
0.021
0.186
0.152
0.002
0.054
0.805
0.298
0.451
0.79
0.96
0.178
0.445
0.674
0.906
0.123
0.086
0.541
0.789
0.378
0.398
0.317
0.58
0.042
0.351
0.745
0.472
0.107
0.977
0.497
0.588
0.142
0.83
0.106
0.734
0.083
0.726
0.852
0.608
0.375
0.628
0.661
0.548
0.696
0.507
0.924
0.54
0.733
0.048
0.434
0.708
0.112
0.328
0.486
0.822
0.338
0.136
0.762
0.039
0.79
0.976
0.222
0.734
0.568
0.291
0.406
0.51
0.536
0.722
0.554
0.074
0.685
0.192
0.756
0.058
0.3
0.067
0.518
0.898
0.996
0.523
0.959
0.653
0.146
0.157
0.016
0.671
0.312
0.133
0.652
0.97
0.297
0.14
0.612
0.846
0.188
0.945
0.197
0.558
0.24
0.717
0.808
0.163
0.942
0.53
0.209
0.833
0.572
0.654
0.651
0.235
0.973
0.692
0.205
0.476
0.9
0.207
0.855
0.289
0.016
0.885
0.832
0.825
0.552
0.067
0.174
0.004
0.858
0.499
0.166
0.261
0.029
0.812
0.268
0.088
0.66
0.756
0.292
0.886
0.765
0.165
0.351
0.214
0.487
0.692
0.947
0.332
0.428
0.435
0.977
0.177
0.147
0.359
0.924
0.145
0.089
0.495
0.925
0.905
0.427
0.267
0.165
0.323
0.971
0.614
0.106
0.727
0.588
0.914
0.486
0.259
0.008
0.656
0.32
0.917
0.535
0.693
0.347
0.444
0.944
0.33
0.172
0.387
0.632
0.532
0.812
0.018
0.375
0.698
0.126
0.485
0.738
0.049
0.317
0.963
0.286
0.121
0.352
0.98
0.809
0.907
0.334
0.197
0.889
0.455
0.524
0.088
0.948
0.526
0.121
0.395
0.064
0.716
0.673
0.658
0.917
0.354
0.354
0.078
0.429
0.496
0.741
0.43
0.992
0.754
0.284
0.442
0.667
0.931
0.174
0.824
0.857
0.697
0.938
0.862
0.983
0.103
0.687
0.883
0.508
0.498
0.457
0.739
0.616
0.714
0.863
0.36
0.559
0.156
0.894
0.272
0.228
0.025
0.623
0.88
0.422
0.897
0.672
0.718
0.356
0.186
0.549
0.733
0.991
0.803
0.469
0.741
0.165
0.551
0.678
0.752
0.475
0.359
0.646
0.041
0.913
0.437
0.592
0.413
0.966
0.835
0.953
0.215
0.807
0.288
0.068
0.503
0.597
0.17
0.056
0.637
0.608
0.565
0.764
0.53
0.432
0.659
0.477
0.836
0.906
0.843
0.824
0.744
0.135
0.866
0.424
0.285
0.814
0.874
0.952
0.073
0.474
0.633
0.191
0.557
0.24
0.435
0.087
0.082
0.957
0.074
0.976
0.896
0.805
0.88
0.509
0.121
0.382
0.74
0.212
0.349
0.292
0.15
0.16
0.293
0.056
0.87
0.926
0.216
0.535
0.729
0.207
0.358
0.146
0.875
0.973
0.348
0.574
0.955
0.065
0.332
0.044
0.296
0.648
0.209
0.718
0.24
0.931
0.692
0.605
0.56
0.326
0.757
0.932
0.6
0.34
0.674
0.581
0.63
0.274
0.249
0.077
0.901
0.955
0.038
0.894
0.781
0.49
0.163
0.601
0.093
0.051
0.369
0.058
0.101
0.248
0.67
0.52
0.067
0.486
0.916
0.684
0.056
0.129
0.414
0.812
0.183
0.817
0.31
0.698
0.572
0.751
0.029
0.136
0.914
0.388
0.021
0.804
0.851
0.986
0.502
0.705
0.108
0.616
0.823
0.222
0.869
0.494
0.112
0.305
0.43
0.457
0.882
0.297
0.253
0.83
0.702
0.223
0.55
0.315
0.496
0.524
0.934
0.14
0.711
0.373
0.374
0.233
0.59
0.486
0.526
0.874
0.754
0.068
0.965
0.012
0.495
0.851
0.036
0.438
0.319
0.242
0.37
0.188
0.569
0.144
0.391
0.879
0.986
0.556
0.642
0.446
0.843
0.396
0.249
0.442
0.762
0.4
0.192
0.763
0.528
0.937
0.715
0.366
0.921
0.315
0.493
0.013
0.258
0.051
0.746
0.536
0.721
0.17
0.111
0.269
0.371
0.904
0.013
0.06
0.025
0.6
0.914
0.455
0.849
0.841
0.925
0.753
0.701
0.239
0.63
0.676
0.31
0.679
0.742
0.023
0.298
0.153
0.045
0.528
0.04
0.118
0.837
0.615
0.536
0.685
0.536
0.472
0.297
0.662
0.974
0.854
0.09
0.249
0.617
0.268
0.833
0.75
0.642
0.435
0.351
0.85
0.962
0.433
0.7
0.256
0.072
0.508
0.264
0.427
0.62
0.678
0.214
0.683
0.688
0.217
0.397
0.967
0.91
0.424
0.311
0.186
0.361
0.116
0.791
0.352
0.508
0.912
0.212
0.294
0.039
0.293
0.11
0.201
0.309
0.092
0.426
0.399
0.706
0.095
0.338
0.107
0.178
0.748
0.758
0.925
0.31
0.821
0.353
0.103
0.499
0.416
0.167
0.996
0.162
0.656
0.51
0.218
0.283
0.423
0.409
0.367
0.5
0.635
0.904
0.948
0.217
0.921
0.57
0.888
0.593
0.724
0.723
0.351
0.255
0.984
0.772
0.639
0.045
0.527
0.197
0.074
0.454
0.944
0.588
0.504
0.826
0.346
0.127
0.023
0.436
0.113
0.892
0.15
0.745
0.723
0.912
0.345
0.595
0.803
0.249
0.974
0.705
0.997
0.097
0.452
0.477
0.378
0.571
0.04
0.075
0.418
0.81
0.495
0.317
0.678
0.645
0.264
0.042
0.798
0.209
0.721
0.406
0.239
0.369
0.738
0.152
0.381
0.069
0.261
0.888
0.421
0.363
0.492
0.479
0.392
0.267
0.005
0.806
0.164
0.934
0.426
0.843
0.376
0.948
0.984
0.994
0.621
0.235
0.226
0.036
0.6
0.55
0.642
0.526
0.212
0.652
0.978
0.886
0.126
0.443
0.397
0.7
0.965
0.822
0.751
0.246
0.795
0.237
0.269
0.974
0.53
0.05
0.089
0.556
0.472
0.265
0.399
0.348
0.579
0.553
0.597
0.268
0.593
0.109
0.342
0.015
0.539
0.132
0.103
0.903
0.514
0.07
0.496
0.842
0.695
0.986
0.909
0.661
0.55
0.174
0.77
0.999
0.328
0.594
0.456
0.865
0.643
0.761
0.792
0.999
0.554
0.614
0.054
0.271
0.173
0.726
0.822
0.722
0.664
0.526
0.83
0.046
0.061
0.511
0.606
0.522
0.586
0.208
0.633
0.913
0.517
0.837
0.769
0.688
0.439
0.803
0.661
0.913
0.024
0.978
0.811
0.167
0.951
0.806
0.058
0.329
0.022
0.456
0.301
0.107
0.542
0.117
0.413
0.013
0.445
0.793
0.295
0.832
0.453
0.071
0.718
0.059
0.106
0.251
0.677
0.393
0.436
0.867
0.707
0.964
0.347
0.808
0.155
0.245
0.352
0.603
0.837
0.785
0.415
0.345
0.57
0.172
0.117
0.002
0.607
0.907
0.218
0.763
0.854
0.168
0.332
0.262
0.602
0.201
0.508
0.23
0.391
0.107
0.815
0.772
0.067
0.105
0.817
0.605
0.33
0.358
0.814
0.41
0.965
0.352
0.915
0.139
0.861
0.03
0.614
0.514
0.966
0.131
0.941
0.639
0.512
0.941
0.434
0.49
0.822
0.9
0.104
0.121
0.566
0.754
0.535
0.207
0.52
0.853
0.137
0.996
0.306
0.06
0.581
0.688
0.76
0.322
0.295
0.262
0.349
0.656
0.189
0.742
0.045
0.112
0.696
0.233
0.497
0.799
0.398
0.98
0.299
0.003
0.273
0.354
0.215
0.082
0.61
0.08
0.558
0.699
0.549
0.675
0.251
0.196
0.255
0.586
0.665
0.798
0.389
0.259
0.107
0.925
0.483
0.991
0.61
0.496
1.0
0.412
0.92
0.828
0.251
0.591
0.288
0.833
0.794
0.815
0.739
0.022
0.433
0.447
0.207
0.831
0.743
0.096
0.833
0.943
0.322
0.519
0.514
0.962
0.639
0.886
0.932
0.373
0.048
0.153
0.82
0.576
0.61
0.119
0.896
0.367
0.847
0.555
0.89
0.203
0.666
0.93
0.796
0.735
0.776
0.637
0.346
