0.362
0.466
0.28
0.531
0.355
0.101
0.684
0.192
0.519
0.18
0.635
0.092
0.335
0.707
0.21
0.765
0.082
0.247
0.943
0.118
0.906
0.635
0.338
0.512
0.682
0.775
0.222
0.544
0.01
0.525
0.623
0.48
0.646
0.422
0.785
0.57
0.413
0.024
0.243
0.116
0.088
0.434
0.936
0.291
0.08
0.37
0.565
0.289
0.668
0.53
0.141
0.708
0.074
0.037
0.232
0.935
0.669
0.473
0.236
0.522
0.659
0.51
0.397
0
0.301
0.504
0.713
0.248
0.137
0.1
0.038
0.323
0.735
0.207
0.456
0.169
0.226
0.014
0.738
0.746
0.561
0.396
0.096
0.923
0.228
0.962
0.706
0.477
0.806
0.53
0.474
0.01
0.506
0.266
0.096
0.044
0.811
0.472
0.58
0.462
0.113
0.2
0.08
0.008
0.763
0.287
0.692
0.787
0.738
0.705
0.19
0.835
0.15
0.844
0.405
0.191
0.383
0.023
0.699
0.078
0.12
0.337
0.127
0.173
0.826
0.404
0.889
0.554
0.725
0.798
0.305
0.399
0
0.968
0.338
0.991
0.377
0.181
0.754
0.934
0.486
0.403
0.016
0.843
0.126
0.455
0.917
0.766
0.962
0.137
0.822
0.926
0.374
0.107
0.937
0.883
0.635
0.693
0.846
0.686
0.238
0.54
0.212
0.544
0.529
0.595
0.83
0.85
0.832
0.567
0.801
0.114
0.456
0.133
0.959
0.525
0.785
0.25
0.885
0.567
0.854
0.362
0.856
0.195
0.827
0.216
0.038
0.74
0.086
0.777
0.489
0.273
0.114
0.72
0.638
0.076
0.693
0.149
0.386
0.399
0.822
0.1
0.658
0.502
0.017
0.798
0.966
0.506
0.645
0.023
0.757
0.994
0.201
0.922
0.384
0.079
0.664
0.789
0.017
0.335
0.72
0.073
0.711
0.667
0.058
0.887
0.731
0.145
0.81
0.023
0.084
0.116
0.935
0.756
0.289
0.967
0.2
0.256
0.579
0.063
0.482
0.578
0.392
0.88
0.033
0.706
0.059
0.782
0.641
0.507
0.5
0.681
0.513
0.728
0.569
0.173
0.006
0.781
0.358
0.985
0.928
0.928
0.014
0.57
0.383
0.54
0.41
0.832
0.885
0.425
0.998
0.434
0.084
0.202
0.638
0.323
0.49
0.112
0.706
0.433
0.215
0.808
0.918
0.23
0.925
0.253
0.238
0.066
0.9
0.72
0.494
0.268
0.246
0.158
0.249
0.795
0.639
0.353
0.995
0.457
0.164
0.598
0.234
0.797
0.551
0.689
0.669
0.07
0.749
0.351
0.176
0.282
0.408
0.963
0.589
0.329
0.952
0.827
0.473
0.512
0.382
0.251
0.748
0.941
0.601
0.272
0.158
0.893
0.528
0.016
0.484
0.114
0.684
0.257
0.08
0.276
0.46
0.878
0.601
0.692
0.573
0.155
0.902
0.677
0.986
0.082
0.897
0.214
0.818
0.841
0.973
0.26
0.017
0.379
0.875
0.813
0.312
0.506
0.913
0.789
0.788
0.347
0.941
0.193
0.71
0.206
0.763
0.376
0.087
0.876
0.214
0.856
0.36
0.639
0.417
0.288
1.0
0.442
0.989
0.267
0.262
0.337
0.97
0.097
0.142
0.016
0.954
0.847
0
0.857
0.794
0.371
0.069
0.218
0.906
0.148
0.159
0.839
0.002
0.558
0.63
0
0.057
0.345
0.472
0.845
0.313
0.66
0.42
0.057
0.425
0.69
0.708
0.321
0.959
0.516
0.742
0.181
0.693
0.135
0.543
0.02
0.33
0.267
0.516
0.075
0.82
0.836
0.555
0.983
0.476
0.277
0.272
0.657
0.783
0.595
0.263
0.232
0.251
0.871
0.157
0.21
0.765
0.238
0.765
0.219
0.719
0.498
0.44
0.919
0.625
0
0.593
0.129
0.564
0.079
0.219
0.206
0.024
0.008
0.334
0.703
0.791
0.326
0.639
0.657
0.37
0.876
0.766
0.163
0.678
0.078
0.099
0.106
0.975
0.338
0.983
0.656
0.883
0.849
0.77
0.562
0.8
0.071
0.923
0.571
0.889
0.204
0.034
0.114
0.631
0.603
0.3
0.853
0.759
0.477
0.562
0.802
0.433
0.446
0.44
0.957
0.821
0.214
0.324
0.205
0.234
0.398
0.011
0.718
0.273
0.718
0.139
0.076
0.07
0.728
0.739
0.179
0.99
0.06
0.06
0.14
0.219
0.687
0.988
0.66
0.027
0.066
0.569
0.84
0.171
0.19
0.045
0.783
0.317
0.116
0.838
0.296
0.132
0.627
0.46
0.1
0.15
0.384
0
0.765
0.912
0.288
0.103
0.128
0.28
0.709
0.801
0.44
0.883
0.389
0.394
0.11
0.736
0.481
0.2
0.322
0.512
0.737
0.842
0.152
0.367
0.095
0.049
0.473
0.104
0.202
0.423
0.604
0.656
0.247
0.028
0.346
0.727
0.264
0.313
0.767
0.061
0.731
0.903
0.017
0.052
0.037
0.137
0.742
0.317
0.866
0.382
0.688
0.0
0.654
0.129
0.608
0.361
0.148
0.574
0.541
0.529
0.041
0.175
0.55
0.696
0.706
0.602
0.75
0.917
0.921
0.37
0.127
0.621
0.428
0.505
0.702
0.886
0.9
0.352
0.934
0.563
0.729
0.375
0.358
0.981
0.273
0.854
0.54
0.291
0.633
0.928
0.628
0.71
0.429
0.894
0.76
0.36
0.023
0.976
0.009
0.503
0.219
0.753
0.756
0.438
0.504
0.047
0.506
0.062
0.725
0.0
0.41
0.346
0.569
0.283
0.902
0.704
0.681
0.66
0.302
0.425
0.688
0.585
0.384
0.818
0.994
0.176
0.475
0.725
0.452
0.468
0.026
0.556
0.393
0.451
0.91
0.827
0.653
0.099
0.26
0.264
0.288
0.523
0.33
0.744
0.606
0.448
0.275
0.525
0.625
0.011
0.6
0.332
0.634
0.04
0.362
0.68
0.324
0.956
0.647
0.523
0.904
0.113
0.129
0.217
0.399
0.645
0.888
0.724
0.7
0.833
0.674
0.743
0.893
0.746
0.375
0.866
0.324
0.963
0.317
0.064
0.963
0.707
0.689
0.676
0.291
0.298
0.797
0.539
0.984
0.558
0.893
0.887
0.111
0.781
0.738
0.095
0.165
0.363
0.553
0.927
0.423
0.854
0.749
0.56
0.488
0
0.639
0.491
0.533
0.845
0.233
0.335
0.558
0.526
0.579
0.988
0.498
0.645
0.789
0.702
0.621
0.585
0.643
0.979
0.637
0.89
0.997
0.427
0.229
0.971
0.682
0.036
0.481
0.819
0.828
0.102
0.571
0.868
0.932
0.545
0.677
0.324
0.135
0.309
0.365
0.795
0.896
0.531
0.207
0.828
0.22
0.368
0.305
0.349
0.309
0.056
0
0.617
0.375
0.226
0.819
0.528
0.526
0.352
0.253
0.093
0.569
0.987
0.471
0.626
0.094
0.516
0.445
0.532
0.118
0.768
0.685
0.328
0.453
0.309
0.591
0.556
0.441
0.055
0.427
0.724
0.131
0.202
0.795
0.026
0.909
0.228
0.433
0.535
0.412
0.534
0.275
0.448
0.718
0.957
0.559
0.579
0.671
0.58
0.155
0.754
0.708
0.998
0.219
0.457
0.749
0.377
0.645
0.372
0.63
0.112
0.979
0.22
0.102
0.504
0.682
0.429
0.086
0.877
0.215
0.736
0.607
0.89
0.977
0.656
0.767
0.164
0.898
0.165
0.925
0.53
0.651
0.189
0.823
0.008
0.9
0.239
0.515
0.569
0.288
0.23
0.158
0.713
0.64
0.186
0.729
0.351
0.24
0.713
0.925
0.014
0.169
0.334
0.73
0.256
0.945
0.8
0.087
0.766
0.848
0.509
0.568
0.663
0.162
0.118
0.36
0.755
0.952
0.735
0.402
0.922
0.697
0.805
0.071
0.707
0.165
0.067
0.332
0.608
0.286
0.862
0.426
0.766
0.667
0.027
0.485
0.192
0.34
0.644
0.498
0.807
0.599
0.706
0.282
0.636
0.329
0.008
0.403
0.36
0.243
0.645
0.11
0.302
0.509
0.634
0.091
0.792
0.914
0.86
0.179
0.23
0.641
0.279
0.242
0.292
0.648
0.571
0.827
0.493
0.923
0.015
0.441
0.833
0.291
0.951
0.613
0.287
0.422
0.486
0.65
0.847
0.214
0.872
0.764
0.04
0.974
0.124
0.426
0.681
0.641
0.328
0.947
0.161
0.945
0.049
0.911
0.049
0.931
0.03
0.2
0.749
0.645
