0.866
0.791
0.216
0.886
0.487
0.403
0.977
0.76
0.871
0.942
0.368
0.402
0.124
0.765
0.36
0.608
0.016
0.296
0.655
0.909
0.545
0.856
0.692
0.752
0.885
0.655
0.885
0.772
0.701
0.559
0.869
0.566
0.283
0.529
0.191
0.586
0.762
0.936
0.788
0.562
0.252
0.968
0.861
0.536
0.702
0.779
0.198
0.528
0.172
0.261
0.798
0.185
0.529
0.277
0.671
0.905
0.373
0.325
0.627
0.296
0.25
0.188
0.404
0.796
0.287
0.916
0.811
0.511
0.091
0.09
0.304
0.948
0.194
0.138
0.074
0.731
0.039
0.73
0.115
0.321
0.335
0.878
0.856
0.038
0.536
0.087
0.236
0.063
0.896
0.294
0.221
0.116
0.469
0.421
0.693
0.084
0.48
0.614
0.756
0.002
0.833
0.34
0.854
0.315
0.932
0.274
0.144
0.327
0.547
0.56
0.847
0.851
0.743
0.531
0.393
0.267
0.022
0.896
0.532
0.987
0.642
0.523
0.835
0.26
0.468
0.981
0.577
0.975
0.724
0.39
0.903
0.997
0.418
0.364
0.006
0.209
0.085
0.196
0.851
0.095
0.524
0.861
0.657
0.096
0.762
0.643
0.98
0.084
0.505
0.621
0.778
0.637
0.915
0.244
0.773
0.029
0.627
0.146
0.06
0.223
0.172
0.424
0.833
0.96
0.239
0.222
0.895
0.649
0.473
0.228
0.062
0.425
0.172
0.386
0.104
0.234
0.459
0.11
0.422
0.595
0.137
0.818
0.218
0.058
0.991
0.998
0.034
0.327
0.211
0.806
0.366
0.493
0.683
0.259
0.736
0.682
0.835
0.648
0.62
0.693
0.024
0.508
0.245
0.726
0.004
0.804
0.843
0.163
0.26
0.383
0.629
0.225
0.752
0.814
0.454
0.996
0.03
0.405
0.187
0.588
0.389
0.838
0.513
0.889
0.061
0.079
0.895
0.199
0.555
0.346
0.624
0.132
0.965
0.07
0.886
0.274
0.943
0.59
0.765
0.74
0.414
0.924
0.778
0.454
0.685
0.316
0.948
0.644
0.601
0.617
0.629
0.759
0.892
0.834
0.15
0.944
0.498
0.161
0.815
0.124
0.73
0.482
0.237
0.348
0.125
0.445
0.711
0.966
0.713
0.956
0.221
0.662
0.942
0.453
0.162
0.868
0.023
0.536
0.817
0.466
0.727
0.624
0.195
0.123
0.249
0.0
0.473
0.942
0.022
0.872
0.031
0.639
0.192
0.703
0.369
0.322
0.903
0.324
0.652
0.639
0.871
0.98
0.322
0.236
0.832
0.126
0.17
0.783
0.158
0.862
0.192
0.009
0.489
0.812
0.055
0.644
0.296
0.392
0.528
0.411
0.062
0.66
0.877
0.357
0.144
0.119
0.095
0.783
0.821
0.466
0.08
0.284
0.151
0.136
0.175
0.577
0.996
0.29
0.749
0.722
0.315
0.971
0.399
0.256
0.9
0.592
0.078
0.176
0.005
0.42
0.76
0.323
0.309
0.5
0.766
0.424
0.312
0.076
0.422
0.811
0.5
0.986
0.029
0.789
0.891
0.142
0.458
0.908
0.619
0.474
0.327
0.305
0.206
0.372
0.321
0.746
0.798
0.994
0.37
0.89
0.322
0.429
0.601
0.118
0.115
0.238
0.552
0.547
0.603
0.93
0.193
0.512
0.594
0.092
0.062
0.222
0.052
0.011
0.433
0.538
0.057
0.75
0.232
0.418
0.604
0.788
0.313
0.724
0.35
0.747
0.463
0.465
0.144
0.843
0.951
0.859
0.893
0.36
0.583
0.789
0.808
0.48
0.336
0.294
0.144
0.533
0.982
0.436
0.175
0.167
0.251
0.387
0.677
0.309
0.483
0.063
0.964
0.299
0.582
0.686
0.024
0.299
0.71
0.093
0.646
0.787
0.558
0.476
0.468
0.878
0.394
0.638
0.411
0.864
0.861
0.951
0.596
0.687
0.939
0.845
0.022
0.693
0.048
0.825
0.322
0.755
0.088
0.249
0.594
0.253
0.232
0.411
0.578
0.296
0.222
0.591
0.996
0.039
0.983
0.016
0.131
0.662
0.939
0.651
0.381
0.699
0.224
0.235
0.806
0.115
0.072
0.514
0.608
0.169
0.956
0.539
0.004
0.4
0.314
0.423
0.932
0.3
0.109
0.638
0.223
0.734
0.071
0.376
0.824
0.775
0.993
0.168
0.804
0.748
0.559
0.443
0.893
0.948
0.533
0.262
0.207
0.108
0.391
0.628
0.824
0.39
0.578
0.15
0.178
0.795
0.944
0.554
0.204
0.836
0.733
0.665
0.301
0.078
0.45
0.759
0.629
0.696
0.248
0.267
0.229
0.22
0.089
0.814
0.642
0.377
0.813
0.105
0.512
0.19
0.679
0.882
0.433
0.779
0.408
0.213
0.987
0.49
0.608
0.037
0.393
0.465
0.14
0.997
0.421
0.227
0.069
0.926
0.471
0.463
0.827
0.598
0.805
0.87
0.187
0.159
0.957
0.598
0.725
0.88
0.354
0.764
0.606
0.438
0.343
0.493
0.622
0.902
0.688
0.83
0.717
0.583
0.982
0.869
0.652
0.992
0.411
0.376
0.306
0.585
0.061
0.224
0.032
0.745
0.627
0.12
0.938
0.193
0.224
0.78
0.343
0.254
0.703
0.752
0.49
0.888
0.022
0.953
0.263
0.424
0.851
0.502
0.936
0.332
0.833
0.027
0.589
0.067
0.065
0.96
0.815
0.899
0.311
0.766
0.755
0.005
0
0.269
0.496
0.881
0.559
0.681
0.559
0.177
0.43
0.924
0.33
0.249
0.895
0.61
0.887
0.9
0.218
0.68
0.15
0.348
0.22
0.777
0.005
0.409
0.306
0.429
0.676
0.373
0.883
0.732
0.131
0.904
0.414
0.644
0.724
0.95
0.8
0.319
0.532
0.319
0.338
0.461
0.091
0.512
0.45
0.846
0.838
0.925
0.353
0.822
0.451
0.023
0.665
0.84
0.07
0.205
0.271
0.791
0.771
0.082
0.615
0.129
0.771
0.877
0.948
0.255
0.526
0.967
0.279
0.694
0.317
0.951
0.194
0.472
0.541
0.683
0.008
0.086
0.033
0.043
0.25
0.326
0.562
0.786
0.261
0.417
0.055
0.231
0.448
0.966
0.026
0.992
0.224
0.255
0.344
0.095
0.786
0.37
0.27
0.74
0.461
0.697
0.951
0.154
0.006
0.704
0.456
0.313
0.872
0.924
0.273
0.386
0.034
0.182
0.603
0.24
0.886
0.096
0.664
0.134
0.742
0.344
0.389
0.825
0.669
0.391
0.1
0.217
0.744
0.39
0.606
0.978
0.698
0.574
0.08
0.832
0.8
0.364
0.662
0.747
0.662
0.341
0.803
0.683
0.57
0.814
0.263
0.079
0.139
0.284
0.361
0.866
0.894
0.78
0.886
0.107
0.04
0.016
0.272
0.025
0.89
0.011
0.158
0.747
0.042
0.335
0.177
0.105
0.051
0.575
0.651
0.823
0.761
0.301
0.092
0.213
0.375
0.366
0.174
0.205
0.87
0.731
0.954
0.457
0.316
0.112
0.435
0.957
0.714
0.072
0.373
0.528
0.959
0.978
0.015
0.804
0.229
0.592
0.266
0.0
0.673
0.029
0.349
0.969
0.484
0.906
0.248
0.83
0.538
0.991
0.224
0.53
0.853
0.815
0.827
0.592
0.765
0.23
0.754
0.132
0.65
0.509
0.129
0.712
0.057
0.333
0.156
0.56
0.96
0.514
0.947
0.039
0.648
0.028
0.958
0.934
0.83
0.021
0.963
0.609
0.915
0.214
0.944
0.762
0.852
0.123
0.771
0.825
0.947
0.04
0.308
0.645
0.11
0.721
0.43
0.68
0.528
0.734
0.185
0.637
0.937
0.05
0.383
0.409
0.934
0.134
0.848
0.502
0.189
0.449
0.576
0.594
0.179
0.656
0.738
0.571
0.812
0.084
0.407
0.628
0.846
0.806
0.592
0.847
0.861
0.303
0.428
0.289
0.378
0.375
0.569
0.939
0.85
0.403
0.909
0.048
0.74
0.081
0.494
0.387
0.953
0.183
0.328
0.787
0.889
0.052
0.607
0.254
0.738
0.918
0.497
0.663
0.378
0.544
0.913
0.618
0.764
0.484
0.83
0.23
0.842
0.653
0.761
0.224
0.591
0.952
0.575
0.123
0.594
0.26
0.34
0.614
0.123
0.71
0.755
0.193
0.126
0.517
0.458
0.806
0.222
0.298
0.074
0.986
0.139
0.212
0.709
0.39
0.436
0.577
0.643
0.145
0.076
0.257
0.442
0.427
0.326
0.494
0.43
0.306
