0.157
0.705
0.203
0.559
0.551
0.004
0.495
0.399
0.268
0.056
0.077
0.891
0.291
0.038
0.367
0.015
0.436
0.708
0.071
0.396
0.736
0.616
0.179
0.089
0.974
0.364
0.949
0.412
0.904
0.654
0.069
0.746
0.429
0.357
0.481
0.561
0.03
0.869
0.583
0.581
0.059
0.385
0.305
0.059
0.054
0.267
0.171
0.584
0.531
0.621
0.741
0.675
0.832
0.067
0.568
0.407
0.776
0.238
0.247
0.832
0.458
0.556
0.369
0.836
0.601
0.253
0.474
0.737
0.688
0.97
0.667
0.067
0.111
0.245
0.981
0.948
0.474
0.848
0.212
0.017
0.216
0.146
0.598
0.478
0.766
0.332
0.618
0.518
0.049
0.257
0.015
0.719
0.384
0.443
0.43
0.179
0.477
0.89
0.851
0.025
0.642
0.86
0.844
0.814
0.772
0.638
0.333
0.589
0.833
0.348
0.935
0.062
0.855
0.9
0.834
0.546
0.711
0.963
0.704
0.745
0.516
0.694
0.454
0.021
0.397
0.493
0.806
0.18
0.594
0.11
0.644
0.216
0.691
0.092
0.414
0.03
0.924
0.45
0.824
0.51
0.126
0.878
0.8
0.483
0.411
0.093
0.467
0.259
0.97
0.185
0
0.787
0.438
0.754
0.103
0.643
0.595
0.897
0.0
0.713
0.811
0.727
0.305
0.683
0.921
0.337
0.401
0.868
0.718
0.879
0.348
0.139
0.159
0.255
0.036
0.463
0.615
0.473
0.753
0.318
0.856
0.375
0.859
0.76
0.122
0.656
0.802
0.349
0.191
0.081
0.626
0.652
0.22
0.749
0.714
0.706
0.791
0.758
0.271
0.123
0.178
0.373
0.132
0.592
0.426
0.21
0.335
0.474
0.268
0.145
0.469
0.682
0.505
0.689
0.171
0.174
0.822
0.836
0.429
0.423
0.749
0.268
0.407
0.932
0.52
0.072
0.463
0.198
0.975
0.638
0.258
0.572
0.578
0.632
0.536
0.755
0.106
0.383
0.938
0.38
0.999
0.8
0.097
0.546
0.407
0.845
0.034
0.691
0.925
0.463
0.015
0.795
0.445
0.2
0.388
0.508
0.453
0.542
0.382
0.248
0.54
0.875
0.454
0.51
0.294
0.739
0.694
0.072
0.963
0.879
0.609
0.375
0.433
0.008
0.298
0.667
0.518
0.984
0.205
0.282
0.238
0.065
0.287
0.753
0.816
0.079
0.665
0.003
0.821
0.654
0.267
0.728
0.08
0.681
0.303
0.397
0.602
0.874
0.439
0.046
0.402
0.453
0.031
0.978
0.226
0.995
0.965
0.333
0.131
0.014
0.003
0.275
0.312
0.401
0.663
0.601
0.611
0.234
0.33
0.568
0.916
0.967
0.5
0.685
0.357
0.492
0.395
0.778
0.19
0.845
0.597
0.232
0.769
0.419
0.55
0.042
0.498
0.084
0.257
0.735
0.951
0.398
0.729
0.792
0.065
0.9
0.131
0.959
0.965
0.503
0.884
0.624
0.26
0.579
0.978
0.769
0.871
0.437
0.357
0.845
0.299
0.513
0.395
0.947
0.841
0.546
0.523
0.979
0.935
0.768
0.076
0.891
0.341
0.133
0.501
0.414
0.497
0.115
0.959
0.559
0.278
0.842
0.151
0.143
0.541
0.886
0.616
0.588
0.55
0.367
0.653
0.799
0.627
0.848
0.187
0.273
0.784
0.838
0.419
0.829
0.434
0.82
0.182
0.996
0.533
0.15
0.699
0.561
0.022
0.528
0.681
0.86
0.464
0.413
0.05
0.337
0.012
0.151
0.027
0.361
0.413
0.571
0.151
0.282
0.831
0.404
0.93
0.578
0.014
0.628
0.617
0.834
0.069
0.179
0.832
0.452
0.529
0.265
0.532
0.939
0.621
0.884
0.195
0.885
0.911
0.083
0.294
0.506
0.04
0.498
0.969
0.613
0.057
0.287
0.617
0.111
0.88
0.238
0.235
0.276
0.865
0.479
0.984
0.483
0.498
0.649
0.012
0.764
0.533
0.207
0.9
0.983
0.029
0.652
0.472
0.855
0.898
0.044
0.659
0.123
0.306
0.988
0.564
0.36
0.581
0.039
0.284
0.083
0.314
0.937
0.648
0.305
0.634
0.034
0.048
0.701
0.761
0.174
0.631
0.753
0.379
0.007
0.997
0.663
0.285
0.232
0.921
0.762
0.197
0.664
0.218
0.614
0.385
0.842
0.069
0.63
0.925
0.125
0.561
0.337
0.59
0.855
0.279
0.992
0.724
0.674
0.193
0.322
0.607
0.847
0.007
0.323
0.716
0.419
0.756
0.318
0.828
0.807
0.502
0.927
0.862
0.74
0.446
0.393
0.686
0.813
0.267
0.581
0.588
0.55
0.926
0.99
0.642
0.58
0.182
0.387
0.693
0.193
0.388
0.227
0.093
0.273
0.929
0.622
0.033
0.301
0.11
0.494
0.488
0.994
0.714
0.836
0.941
0.271
0.995
0.81
0.968
0.59
0.107
0.031
0.848
0.383
0.308
0.617
0.707
0.41
0.6
0.585
0.291
0.078
0.079
0.542
0.367
0.278
0.604
0.094
0.421
0.242
0.289
0.891
0.749
0.201
0.639
0.561
0.779
0.182
0.941
0.74
0.011
0.329
0.152
0.53
0.907
0.509
0.517
0.9
0.461
0.212
0.907
0.149
0.319
0.604
0
0.013
0.617
0.916
0.97
0.668
0.269
0.268
0.653
0.079
0.32
0.846
0.37
0.456
0.574
0.83
0.543
0.507
0.702
0.409
0.942
0.331
0.154
0.573
0.32
0.536
0.906
0.628
0.902
0.203
0.347
0.341
0.496
0.431
0.966
0.408
0.901
0.756
0.258
0.401
0.171
0.067
0.92
0.273
0.158
0.871
0.366
0.502
0.834
0.697
0.31
0.999
0.448
0.515
0.892
0.497
0.758
0.676
0.322
0.907
0.824
0.199
0.306
0.347
0.153
0.095
0.292
0.152
0.64
0.373
0.48
0.221
0.96
0.096
0.446
0.161
0.522
0.843
0.714
0.991
0.022
0.375
0.432
0.992
0.99
0.204
0.931
0.684
0.065
0.448
0.245
0.166
0.737
0.569
0.205
0.768
0.8
0.11
0.013
0.999
0.767
0.338
0.436
0.534
0.858
0.91
0.171
0.186
0.025
0.12
0.668
0.117
0.428
0.688
0.4
0.175
0.344
0.137
0.812
0.514
0.799
0.903
0.946
0.628
0.613
0.27
0.568
0.483
0.719
0.329
0.27
0.817
0.168
0.855
0.598
0.585
0.881
0
0.177
0.165
0.867
0.315
0.679
0.12
0.195
0.088
0.482
0.531
0.543
0.675
0.853
0.821
0.519
0.423
0.194
0.441
0.126
0.514
0.635
0.557
0.244
0.982
0.0
0.466
0.641
0.532
0.945
0.51
0.466
0.058
0.443
0.112
0.342
0.126
0.609
0.365
0.605
0.019
0.855
0.159
0.035
0.805
0.676
0.979
0.369
0.002
0.004
0.106
0.757
0.844
0.271
0.509
0.189
0.315
0.314
0.806
0.932
0.023
0.82
0.18
0.497
0.44
0.822
0.338
0.893
0.75
0.905
0.855
0
0.085
0.24
0.867
0.372
0.305
0.832
0.915
0.259
0.64
0.669
0.028
0.994
0.17
0.817
0.068
0.805
0.51
0.213
0.074
0.239
0.137
0.866
0.24
0.921
0.153
0.004
0.307
0.014
0.021
0.035
0.808
0.466
0.602
0.676
0.974
0.937
0.433
0.565
0.077
0.925
0.856
0.421
0.535
0.285
0.227
0.754
0.52
0.821
0.921
0.418
0.241
0.231
0.51
0.079
0.388
0.191
0.381
0.581
0.557
0.544
0.144
0.893
0.34
0.386
0.991
0.406
0.017
0.893
0.122
0.213
0.425
0.417
0.074
0.701
0.395
0.655
0.898
0.14
0.757
0.418
0.086
0.587
0.346
0.49
0.557
0.617
0.948
0.181
0.96
0.11
0.051
0.857
0.302
0.916
0.916
0.733
0.303
0.299
0.342
0.346
0.059
0.388
0.52
0.077
0.153
0.812
0.646
0.196
0.362
0.704
0.37
0.34
0.857
0.287
0
0.274
0.609
0.848
0.757
0.874
0.189
0.346
0.832
0.775
0.446
0.057
0.225
0.675
0.599
0.093
0.892
0.806
0.859
0.318
0.902
0.71
0.694
0.924
0.808
0.396
0.322
0.607
0.43
0.094
0.159
0.169
0.474
0.921
0.794
0.225
0.227
0.271
0.565
0.737
0.618
0.752
0.256
0.187
0.855
0.547
0.46
0.05
0.326
0.984
0.016
0.254
0.091
0.252
0.23
