0.663
0.476
0.473
0.657
0.569
0.925
0.958
0.792
0.588
0.588
0.535
0.927
0.675
0.478
0.326
0.287
0.285
0.91
0.708
0.698
0.699
0.138
0.091
0.17
0.915
0.147
0.377
0.144
0.274
0.102
0.298
0.582
0.864
0.84
0.668
0.219
0.216
0.476
0.971
0.51
0.283
0.095
0.224
0.529
0.895
0.297
0.264
0.579
0.087
0.707
0.026
0.152
0.735
0.348
0.495
0.397
0.711
0.482
0.504
0.525
0.095
0.081
0.019
0.492
0.92
0.483
0.642
0.832
0.95
0.917
0.112
0.353
0.141
0.714
0.789
0.395
0.273
0.857
0.683
0.03
0.973
0.849
0.194
0.005
0.034
0.03
0.182
0.828
0.535
0.947
0.543
0.575
0.746
0.15
0.13
0.919
0.26
0.119
0.146
0.529
0.383
0.535
0.849
0.2
0.905
0.972
0.687
0.222
0.023
0.959
0.765
0.913
0.816
0.33
0.999
0.075
0.589
0.319
0.036
0.576
0.473
0.813
0.404
0.28
0.961
0.518
0.857
0.883
0.001
0.801
0.801
0.888
0.094
0.737
0.593
0.268
0.852
0.366
0.712
0.206
0.781
0.795
0.052
0.662
0.114
0.25
0.569
0.096
0.959
0.22
0.054
0.908
0.894
0.563
0.327
0.196
0.859
0.523
0.415
0.055
0.961
0.788
0.145
0.677
0.123
0.558
0.052
0.185
0.23
0.99
0.633
0.737
0.47
0.092
0.943
0.895
0.284
0.697
0.009
0.429
0.092
0.363
0.877
0.548
0.472
0.566
0.016
0.319
0.952
0.753
0.827
0.84
0.982
0.65
0.77
0.147
0.998
0.37
0.248
0.734
0.608
0.287
0.016
0.061
0.713
0.175
0.187
0.215
0.226
0.921
0.845
0.854
0.43
0.514
0.578
0.053
0.045
0.329
0.28
0.451
0.322
0.889
0.838
0.17
0.36
0.124
0.004
0.672
0.132
0.911
0.046
0.323
0.94
0.118
0.062
0.13
0.427
0.66
0.992
0.41
0.185
0.072
0.817
0.558
0.601
0.861
0.443
0.131
0.415
0.127
0.71
0.8
0.586
0.489
0.956
0.628
0.221
0.316
0.362
0.649
0.505
0.051
0.067
0.669
0.212
0.509
0.934
0.988
0.335
0.159
0.711
0.332
0.402
0.862
0.299
0.133
0.656
0.578
0.331
0.649
0.098
0.794
0.657
0.774
0.64
0.715
0.44
0.719
0.077
0.333
0.867
0.271
0.454
0.696
0.182
0.536
0.206
0.306
0.548
0.747
0.761
0.599
0.857
0.619
0.666
0.906
0.642
0.048
0.648
0.927
0.815
0.844
0.737
0.837
0.209
0.969
0.732
0.681
0.434
0.334
0.872
0.192
0.684
0.499
0.99
0.9
0.885
0.876
0.312
0.833
0.404
0.217
0.087
0.562
0.595
0.888
0.295
0.572
0.809
0.504
0.421
0.413
0.9
0.588
0.478
0.625
0.976
0.109
0.675
0.486
0.264
0.075
0.547
0.324
0.309
0.664
0.39
0.256
0.177
0.968
0.884
0.298
0.6
0.974
0.955
0.606
0.926
0.405
0.717
0.376
0.407
0.584
0.652
0.745
0.74
0.552
0.666
0.263
0.996
0.962
0.299
0.677
0.36
0.953
0.571
0.227
0.052
0.194
0.144
0.963
0.708
0.37
0.327
0.774
0.562
0.114
0.263
0.905
0.616
0.529
0.239
0.966
0.02
0.552
0.418
0.358
0.441
0.891
0.669
0.149
0.677
0.825
0.947
0.453
0.497
0.608
0.881
0.707
0.788
0.803
0.584
0.29
0.288
0.709
0.443
0.142
0.269
0.075
0.231
0.959
0.407
0.853
0.129
0.692
0.76
0.273
0.526
0.577
0.026
0.548
0.041
0.652
0.936
0.807
0.705
0.536
0.853
0.711
0.995
0.027
0.968
0.98
0.91
0.927
0.517
0.016
0.295
0.893
0.858
0.488
0.554
0.505
0.306
0.879
0.26
0.239
0.369
0.632
0.754
0.133
0.508
0.171
0.335
0.654
0.606
0.065
0.489
0.469
0.414
0.514
0.258
0.176
0.206
0.456
0.105
0.008
0.63
0.412
0.202
0.907
0.189
0.126
0.758
0.228
0.416
0.636
0.885
0.907
0.404
0.299
0.075
0.702
0.641
0.032
0.261
0.889
0.72
0.3
0.588
0.664
0.534
0.392
0.295
0.744
0.988
0.118
0.535
0.418
0.323
0.964
0.31
0.634
0.736
0.612
0.133
0.904
0.014
0.585
0.68
0.343
0.313
0.647
0.04
0.808
0.279
0.533
0.741
0.436
0.203
0.499
0.298
0.982
0.832
0.013
0.793
0.456
0.122
0.518
0.455
0.988
0.009
0.848
0.726
0.039
0.426
0.611
0.932
0.113
0.109
0.321
0.346
0.873
0.198
0.19
0.251
0.946
0.61
0.394
0.087
0.099
0.205
0.493
0.844
0.252
0.284
0.785
0.251
0.046
0.839
0.864
0.952
0.133
0.882
0.778
0.004
0.589
0.145
0.834
0.132
0.866
0.831
0.144
0.587
0.799
0.212
0.899
0.145
0.045
0.27
0.994
0.456
0.404
0.483
0.753
0.595
0.928
0.431
0.965
0.187
0.518
0.15
0.201
0.091
0.237
0.316
0.586
0.535
0.947
0.225
0.331
0.796
0.426
0.442
0.82
0.762
0.803
0.572
0.242
0.874
0.627
0.548
0.977
0.918
0.837
0.11
0.59
0.97
0.548
0.715
0.338
0.431
0.267
0.065
0.804
0.146
0.185
0.788
0.01
0.363
0.566
0.616
0.125
0.954
0.066
0.927
0.744
0.679
0.717
0.028
0.177
0.555
0.26
0.991
0.836
0.283
0.548
0.355
0.285
0.814
0.925
0.959
0.929
0.943
0.591
0.344
0.93
0.491
0.443
0.547
0.235
0.633
0.804
0.907
0.199
0.23
0.589
0.685
0.953
0.821
0.372
0.055
0.724
0.548
0.51
0.169
0.465
0.602
0.826
0.928
0.179
0.165
0.912
0.858
0.06
0.464
0.116
0.355
0.228
0.783
0.735
0.705
0.057
0.347
0.836
0.701
0.166
0.641
0.61
0.459
0.136
0.893
0.528
0.734
0.043
0.601
0.61
0.412
0.838
0.194
0.837
0.631
0.513
0.246
0.525
0.169
0.94
0.332
0.202
0.481
0.66
0.826
0.572
0.224
0.083
0.119
0.651
0.574
0.977
0.041
0.179
0.051
0.326
0.465
0.317
0.293
0.979
0.158
0.009
0.705
0.492
0.436
0.453
0.259
0.377
0.065
0.328
0.913
0.279
0.825
0.564
0.109
0.568
0.876
0.662
0.851
0.756
0.386
0.688
0.63
0.152
0.417
0.753
0.048
0.247
0.119
0.374
0.101
0.852
0.948
0.876
0.767
0.9
0.115
0.786
0.369
0.048
0.664
0.614
0.065
0.479
0.29
0.112
0.713
0.962
0.772
0.085
0.491
0.013
0.429
0.691
0.297
0.875
0.072
0.1
0.915
0.504
0.77
0.885
0.868
0.841
0.699
0.691
0.872
0.02
0.724
0.501
0.601
0.031
0.396
0.881
0.012
0.908
0.888
0.469
0.406
0.954
0.664
0.051
0.043
0.55
0.231
0.676
0.921
0.049
0.727
0.767
0.164
0.399
0.866
0.482
0.794
0.07
0.806
0.101
0.899
0.378
0.967
0.436
0.096
0.953
0.652
0.573
0.567
0.358
0.73
0.384
0.825
0.014
0.845
0.149
0.649
0.379
0.545
0.933
0.537
0.882
0.855
0.273
0.093
0.69
0.531
0.327
0.293
0.826
0.304
0.239
0.762
0.244
0.643
0.387
0.444
0.38
0.651
0.939
0.26
0.333
0.332
0.819
0.277
0.8
0.971
0.205
0.856
0.168
0.614
0.347
0.482
0.144
0.721
0.93
0.387
0.351
0.859
0.366
0.382
0.481
0.063
0.422
0.457
0.343
0.661
0.16
0.232
0.851
0.178
0.284
0.942
0.3
0.506
0.874
0.825
0.985
0.867
0.883
0.694
0.731
0.657
0.635
0.386
0.716
0.551
0.223
0.795
0.853
0.596
0.718
0.013
0.367
0.125
0.267
0.824
0.14
0.328
0.519
0.94
0.922
0.567
0.566
0.89
0.102
0.375
0.99
0.079
0.42
0.587
0.059
0.331
0.259
0.404
0.296
0.998
0.617
0.786
0.971
0.943
0.666
0.241
0.061
0.011
0.138
0.532
0.139
0.341
0.617
0.695
0.409
0.187
0.037
0.478
0.095
0.369
0.609
0.087
0.016
0.859
0.337
0.166
0.75
0.293
0.161
