0.518
0.378
0.755
0.088
0.807
0.542
0.664
0.021
0.842
0.037
0.971
0.601
0.969
0.334
0.02
0.426
0.783
0.66
0.383
0.868
0.095
0.364
0.771
0.763
0.079
0.045
0.326
0.243
0.394
0.029
0.622
0.542
0.787
0.294
0.899
0.186
0.646
0.447
0.667
0.454
0.132
0.947
0.713
0.881
0.82
0.021
0.043
0.703
0.707
0.661
0.259
0.176
0.026
0.729
0.378
0.401
0.718
0.476
0.374
0.437
0.368
0.008
0.406
0.634
0.937
0.808
0.255
0.012
0.465
0.09
0.543
0.747
0.306
0.049
0.149
0.766
0.658
0.791
0.378
0.845
0.602
0.857
0.198
0.283
0.147
0.696
0.203
0.638
0.636
0.937
0.344
0.157
0.564
0.992
0.861
0.109
0.764
0.429
0.312
0.417
0.107
0.481
0.663
0.87
0.834
0.863
0.209
0.099
0.506
0.558
0.561
0.112
0.839
0.353
0.342
0.634
0.27
0.682
0.898
0.898
0.16
0.662
0.992
0.167
0.834
0.55
0.544
0.119
0.968
0.454
0.719
0.247
0.455
0.951
0.47
0.933
0.096
0.059
0.188
0.902
0.441
0.763
0.012
0.223
0.837
0.181
0.141
0.435
0.215
0.074
0.28
0.679
0.201
0.808
0.362
0.804
0.628
0.683
0.207
0.943
0.329
0.636
0.848
0.118
0.659
0.051
0.224
0.341
0.057
0.802
0.046
0.203
0.233
0.483
0.395
0.792
0.556
0.265
0.461
0.394
0.119
0.602
0.6
0.622
0.487
0.149
0.294
0.537
0.943
0.447
0.037
0.328
0.707
0.829
0.333
0.223
0.084
0.62
0.639
0.875
0.022
0.359
0.567
0.014
0.117
0.444
0.462
0.439
0.763
0.646
0.546
0.326
0.779
0.739
0.587
0.365
0.936
0.557
0.007
0.117
0.655
0.071
0.393
0.248
0.228
0.625
0.871
0.318
0.225
0.828
0.569
0.323
0.394
0.762
0.675
0.184
0.431
0.962
0.194
0.592
0.329
0.511
0.51
0.629
0.481
0.52
0.95
0.116
0.7
0.152
0.417
0.054
0.567
0.822
0.06
0.62
0.6
0.027
0.453
0.291
0.997
0.836
0.247
0.491
0.458
0.219
0.333
0.743
0.052
0.197
0.245
0.588
0.786
0.614
0.655
0.966
0.026
0.447
0.207
0.277
0.277
0.05
0.815
0.695
0.713
0.45
0.168
0.786
0.815
0.943
0.373
0.961
0.791
0.009
0.61
0.548
0.245
0.455
0.507
0.346
0.299
0.796
0.731
0.566
0.2
0.403
0.922
0.68
0.207
0.509
0.594
0.011
0.893
0.043
0.314
0.607
0.101
0.86
0.938
0.604
0.712
0.186
0.452
0.015
0.88
0.909
0.306
0.404
0.596
0.67
0.718
0.376
0.406
0.22
0.267
0.188
0.398
0.925
0.076
0.801
0.481
0.6
0.896
0.526
0.554
0.659
0.254
0.682
0.515
0.055
0.041
0.072
0.206
0.401
0.467
0.061
0.077
0.491
0.907
0.361
0.471
0.428
0.625
0.402
0.13
0.538
0.52
0.293
0.171
0.078
0.482
0.424
0.243
0.849
0.145
0.555
0.32
0.201
0.504
0.069
0.879
0.352
0.697
0.039
0.337
0.702
0.151
0.693
0.164
0.62
0.235
0.783
0.037
0.489
0.297
0.576
0.397
0.054
0.538
0.745
0.276
0.986
0.644
0.914
0.63
0.269
0.297
0.024
0.543
0.565
0.077
0.867
0.389
0.486
0.863
0.184
0.438
0.985
0.391
0.175
0.394
0.565
0.852
0.525
0.86
0.389
0.592
0.685
0.459
0.766
0.106
0.885
0.338
0.869
0.021
0.975
0.976
0.954
0.793
0.138
0.021
0.48
0.153
0.566
0.824
0.088
0.587
0.812
0.545
0.817
0.063
0.602
0.34
0.592
0.951
0.934
0.313
0.874
0.287
0.339
0.011
0.974
0.973
0.504
0.153
0.905
0.582
0.706
0.266
0.016
0.946
0.464
0.251
0.852
0.733
0.011
0.453
0.501
0.751
0.936
0.305
0.535
0.898
0.36
0.05
0.402
0.13
0.369
0.394
0.087
0.645
0.713
0.739
0.435
0.846
0.92
0.597
0.242
0.431
0.216
0.13
0.846
0.047
0.448
0.018
0.233
0.58
0.554
0.673
0.275
0.901
0.851
0.23
0.821
0.02
0.794
0.699
0.904
0.749
0.641
0.157
0.239
0.212
0.579
0.979
0.864
0.361
0.809
0.911
0.682
0.511
0.326
0.954
0.52
0.396
0.586
0.858
0.356
0.153
0.345
0.992
0.497
0.03
0.755
0.511
0.869
0.153
0.443
0.215
0.447
0.996
0.009
0.196
0.356
0.126
0.575
0.473
0.425
0.149
0.866
0.114
0.312
0.952
0.147
0.957
0.32
0.244
0.578
0.347
0.349
0.34
0.128
0.209
0.447
0.84
0.498
0.594
0.167
0.964
0.776
0.598
0.111
0.204
0.556
0.927
0.818
0.232
0.014
0.372
0.65
0.666
0.627
0.423
0.664
0.266
0.562
0.158
0.95
0.302
0.632
0.641
0.562
0.653
0.182
0.919
0.801
0.223
0.696
0.522
0.354
0.003
0.999
0.815
0.599
0.804
0.125
0.152
0.79
0.564
0.889
0.754
0.34
0.115
0.897
0.757
0.572
0.58
0.507
0.444
0.138
0.438
0.009
0.945
0.504
0.288
0.279
0.392
0.205
0.293
0.74
0.261
0.467
0.431
0.799
0.142
0.354
0.669
0.496
0.81
0.218
0.913
0.816
0.793
0.394
0.639
0.753
0.477
0.204
0.771
0.591
0.878
0.419
0.282
0.62
0.668
0.241
0.306
0.02
0.878
0.941
0.018
0.507
0.578
0.553
0.432
0.447
0.674
0.561
0.855
0.378
0.683
0.252
0.922
0.505
0.784
0.12
0.531
0.741
0.771
0.319
0.007
0.741
0.659
0.371
0
0.165
0.627
0.814
0.133
0.604
0.548
0.767
0.276
0.855
0.96
0.756
0.525
0.198
0.384
0.905
0.947
0.891
0.971
0.597
0.974
0.525
0.182
0.775
0.443
0.904
0.123
0.498
0.444
0.634
0.838
0.916
0.991
0.587
0.735
0.812
0.37
0.795
0.123
0.772
0.727
0.57
0.77
0.297
0.667
0.872
0.811
0.004
0.241
0.355
0.74
0.848
0.765
0.192
0.705
0.558
0.487
0.27
0.729
0.592
0.954
0.821
0.948
0.589
0.787
0.109
0.654
0.621
0.687
0.621
0.389
0.32
0.949
0.272
0.29
0.644
0.155
0.87
0.628
0.299
0.693
0.205
0.794
0.193
0.03
0.882
0.281
0.605
0.294
0.63
0.76
0.693
0.688
0.896
0.95
0.215
0.071
0.66
0.628
0.583
0.785
0.21
0.26
0.987
0.5
0.23
0.845
0.399
0.447
0.104
0.892
0.026
0.934
0.048
0.143
0.75
0.315
0.069
0.581
0.43
0.724
0.143
0.084
0.524
0.908
0.668
0.928
0.933
0.881
0.261
0.848
0.644
0.512
0.868
0.997
0.662
0.355
0.816
0.536
0.432
0.01
0.836
0.548
0.718
0.834
0.391
0.625
0.155
0.762
0.498
0.536
0.739
0.53
0.451
0.027
0.81
0.268
0.874
0.242
0.285
0.986
0.739
0.036
0.065
0.68
0.946
0.065
0.229
0.764
0.848
0.253
0.401
0.315
0.39
0.705
0.444
0.81
0.263
0.793
0.28
0.385
0.604
0.138
0.496
0.544
0.662
0.535
0.589
0.952
0.838
0.151
0.484
0.608
0.331
0.22
0.554
0.031
0.516
0.683
0.54
0.488
0.764
0.722
0.636
0.942
0.621
0.502
0.134
0.217
0.67
0.462
0.494
0.62
0.482
0.208
0.596
0.573
0.308
0.424
0.164
0.275
0.591
0.461
0.673
0.206
0.807
0.592
0.14
0.22
0.46
0.383
0.705
0.34
0.73
0.794
0.135
0.716
0.184
0.76
0.809
0.177
0.467
0.387
0.352
0.914
0.91
0.667
0.867
0.602
0.657
0.77
0.753
0.492
0.837
0.448
0.389
0.471
0.108
0.759
0.142
0.514
0.321
0.826
0.66
0.773
0.315
0.403
0.618
0.519
0.092
0.525
0.062
0.392
0.461
0.698
0.723
0.315
0.569
0.328
0.204
0.802
0.28
0.716
0.827
0.004
0.581
0.013
0.94
0.8
0.364
0.124
0.877
0.15
0.254
0.928
0.385
0.804
0.85
0.852
0.994
0.121
0.561
0.899
0.242
0.707
0.227
