0.226
0.077
0.395
0.191
0.811
0.164
0.143
0.083
0.973
0.364
0.567
0.165
0.263
0.088
0.945
0.399
0.94
0.189
0.422
0.14
0.954
0.157
0.352
0.394
0.693
0.236
0.586
0.161
0.323
0.033
0.347
0.41
0.047
0.534
0.781
0.878
0.355
0.11
0.641
0.077
0.921
0.108
0.924
0.133
0.973
0.607
0.637
0.302
0.422
0.437
0.214
0.351
0.313
0.868
0.151
0.61
0.94
0.499
0.477
0.196
0.361
0.86
0.216
0.763
0.884
0.608
0.385
0.374
0.772
0.41
0.221
0.815
0.798
0.365
0.936
0.729
0.034
0.944
0.893
0.131
0.804
0.929
0.444
0.715
0
0.903
0.091
0.137
0.364
0.407
0.372
0.489
0.852
0.672
0.452
0.237
0.242
0.645
0.949
0.212
0.214
0.897
0.881
0.195
0.92
0.05
0.124
0.291
0.051
0.839
0.254
0.646
0.94
0.432
0.891
0.082
0.102
0
0.209
0.998
0.533
0.793
0.186
0.248
0.966
0.775
0.469
0.608
0.923
0.917
0.163
0.893
0.89
0.698
0.321
0.312
0.737
0.184
0.002
0.042
0.632
0.524
0.918
0.844
0.809
0.053
0.122
0.041
0.301
0.776
0.383
0.584
0.483
0.643
0.653
0.649
0.515
0.234
0.268
0.073
0.066
0.094
0.135
0.161
0.027
0.723
0.63
0.468
0.846
0.896
0.298
0.956
0.56
0.942
0.096
0.101
0.608
0.069
0.168
0.45
0.634
0.985
0.721
0
0.277
0.503
0.517
0.786
0.739
0.311
0.641
0.56
0.047
0.005
0.064
0.709
0.762
0.407
0.565
0.864
0.825
0.893
0.503
0.696
0.188
0.429
0.767
0.181
0.765
0.774
0.602
0.293
0.795
0.767
0.038
0.335
0.862
0.526
0.204
0.081
0.526
0.225
0.521
0.216
0.34
0.273
0.491
0.772
0.65
0.59
0.838
0.514
0.998
0.461
0.398
0.738
0.683
0.126
0.236
0.251
0.887
0.863
0.035
0.142
0.791
0.136
0.265
0.853
0.869
0.146
0.75
0.008
0.211
0.932
0.531
0.624
0.476
0.353
0.264
0.485
0.76
0.593
0.319
0.388
0.51
0.114
0.431
0.135
0.849
0.753
0.729
0.695
0.661
0.611
0.385
0.475
0.532
0.251
0.08
0.962
0.531
0.537
0.007
0.395
0.268
0.374
0.609
0.699
0.864
0.913
0.155
0.855
0.789
0.243
0.332
0.385
0.998
0.831
0.689
0.264
0.413
0.275
0.893
0.676
0.122
0.669
0.493
0.396
0.461
0.853
0.75
0.045
0.056
0.655
0.333
0.039
0.936
0.252
0.627
0.847
0.237
0.913
0.583
0.119
0.569
0.38
0.477
0.606
0.204
0.312
0.88
0.784
0.823
0.578
0.343
0.534
0.525
0.713
0.685
0.576
0.352
0.188
0.682
0.549
0.919
0.867
0.583
0.675
0.605
0.911
0.03
0.454
0.866
0.148
0.13
0.856
0.358
0.932
0.289
0.499
0.542
0.212
0.673
0.919
0.217
0.049
0.437
0.876
0
0.396
0.072
0.24
0.368
0.048
0.581
0.393
0.903
0.605
0.265
0.959
0.12
0.489
0.311
0.031
0.971
0.496
0.408
0.596
0.863
0.215
0.622
0.748
0.259
0.152
0.382
0.548
0.122
0.392
0.316
0.075
0.894
0.897
0.169
0.043
0.842
0.056
0.139
0.523
0.613
0.803
0.129
0.712
0.694
0.396
0.618
0.526
0.401
0
0.425
0.229
0.915
0.28
0.151
0.651
0.452
0.295
0.395
0.777
0.134
0.356
0.336
0.96
0.309
0.734
0.666
0.006
0.244
0.057
0.223
0.97
0.513
0.974
0.486
0.02
0.896
0.775
0.834
0.952
0.181
0.417
0.352
0.54
0.816
0.476
0.637
0.599
0.642
0.354
0.916
0.15
0.704
0.217
0.995
0.36
0.643
0.036
0.888
0.274
0.472
0.766
0.527
0.812
0.862
0.198
0.195
0.826
0.88
0.582
0.313
0.741
0.174
0.353
0.466
0.189
0.107
0.133
0.164
0.889
0.82
0.882
0.984
0.064
0.62
0.379
0.928
0.75
0.459
0.985
0.991
0.024
0.473
0.018
0.105
0.811
0.878
0.617
0.315
0.545
0.141
0.797
0.184
0.613
0.021
0.667
0.526
0.634
0.676
0.477
0.744
0.047
0.689
0.947
0.008
0.038
0.17
0.559
0.169
0.854
0.305
0.97
0.356
0.551
0.981
0.39
0.28
0.004
0.178
0.549
0.97
0.269
0.773
0.887
0.756
0.852
0.216
0.409
0.373
0.322
0.244
0.024
0.507
0.345
0.538
0.843
0.483
0.785
0.324
0.75
0.639
0.769
0.394
0.464
0.53
0.226
0.088
0.065
0.614
0.509
0.381
0.338
0.192
0.514
0.985
0.038
0.924
0.281
0.69
0.974
0.382
0.988
0.045
0.11
0.415
0.638
0.266
0.606
0.243
0.759
0.609
0.842
0.551
0.314
0.664
0.502
0.801
0.535
0.924
0.434
0.123
0.937
0.74
0.861
0.338
0.733
0.062
0.946
0.713
0.527
0.85
0.241
0.015
0.908
0.366
0.824
0.887
0.443
0.883
0.972
0.148
0.017
0.629
0.615
0.844
0.178
0.672
0.844
0.145
0.52
0.621
0.138
0.676
0.549
0.604
0.797
0.122
0.261
0.847
0.326
0.801
0.85
0.63
0.529
0.863
0.49
0.215
0.939
0.453
0.287
0.938
0.217
0.94
0.475
0.427
0.152
0.149
0.752
0.22
0.534
0.304
0.488
0.417
0.821
0.925
0.685
0.115
0.758
0.201
0.56
0.861
0.492
0.179
0.9
0.025
0.127
0.468
0.978
0.211
0.008
0.408
0.048
0.039
0.254
0.563
0.907
0.481
0.91
0.473
0.662
0.789
0.681
0.425
0.392
0.686
0.384
0.736
0.849
0.643
0.228
0.825
0.809
0.297
0.273
0.444
0.428
0.371
0.803
0.526
0.517
0.067
0.777
0.828
0.217
0.27
0.915
0.727
0.61
0.471
0.482
0.462
0.953
0.557
0.667
0.096
0.368
0.92
0.47
0.65
0.511
0.266
0.995
0.191
0.609
0.264
0.538
0.915
0.927
0.379
0.348
0.021
0.83
0.269
0.184
0.586
0.228
0.495
0.79
0.74
0.36
0.581
0.477
0.953
0.998
0.217
0.739
0.284
0.978
0.288
0.162
0.5
0.853
0.093
0.264
0.533
0.568
0.171
0.648
0.633
0.322
0.358
0.604
0.6
0.55
0.285
0.647
0.888
0.985
0.589
0.362
0.895
0.716
0.076
0.804
0.774
0.044
0.251
0.638
0.58
0.694
0.205
0.298
0.946
0.906
0.297
0.116
0.381
0.48
0.09
0.094
0.262
0.067
0.373
0.054
0.111
0.912
0.258
0.323
0.726
0.724
0.54
0.285
0.433
0.332
0.663
0.425
0.436
0.489
0.995
0.625
0.69
0.516
0.23
0.305
0.692
0.008
0.16
0.406
0.677
0.418
0.195
0.688
0.279
0.874
0.383
0.48
0.956
0.336
0.334
0.158
0.98
0.483
0.975
0.135
0.478
0.126
0.577
0.711
0.271
0.14
0.899
0.415
0.524
0.175
0.97
0.133
0.931
0.969
0.039
0.089
0.882
0.616
0.718
0.499
0.981
0.014
0.614
0.9
0.892
0.51
0.845
0.567
0.111
0.503
0.218
0.891
0.108
0.304
0.61
0.449
0.843
0.121
0.864
0.834
0.795
0.941
0.942
0.433
0.782
0.79
0.686
0.376
0.981
0.668
0.478
0.34
0.945
0.847
0.136
0.485
0.303
0.029
0.313
0.064
0.457
0.166
0.576
0.138
0.71
0.995
0.371
0.068
0.09
0.989
0.334
0.909
0.953
0.517
0.138
0.044
0.877
0.324
0.995
0.341
0.769
0.264
0.884
0.843
0.59
0.343
0.43
0.277
0.383
0.101
0.975
0.865
0.536
0.399
0.155
0.312
0.75
0.398
0.708
0.045
0.593
0.58
0.295
0.54
0.756
0.522
0.498
0.47
0.052
0.704
0.484
0.165
0.364
0.69
0.513
0.211
0.083
0.237
0.004
0.127
0.805
0.68
0.342
0.041
0.317
0.996
0.307
0.215
0.089
0.939
0.236
0.961
0.033
0.013
0.062
0.768
0.393
0.547
0.711
0.056
0.385
0.739
0.577
0.751
0.334
0.046
0.749
0.393
0.163
0.317
0.682
0.773
0.515
0.906
0.723
0.498
0.777
0.472
