0.289
0.817
0.996
0.682
0.696
0.365
0.394
0.637
0.711
0.256
0.201
0.212
0.296
0.782
0.609
0.3
0.837
0.056
0.217
0.036
0.581
0.813
0.959
0
0.992
0.076
0.517
0.329
0.141
0.855
0.329
0.503
0.414
0.675
0.072
0.547
0.474
0.891
0.107
0.096
0.867
0.501
0.127
0.757
0.72
0.808
0.372
0.016
0.796
0.013
0.935
0.166
0.792
0.517
0.3
0.712
0.807
0.486
0.829
0.973
0.588
0.357
0.844
0.135
0.683
0.554
0.167
0.38
0.058
0.471
0.196
0.293
0.051
0.3
0.984
0.767
0.353
0.589
0.779
0.104
0.676
0.407
0.229
0.851
0.543
0.39
0.586
0.752
0.764
0.937
0.636
0.002
0.288
0.288
0.298
0.887
0.241
0.256
0.364
0.742
0.301
0.032
0.541
0
0.838
0.601
0.515
0.351
0.863
0.396
0.757
0.906
0.642
0.828
0.72
0.614
0.679
0.175
0.871
0.021
0.56
0.659
0.249
0.939
0.463
0.742
0.464
0.454
0.091
0.11
0.069
0.689
0.622
0.431
0.595
0.546
0.219
0.952
0.923
0.6
0.494
0.019
0.412
0.799
0.585
0.405
0.932
0.654
0.62
0.096
0.536
0.342
0.952
0.199
0.974
0.698
0.47
0.288
0.026
0.5
0.05
0.322
0.355
0.951
0.131
0.149
0.493
0.692
0.192
0.637
0.341
0
0.8
0.099
0.129
0.591
0.557
0.958
0.887
0.938
0.573
0.813
0.549
0.244
0.501
0.613
0.803
0.494
0.859
0.403
0.867
0.995
0.884
0.093
0.178
0.53
0.83
0.827
0.698
0.052
0.407
0.256
0.707
0.881
0.33
0.623
0.697
0.011
0.747
0.482
0.745
0.874
0.767
0.496
0.787
0.338
0.367
0.307
0.734
0.002
0.51
0.011
0.423
0.213
0.887
0.132
0.603
0.156
0.552
0.569
0.918
0.516
0.015
0.467
0.766
0.27
0.32
0.153
0.569
0.495
0.625
0.302
0.633
0.271
0.758
0.144
0.833
0.706
0.733
0.296
0.366
0.889
0.959
0.177
0.741
0.435
0.954
0.562
0.423
0.406
0.912
0.939
0.676
0.467
0.797
0.208
0.285
0.825
0.497
0.313
0.608
0.639
0.558
0.207
0.236
0.663
0.856
0.497
0.582
0.893
0.748
0.38
0.929
0.702
0.292
0.688
0.088
0.266
0.901
0.594
0.371
0.642
0.31
0.922
0.702
0.033
0.519
0.889
0.684
0.655
0.327
0.857
0.801
0.882
0.074
0.996
0.718
0.878
0.477
0.596
0.689
0.858
0
0.35
0.287
0.308
0.629
0.349
0.581
0.283
0.009
0.5
0.225
0.203
0.981
0.647
0.341
0.891
0.811
0.053
0.671
0.477
0.789
0.783
0.101
0.992
0.886
0.058
0.215
0.288
0.312
0.742
0.929
0.92
0.307
0.959
0.654
0.495
0.862
0.002
0.735
0.789
0.777
0.821
0.477
0.188
0.534
0.034
0.765
0.69
0.224
0.172
0.151
0.725
0.387
0.019
0.263
0.094
0.575
0.363
0.616
0.081
0.662
0.44
0.093
0.296
0.429
0.818
0.425
0.321
0.783
0.506
0.742
0.61
0.893
0.637
0.204
0.948
0.122
0.886
0.41
0.777
0.559
0.282
0.821
0.868
0.586
0.327
0.983
0.983
0.386
0.28
0.035
0.618
0.381
0.826
0.958
0.309
0.847
0.883
0.365
0.134
0.014
0.474
0.953
0.949
0.445
0.4
0.481
0.538
0.273
0.706
0.374
0.182
0.594
0.18
0.421
0.325
0.724
0.966
0.432
0.26
0.479
0.837
0.256
0.414
0.76
0.261
0.358
0.161
0.01
0.327
0.002
0.706
0.763
0.769
0.099
0.301
0.121
0.924
0.864
0.641
0.687
0.629
0.662
0.532
0.726
0.882
0.668
0.59
0.901
0.104
0.027
0.697
0.647
0.859
0.034
0.233
0.057
0.966
0.753
0.5
0.445
0.31
0.56
0.32
0.451
0.471
0.468
0.158
0.816
0.528
0.513
0.271
0.426
0.247
0.71
0.425
0.556
0.064
0.528
0.737
0.019
0.207
0.87
0.104
0.414
0.315
0.865
0.753
0.065
0.083
0.901
0.504
0.358
0.094
0.958
0.543
0.825
0.318
0.86
0.646
0.61
0.545
0.833
0.742
0.55
0.647
0
0.639
0.371
0.528
0.277
0.698
0.667
0.579
0.094
0.385
0.457
0.916
0.949
0.669
0.799
0.896
0.99
0.304
0.984
0.914
0.374
0.639
0.338
0.113
0.103
0.186
0.835
0.95
0.601
0.901
0.824
0.777
0.387
0.115
0.591
0.675
0.374
0.735
0.15
0.196
0.43
0.799
0.096
0.661
0.514
0.528
0.684
0.17
0.944
0.366
0.057
0.03
0.222
0.095
0.412
0.685
0.599
0.972
0.236
0.034
0.494
0.282
0.476
0
0.279
0.104
0.192
0.42
0.796
0.525
0.902
0.677
0.68
0.415
0.439
0.201
0.727
0.78
0.485
0.802
0.578
0.111
0.241
0.327
0.383
0.226
0.061
0.296
0.818
0.917
0.043
0.286
0.32
0.52
0.923
0.645
0.811
0.525
0.233
0.688
0.866
0.021
0.212
0.777
0.056
0.263
0.596
0.229
0.085
0.846
0.181
0.0
0.104
0.938
0.528
0.741
0.925
0.65
0.975
0.839
0.499
0.367
0.914
0.116
0.308
0.373
0.553
0.112
0.427
0.787
0.688
0.089
0.811
0.33
0.616
0.173
0.613
0.33
0.408
0.666
0.43
0.62
0.538
0.245
0.327
0.735
0.717
0.235
0.875
0.373
0.581
0.033
0.839
0.061
0.007
0.56
0.079
0.67
0.899
0.564
0.7
0.755
0.297
0.494
0.536
0.521
0.791
0.046
0.683
0.006
0.946
0.899
0.697
0.405
0.398
0.398
0.601
0.717
0.288
0.822
0.767
0.879
0.519
0.645
0.218
0
0.382
0.568
0.747
0.01
0.502
0.815
0.08
0.022
0.325
0.75
0.632
0.23
0.278
0.071
0.227
0.987
0.729
0.259
0.44
0.64
0.847
0.338
0.399
0.067
0.843
0.555
0.82
0.064
0.471
0.846
0.148
0.874
0.787
0.147
0.443
0.161
0.663
0.074
0.422
0.455
0.023
0.935
0.903
0.966
0.389
0.298
0.267
0.336
0.298
0.524
0.462
0.205
0
0.967
0.908
0.239
0.433
0.557
0.85
1.0
0.962
0.646
0.647
0.853
0.869
0.663
0.015
0.298
0.79
0.092
0.937
0.017
0.334
0.914
0.142
0.451
0.036
0.83
0.429
0.643
0.102
0.78
0.652
0.123
0.586
0.039
0.845
0.03
0.055
0.759
0.913
0.053
0.392
0.721
0.823
0.168
0.558
0.439
0.744
0.73
0.874
0.595
0.563
0.188
0.672
0.498
0.008
0.661
0.23
0.08
0.142
0.954
0.844
0.265
0.437
0.643
0.898
0.97
0.8
0.124
0.327
0.383
0.958
0.65
0.215
0.395
0.531
0.515
0.739
0.113
0.78
0.946
0.45
0.141
0.624
0.677
0.451
0.144
0.265
0.618
0.752
0.404
0.789
0.504
0.731
0.507
0.73
0.809
0.548
0.174
0.113
0.918
0.657
0.496
0.163
0.165
0.223
0.974
0.843
0.629
0.299
0.139
0.664
0.716
0.549
0.427
0.917
0.815
0.791
0.55
0.512
0.395
0.681
0.125
0.216
0.838
0.15
0.844
0.624
0.35
0.793
0.56
0.017
0.576
0.897
0.846
0.854
0.447
0.846
0.29
0.353
0.006
0.362
0.141
0.348
0.021
0.555
0.747
0.283
0.376
0.278
0.414
0.162
0.037
0.231
0.656
0.194
0.54
0.319
0.208
0.406
0.133
0.748
0.056
0.661
0.776
0.76
0.773
0.468
0.299
0.373
0.521
0.949
0.059
0.456
0.645
0.983
0.695
0.341
0.953
0.832
0.136
0.983
0.491
0.417
0.541
0.677
0.777
0.581
0.958
0.935
0.303
0.638
0.918
0.926
0.921
0.955
0.477
0.461
0.848
0.037
0.852
0.666
0.655
0.546
0.044
0.796
0.599
0.898
0.89
0.946
0.601
0.56
0.081
0.459
0.735
0.012
0.586
0.121
0.283
0.256
0.093
0.855
0.852
0.353
0.163
0.131
0.75
0.526
0.287
0.375
0.051
0.44
0.943
0.746
0.759
0.763
0.897
0.468
0.994
0.684
0.292
0.989
0.101
0.452
0.334
