0.666
0.65
0.168
0.22
0.119
0.095
0.314
0.195
0.523
0.825
0.412
0.188
0.602
0.292
0.503
0.39
0.51
0.393
0.192
0.54
0.283
0.486
0.71
0.607
0.303
0.522
0.123
0.871
0.096
0.528
0.425
0.277
0.994
0.462
0.181
0.186
0.397
0.724
0.143
0.001
0.812
0.59
0.303
0.051
0.621
0.483
0.638
0.659
0.46
0.827
0.153
0.208
0.311
0.037
0.964
0.141
0.381
0.857
0.546
0.928
0.783
0.859
0.397
0.305
0.714
0.206
0.082
0.721
0.007
0.353
0.656
0.516
0.716
0.293
0.264
0.693
0.367
0.956
0.855
0.744
0.09
0.074
0.208
0.941
0.649
0.542
0.399
0.798
0.262
0.86
0.836
0.659
0.347
0.224
0.328
0.768
0.066
0.707
0.011
0.222
0.828
0.751
0.09
0.129
0.124
0.063
0.196
0.33
0.619
0.842
0.409
0.79
0.526
0.695
0.135
0.138
0.258
0.719
0.779
0.002
0.639
0.34
0.54
0.213
0.682
0.325
0.352
0.696
0.762
0.117
0.152
0.021
0.04
0.778
0.34
0.813
0.832
0.827
0.819
0.974
0.25
0.659
0.037
0.218
0.207
0.46
0.705
0.663
0.76
0.12
0.028
0.393
0.615
0.344
0.268
0.161
0.323
0.559
0.691
0.936
0.551
0.521
0.75
0.9
0.446
0.349
0.25
0.998
0.307
0.173
0.989
0.092
0.132
0.336
0.246
0.558
0.729
0.137
0.785
0.417
0.446
0.247
0.611
0.241
0.986
0.635
0.107
0.719
0.266
0.97
0.354
0.097
0.07
0.974
0.615
0.53
0.068
0.592
0.022
0.183
0.64
0.492
0.072
0.949
0.304
0.641
0.418
0.865
0.68
0.741
0.441
0.471
0.904
0.806
0.906
0.793
0.65
0.071
0.966
0.229
0.875
0.451
0.176
0.758
0.255
0.522
0.098
0.393
0.479
0.255
0.644
0.515
0.809
0.962
0.076
0.702
0.715
0.065
0.836
0.185
0.321
0.531
0.343
0.92
0.122
0.313
0.356
0.121
0.545
0.136
0.851
0.813
0.21
0.491
0.406
0.971
0.339
0.635
0.184
0.542
0.255
0.594
0.157
0.339
0.016
0.162
0.126
0.003
0.019
0.709
0.114
0.876
0.38
0.014
0.573
0.17
0.096
0.527
0.044
0.983
0.138
0.935
0.625
0.367
0.569
0.827
0.468
0.397
0.779
0.664
0.457
0.724
0.326
0.052
0.226
0.422
0.916
0.724
0.814
0.601
0.368
0.894
0.249
0.449
0.217
0.659
0
0.482
0.883
0.796
0.481
0.369
0.451
0.228
0.619
0.022
0.37
0.063
0.249
0.107
0.779
0.599
0.911
0.632
0.609
0.793
0.553
0.219
0.006
0.568
0.168
0.922
0.234
0.523
0.342
0.102
0.185
0.278
0.225
0.355
0.95
0.162
0.126
0.938
0.852
0.792
0.303
0.968
0.738
0.118
0.11
0.264
0.744
0.716
0.268
0.51
0.526
0.419
0.033
0.025
0.739
0.688
0.923
0.511
0.842
0.503
0.564
0.818
0.022
0.767
0.004
0.533
0.454
0.968
0.07
0.56
0.736
0.428
0.288
0.417
0.656
0.089
0.398
0.658
0.444
0.551
0.534
0.405
0.042
0.016
0.458
0.913
0.086
0.079
0.692
0.217
0.494
0.228
0.663
0.717
0.577
0.955
0.122
0.822
0.398
0.572
0.508
0.799
0.405
0.025
0.429
0.503
0.993
0.78
0.316
0.071
0.254
0.925
0.962
0.169
0.759
0.101
0.404
0.705
0.685
0.599
0.792
0.8
0.53
0.556
0.216
0.964
0.263
0.339
0.471
0.486
0.031
0.231
0.904
0.716
0.804
0.377
0.609
0.268
0.896
0.538
0.207
0.114
0.602
0.742
0.231
0.671
0.194
0.926
0.12
0.48
0.697
0.884
0.967
0.014
0.09
0.052
0.586
0.048
0.724
0.752
0.207
0.104
0.222
0.979
0.28
0.092
0.635
0.697
0.267
0.743
0.802
0.45
0.653
0.047
0.261
0.935
0.425
0.704
0.861
0.682
0.819
0.874
0.579
0.865
0.163
0.341
0.596
0.4
0.691
0.966
0.24
0.465
0.716
0.426
0.21
0.925
0.476
0.501
0.395
0.426
0.15
0.823
0.78
0.94
0.635
0.562
0.46
0.187
0.562
0.612
0.224
0.576
0.838
0.64
0.171
0.285
0.106
0.174
0.19
0.785
0.763
0.256
0.737
0.633
0.317
0.551
0.284
0.998
0.6
0.306
0.261
0.147
0.854
0.47
0.578
0.12
0.61
0.51
0.088
0.887
0.795
0.675
0.475
0.083
0.956
0.775
0.635
0.801
0.857
0.749
0.217
0.921
0.511
0.617
0.51
0.867
0.829
0.449
0.592
0.09
0.248
0.907
0.486
0.165
0.042
0.139
0.914
0.728
0.672
0.088
0.492
0.764
0.726
0.724
0.43
0.657
0.184
0.039
0.256
0.326
0.648
0.707
0.631
0.05
0.672
0.961
0.248
0.603
0.086
0.955
0
0.486
0.579
0.844
0.744
0.403
0.503
0.1
0.591
0.876
0.876
0.58
0.807
0.678
0.777
0.265
0.092
0.212
0.231
0.831
0.612
0.955
0.024
0.955
0.254
0.84
0.584
0.041
0.147
0.657
0.047
0.336
0.303
0.94
0.865
0.233
0.389
0.354
0.631
0.971
0.053
0.325
0.21
0.645
0.636
0.858
0.066
0.117
0.412
0.542
0.772
0.339
0.617
0.729
0.925
0.837
0.833
0.684
0.447
0.835
0.858
0.787
0.981
0.649
0.071
0.263
0.254
0.482
0.437
0.057
0.648
0.788
0.337
0.042
0.699
0.791
0.881
0.046
0.759
0.221
0.653
0.394
0.689
0.691
0.929
0.385
0.507
0.069
0.175
0.299
0.916
0.133
0.555
0.365
0.075
0.293
0.26
0.052
0.919
0.426
0.564
0.519
0.903
0.274
0.072
0.791
0.042
0.24
0.319
0.981
0.969
0.19
0.459
0.131
0.744
0.142
0.653
0.208
0.671
0.999
0.394
0.677
0.893
0.79
0.555
0.558
0.386
0.841
0.019
0.745
0.093
0.34
0.557
0.823
0.765
0.055
0.888
0.147
0.834
0.862
0.05
0.247
0.136
0.549
0.157
0.805
0.526
0.787
0.464
0.088
0.67
0.361
0.558
0.638
0.037
0.984
0.388
0.361
0.804
0.935
0.708
0.307
0.116
0.284
0.344
0.932
0.654
0.133
0.193
0.619
0.482
0.211
0.498
0.652
0.338
0.88
0.738
0.418
0.502
0.56
0.782
0.087
0.492
0.837
0.376
0.311
0.859
0.006
0.918
0.901
0.319
0.725
0.699
0.258
0.594
0.124
0.075
0.183
0.275
0.797
0.605
0.357
0.646
0.577
0.991
0.917
0.929
0.051
0.444
0.174
0.948
0.932
0.739
0.16
0.532
0.793
0.297
0.668
0.415
0.852
0.061
0.719
0.113
0.74
0.525
0.499
0.345
0.346
0.296
0.135
0.245
0.606
0.286
0.339
0.134
0.286
0.367
0.227
0.999
0.453
0.518
0.962
0.989
0.552
0.835
0.537
0.37
0.982
0.932
0.032
0.852
0.363
0.335
0.236
0.118
0.873
0.466
0.042
0.63
0.922
0.191
0.632
0.178
0.712
0.937
0
0.73
0.69
0.294
0.822
0.498
0
0.758
0.231
0.195
0.774
0.229
0.033
0.402
0.354
0.23
0.196
0.544
0.216
0.151
0.035
0.087
0.073
0.982
0.353
0.257
0.019
0.185
0.019
0.835
0.199
0.919
0.082
0.544
0.968
0.698
0.297
0.703
0.31
0.091
0.98
0.373
0.97
0.159
0.707
0.643
0.796
0.406
0.565
0.176
0.206
0.795
0.233
0.822
0.207
0.492
0.809
0.494
0.072
0.45
0.209
0.089
0.945
0.6
0.709
0.133
0.049
0.751
0.515
0.51
0.445
0.607
0.174
0.995
0.696
0.635
0.1
0.049
0
0.017
0.341
0.265
0.796
0.612
0.449
0.663
0.316
0.76
0.472
0.881
0.839
0.955
0.614
0.556
0.186
0.391
0.34
0.441
0.988
0.247
0.049
0.753
0.344
0.241
0.628
0.016
0.533
0.482
0.066
0.16
0.074
0.85
0.696
0.078
0.62
0.535
0.217
0.784
0.826
0.328
0.203
0.189
0.995
0.501
0.035
0.002
0.777
0.281
0.447
0.392
0.176
0.827
0.953
0.198
0.554
0.744
0.09
0.815
0.765
