0.13
0.334
0.821
0.294
0.904
0.355
0.711
0.744
0.739
0.95
0.176
0.178
0.697
0.323
0.795
0.583
0.028
0.503
0.827
0.862
0.91
0.477
0.1
0.505
0.107
0.505
0.151
0.735
0.129
0.768
0.284
0.467
0.763
0.797
0.297
0.671
0.588
0.47
0.266
0.688
0.334
0.014
0.242
0.182
0.638
0.949
0.132
0.158
0.308
0.311
0.752
0.695
0.703
0.345
0.655
0.808
0.43
0.67
0.145
0.5
0.38
0.357
0.878
0.193
0.764
0.532
0.801
0.165
0.523
0.06
0.873
0.469
0.223
0.952
0.966
0.884
0.084
0.669
0.149
0.567
0.437
0.554
0.409
0.555
0.975
0.75
0.674
0.723
0.697
0.244
0.007
0.245
0.94
0.915
0.112
0.862
0.563
0.599
0.096
0.109
0.866
0.407
0.86
0.34
0.936
0.926
0.318
0.637
0.845
0.651
0.043
0.778
0.41
0.765
0.478
0.277
0.132
0.949
0.035
0.682
0.24
0.252
0.898
0.965
0.511
0.968
0.672
0.634
0.423
0.864
0.209
0.292
0.692
0.363
0.569
0.131
0.764
0.348
0.898
0.527
0.091
0.659
0.944
0.645
0.707
0.981
0.053
0.773
0.697
0.959
0.239
0.845
0.082
0.165
0.424
0.089
0.435
0.832
0.837
0.116
0.195
0.171
0.459
0.534
0.338
0.895
0.637
0.99
0.14
0.972
0.392
0.368
0.849
0.262
0.141
0.996
0.378
0.664
0.618
0.801
0.398
0.968
0.809
0.542
0.062
0.655
0.332
0.385
0.139
0.13
0.895
0.273
0.903
0.048
0.754
0.711
0.931
0.7
0.035
0.205
0.246
0.865
0.96
0.09
0.601
0.617
0.393
0.052
0.907
0.606
0.307
0.845
0.265
0.3
0.498
0.417
0.203
0.946
0.096
0.037
0.336
0.601
0.153
0.236
0.084
0.737
0.189
0.709
0.22
0.326
0.571
0.096
0.302
0.077
0.071
0.955
0.176
0.551
0.714
0.099
0.918
0.351
0.215
0.037
0.115
0.335
0.712
0.142
0.518
0.615
0.057
0.228
0.026
0.141
0.16
0.492
0.331
0.906
0.442
0.912
0.237
0.159
0.981
0.396
0.707
0.184
0.058
0.404
0.074
0.16
0.495
0.382
0.191
0.991
0.632
0.513
0.985
0.444
0.246
0.178
0.111
0.643
0.26
0.511
0.439
0.058
0.448
0.477
0.232
0.901
0.498
0.054
0.709
0.946
0.987
0.245
0.905
0.395
0.655
0.182
0.527
0.347
0.185
0
0.226
0.216
0.634
0.352
0.908
0.045
0.016
0.238
0.066
0.656
0.473
0.447
0.37
0.606
0.819
0.352
0.594
0.715
0.705
0.505
0.134
0.159
0.824
0.998
0.83
0.996
0.791
0.24
0.583
0.869
0.441
0.871
0.915
0.977
0.268
0.202
0.291
0.96
0.799
0.942
0.416
0.004
0.615
0.535
0.894
0.964
0.126
0.216
0.437
0.156
0.046
0.939
0.228
0.634
0.162
0.591
0.806
0.494
0.381
0.009
0.259
0.722
0.34
0.301
0.038
0.211
0.849
0.266
0.862
0.399
0.728
0.759
0.181
0.639
0.047
0.715
0.994
0.787
0.847
0.938
0.218
0.094
0.128
0.628
0.873
0.773
0.853
0.979
0.066
0.408
0.265
0.084
0.961
0.121
0.343
0.734
0.114
0.54
0.001
0.648
0.676
0.785
0.804
0.978
0.642
0.309
0.866
0.733
0.23
0.86
0.563
0.864
0.556
0.3
0.995
0.763
0.374
0.4
0.266
0.459
0.791
0.726
0.49
0.07
0.504
0.637
0.703
0.804
0.296
0.507
0.06
0.291
0.0
0.932
0.414
0.411
0.992
0.219
0.532
0.871
0.474
0.758
0.984
0.17
0.292
0.462
0.745
0.161
0.355
0.173
0.199
0.907
0.896
0.837
0.595
0.842
0.199
0.294
0.793
0.704
0.131
0.274
0.167
0.959
0.243
0.789
0.867
0.295
0.228
0.885
0.227
0.784
0.704
0.902
0.824
0.139
0.933
0.161
0.963
0.637
0.6
0.452
0.583
0.43
0.226
0.957
0.504
0.752
0.851
0.594
0.884
0.611
0.158
0.804
0.715
0.064
0.215
0.145
0.636
0.258
0.584
0.526
0.33
0.671
0.75
0.287
0.809
0.094
0.151
0.537
0.185
0.987
0.102
0.261
0.501
0.53
0.8
0.64
0.222
0.026
0.811
0.798
0.71
0.37
0.567
0.409
0.414
0.586
0.824
0.184
0.818
0.098
0.629
0.676
0.999
0.874
0.85
0.838
0.355
0.706
0.431
0.299
0.942
0.088
0.607
0.91
0.318
0.498
0.281
0.307
0.113
0.239
0.517
0.821
0.9
0.272
0.313
0.307
0.234
0.076
0.144
0.896
0.772
0.008
0.725
0.942
0.287
0.235
0.179
0.543
0.765
0.946
0.284
0.909
0.373
0.352
0.349
0.056
0.84
0.242
0.627
0.996
0.535
0.917
0.577
0.048
0.668
0.197
0.066
0.136
0.502
0.488
0.468
0.066
0.557
0.418
0.161
0.409
0.532
0.369
0.662
0.468
0.026
0.692
0.954
0.486
0.749
0.428
0.594
0.885
0.961
0.481
0.594
0.804
0.631
0.352
0.523
0.88
0.612
0.711
0.416
0.357
0.927
0.513
0.479
0.191
0.187
0.253
0.64
0.575
0.693
0.666
0.096
0.342
0.356
0.096
0.39
0.665
0.769
0.389
0.465
0.59
0.715
0.287
0.938
0.603
0.395
0.751
0.161
0.492
0.414
0.448
0.205
0.625
0.156
0.381
0.171
0.941
0.857
0.334
0.012
0.487
0.507
0.295
0.899
0.565
0.21
0.254
0.367
0.684
0.568
0.799
0.149
0.661
0.908
0.345
0.601
0.088
0.969
0.253
0.883
0.184
0.772
0.551
0.194
0.434
0.729
0.541
0.796
0.783
0.471
0.344
0.712
0.239
0.724
0.43
0.459
0.389
0.74
0.5
0.73
0.816
0.655
0.061
0.556
0.721
0.232
0.159
0.264
0.02
0.34
0.888
0.146
0.97
0.68
0.6
0.973
0.305
0.834
0.777
0.723
0.097
0.928
0.375
0.598
0.006
0.549
0.927
0.023
0.315
0.187
0.088
0.23
0.024
0.088
0.906
0.804
0.223
0.964
0.098
0.42
0.335
0.662
0.886
0.579
0.788
0.46
0.048
0.437
0.876
0.942
0.89
0.474
0.144
0
0.746
0.228
0.592
0.325
0.654
0.391
0.386
0.393
0.711
0.423
0.002
0.138
0.129
0.325
0.108
0.043
0.586
0.906
0.545
0.47
0.725
0.378
0.07
0.638
0.948
0.078
0.08
0.204
0.958
0.872
0.01
0.931
0.293
0.811
0.154
0.443
0.947
0.394
0.318
0.519
0.776
0.686
0.504
0.867
0.014
0.307
0.358
0.846
0.723
0.403
0.555
0.147
0.334
0.764
0.044
0.348
0.86
0.193
0.722
0.689
0.074
0.942
0.466
0.551
0.56
0.196
0.663
0.21
0.868
0.25
0.683
0.589
0.852
0.225
0.58
0.601
0.62
0.679
0.46
0.936
0.881
0.858
0.406
0.669
0.146
0.145
0.927
0.694
0.574
0.743
0.465
0.185
0.547
0.431
0.43
0.025
0.111
0.31
0.828
0.694
0.509
0.838
0.765
0.452
0.447
0.182
0.858
0.571
0.226
0.394
0.306
0.348
0.648
0.337
0.409
0.626
0.666
0.687
0.76
0.565
0.298
0.166
0.459
0.253
0.602
0.798
0.097
0.274
0.126
0.207
0.885
0.788
0.739
0.589
0.392
0.977
0.937
0.851
0.916
0.822
0.285
0.096
0.287
0.808
0.557
0.983
0.83
0.126
0.221
0.156
0.849
0.483
0.471
0.252
0.451
0.647
0.531
0.017
0.864
0.685
0.377
0.424
0.221
0.538
0.664
0.18
0.181
0.225
0.287
0.459
0.651
0.61
0.908
0.541
0.626
0.914
0.378
0.458
0.465
0.818
0.911
0.331
0.969
0.008
0.97
0.624
0.971
0.413
0.802
0.115
0.753
0.52
0.056
0.068
0.274
0.345
0.201
0.175
0.657
0.77
0.531
0.319
0.045
0.471
0.904
0.114
0.127
0.12
0.928
0.682
0.203
0.748
0.012
0.175
0.636
0.796
0.233
0.986
0.366
0.623
0.007
0.767
0.813
0.213
0.443
0.175
0.749
0.092
0.787
0.346
0.045
0.926
0.35
0.251
0.102
0.749
0.061
0.375
0.794
0.839
0.976
