0.642
0.87
0.531
0.725
0.173
0.318
0.157
0.415
0.009
0.774
0.038
0.518
0.111
0.796
0.989
0.15
0.681
0.897
0.27
0.368
0.844
0.738
0.527
0.572
0.252
0.396
0.136
0.947
0.612
0.737
0.645
0.354
0.848
0.393
0.791
0.542
0.148
0.946
0.382
0.42
0.031
0.11
0.489
0.795
0.117
0.94
0.829
0.056
0.825
0.28
0.261
0.171
0.656
0.219
0.66
0.401
0.272
0.598
0.513
0.871
0.029
0.848
0.294
0.302
0.215
0.888
0.743
0.376
0.954
0.88
0.232
0.998
0.617
0.784
0.062
0.547
0.01
0.411
0.655
0.319
0.066
0.526
0.09
0.776
0.015
0.539
0.172
0.308
0.266
0.522
0.257
0.684
0.087
0.87
0.531
0.6
0.99
0.833
0.019
0.238
0.319
0.483
0.58
0.565
0.951
0.561
0.594
0.447
0.272
0.046
0.653
0.113
0.456
0.536
0.468
0.94
0.743
0.276
0.046
0.224
0.594
0.931
0.123
0.006
0.128
0.402
0.327
0.43
0.605
0.192
0.272
0.831
0.86
0.026
0.133
0.305
0.833
0.577
0.957
0.218
0.614
0.095
0.148
0.799
0.902
0.127
0.257
0.229
0.145
0.846
0.029
0.475
0.254
0.52
0.825
0.06
0.414
0.325
0.219
0.641
0.797
0.873
0.006
0.22
0.511
0.861
0.149
0.495
0.06
0.474
0.946
0.812
0.44
0.384
0.757
0.236
0.38
0.846
0.905
0.229
0.484
0.757
0.87
0.931
0.49
0.632
0.575
0.044
0.896
0.196
0.552
0.079
0.851
0.565
0.454
0.303
0.809
0.065
0
0.428
0.077
0.078
0.715
0.118
0.621
0.728
0.747
0.944
0.514
0.782
0.51
0.586
0.242
0.121
0.247
0.746
0.9
0.309
0.071
0.725
0.124
0.576
0.379
0.64
0.288
0.228
0.101
0.918
0.481
0.744
0.319
0.941
0.859
0.183
0.882
0.966
0.517
0.955
0.844
0.074
0.158
0.616
0.143
0.784
0.428
0.071
0.809
0.433
0.207
0.741
0.96
0.449
0.28
0.454
0.982
0.546
0.477
0.929
0.522
0.917
0.457
0.313
0.657
0.285
0.77
0.028
0.179
0.601
0.766
0.672
0.856
0.564
0.375
0.075
0.048
0.59
0.301
0.969
0.92
0.817
0.872
0.952
0.011
0.273
0.661
0.09
0.795
0.734
0.237
0.341
0.902
0.19
0.775
0.589
0.631
0.426
0.134
0.551
0.633
0.139
0.9
0.304
0.118
0.311
0.682
0.194
0.594
0.308
0.565
0.673
0.457
0.008
0.971
0.317
0.388
0.885
0.013
0.075
0.722
0.04
0.423
0.043
0.14
0.39
0.546
0.438
0.608
0.473
0.567
0.439
0.968
0.847
0.386
0.551
0.544
0.695
0.081
0.995
0.145
0.568
0.697
0.012
0.276
0.307
0.877
0.636
0.967
0.555
0.847
0.291
0.571
0.978
0.143
0.5
0.218
0.767
0.212
1.0
0.957
0.283
0.72
0.441
0.859
0.241
0.757
0.321
0.725
0.572
0.572
0.986
0.51
0.788
0.585
0.345
0.49
0.144
0.332
0.441
0.069
0.909
0.744
0.253
0.277
0.028
0.536
0.939
0.581
0.562
0.864
0.867
0.847
0.219
0.222
0.6
0.839
0.556
0.74
0.216
0.797
0.356
0.907
0.098
0.682
0.244
0.537
0.741
0.261
0.837
0.832
0.755
0.417
0.063
0.08
0.128
0.644
0.53
0.616
0.592
0.476
0.531
0.893
0.509
0.205
0.133
0.458
0.928
0.746
0.642
0.591
0.684
0.319
0.815
0.069
0.649
0.796
0.805
0.114
0.273
0.721
0.994
0.636
0.023
0.249
0.789
0.506
0.95
0.431
0.991
0.885
0.203
0.701
0.643
0.27
0.453
0.556
0.965
0.158
0.24
0.614
0.592
0.329
0.378
0.744
0.307
0.325
0.337
0.375
0.919
0.185
0.499
0.854
0.752
0.264
0.087
0.835
0.667
0.314
0.773
0.901
0.781
0.128
0.948
0.828
0.923
0.81
0.829
0.064
0.097
0.485
0.738
0.833
0.449
0.326
0.148
0.372
0.251
0.616
0.538
0.634
0.48
0.307
0.95
0.39
0.104
0.008
0.917
0.061
0.748
0.89
0.616
0.81
0.025
0.522
0.502
0.939
0.891
0.59
0.322
0.747
0.894
0.027
0.917
0.62
0.367
0.576
0.999
0.408
0.87
0.534
0.311
0.532
0.447
0.917
0.163
0.819
0.008
0.203
0.741
0.202
0.432
0.591
0.926
0.644
0.045
0.048
0.851
0.296
0.292
0.661
0.531
0.395
0.844
0.75
0.479
0.264
0.983
0.322
0.264
0.373
0.298
0.057
0.199
0.439
0.396
0.797
0.922
0.893
0.764
0.89
0.363
0.146
0.662
0.123
0.507
0.637
0.347
0.359
0.939
0.495
0.012
0.354
0.555
0.909
0.229
0.919
0.409
0.604
0.469
0.995
0.167
0.671
0.226
0.228
0
0.92
0.81
0.008
0.26
0.673
0.435
0.354
0.543
0.683
0.946
0.134
0.309
0.785
0.996
0.41
0.924
0.938
0.134
0.849
0.612
0.652
0.817
0.884
0.363
0.557
0.585
0.85
0.07
0.546
0.136
0.047
0.638
0.269
0.076
0.353
0.507
0.32
0.053
0.215
0.898
0.42
0.123
0.595
0.989
0.391
0.926
0.909
0.597
0.055
0.927
0.911
0.549
0.035
0.75
0.097
0.989
0.456
0.94
0.444
0.969
0.086
0.735
0.135
0.2
0.467
0.141
0.429
0.678
0.141
0.751
0.733
0.528
0.832
0.637
0.798
0.389
0.389
0.25
0.946
0.413
0.132
0.878
0.11
0.473
0.65
0.979
0.942
0.235
0.428
0.263
0.863
0.178
0.33
0.743
0.369
0.923
0.765
0.811
0.294
0.997
0.213
0.607
0.318
0.438
0.447
0.337
0.835
0.673
0.706
0.039
0.911
0.471
0.193
0.273
0.014
0.988
0.57
0.889
0.675
0.132
0.137
0.65
0.576
0.111
0.059
0.873
0.568
0.224
0.337
0.32
0.92
0.201
0.257
0.713
0.439
0.815
0.772
0.716
0.678
0.398
0.486
0.126
0.945
0.786
0.823
0.575
0.037
0.636
0.734
0.044
0.247
0.412
0.633
0.659
0.067
0.131
0.053
0.861
0.201
0.25
0.553
0.246
0.356
0.586
0.5
0.066
0.245
0.474
0.991
0.987
0.077
0.968
0.269
0.106
0.732
0.284
0.935
0
0.791
0.557
0.219
0.581
0.857
0.305
0.768
0.796
0.289
0.067
0.129
0.495
0.879
0.715
0.706
0.423
0.097
0.524
0.39
0.244
0.533
0.388
0.233
0.42
0.139
0
0.086
0.906
0.34
0.036
0.211
0.713
0.852
0.416
0.054
0.043
0.017
0.566
0.889
0.056
0.879
0.7
0.403
0.184
0.483
0.735
0.031
0.578
0.965
0.28
0.89
0.255
0.048
0.928
0.9
0.667
0.005
0.3
0.833
0.238
0.573
0.538
0.138
0.211
0.795
0.167
0.629
0.208
0.788
0.289
0.06
0.686
0.724
0.742
0.24
0.001
0.926
0.703
0.554
0.919
0.599
0.83
0.747
0.276
0.223
0.417
0.405
0.666
0.019
0.705
0.177
0.587
0.76
0.928
0.773
0.305
0.588
0.401
0.179
0.719
0.917
0.606
0.698
0.685
0.734
0.537
0.119
0
0.621
0.129
0.274
0.769
0.108
0.847
0.471
0.636
0.961
0.544
0.353
0.888
0.834
0.334
0.797
0.576
0.075
0.295
0.066
0.166
0.2
0.18
0.014
0.928
0.903
0.458
0.36
0.703
0.782
0.335
0.181
0.088
0.912
0.487
0.824
0.37
0.399
0
0.683
0.534
0.406
0.846
0.271
0.798
0.246
0.015
0.492
0.833
0.816
0.324
0.214
0.895
0.964
0.759
0.005
0.678
0.129
0.518
0.162
0.835
0.121
0.011
0.974
0.633
0.956
0.767
0.131
0.4
0.353
0.111
0.706
0.776
0.645
0.779
0.599
0.826
0.965
0.209
0.102
0.79
0.981
0.788
0
0.352
0.965
0.601
0.251
0.56
0.881
0.268
0.856
0.021
0.731
0.864
0.887
0.158
0.344
0.795
0.813
0.191
0.971
0.021
0.287
0.963
0.398
0.516
0.283
0.296
0.644
0.5
0.842
0.538
0.846
0.336
0.173
0.488
0
0.149
0.566
0.193
