0.276
0.583
0.666
0.508
0.982
0.383
0.282
0.463
0.938
0.46
0.056
0.276
0.694
0.876
0.739
0.554
0.096
0.741
0.587
0.115
0.134
0.519
0.283
0.862
0.699
0.521
0.651
0.27
0.486
0.71
0.641
0.901
0.631
0.35
0.195
0.426
0.439
0.254
0.771
0.761
0.746
0.761
0.223
0.24
0.288
0.056
0.292
0.318
0.072
0.317
0.217
0.425
0.773
0.82
0.153
0.462
0.721
0.974
0.92
0.947
0.236
0.21
0.32
0.342
0.918
0.965
0.411
0.666
1.0
0.057
0.523
0.839
0.451
0.306
1.0
0.545
0.922
0.218
0.522
0.339
0.578
0.15
0.767
0.43
0.954
0.137
0.861
0.652
0.798
0.125
0.921
0.507
0.118
0.955
0.333
0.262
0.713
0.554
0.927
0.526
0.134
0.9
0.705
0.4
0.219
0.695
0.771
0.426
0.234
0.972
0.83
0.452
0.748
0.516
0.222
0.11
0.477
0.202
0.938
0.376
0.478
0.305
0.793
0.796
0.113
0.355
0.74
0.712
0.394
0.585
0.141
0.308
0.498
0.659
0.845
0.458
0.318
0.566
0.046
0.082
0.865
0.671
0.63
0.934
0.191
0.771
0.661
0.582
0.048
0.509
0.267
0.189
0.502
0.746
0.036
0.198
0.691
0.751
0.746
0.498
0.318
0.305
0.245
0.128
0.574
0.764
0.554
0.578
0.036
0.565
0.322
0.981
0.676
0.194
0.979
0.01
0.321
0.841
0.2
0.852
0.301
0.895
0.926
0.829
0.721
0.23
0.966
0.48
0.399
0.818
0.0
0.723
0.192
0.233
0.438
0.193
0.828
0.479
0.804
0.747
0.679
0.463
0.516
0.748
0.912
0.507
0.111
0.44
0.429
0.354
0.629
0.545
0.515
0.995
0.539
0.774
0.906
0.884
0.499
0.493
0.571
0.636
0.305
0.351
0.127
0.405
0.064
0.367
0.876
0.91
0.255
0.411
0.959
0.275
0.294
0.233
0.513
0.639
0.305
0.631
0.311
0.311
0.152
0.911
0.638
0.691
0.017
0.075
0.784
0.694
0.543
0.932
0.388
0.002
0.508
0.025
0.28
0.261
0.568
0.078
0.806
0.757
0.42
0.189
0.687
0.844
0.416
0.845
0.057
0.327
0.25
0.588
0.987
0.186
0.885
0.858
0.803
0.005
0.137
0.671
0.807
0.123
0.713
0.473
0.796
0.284
0.615
0.892
0.469
0.832
0.78
0.025
0.263
0.613
0.442
0.657
0.804
0.642
0.316
0.753
0.893
0.447
0.857
0.986
0.228
0.144
0.695
0.053
0.84
0.843
0.37
0.619
0.722
0.603
0.012
0.646
0.342
0.106
0.194
0.523
0.947
0.278
0.314
0.655
0.581
0.544
0.132
0.826
0.113
0.663
0.848
0.7
0.08
0.5
0.807
0.523
0.768
0.198
0.16
0.919
0.894
0.169
0.809
0.16
0.633
0.989
0.701
0.029
0.163
0.386
0.894
0.345
0.331
0.94
0.958
0.128
0.531
0.72
0.18
0.669
0.547
0.487
0.622
0.715
0.579
0.58
0.394
0.701
0.687
0.054
0.689
0.124
0.539
0.505
0.645
0.766
0.779
0.042
0.92
0.386
0.999
0.275
0.924
0.516
0.698
0.44
0.064
0.264
0.069
0.787
0.21
0.444
0.822
0.834
0.02
0.945
0.639
0.106
0.083
0.357
0.469
0.032
0.278
0.362
0.047
0.99
0.33
0.685
0.978
0.146
0.224
0.628
0.274
0.788
0.112
0.645
0.179
0.349
0.193
0.373
0.96
0.011
0.33
0.261
0.748
0.356
0.414
0.835
0.806
0.367
0.188
0.988
0.149
0.452
0.624
0.663
0.522
0.065
0.916
0.187
0.489
0.451
0.242
0.179
0.76
0.643
0.677
0.645
0.144
0.227
0.026
0.775
0.246
0.041
0.162
0.134
0.798
0.977
0.979
0.212
0.86
0.768
0.109
0.985
0.018
0.268
0.249
0.025
0.463
0.58
0.032
0.874
0.644
0.57
0.642
0.705
0.368
0.139
0.761
0.549
0.574
0.02
0.602
0.096
0.874
0.326
0.098
0.047
0.056
0.248
0.67
0.586
0.32
0.917
0.557
0.091
0.526
0.954
0.285
0.089
0.563
0.574
0.735
0.127
0.827
0.207
0.735
0.391
0.475
0.295
0.655
0.434
0.936
0.042
0.554
0.869
0.919
0.3
0.628
0.016
0.712
0.084
0.185
0.29
0.409
0.553
0.052
0.048
0.291
0.237
0.768
0.354
0.594
0.505
0.789
0.911
0.091
0.497
0.856
0.746
0.642
0.257
0.861
0.948
0.697
0.299
0.948
0.943
0.412
0.08
0.22
0.742
0.463
0.182
0.366
0.967
0.725
0.685
0.914
0.756
0.479
0.697
0.714
0.469
0.989
0.563
0.145
0.422
0.893
0.02
0.55
0.009
0.119
0.251
0.515
0.511
0.885
0.452
0.484
0.417
0.97
0.974
0.626
0.245
0.303
0.453
0.482
0.709
0.074
0.57
0.485
0.293
0.614
0.283
0.529
0.317
0.505
0.684
0.306
0.798
0.929
0.253
0.379
0.472
0.616
0.138
0.155
0.593
0.205
0.499
0.235
0.683
0.931
0.935
0.909
0.521
0.543
0.904
0.823
0.016
0.861
0.639
0.329
0.59
0.574
0.739
0.874
0.564
0.699
0.311
0.48
0.403
0.755
0.515
0.537
0.801
0.56
0.101
0.853
0.519
0.201
0.233
0.691
0.659
0.827
0.81
0.244
0.939
0.869
0.841
0.887
0.457
0.62
0.344
0.702
0.54
0.927
0.225
0.786
0.201
0.078
0.745
0.217
0.19
0.527
0.345
0.066
0.709
0.745
0.372
0.987
0.36
0.319
0.792
0.417
0.403
0.064
0.771
0.433
0.315
0.573
0.52
0.322
0.335
0.905
0.027
0.837
0.276
0.775
0.354
0.593
0.354
0.542
0.094
0.952
0.7
0.893
0.073
0.21
0.102
0.438
0.699
0.576
0.568
0.333
0.144
0.876
0.278
0.069
0.444
0.366
0.046
0.61
0.099
0.038
0.914
0.382
0.116
0.741
0.353
0.267
0.755
0.25
0.286
0.291
0.938
0.972
0.701
0.511
0.553
0.114
0.778
0.531
0.631
0.392
0.158
0.992
0.523
0.771
0.241
0.247
0.723
0.986
0.56
0.835
0.948
0.391
0.362
0.847
0.204
0.459
0.088
0.89
0.009
0.26
0.106
0.289
0.906
0.651
0.816
0.632
0.49
0.774
0.053
0.183
0.489
0.488
0.784
0.452
0.977
0.958
0.499
0.254
0.074
0.758
0.976
0.557
0.072
0.268
0.272
0.316
0.136
0.835
0.34
0.136
0.999
0.926
0.416
0.976
0.472
0.394
0.109
0.256
0.455
0.981
0.86
0.109
0.129
0.332
0.831
0.638
0.826
0.148
0.992
0.589
0.439
0.149
0.163
0.952
0.767
0.214
0.756
0.415
0.22
0.883
0.434
0.719
0.481
0.902
0.425
0.015
0.654
0.12
0.431
0.829
0.592
0.653
0.826
0.222
0.176
0.549
0.539
0.344
0.14
0.966
0.182
0.626
0.23
0.205
0.998
0.2
0.933
0.204
0.377
0.703
0.81
0.054
0.113
0.625
0.453
0.354
0.84
0.399
0.645
0.289
0.854
0.662
0.404
0.762
0.103
0.759
0.733
0.62
0.009
0.236
0.755
0.089
0.826
0.279
0.1
0.704
0.602
0.413
0.907
0.36
0.308
0.722
0.333
0.243
0.964
0.237
0.281
0.735
0.668
0.97
0.612
0.483
0.752
0.382
0.617
0.981
0.134
0.293
0.192
0.094
0.975
0.627
0.819
0.938
0.231
0.549
0.133
0.751
0.274
0.016
0.548
0.93
0.343
0.722
0.562
0.564
0.085
0.182
0.272
0.209
0.623
0.75
0.017
0.829
0.655
0.894
0.735
0.494
0.806
0.241
0.998
0.78
0.569
0.315
0.322
0.937
0.128
0.336
0.659
0.382
0.426
0.084
0.625
0.524
0.974
0.573
0.919
0.708
0.04
0.748
0.438
0.119
0.573
0.893
0.782
0.274
0.7
0.247
0.916
0.749
0.948
0.954
0.463
0.335
0.262
0.282
0.59
0.456
0.162
0.971
0.422
0.007
0.344
0.585
0.641
0.064
0.578
0.15
0.423
0.508
0.091
0.627
0.275
0.297
0.875
0.789
0.902
0.717
0.335
0.25
0.509
0.169
0.177
0.403
0.903
0.85
0.909
0.714
0.219
0.129
0.252
0.558
0.684
0.858
0.102
