0.724
0.826
0.725
0.028
0.759
0.526
0.123
0.656
0.953
0.182
0.468
0.901
0.652
0.472
0.647
0.44
0.673
0.63
0.842
0.522
0.376
0.824
0.277
0.297
0.4
0.031
0.494
0.277
0.736
0.935
0.253
0.78
0.295
0.63
0.547
0.756
0.535
0.934
0.914
0.879
0.526
0.683
0.06
0.811
0.484
0.947
0.749
0.918
0.307
0.491
0.463
0.902
0.232
0.171
0.634
0.922
0.385
0.096
0.77
0.495
0.002
0.422
0.661
0.545
0.509
0.636
0.921
0.452
0.398
0.297
0.163
0.846
0.547
0.389
0.096
0.543
0.471
0.418
0.309
0.325
0.568
0.598
0.486
0.165
0.16
0.395
0.624
0.407
0.775
0.273
0.081
0.271
0.039
0.472
0.279
0.228
0.724
0.628
0.125
0.821
0.79
0.93
0.643
0.948
0.196
0.393
0.804
0.138
0.322
0.743
0.06
0.042
0.138
0.888
0.005
0.472
0.08
0.321
0.138
0.043
0.644
0.418
0.983
0.957
0.225
0.423
0.136
0.834
0.245
0.85
0.52
0.358
0.691
0.258
0.46
0.32
0.726
0.031
0.158
0.486
0.034
0.862
0.254
0.386
0.844
0.99
0.621
0.371
0.519
0.354
0.681
0.258
0.559
0.17
0.165
0.495
0.902
0.81
0.642
0.115
0.269
0.467
0.951
0.821
0.667
0.296
0.265
0.169
0.967
0.363
0.609
0.311
0.482
0.064
0.485
0.189
0.007
0.603
0.419
0.913
0.038
0.97
0.172
0.552
0.727
0.213
0.362
0.793
0.878
0.234
0.987
0.733
0.128
0.967
0.098
0.487
0.367
0.146
0.054
0.255
0.127
0.727
0.944
0.471
0.115
0.451
0.698
0.716
0.012
0.125
0.353
0.269
0.858
0.272
0.836
0.889
0.246
0.927
0.083
0.517
0.74
0.707
0.992
0.113
0.656
0.112
0.824
0.571
0.634
0.469
0.827
0.458
0.832
0.772
0.144
0.962
0.621
0.989
0.596
0.601
0.365
0.601
0.806
0.671
0.908
0.552
0.455
0.866
0.465
0.413
0.383
0.969
0.365
0.958
0.591
0.367
0.979
0.186
0.454
0.342
0.732
0.069
0.033
0.756
0.017
0.983
0.846
0.348
0.429
0.473
0.89
0.829
0.863
0.146
0.235
0.981
0.686
0.613
0.85
0.875
0.066
0.251
0.616
0.231
0.273
0.479
0.342
0.364
0.723
0.765
0.065
0.601
0.866
0.709
0.828
0.007
0.098
0.745
0.122
0.603
0.862
0.439
0.642
0.46
0.722
0.721
0.222
0.975
0.9
0.527
0.804
0.893
0.776
0.74
0.467
0.321
0.037
0.649
0.3
0.687
0.801
0.288
0.536
0.871
0.125
0.866
0.219
0.484
0.413
0.169
0.356
0.45
0.78
0.636
0.842
0.921
0.467
0.957
0.722
0.051
0.348
0.341
0.307
0.349
0.554
0.024
0.879
0.014
0.392
0.437
0.997
0.663
0.415
0.824
0.456
0.864
0.193
0.649
0.715
0.432
0.399
0.601
0.178
0.433
0.504
0.955
0.138
0.521
0.569
0.208
0.483
0.394
0.648
0.176
0.358
0.548
0.822
0.447
0.218
0.776
0.651
0.876
0.876
0.497
0.106
0.329
0.419
0.08
0.38
0.717
0.278
0.831
0.765
0.894
0.294
0.333
0.075
0.476
0.156
0.255
0.19
0.99
0.441
0.662
0.499
0.884
0.424
0.779
0.097
0.82
0.135
0.413
0.663
0.687
0.79
0.541
0.548
0.586
0.139
0.283
0.49
0.279
0.849
0.085
0.719
0.736
0.193
0.222
0.846
0.178
0.425
0.889
0.996
0.795
0.464
0.007
0.95
0.279
0.497
0.352
0.006
0.339
0.167
0.626
0.387
0.508
0.744
0.359
0.165
0.729
0.054
0.845
0.466
0.113
0.54
0.003
0.249
0.842
0.797
0.42
0.273
0.826
0.607
0.627
0.702
0.759
0.209
0.684
0.287
0.662
0.955
0.98
0.155
0.585
0.311
0.478
0.873
0.935
0.255
0.17
0.585
0.682
0.594
0.061
0.299
0.684
0.228
0.834
0.899
0.864
0.294
0.172
0.441
0.768
0.723
0.521
0.213
0.576
0.967
0.584
0.627
0.701
0.851
0.53
0.758
0.591
0.376
0.362
0.639
0.857
0.002
0.63
0.098
0.813
0.988
0.11
0.811
0.731
0.893
0.291
0.557
0.135
0.604
0.394
0.767
0.333
0.247
0.315
0.757
0
0.126
0.118
0.77
0.353
0.922
0.265
0.228
0.064
0.612
0.134
0.025
0.235
0.657
0.439
0.131
0.72
0.298
0.218
0.476
0.085
0.589
0.662
0.52
0.046
0.587
0.667
0.846
0.41
0.571
0.805
0.991
0.671
0.078
0.771
0.522
0.211
0.808
0.016
0.953
0.949
0.827
0.202
0.865
0.688
0.088
0.093
0.42
0.109
0.732
0.298
0.259
0.331
0.461
0.303
0.518
0.859
0.563
0.921
0.295
0.242
0.428
0.891
0.1
0.259
0.403
0.283
0.894
0.154
0.032
0.486
0.86
0.35
0.286
0.847
0.766
0.297
0.513
0.284
0.175
0.145
0.046
0.608
0.881
0.701
0.514
0.224
0.881
0.98
0.828
0.154
0.339
0.657
0.015
0.695
0.763
0.665
0.822
0.819
0.844
0.352
0.384
0.1
0.623
0.795
0.373
0.486
0.158
0.271
0.231
0.37
0.42
0.237
0.179
0.51
0.696
0.26
0.905
0.158
0.437
0.693
0.95
0.137
0.399
0.157
0.224
0.24
0.436
0.677
0.031
0.547
0.001
0.734
0.178
0.693
0.318
0.643
0.964
0.709
0.862
0.253
0.707
0.773
0.962
0.847
0.665
0.858
0.682
0.57
0.558
0.021
0.367
0.602
0.273
0.935
0.016
0.117
0.738
0.546
0.721
0.647
0.775
0.797
0.779
0.36
0.401
0.352
0.97
0.18
0.913
0.774
0.203
0.747
0.467
0.372
0.311
0.619
0.91
0.572
0.239
0.2
0.874
0.527
0.626
0.538
0.552
0.984
0.668
0.642
0.161
0.216
0.476
0.947
0.528
0.807
0.226
0.991
0.594
0.66
0.212
0.725
0.011
0.393
0.04
0.495
0.774
0.477
0.043
0.604
0.845
0.52
0.827
0.669
0.994
0.954
0.231
0.128
0.312
0.364
0.453
0.896
0.531
0.15
0
0.533
0.823
0.847
0.732
0.03
0.146
0.97
0.298
0.778
0.001
0.223
0.796
0.339
0.273
0.904
0.035
0.095
0.636
0.463
0.9
0.297
0.694
0.424
0.825
0.388
0.521
0.126
0.825
0.683
0.28
0.295
0.709
0.341
0.236
0.453
0.193
0.262
0.956
0.388
0.329
0.113
0.834
0.354
0.584
0.4
0.007
0.619
0.85
0.235
0.344
0.901
0.114
0.576
0.201
0.137
0.678
0.731
0.81
0.279
0.18
0.055
0.758
0.556
0.128
0.132
0.77
0.445
0.224
0.626
0.171
0.042
0.85
0.858
0.407
0.097
0.203
0.102
0.0
0.617
0.074
0.67
0.765
0.952
0.198
0.095
0.207
0.536
0.338
0.216
0.391
0.128
0.437
0.787
0.616
0.828
0.673
0.809
0.631
0.782
0.268
0.159
0.186
0.281
0.474
0.623
0.449
0.276
0.243
0.742
0.398
0.261
0.576
0.986
0.639
0.222
0.919
0.877
0.407
0.843
0.583
0.405
0.079
0.377
0.035
0.793
0.036
0.639
0.874
0.902
0.946
0.645
0.132
0.618
0.627
0.978
0.022
0.08
0.085
0.608
0.259
0.823
0.347
0.833
0.895
0.177
0.289
0.757
0.207
0.881
0.791
0.699
0.254
0.937
0.844
0.339
0.283
0.268
0.775
0.111
0.554
0.817
0.302
0.062
0.861
0.087
0.548
0.356
0.72
0.135
0.975
0.062
0.392
0.41
0.867
0.43
0.288
0.131
0.132
0.87
0.713
0.041
0.887
0.021
0.827
0.112
0.447
0.57
0.909
0.352
0.481
0.106
0.439
0.543
0.867
0.419
0.389
0.254
0.551
0.752
0.565
0.112
0.829
0.649
0.58
0.772
0.07
0.472
0.311
0.203
0.131
0.328
0.217
0.814
0.192
0.647
0.951
0.064
0.033
0.432
0.106
0.166
0.686
0.548
0.892
0.968
0.835
0.273
0.312
0.173
0.786
0.491
0.909
0.173
0.215
0.607
0.145
0.338
0.581
0.381
0.527
0.655
0.425
0.464
0.938
0.023
0.675
0.24
