0.494
0.317
0.747
0.306
0.816
0.574
0.404
0.174
0.768
0.474
0.381
0.927
0.483
0.526
0.253
0.272
0.865
0.247
0.666
0.832
0.225
0.83
0.538
0.207
0.153
0.049
0.732
0.089
0.291
0.692
0.194
0.165
0.614
0.432
0.743
0.723
0
0.494
0.625
0.277
0.85
0.026
0.135
0.289
0.081
0.514
0.418
0.748
0.785
0.772
0.835
0.043
0.565
0.595
0.161
0.117
0.65
0.73
0.268
0.631
0.0
0.566
0.208
0.229
0.279
0.116
0.394
0.217
0.189
0.695
0.092
0.361
0.389
0.669
0.702
0.784
0.032
0.08
0.614
0.687
0.969
0.618
0.997
0.356
0.136
0.809
0.118
0.749
0.876
0.944
0.845
0.316
0.219
0.549
0.614
0.952
0.069
0.351
0.952
0.374
0.698
0.879
0.026
0.455
0.099
0.277
0.349
0.341
0.765
0.707
0.067
0.685
0.417
0.093
0.803
0.172
0.378
0.878
0.76
0.966
0.918
0.767
0.848
0.091
0.332
0.114
0.396
0.679
0.66
0.558
0.888
0.191
0.616
0.249
0.29
0.314
0.701
0.192
0.04
0.735
0.951
0.451
0.234
0.724
0.64
0.732
0.985
0.289
0.8
0.073
0.184
0.336
0.219
0.686
0.277
0.021
0.953
0.223
0.482
0.569
0.06
0.14
0.249
0.845
0.468
0.286
0.956
0.822
0.766
0.331
0.436
0.375
0.986
0.333
0.747
0.779
0.249
0.881
0.801
0.082
0.043
0.991
0.638
0.478
0.517
0.872
0.835
0.209
0.046
0.486
0.174
0.253
0.316
0.442
0.056
0.153
0.997
0.604
0.009
0.702
0.779
0.64
0.531
0.426
0.311
0.971
0.951
0.02
0.479
0.09
0.43
0.212
0.178
0.828
0.173
0.035
0.211
0.298
0.509
0.858
0.431
0.484
0.08
0.543
0.867
0.634
0.309
0.561
0.562
0.661
0.963
0.722
0.742
0.788
0.089
0.62
0.403
0.166
0.7
0.968
0.127
0.598
0.407
0.284
0.727
0.405
0.151
0.939
0.872
0.29
0.616
0.892
0.276
0.995
0.661
0.145
0.352
0.124
0.079
0.292
0.57
0.578
0.048
0.792
0.744
0.946
0.1
0.18
0.939
0.879
0.45
0.306
0.001
0.105
0.57
0.701
0.753
0.03
0.949
0.69
0.031
0.002
0.074
0.78
0.126
0.926
0.105
0.621
0.564
0.84
0.537
0.33
0
0.816
0.071
0.026
0.549
0.604
0.051
0.261
0.376
0.197
0.927
0.427
0.272
0.17
0.611
0.572
0.84
0.833
0.668
0.306
0.755
0.915
0.793
0.7
0.873
0.14
0.765
0.548
0.189
0.416
0.353
0.831
0.871
0.794
0.069
0.448
0.962
0.172
0.452
0.599
0.524
0.936
0.261
0.44
0.2
0.168
0.768
0.2
0.106
0.814
0.996
0.023
0.142
0.93
0.589
0.018
0.433
0.975
0.803
0.06
0.768
0.603
0.014
0.843
0.965
0.478
0.891
0.084
0.96
0.045
0.88
0.45
0.595
0.436
0.663
0.913
0.74
0.094
0.629
0.153
0.866
0.627
0.027
0.366
0.997
0.343
0.342
0.86
0.441
0.055
0.509
0.182
0.31
0.985
0.052
0.724
0.565
0.707
0.134
0
0.775
0.356
0.652
0.18
0.387
0.394
0.005
0.865
0.648
0.333
0.568
0.236
0.61
0.66
0.263
0.662
0.868
0.448
0.465
0.319
0.976
0.191
0.455
0.629
0.604
0.767
0.692
0.685
0.003
0.707
0.833
0.404
0.915
0.838
0.221
0.294
0.338
0.251
0.294
0.882
0.284
0.563
0.126
0.469
0.797
0.173
0.363
0.077
0.097
0.433
0.313
0.38
0.418
0.374
0.816
0.236
0.177
0.766
0.751
0.199
0.899
0.159
0.862
0.697
0.44
0.548
0.81
0.15
0.723
0.159
0.608
0.129
0.722
0.518
0.831
0.075
0.127
0.84
0.858
0.198
0.887
0.633
0.152
0.487
0.576
0.604
0.807
0.57
0.731
0.29
0.922
0.1
0.072
0.936
0.006
0.574
0.863
0.494
0.366
0.93
0.929
0.377
0.431
0.82
0.222
0.654
0.788
0.291
0.782
0.736
0.627
0.592
0
0.716
0.192
0.595
0.262
0.473
0.989
0.459
0.005
0.487
0.092
0.589
0.645
0.984
0.932
0.058
0.471
0.723
0.293
0.635
0.528
0.315
0.54
0.562
0.779
0.79
0.462
0.415
0.899
0.809
0.308
0
0.229
0.667
0.661
0.598
0.44
0.743
0.595
0.82
0.064
0.846
0.37
0.695
0.238
0.685
0.137
0.859
0.635
0.096
0.329
0.942
0.694
0.78
0.233
0.645
0.778
0.17
0.798
0.259
0.208
0.235
0.822
0.675
0.706
0.057
0.491
0.009
0.516
0.943
0.031
0.1
0.492
0.772
0.658
0.166
0.017
0.377
0.308
0.005
0.014
0.509
0.505
0.183
0.263
0.065
0.504
0.503
0.261
0.786
0.352
0.559
0.59
0.471
0.478
0.042
0.749
0.738
0.7
0.926
0.889
0.698
0.861
0.493
0.476
0.126
0.52
0.061
0.47
0.75
0.946
0.711
0.779
0.953
0.878
0.979
0.997
0.651
0.224
0.879
0.657
0.6
0.685
0.563
0.052
0.314
0.274
0.464
0.298
0.685
0.951
0.037
0.995
0.585
0.691
0.379
0.589
0.279
0.506
0.581
0.818
0.417
0.011
0.71
0.031
0.688
0.751
0.138
0.138
0.506
0.838
0.769
0.057
0.784
0.987
0
0.431
0.282
0.742
0.221
0.988
0.79
0.493
0.521
0.365
0.285
0.002
0.955
0.483
0.656
0.337
0.677
0.066
0.726
0.788
0.477
0.063
0.219
0.017
0.846
0.668
0.784
0.61
0.95
0.993
0.201
0.172
0.946
0.407
0.788
0.618
0.274
0.554
0.395
0.878
0.435
0.199
0.246
0.725
0.554
0.66
0.578
0.687
0.394
0.467
0.179
0.849
0.924
0.902
0.213
0.792
0.905
0.81
0.871
0.669
0.366
0.875
0.358
0.944
0.065
0.098
0.007
0.658
0.44
0.815
0.082
0.026
0.494
0.336
0.221
0.136
0.811
0.663
0.631
0.004
0.31
0.1
0.902
0.463
0.043
0.948
0.507
0.752
0.839
0.905
0.665
0.88
0.698
0.865
0.242
0.487
0.724
0.41
0.703
0.078
0.92
0.356
0.637
0.909
0.628
0.949
0.588
0.385
0.87
0.563
0.96
0.565
0.079
0.498
0.323
0.215
0.238
0.764
0.741
0.623
0.325
0.101
0.599
0.563
0.128
0.898
0.992
0.466
0.695
0.194
0.156
0.723
0.612
0.489
0.624
0.985
0.376
0.176
0.087
0.572
0.495
0.347
0.798
0.525
0.222
0.228
0.495
0.473
0.773
0.167
0.328
0.498
0.966
0.972
0.697
0.098
0.576
0.689
0.291
0.844
0.594
0.357
0.021
0.036
0.192
0.324
0.239
0.751
0.39
0.399
0.281
0.672
0.481
0.887
0.329
0.358
0.314
0.604
0.693
0.469
0.184
0.797
0.04
0.89
0.141
0.316
0.261
0.166
0.977
0.92
0.324
0.268
0.101
0.786
0.358
0.018
0.274
0.574
0.025
0.687
0.109
0.928
0.431
0.093
0.527
0.265
0.898
0.445
0.5
0.67
0.148
0.646
0.933
0.264
0.0
0.662
0.023
0.952
0.861
0.122
0.224
0.054
0.141
0.07
0.584
0.255
0.049
0.721
0.958
0.736
0.488
0.098
0.09
0.508
0.946
0.583
0.052
0.283
0.272
0.583
0
0.308
0.347
0.731
0.504
0.2
0.968
0.411
0.753
0.573
0.938
0.944
0.215
0.594
0.73
0.792
0.652
0
0.797
0.836
0.177
0.78
0.372
0.162
0.182
0.839
0.107
0.468
0.841
0.367
0.419
0.061
0.205
0.719
0.772
0.85
0.98
0.891
0.415
0.545
0.123
0.328
0.456
0.205
0.238
0.576
0.82
0.258
0.689
0.86
0.413
0.412
0.44
0.823
0.998
0.048
0.992
0.729
0.253
0.04
0.208
0.792
0.232
0.662
0.684
0.186
0.879
0.772
0.371
0.656
0.904
0.107
0.422
0.154
0
0.031
0.342
0.602
0.22
0.577
0.077
0.799
0.499
0.465
0.892
0.314
0.566
0.55
0.824
0.709
0.214
0.741
0.039
0.434
0.175
0.102
0.723
0.954
0.648
0.384
0.648
