0.864
0.835
0.573
0.081
0.872
0.437
0.788
0.97
0.525
0.316
0.455
0.352
0.375
0.261
0.75
0.419
0.46
0.493
0.06
0.816
0.178
0.695
0.959
0.911
0.474
0.899
0.916
0
0.529
0.8
0.214
0.53
0.36
0.943
0.992
0.233
0.892
0.746
0.294
0.426
0.06
0.202
0.759
0.769
0.672
0.767
0.468
0.966
0.027
0.582
0.514
0.293
0.384
0.897
0.161
0.168
0.612
0.782
0.474
0.465
0.831
0.462
0.609
0.748
0.283
0.706
0.675
0.692
0.786
0.44
0.051
0.216
0.662
0.814
0.59
0.287
0.356
0.338
0.459
0.779
0.064
0.171
0.122
0.229
0.621
0.908
0.329
0.436
0.304
0.659
0.932
0.922
0.631
0.761
0.435
0.902
0.883
0.011
0.249
0.709
0.041
0.295
0.942
0.964
0.873
0.433
0.247
0.022
0.001
0.793
0.052
0.168
0.858
0.58
0.184
0.164
0.048
0.237
0.067
0.037
0.963
0.271
0.391
0.601
0.905
0.107
0.235
0.778
0.751
0.692
0.765
0.809
0.427
0.136
0.202
0.441
0.667
0.471
0.077
0.081
0.452
0.933
0.934
0.602
0.5
0.245
0.181
0.049
0.903
0.995
0.338
0.281
0.954
0.051
0.517
0.237
0.036
0.882
0.856
0.701
0.068
0.445
0.823
0.47
0.669
0.902
0.779
0.277
0.183
0.571
0.562
0.289
0.685
0.797
0.876
0.123
0.668
0.059
0.229
0.271
0.513
0.523
0.851
0.337
0.749
0.732
0.488
0.955
0.575
0.985
0.585
0.551
0.636
0.736
0.098
0.917
0.86
0.131
0.668
0.009
0.524
0.06
0.411
0.909
0.8
0.295
0.673
0.342
0.177
0.299
0.062
0.878
0.878
0.99
0.807
0.974
0.561
0.119
0.595
0.184
0.164
0.378
0.251
0.878
0.305
0.111
0.546
0.81
0.908
0.535
0.119
0.574
0.591
0.272
0.54
0.378
0.89
0.415
0.324
0.429
0.401
0.053
0.572
0.489
0.518
0.098
0.026
0.981
0.117
0.847
0.909
0.775
0.753
0.557
0.866
0.942
0.067
0.917
0.283
0.236
0.792
0.701
0.053
0.936
0.42
0.662
0.467
0.165
0.292
0.187
0.669
0.594
0.19
0.468
0.81
0.458
0.516
0.436
0.182
0.587
0.045
0.472
0.259
0.77
0.316
0.11
0.271
0.742
0.807
0.174
0.398
0.618
0.185
0.845
0.941
0.11
0.944
0.433
0.859
0.141
0.977
0.282
0.379
0.047
0.958
0.35
0.397
0.692
0.425
0.261
0.441
0.551
0.101
0.454
0.187
0.098
0.077
0.572
0.805
0.958
0.088
0.62
0.34
0.572
0.325
0.421
0.972
0.433
0.953
0.72
0.633
0.245
0.653
0.259
0.671
0.639
0.616
0.71
0.151
0.556
0.231
0.404
0.248
0.611
0.09
0.939
0.923
0.769
0.531
0.243
0.937
0.9
0.08
0.37
0.487
0.068
0.691
0.586
0.001
0.539
0.074
0.669
0.426
0.123
0.973
0.224
0.558
0.327
0.853
0.092
0.337
0.195
0.065
0.71
0.56
0.53
0.341
0.996
0.705
0.213
0.101
0.154
0.428
0.359
0.617
0.376
0.333
0.811
0.958
0.287
0.419
0.984
0.92
0.509
0.303
0.225
0.803
0.814
0.029
0.757
0.675
0.515
0.403
0.108
0.05
0.679
0.878
0.808
0.131
0.794
0.471
0.025
0.897
0.487
0.584
0
0.248
0.869
0.488
0.892
0.672
0.61
0.284
0.91
0.675
0.2
0.276
0.149
0.916
0.467
0.026
0.797
0.056
0.012
0.957
0.231
0.482
0.152
0.27
0.557
0.666
0.205
0.987
0.491
0.578
0
0.749
0.23
0.558
0.686
0.332
0.115
0.311
0.433
0.641
0.698
0.309
0.695
0.289
0.675
0.325
0.476
0.573
0.54
0.0
0.418
0.44
0.868
0.855
0.354
0.572
0.234
0.749
0.33
0.028
0.778
0.791
0.295
0.655
0.644
0.816
0.323
0.399
0.297
0.345
0.439
0.372
0.588
0.771
0.733
0.131
0.741
0.873
0.922
0.61
0.406
0.448
0.532
0.396
0.917
0.845
0.485
0.957
0.682
0.52
0.607
0.57
0.022
0.681
0.026
0.675
0.711
0.443
0.991
0.224
0.963
0.195
0.446
0.757
0.042
0.175
0.848
0.183
0.402
0.485
0.119
0.146
0.703
0.511
0.571
0.127
0.13
0.422
0.742
0.958
0.204
0.538
0.015
0.128
0.927
0.506
0.558
0.284
0.804
0.006
0.186
0.61
0.085
0.542
0.377
0.551
0.768
0.782
0.163
0.501
0.035
0.924
0.24
0.25
0.589
0.631
0.002
0.066
0.323
0.891
0.696
0.363
0.947
0.891
0.164
0.275
0.225
0.898
0.234
0.449
0.475
0.462
0.888
0.431
0.099
0.741
0.504
0.918
0.804
0.384
0.701
0.929
0.462
0.65
0.114
0.416
0.131
0.028
0.45
0.524
0.907
0.732
0.356
0.14
0.635
0.464
0.964
0.96
0.402
0.163
0.167
0.308
0.752
0.624
0.359
0.979
0.158
0.307
0.944
0.327
0.079
0.238
0.984
0.722
0.351
0.37
0.736
0.773
0.721
0.219
0.393
0.721
0.089
0.482
0.655
0.852
0.057
0.104
0.739
0.157
0.42
0.154
0.23
0.931
0.93
0.207
0.766
0.682
0.66
0.206
0.783
0.69
0.661
0.957
0.7
0.728
0.879
0.586
0.218
0.037
0.471
0.887
0.817
0.457
0.664
0.462
0.532
0.664
0.256
0.782
0.231
0.373
0.046
0.634
0.455
0.219
0.745
0.966
0.107
0.307
0.733
0.453
0.279
0.73
0.107
0.346
0.19
0.711
0.595
0.139
0.275
0.945
0.991
0.793
0.408
0.229
0.659
0.997
0.333
0.448
0.019
0.237
0.236
0.537
0.511
0.686
0.129
0.475
0.01
0.915
0.087
0.666
0.28
0.49
0.284
0.606
0.853
0.37
0.828
0.722
0.373
0.485
0.992
0.098
0.981
0.729
0.352
0.953
0.31
0.816
0.429
0.659
0.913
0.666
0.303
0.21
0.101
0.214
0.568
0.347
0.301
0.372
0.706
0.221
0.205
0.939
0.474
0.546
0.864
0.391
0.865
0.296
0.439
0.239
0.688
0.998
0.967
0.224
0.664
0.229
0.471
0.745
0.81
0.555
0.246
0.684
0.383
0.852
0.452
0.856
0.776
0.103
0.891
0.711
0.825
0.248
0.984
0.493
0.45
0.723
0.351
0.604
0.153
0.943
0.68
0.681
0.94
0.985
0.335
0.629
0.698
0.576
0.371
0.156
0.871
0.229
0.439
0.854
0.952
0.172
0.729
0.378
0.239
0.989
0.432
0.439
0.73
0.621
0.077
0.256
0.532
0.698
0.657
0.686
0.008
0.278
0.28
0.491
0.261
0.226
0.79
0.027
0.191
0.857
0.818
0.08
0.447
0.992
0.272
0.56
0.499
0.022
0.026
0.263
0.189
0.315
0.976
0.508
0.149
0.365
0.68
0.08
0.037
0.547
0.786
0.692
0.035
0.692
0.423
0.87
0.153
0.292
0.572
0.933
0.44
0.128
0.653
0.114
0.249
0.115
0.789
0.327
0.013
0.751
0.499
0.477
0.148
0.877
0.624
0.046
0.531
0.9
0.048
0.741
0.05
0.859
0.735
0.489
0.018
0.38
0.308
0.154
0.457
0.618
0.093
0.887
0.173
0.868
0.589
0.762
0.066
0.822
0.899
0.117
0.076
0.645
0.688
0.534
0.366
0.153
0.913
0.838
0.763
0.981
0.989
0.965
0.415
0.742
0.485
0.216
0.196
0.257
0.105
0.184
0.206
0.292
0.26
0.898
0.475
0.869
0.864
0.492
0.398
0.492
0.718
0.955
0.874
0.636
0.142
0.675
0.395
0.848
0.31
0.444
0.333
0.716
0.833
0.214
0.663
0.705
0.262
0.956
0.253
0.448
0.9
0.341
0.048
0.509
0.007
0.369
0.663
0.121
0.985
0.381
0.202
0.788
0.283
0.802
0.892
0.533
0.427
0.348
0.359
0.657
0.197
0.034
0.456
0.175
0.667
0.206
0.669
0.971
0.56
0.507
0.394
0.958
0.932
0.109
0.198
0.586
0.441
0.741
0.119
0.115
0.448
0.66
0.241
0.963
0.116
0.709
0.683
0.138
0.659
0.995
0.986
0.309
0.808
0.964
0.232
0.131
0.919
0.097
0.935
0.255
0.068
