0.573
0.991
0.307
0.151
0.574
0.528
0.088
0.43
0.02
0.948
0.271
0.26
0.977
0.706
0.545
0.726
0.844
0.643
0.546
0.861
0.062
0.438
0.705
0.386
0.602
0.22
0.525
0.35
0.823
0.115
0.645
0.756
0.987
0.878
0.532
0.013
0.155
0.816
0.498
0.958
0.953
0.246
0.858
0.407
0.823
0.429
0.228
0.803
0.095
0.289
0.051
0.048
0.223
0.755
0.102
0.003
0.312
0.651
0.791
0.097
0.849
0.651
0.163
0.687
0.555
0.998
0.307
0.636
0.902
0.669
0.473
0.27
0.75
0.531
0.961
0.941
0.362
0.833
0.619
0.565
0.255
0.387
0.032
0.964
0.442
0.765
0.502
0.905
0.646
0.829
0.506
0.48
0.455
0.451
0.459
0.943
0.41
0.957
0.256
0.337
0.906
0.782
0.438
0.615
0.097
0.019
0.805
0.74
0.871
0.543
0.926
0.389
0.593
0.144
0.738
0.184
0.905
0.913
0.391
0.711
0.376
0.734
0.421
0.839
0.83
0.847
0.163
0.875
0.28
0.937
0.437
0.846
0.131
0.755
0.927
0.332
0.16
0.671
0.094
0.476
0.471
0.476
0.69
0.738
0.923
0.068
0.317
0.127
0.121
0.716
0.281
0.132
0.819
0.303
0.84
0.767
0.797
0.831
0.232
0.86
0.795
0.712
0.346
0.236
0.678
0.33
0.989
0.884
0.238
0.982
0.993
0.821
0.995
0.173
0.606
0.393
0.7
0.098
0.863
0.525
0.461
0.544
0.974
0.343
0.684
0.03
0.454
0.027
0.452
0.863
0.565
0.448
0.951
0.771
0.388
0.775
0.232
0.819
0.347
0.744
0.547
0.913
0.342
0.515
0.226
0.156
0.241
0.108
0.84
0.951
0.989
0.625
0.557
0.375
0.203
0.813
0.147
0.093
0.611
0.136
0.29
0.51
0.597
0.978
0.421
0.203
0.919
0.101
0.204
0.492
0.807
0.062
0.068
0.739
0.903
0.013
0.172
0.916
0.901
0.776
0.665
0.606
0.501
0.153
0.595
0.449
0.607
0.34
0.881
0.693
0.898
0.115
0.631
0.681
0.359
0.654
0.111
0.585
0.853
0.873
0.369
0.013
0.069
0.945
0.098
0.202
0.993
0.062
0.305
0.243
0.72
0.625
0.856
0.988
0.957
0.14
0.038
0.468
0.245
0.292
0.99
0.819
0.718
0.501
0.912
0.224
0.663
0.998
0.504
0.682
0.714
0.61
0.04
0.239
0.629
0.509
0.483
0.923
0.157
0.471
0.145
0.161
0.055
0.101
0.658
0.095
0.851
0.086
0.316
0.98
0.527
0.564
0.437
0.331
0.327
0.738
0.297
0.347
0.24
0.14
0.669
0.696
0.776
0.837
0.956
0.468
0.04
0.606
0.005
0.422
0.039
0.918
0.325
0.14
0.16
0.071
0.412
0.294
0.804
0.434
0.715
0.961
0.327
0.656
0.479
0.563
0.997
0.239
0.587
0.819
0.999
0.126
0.416
0.418
0.683
0.445
0.227
0.493
0.859
0.579
0.194
0.133
0.982
0.168
0.039
0.415
0.409
0.915
0.959
0.118
0.162
0.216
0.027
0.158
0.288
0.214
0.73
0.697
0.668
0.012
0.198
0.4
0.015
0.351
0.22
0.578
0.42
0.904
0.152
0.474
0.102
0.027
0.796
0.131
0.16
0.88
0.607
0.956
0.064
0.956
0.527
0.641
0.02
0.43
0.838
0.427
0.491
0.183
0.862
0.577
0.445
0.896
0.866
0.031
0.1
0.868
0.463
0.728
0.309
0.576
0.935
0.757
0.423
0.05
0.686
0.562
0.808
0.292
0.111
0.704
0.433
0.754
0.734
0.754
0.986
0.484
0.937
0.293
0.033
0.461
0.74
0.767
0.822
0.263
0.816
0.007
0.856
0.08
0.663
0.827
0.288
0.809
0.898
0.572
0.038
0.43
0.631
0.651
0.784
0.073
0.684
0.183
0.662
0.418
0.435
0.022
0.146
0.291
0.939
0.556
0.252
0.077
0.407
0.843
0.171
0.947
0.575
0.673
0.095
0.398
0.51
0.316
0.534
0.945
0.289
0.62
0.464
0.119
0.165
0.329
0.461
0.871
0.887
0.145
0.86
0.273
0.217
0.367
0.26
0.287
0.308
0.355
0.679
0.331
0.628
0.959
0.606
0.259
0.162
0.966
0.354
0.149
0.395
0.282
0.33
0.124
0.618
0.251
0.864
0.137
0.247
0.791
0.091
0.079
0.945
0.678
0.831
0.326
0.317
0.95
0.031
0.978
0.228
0.458
0.446
0.713
0.584
0.203
0.413
0.045
0.914
0.949
0.752
0.149
0.89
0.169
0.093
0.564
0.03
0.12
0.091
0.705
0.272
0.338
0.753
0.94
0.715
0.435
0.788
0.112
0.44
0.097
0.577
0.003
0.557
0.409
0.32
0.291
0.889
0.316
0.975
0.603
0.859
0.91
0.277
0.535
0.827
0.06
0.54
0.276
0.968
0.082
0.181
0.384
0.858
0.003
0.577
0.196
0.18
0.881
0.518
0.431
0.823
0.32
0.192
0.482
0
0.474
0.928
0.361
0.472
0.777
0.769
0.01
0.286
0.334
0.498
0.108
0.345
0.24
0.35
0.166
0.448
0.369
0.143
0.712
0.003
0.646
0.869
0.735
0.36
0.21
0.098
0.279
0.576
0.801
0.268
0.59
0.384
0.438
0.755
0.01
0.687
0.374
0.232
0.193
0.707
0.415
0.669
0.013
0.511
0.953
0.727
0.713
0.08
0.984
0.197
0.941
0.504
0.596
0.819
0.954
0.352
0.144
0.167
0.331
0.499
0.748
0.709
0.711
0.022
0.004
0.231
0.351
0.106
0.996
0.587
0.295
0.497
0.687
0.078
0.117
0.586
0.433
0.823
0.11
0.156
0.815
0.029
0.449
0.413
0.069
0.375
0.95
0.359
0.291
0.664
0.159
0.082
0.765
0.835
0.287
0.165
0.171
0.964
0.907
0.729
0.133
0.935
0.596
0.044
0.885
0.168
0.946
0.176
0.2
0.702
0.154
0.096
0.122
0.85
0.813
0.53
0.746
0.509
0.245
0.447
0.305
0.445
0.098
0.445
0.489
0.327
0.358
0.372
0.715
0.253
0.748
0.023
0.986
0.767
0.768
0.269
0.768
0.56
0.357
0.774
0.24
0.117
0.257
0.141
0.743
0.112
0.97
0.163
0.602
0.279
0.013
0.43
0.767
0.488
0.664
0.67
0.467
0.348
0.309
0.77
0.026
0.521
0.131
0.439
0.017
0.029
0.456
0.53
0.883
0.677
0.044
0.654
0.094
0.71
0.585
0.957
0.394
0.559
0.197
0.27
0.534
0.065
0.975
0.389
0.592
0.635
0.637
0.568
0.479
0.237
0.441
0.272
0.079
0.701
0.328
0.337
0.397
0.927
0.773
0.196
0.153
0.224
0.294
0.107
0.163
0.758
0.191
0.618
0.745
0.61
0.682
0.262
0.22
0.935
0.979
0.412
0.359
0.009
0.801
0.267
0.402
0.655
0.411
0.832
0.263
0.197
0.293
0.012
0.842
0.727
0.867
0.961
0.686
0.124
0.298
0.102
0.206
0.648
0.634
0.28
0.725
0.286
0.75
0.659
0.103
0.898
0.44
0.609
0.824
0.85
0.229
0.837
0.437
0.399
0.358
0.076
0.959
0.781
0.281
0.828
0.46
0.954
0.261
0.751
0.841
0.943
0.842
0.926
0.644
0.492
0.186
0.072
0.399
0.051
0.899
0.772
0.87
0.394
0.407
0.705
0.145
0.939
0.158
0.51
0.28
0.964
0.245
0.17
0.827
0.881
0.78
0.922
0.046
0.053
0.001
0.68
0.814
0.072
0.684
0.642
0.419
0.061
0.369
0.885
0.096
0.558
0.563
0.677
0.721
0.493
0.021
0.068
0.912
0.511
0.86
0.942
0.438
0.695
0.724
0.364
0.637
0.928
0.702
0.148
0.617
0.776
0.222
0.894
0.693
0.914
0.554
0.185
0.746
0.947
0.196
0.727
0.427
0.342
0.079
0.978
0.599
0.524
0.975
0.359
0.524
0.136
0.35
0.719
0.381
0.148
0.399
0.136
0.47
0.693
0.945
0.971
0.837
0.159
0.248
0.325
0.152
0.627
0.872
0.545
0.725
0.523
0.791
0.978
0.478
0.73
0.064
0.682
0.315
0.401
0.369
0.041
0.964
0.682
0.004
0.755
0.186
0.781
0.738
0.498
0.365
0.146
0.761
0.16
0.494
0.453
0.196
0.523
0.153
0.135
0.459
0.577
0.762
0.829
0.93
0.606
0.174
0.423
0.75
