0.017
0.649
0.683
0.593
0.721
0.881
0.194
0.447
0.761
0.37
0.049
0.999
0.039
0.547
0.285
0.649
0.546
0.977
0.505
0.58
0.716
0.876
0.775
0.812
0.037
0.828
0.173
0.987
0.552
0.398
0.126
0.424
0.997
0.442
0.3
0.383
0.776
0.234
0.646
0.28
0.239
0.351
0.774
0.61
0.625
0.06
0.904
0.962
0.29
0.518
0.934
0.706
0.516
0.526
0.272
0.469
0.52
0.269
0.419
0.487
0.31
0.624
0.415
0.806
0.148
0.159
0.206
0.745
0.719
0.612
0.229
0.069
0.509
0.182
0.365
0
0.195
0.117
0.732
0.757
0.389
0.314
0.088
0.01
0.202
0.75
0.018
0.26
0.741
0.007
0.531
0.833
0.251
0.89
0.899
0.729
0.202
0.472
0.815
0.747
0.924
0.365
0.414
0.076
0.191
0.967
0.052
0.369
0.526
0.455
0.297
0.036
0.475
0.956
0.254
0.825
0.391
0.039
0.4
0.389
0.491
0.225
0.261
0.939
0.681
0.307
0.472
0.507
0.861
0.572
0.296
0.46
0.93
0.132
0.036
0.341
0.432
0.417
0.695
0.109
0.592
0.892
0.859
0.535
0.376
0.494
0.008
0.496
0.894
0.918
0.611
0.198
0.635
0.183
0.469
0.93
0.196
0.892
0.307
0.372
0.976
0.57
0.217
0
0.074
0.363
0.25
0.734
0.126
0.557
0.713
0.199
0.442
0.677
0.35
0.291
0.252
0.95
0.451
0.087
0.385
0.825
0.856
0.468
0.471
0.93
0.574
0.534
0.401
0.172
0.653
0.111
0.627
0.267
0.3
0.222
0.386
0.369
0.724
0.582
0.482
0.359
0.945
0.448
0.721
0.523
0.281
0.584
0.56
0.796
0.433
0.238
0.366
0.304
0.467
0.327
0.385
0.639
0.348
0.18
0.74
0.523
0.105
0.666
0.644
0.614
0.758
0.574
0.022
0.302
0.4
0.614
0.473
0.027
0.2
0.583
0.883
0.45
0.162
0.78
0.46
0.687
0.608
0.121
0.166
0.915
0.968
0.585
0.47
0.468
0.753
0.312
0.881
0.121
0.624
0.509
0.923
0.393
0.544
0
0.098
0.074
0.565
0.159
0.198
0.915
0.265
0.637
0.646
0.224
0.235
0.699
0.989
0.4
0.879
0.967
0.683
0.583
0.518
0.769
0.713
0.363
0.851
0.239
0.713
0.157
0.232
0.157
0.313
0.061
0.392
0.756
0.668
0.544
0.713
0.989
0.907
0.437
0.679
0.447
0.147
0.542
0.679
0.292
0.711
0.114
0.62
0.346
0.543
0.911
0.369
0.253
0.825
0.851
0.224
0.109
0.742
0.169
0.091
0.928
0.077
0.685
0.107
0.988
0.235
0.233
0.91
0.846
0.512
0.397
0.664
0.639
0.134
0.852
0.062
0.968
0.536
0.961
0.245
0.69
0.807
0.704
0.133
0.417
0.808
0.598
0.264
0.423
0.714
0.874
0.201
0.587
0.468
0.448
0.826
0.948
0.006
0.236
0.565
0.293
0.38
0.893
0.934
0.699
0.055
0.573
0.629
0.729
0.486
0.018
0.695
0.639
0.327
0.261
0.099
0.698
0.304
0.574
0.222
0.709
0.247
0.992
0.166
0.285
0.364
0.835
0.906
0.483
0.358
0.903
0.649
0.839
0.469
0.495
0.352
0.656
0.888
0.447
0.317
0.292
0.528
0.042
0.462
0.991
0.234
0
0.236
0.672
0.573
0.349
0.224
0.881
0.303
0.775
0.258
0.092
0.526
0.136
0.58
0.025
0.021
0.409
0.488
0.447
0.199
0.771
0.349
0.214
0.64
0.15
0.629
0.465
0.11
0.204
0.286
0.032
0.902
0.573
0.843
0.514
0.164
0.148
0.824
0.3
0.248
0.347
0.772
0.954
0.145
0.831
0.051
0.818
0.823
0.364
0.865
0.531
0.239
0.833
0.967
0.439
0.569
0.925
0.11
0.09
0.474
0.06
0.396
0.524
0.279
0.405
0.196
0.896
0.78
0.089
0.256
0.189
0.794
0.436
0.849
0.676
0.379
0.841
0.193
0.993
0.113
0.675
0.361
0.366
0.174
0.164
0.149
0.736
0.8
0.236
0.945
0.394
0.4
0.384
0.467
0.273
0.409
0.683
0.141
0.246
0.375
0.177
0.291
0.206
0.076
0.281
0.612
0.905
0.472
0.521
0.988
0.793
0.934
0.973
0.147
0.869
0.053
0.613
0.834
0.07
0.021
0.324
0.713
0.117
0.101
0.364
0.458
0.703
0.443
0.122
0.29
0.065
0.172
0.91
0.007
0.519
0.409
0
0.993
0.99
0.713
0.383
0.243
0.431
0.781
0.316
0.585
0.66
0.37
0.474
0.599
0.475
0.562
0.54
0.56
0.199
0.054
0.489
0.359
0.671
0.754
0.863
0.104
0.5
0.95
0.185
0.124
0.51
0.246
0.981
0.774
0.506
0.7
0.499
0.831
0.75
0.525
0.287
0.473
0.285
0.921
0.543
0.598
0.684
0
0.761
0.811
0.92
0.833
0.393
0.835
0.15
0.078
0.253
0.971
0.702
0.664
0.463
0.086
0.054
0.988
0.332
0.878
0.847
0.105
0.83
0.016
0.536
0.199
0.703
0.688
0.432
0.416
0.933
0.048
0.708
0.56
0.756
0.245
0.426
0.593
0.124
0.822
0.709
0.293
0.214
0.831
0.006
0.229
0.592
0.458
0.47
0.415
0.137
0.317
0.332
0.848
0.347
0.297
0.496
0.672
0.749
0.438
0.645
0.105
0.214
0.602
0.928
0.804
0.791
0.323
0.48
0.321
0.719
0.955
0.888
0.454
0.88
0.918
0.385
0.526
0.728
0.252
0.57
0.623
0.378
0.314
0.27
0.101
0.645
0.867
0.77
0.443
0.724
0.788
0.346
0.582
0.56
0.11
0.551
0.541
0.02
0.954
0.977
0.331
0.891
0.083
0.913
0.774
0.225
0.189
0.909
0.091
0.363
0.867
0.91
0.554
0.877
0.479
0.61
0.552
0.532
0.262
0.683
0.731
0.062
0.307
0.92
0.42
0.686
0.948
0.252
0.558
0.52
0.705
0.427
0.83
0.925
0.347
0.526
0.239
0.52
0.528
0.885
0.874
0.355
0.228
0.071
0.374
0.505
0.637
0.392
1.0
0.006
0.132
0.584
0.482
0.736
0.659
0.548
0.179
0.841
0.745
0.952
0.861
0.456
0.68
0.906
0.905
0.313
0.737
0.248
0.535
0.662
0.329
0.802
0.932
0.585
0.592
0.909
0.792
0.224
0.545
0.921
0.615
0.344
0.47
0.008
0.787
0.249
0.549
0.355
0.068
0.624
0.153
0.829
0.934
0.741
0.496
0.685
0.734
0.683
0.335
0.067
0.435
0.323
0.448
0.626
0.882
0.187
0.684
0.997
0.249
0.329
0.839
0.448
0.106
0.026
0.221
0.865
0.333
0.569
0.923
0.699
0.34
0.144
0.226
0.171
0.989
0.237
0.014
0.297
0.614
0.378
0.539
0.498
0.815
0.694
0.319
0.743
0.449
0.213
0.482
0.349
0.589
0.429
0.212
0.625
0.424
0.523
0.452
0.009
0.531
0.819
0.44
0.794
0.814
0.053
0.441
0.684
0.039
0.788
0.462
0.547
0.068
0.447
0.355
0.459
0.57
0.11
0.863
0.895
0.812
0.662
0.862
0.868
0.604
0.007
0.335
0.772
0.756
0.409
0.771
0.625
0.453
0.148
0.663
0.127
0.595
0.242
0.526
0.041
0.412
0.99
0.928
0.916
0.289
0.157
0.337
0.461
0.643
0.216
0.758
0.833
0.169
0.505
0
0.464
0.948
0.175
0.113
0.971
0.299
0.959
0.894
0.803
0.362
0.328
0.721
0.015
0.892
0.392
0.49
0.655
0.554
0.825
0.884
0.761
0.572
0.795
0.32
0.621
0.766
0.515
0.845
0.12
0.52
0.701
0.628
0.592
0.51
0.718
0.86
0.839
0.194
0.103
0.353
0.864
0.863
0.398
0.262
0.759
0.867
0.907
0.061
0.426
0.364
0.945
0.879
0.963
0.742
0.853
0.618
0.455
0.374
0.601
0.224
0.771
0.163
0.204
0.979
0.803
0.153
0.601
0.714
0.509
0.715
0.804
0.649
0.242
0.163
0.924
0.732
0.07
0.792
0.371
0.684
0.702
0.241
0.069
0.227
0.262
0.343
0.89
0.386
0.262
0.921
0.814
0.852
0.359
0.77
0.423
0.571
0.652
0.574
0.118
0.204
0.772
0.616
0.331
0.608
0.447
0.016
0.117
0.798
0.576
