0.104
0.163
0.805
0.717
0.043
0.076
0.794
0.857
0.414
0.665
0.087
0.255
0.878
0.225
0.295
0.382
0.668
0.829
0.926
0.976
0.453
0.952
0.154
0.683
0.974
0.385
0.167
0.781
0.519
0.264
0.735
0.881
0.769
0.818
0.097
0.124
0.742
0.123
0.32
0.264
0.016
0.026
0.413
0.61
0.683
0.988
0.697
0.287
0.936
0.195
0.329
0.473
0.333
0.693
0.445
0.144
0.571
0.684
0.261
0.121
0.914
0.594
0.27
0.47
0.457
0.923
0.088
0.951
0.33
0.981
0.983
0.549
0.181
0.349
0.85
0.207
0.104
0.636
0.103
0.323
0.594
0.628
0.672
0.076
0.798
0.922
0.332
0.008
0.999
0.843
0.232
0.799
0.545
0.256
0.946
0.868
0.754
0.156
0.695
0.541
0.794
0.036
0.477
0.607
0.731
0.198
0.582
0.856
0.661
0.799
0.119
0.152
0.039
0.936
0.495
0.43
0.458
0.515
0.326
0.321
0.782
0.569
0.724
0.451
0.298
0.556
0.529
0.564
0.675
0.389
0.476
0.783
0.68
0.776
0.846
0.521
0.074
0.828
0.814
0.216
0.761
0.115
0.236
0.33
0.907
0.923
0.82
0.011
0.428
0.686
0.235
0.447
0.643
0.687
0.754
0.038
0.15
0.128
0.678
0.997
0.55
0.099
0.424
0.86
0.152
0.819
0.01
0.154
0.728
0.415
0.7
0.255
0.02
0.604
0.311
0.923
0.413
0.598
0.675
0.098
0.96
0.008
0.127
0.545
0.124
0.184
0.089
0.755
0.548
0.096
0.383
0.749
0.28
0.412
0.127
0.995
0.778
0.227
0.26
0.525
0.403
0.048
0.335
0.872
0.542
0.493
0.04
0.416
0.413
0.323
0.447
0.052
0.872
0.562
0.66
0.235
0.695
0.493
0.318
0.329
0.529
0.176
0
0.434
0.743
0.368
0.883
0.458
0.019
0.492
0.753
0.896
0.631
0.319
0.657
0.472
0.345
0.863
0.222
0.284
0.905
0.378
0.42
0.863
0.302
0.71
0.458
0.336
0.245
0.933
0.597
0.48
0.36
0.179
0.262
0.225
0.831
0.343
0.489
0.282
0.29
0.252
0.963
0.271
0.525
0.815
0.406
0.14
0.719
0.014
0
0.905
0.503
0.831
0.86
0.027
0.798
0.785
0.672
0.224
0.429
0.028
0.208
0.424
0.281
0.148
0.736
0.751
0.024
0.47
0.156
0.213
0.752
0.463
0.606
0.556
0.887
0.703
0.252
0.659
0.97
0.511
0.002
0.441
0.358
0.86
0.524
0.426
0.246
0.163
0.547
0.361
0.428
0.48
0.675
0.231
0.362
0.814
0.997
0.402
0.691
0.51
0.234
0.284
0.969
0.84
0.114
0.985
0.97
0.426
0.13
0.156
0.719
0.68
0.446
0.028
0.438
0.313
0.672
0.553
0.7
0.226
0.91
0.516
0.278
0.591
0.797
0.281
0.576
0.341
0.41
0.507
0.651
0.561
0.944
0.91
0.906
0.124
0.48
0.486
0.012
0.162
0.598
0.801
0.282
0.915
0.983
0.969
0.693
0.542
0.571
0.707
0.078
0.265
0.057
0.178
0.285
0.597
0.057
0.425
0.203
0.576
0.514
0.892
0.481
0.522
0.489
0.309
0.274
0.156
0.04
0.076
0.318
0.422
0.171
0.179
0.1
0.356
0.887
0.212
0.215
0.295
0.87
0.913
0.962
0.259
0.453
0.716
0.768
0.235
0.654
0.967
0.462
0.97
0.905
0.399
0.662
0.454
0.736
0.149
0.701
0.168
0.481
0.706
0.096
0.281
0.79
0.541
0.931
0.592
0.195
0.683
0.867
0.175
0.613
0.19
0.223
0.363
0.93
0.229
0.154
0.894
0.854
0.527
0.002
0.676
0.041
0.422
0.74
0.413
0.338
0.144
0.756
0.524
0.189
0.872
0.711
0.677
0.505
0.765
0.213
0.48
0.79
0.351
0.636
0.226
0.776
0.139
0.185
0.643
0.573
0.2
0.974
0.273
0.425
0.436
0.741
0.396
0.811
0.026
0.625
0.167
0.706
0.694
0.308
0.853
0.073
0.35
0.986
0.077
0.662
0.439
0.533
0.187
0.217
0.244
0.683
0.089
0.396
0.281
0.955
0.167
0.586
0.797
0.073
0.552
0.472
0.556
0.33
0.637
0.36
0.045
0.865
0.32
0.458
0.399
0.154
0.585
0.551
0.001
0.276
0.443
0.071
0.801
0.09
0.553
0.182
0
0.355
0.785
0.411
0.458
0.095
0.446
0.49
0.691
0.825
0.254
0.711
0.212
0.364
0.261
0.178
0.216
0.727
0.738
0.643
0.573
0.349
0.581
0.841
0.351
0.469
0.252
0
0.256
0.393
0.211
0.521
0.707
0.22
0.453
0.245
0.45
0.904
0.836
0.494
0.64
0.759
0.105
0.126
0.91
0.029
0.389
0.141
0.515
0.291
0.286
0.362
0.53
0.887
0.845
0.067
0.969
0.112
0.818
0.41
0.51
0.25
0.429
0.735
0.702
0.436
0.517
0.387
0.587
0.418
0.639
0.453
0.781
0.314
0.291
0.953
0.192
0.894
0.484
0.877
0.624
0.082
0.016
0.054
0.128
0.441
0.083
0.251
0.273
0.963
0.487
0.409
0.094
0.011
0.378
0.644
0.125
0.719
0.288
0.026
0.844
0.621
0.898
0.308
0.999
0.43
0.301
0.592
0.798
0.049
0.278
0.76
0.757
0.059
0.269
0.12
0.57
0.723
0.098
0.889
0.327
0.494
0.485
0.421
0.386
0.022
0.245
0.281
0.695
0.765
0.744
0.001
0.778
0.932
0.403
0.113
0.165
0.114
0.318
0.047
0.144
0.722
0.521
0.181
0
0.986
0.609
0.885
0
0.471
0.004
0.405
0.772
0.986
0.675
0.849
0.568
0.565
0.874
0.8
0.029
0.561
0.867
0.433
0.582
0.538
0.412
0.825
0.331
0.308
0.265
0.96
0.516
0.442
0.271
0.377
0.097
0.579
0.285
0.785
0.349
0.248
0.449
0.753
0.845
0.887
0.244
0.17
0.466
0.201
0.375
0.768
0.495
0.389
0.641
0.801
0.554
0.207
0.127
0.129
0.291
0.841
0.826
0.731
0.386
0.303
0.091
0.903
0.596
0.018
0.87
0.531
0.913
0.037
0.685
0.731
0.697
0.366
0.997
0.454
0.721
0.911
0.603
0.716
0.615
0.965
0.74
0.495
0.542
0.541
0.606
0.763
0.969
0.734
0.449
0.293
0.506
0.947
0.168
0.273
0.881
0.541
0.936
0.718
0.692
0.729
0.013
0.918
0.045
0.076
0.526
0.853
0.268
0.474
0.925
0.167
0.99
0.77
0.883
0.379
0.523
0.473
0.884
0.159
0.113
0.724
0.253
0.752
0.14
0.191
0.642
0.001
0.735
0.852
0.052
0.3
0.313
0.366
0.54
0.261
0.384
0.592
0.176
0.538
0.14
0.782
0.795
0.696
0.748
0.244
0.705
0.968
0.347
0.166
0.888
0.604
0.229
0.274
0.164
0.278
0.497
0.608
0.337
0.535
0.143
0.717
0.089
0.498
0.299
0.147
0.726
0.163
0.451
0.641
0.99
0.645
0.827
0.293
0.403
0.695
0.849
0.12
0.404
0.168
0.565
0.754
0.622
0.605
0.857
0.815
0.541
0.958
0.04
0.841
0.657
0.075
0.022
0.543
0.518
0.242
0.875
0.043
0.442
0.454
0.951
0.836
0.209
0.805
0.651
0.845
0.005
0.932
0.11
0.801
0.566
0.649
0.532
0.821
0.906
0.646
0.842
0.281
0
0.381
0.45
0.883
0.896
0.166
0.339
0.576
0.666
0.992
0.543
0.011
0.283
0.367
0.916
0.581
0.377
0.198
0.135
0.127
0.21
0.831
0.22
0.45
0.753
0.506
0.827
0.257
0.312
0.309
0.638
0.077
0.514
0.852
0.058
0.508
0.347
0.245
0.79
0.915
0.469
0.04
0.938
0.377
0.31
0.959
0.913
0.351
0.881
0.654
0.954
0.245
0.532
0.83
0.459
0.994
0.831
0.303
0.534
0.528
0.129
0.504
0.849
0.005
0.752
0.159
0.755
0.578
0.249
0.725
0.794
0.112
0.513
0.36
0.859
0.245
0.575
0.794
0.249
0.193
0.199
0.028
0.442
0.876
0.837
0.288
0.577
0.138
0.559
0.363
0.213
0.076
0.07
0.197
0.559
0.57
0.708
0.821
0.538
0.921
0.487
0.734
0.813
0.372
0.469
0.371
0.95
0.131
0.455
0.777
0.32
