0.379
0.37
0.831
0.291
0.234
0.643
0.537
0.681
0.838
0.074
0.484
0.183
0.511
0.484
0.686
0.855
0.345
0.836
0.773
0.862
0.077
0.929
0.533
0.386
0.276
0.948
0.831
0.313
0.813
0.004
0.185
0.875
0.096
0.397
0.757
0.318
0.558
0.386
0.831
0.432
0.792
0.522
0.418
0.151
0.243
0.832
0.511
0.274
0.777
0.977
0.316
0.82
0.504
0.389
0.547
0.052
0.965
0.06
0.098
0.066
0.209
0.748
0.122
0.436
0.674
0.838
0.812
0.835
0.98
0.527
0.487
0.921
0.321
0.532
0.281
0.592
0.757
0.409
0.415
0.834
0.263
0.307
0.215
0.263
0.538
0.662
0.144
0.971
0.096
0.62
0.495
0.997
0.118
0.749
0.429
0.387
0.023
0.23
0.25
0.225
0.797
0.054
0.488
0.586
0.999
0.149
0.356
0.131
0.947
0.816
0.965
0.764
0.654
0.672
0.949
0.262
0.558
0.03
0.131
0.609
0.768
0.199
0.809
0.317
0.571
0.824
0.974
0.59
0.334
0.35
0.578
0.668
0.492
0.693
0.997
0.673
0.949
0.485
0.099
0.101
0.954
0.548
0.925
0.015
0.749
0.682
0.356
0.915
0.295
0.142
0.132
0.169
0.273
0.717
0.548
0.231
0.943
0.993
0.782
0.523
0.635
0.448
0.01
0.632
0.116
0.482
0.819
0.139
0.992
0.51
0.514
0.977
0.171
0.93
0.3
0.66
0.588
0.846
0.602
0.874
0.871
0.714
0.566
0.846
0.881
0.832
0.27
0.568
0.565
0.581
0.143
0.996
0.42
0.524
0.79
0.061
0.076
0.595
0.165
0.048
0.876
0.19
0.803
0.34
0.007
0.849
0.397
0.688
0.335
0.516
0.97
0.984
0.925
0.945
0.922
0.03
0.665
0.097
0.979
0.606
0.842
0.379
0.294
0.018
0.409
0.445
0.42
0.645
0.811
0.678
0.773
0.429
0.03
0.461
0.032
0.014
0.351
0.875
0.141
0.777
0.16
0.869
0.439
0.25
0.736
0.557
0.938
0.94
0.078
0.342
0.908
0.275
0.972
0.115
0.471
0.973
0.805
0.495
0.972
0.154
0.132
0.452
0.923
0.888
0.684
0.664
0.042
0.713
0.282
0.186
0.173
0.945
0.944
0.965
0.904
0.147
0.124
0.822
0.92
0.979
0.94
0.713
0.506
0.309
0.458
0.094
0.654
0.561
0.296
0.765
0.389
0.438
0.33
0.741
0.573
0.817
0.848
0.869
0.401
0.267
0.756
0.618
0.67
0.658
0.02
0.824
0.739
0.043
0.423
0.243
0.026
0.746
0.468
0.392
0.23
0.529
0.107
0.611
0.731
0.721
0.372
0.637
0.773
0.931
0.388
0.295
0.371
0.355
0.544
0.307
0.324
0.013
0.814
0.92
0.121
0.354
0.452
0.635
0.55
0.561
0.34
0.253
0.054
0.234
0.467
0.538
0.397
0.376
0.276
0.394
0.565
0.001
0.491
0.866
0.143
0.258
0.099
0.188
0.686
0.799
0.252
0.015
0.373
0.951
0.139
0.474
0.934
0.293
0.183
0.073
0.894
0.97
0.891
0.542
0.398
0.8
0.226
0.005
0
0.865
0.71
0.428
0.952
0.234
0.846
0.471
0.657
0.287
0.819
0.595
0.637
0.522
0.13
0.554
0.821
0.997
0.267
0.984
0.306
0.653
0.962
0.507
0.225
0.023
0.893
0.079
0.729
0.671
0.66
0.398
0.709
0.365
0.55
0.18
0.433
0.919
0.499
0.335
0.849
0.037
0.544
0.083
0.38
0.823
0.942
0.42
0.96
0.834
0.923
0.457
0.616
0.262
0.69
0.108
0.316
0.493
0.647
0.395
0.9
0.488
0.01
0.464
0.144
0.575
0.706
0.028
0.147
0.28
0.243
0.309
0.089
0.13
0.007
0.904
0.433
0.274
0.732
0.572
0.163
0.669
0.461
0.641
0.08
0.01
0.222
0.536
0.328
0.2
0.813
0.265
0.147
0.06
0.731
0.798
0.998
0.631
0.826
0.364
0.301
0.649
0.745
0.29
0.785
0.965
0.301
0.201
0.979
0.864
0.712
0.094
0.218
0.573
0.8
0.909
0.179
0.485
0.817
0.725
0.988
0.601
0.689
0.852
0.028
0.509
0.203
0.424
0.548
0.697
0.345
0.856
0.961
0.222
0.615
0.862
0.958
0.017
0.081
0.116
0.281
0.715
0.429
0.158
0.795
0.967
0.382
0.437
0.193
0.549
0.712
0.475
0.477
0.378
0.498
0.817
0.377
0.75
0.61
0.757
0.45
0.472
0.473
0.673
0.845
0.274
0.426
0.071
0.323
0.795
0.82
0.054
0.997
0.363
0.422
0.934
0.297
0.823
0.69
0.707
0.16
0.099
0.502
0.851
0.454
0.848
0.474
0.201
0.494
0.226
0.834
0.115
0.43
0.91
0.976
0.676
0.677
0.496
0.71
0.229
0.942
0.85
0.233
0.986
0.341
0.147
0.424
0.923
0.931
0.804
0.865
0.437
0.208
0.546
0.871
0.709
0.408
0.485
0.219
0.595
0.835
0.987
0.179
0.471
0.991
0.017
0.073
0.746
0.944
0.902
0.573
0.864
0.09
0.04
0.537
0.599
0.86
0.199
0.762
0.298
0.999
0.342
0.549
0.071
0.227
0.245
0.197
0.282
0.818
0.153
0.122
0.943
0.789
0.746
0.267
0.224
0.723
0.171
0.583
0.394
0.053
0.705
0.363
0.391
0.559
0.872
0.637
0.065
0.369
0.029
0.938
0.03
0.804
0.446
0.847
0.849
0.015
0.396
0.87
0.847
0.589
0.499
0.905
0.392
0.11
0.067
0.444
0.888
0.153
0.775
0.402
0.984
0.215
0.52
0.815
0.141
0.234
0.095
0.903
0.124
0.615
0.547
0.235
0.11
0.974
0.457
0.71
0.798
0.907
0.079
0.667
0.802
0.496
0.555
0.434
0.377
0.484
0.327
0.737
0.08
0.284
0.541
0.961
0.872
0.944
0.061
0.202
0.642
0.645
0.596
0.571
0.105
0.285
0.506
0.663
0.388
0.313
0.995
0.31
0.034
0.758
0.476
0.713
0.4
0.42
0.874
0.114
0.518
0.12
0.523
0.285
0.377
0.356
0.237
0.93
0.992
0.036
0.848
0.363
0.783
0.303
0.607
0.677
0.004
0.842
0.506
0.09
0.069
0.232
0.397
0.056
0.991
0.074
0.547
0.697
0.665
0.61
0.788
0.729
0.556
0.916
0.407
0.74
0.792
0.986
0.623
0.426
0.362
0.602
0.941
0.341
0.935
0.983
0.409
0.108
0.449
0.249
0.849
0.893
0.76
0.22
0.297
0.232
0.025
0.925
0.096
0.873
0.423
0.99
0.807
0.177
0.959
0.507
0.241
0.084
0.773
0.877
0.035
0.13
0.921
0.555
0.85
0.891
0.321
0.633
0.605
0.414
0.106
0.16
0.236
0.936
0.371
0.803
0.905
0.555
0.645
0.144
0.982
0.829
0.919
0.938
0.553
0.792
0.105
0.611
0.07
0.015
0.056
0.572
0.92
0.667
0.83
0.403
0.104
0.443
0.67
0.82
0.672
0.579
0.674
0.975
0.046
0.226
0.698
0.61
0.67
0.732
0.081
0.968
0.288
0.328
0.107
0.67
0.403
0.801
0.565
0.583
0.324
0.772
0.955
0.192
0.937
0.954
0.093
0.061
0.78
0.781
0.222
0.996
0.576
0.528
0.92
0.169
0.213
0.635
0.247
0.014
0.095
0.094
0.394
0.317
0.637
0.086
0.494
0.863
0.454
0.408
0.033
0.008
0.062
0.733
0.865
0.952
0.047
0.274
0.887
0.678
0.463
0.315
0.364
0.098
0.508
0.216
0.602
0.461
0.522
0.922
0.084
0.936
0.726
0.892
0.578
0.586
0.451
0.923
0.246
0.03
0.89
0.497
0.881
0.197
0.496
0.504
0.805
0.028
0.857
0.419
0.585
0.98
0.404
0.935
0.961
0.346
0.169
0.532
0.542
0.767
0.668
0.291
0.315
0.14
0.267
0.007
0.854
0.88
0.3
0.733
0.12
0.542
0.998
0.266
0.557
0.595
0.026
0.444
0.729
0.029
0.791
0.362
0.433
0.231
0.955
0.27
0.402
0.073
0.215
0.424
0.067
0.913
0.635
0.994
0.968
0.267
0.159
0.643
0.188
0.947
0.047
0.383
0.46
0.607
0.971
0.573
0.916
0.094
0.824
0.792
0.844
0.129
0.549
0.744
0.917
0.479
0.201
0.02
0.367
0.751
0.214
0.877
0.648
0.348
0.854
