0.456
0.903
0.541
0.908
0.512
0.848
0.88
0.255
0.462
0.112
0.983
0.993
0.856
0.952
0.974
0.1
0.197
0.815
0.681
0.115
0.752
0.473
0.914
0.69
0.795
0.813
0.276
0.88
0.671
0.859
0.57
0.601
0.912
0.872
0.653
0.647
0.663
0.846
0.905
0.336
0.281
0.613
0.079
0.883
0.519
0.508
0.989
0.193
0.26
0.903
0.032
0.408
0.049
0.282
0.047
0.272
0.041
0.209
0.966
0.148
0.348
0.815
0.882
0.004
0.611
0.726
0.685
0.095
0.162
0.966
0.892
0.281
0.261
0.876
0.323
0.665
0.076
0.171
0.941
0.002
0.72
0.672
0.355
0.315
0.93
0.841
0.844
0.292
0.872
0.54
0.783
0.316
0.189
0.56
0.114
0.405
0.05
0.024
0.775
0.197
0.194
0.669
0.406
0.949
0.835
0.349
0.285
0.644
0.69
0.633
0.925
0.882
0.972
0.944
0.794
0.612
0.044
0.216
0.684
0.508
0.637
0.089
0.832
0.981
0.949
0.915
0.225
0.066
0.245
0.079
0.361
0.216
0.129
0.708
0.371
0.969
0.858
0.737
0.39
0.691
0.771
0.466
0.01
0.674
0.799
0.374
0.896
0.563
0.059
0.977
0.452
0.989
0.678
0.634
0.617
0.131
0.229
0.851
0.714
0.225
0.395
0.522
0.948
0.688
0.297
0.233
0.575
0.939
0.759
0.92
0.056
0.694
0.719
0.972
0.072
0.328
0.87
0.124
0.661
0.077
0.393
0.988
0.345
0.777
0.023
0.344
0.281
0.252
0.569
0.012
0.571
0.048
0.077
0.146
0.512
0.725
0.053
0.238
0.395
0.295
0.273
0.01
0.406
0.254
0.374
0.692
0.762
0.593
0.103
0.299
0.561
0.614
0.762
0.082
0.783
0.866
0.816
0.072
0.307
0.837
0.865
0.999
0.232
0.223
0.511
0.771
0.702
0.831
0.519
0.164
0.462
0.466
0.882
0.049
0.27
0.625
0.847
0.795
0.909
0.061
0.285
0.5
0.12
0.983
0.834
0.373
0.229
0.838
0.309
0.951
0.12
0.038
0.496
0.714
0.962
0.781
0.204
0.963
0.239
0.024
0.486
0.676
0.498
0.635
0.562
0.507
0.402
0.763
0.77
0.865
0.022
0.442
0.01
0.57
0.265
0.542
0.54
0.718
0.052
0.791
0.817
0.253
0.694
0.44
0.437
0.95
0.219
0.324
0.215
0.68
0.37
0.181
0.993
0.28
0.799
0.777
0.207
0.15
0.223
0.93
0.766
0.658
0.963
0.338
0.384
0.54
0.702
0.603
0.154
0.23
0.568
0.229
0.93
0.293
0.392
0.955
0.534
0.153
0.609
0.121
0.64
0.974
0.19
0.368
0.483
0.662
0.752
0.099
0.294
0.62
0.349
0.39
0.801
0.639
0.568
0.165
0.309
0.362
0.391
0.055
0.891
0.909
0.454
0.128
0.145
0.32
0.259
0.588
0.543
0.898
0.359
0.162
0.722
0.952
0.099
0.499
0.389
0.467
0.655
0.232
0.797
0.097
0.718
0.615
0.628
0.019
0.469
0.953
0.908
0.523
0.504
0.864
0.973
0.399
0.847
0.397
0.494
0.947
0.55
0.68
0.213
0.348
0.288
0.007
0.295
0.299
0.505
0.834
0.16
0.248
0.415
0.24
0.617
0.595
0.632
0.851
0.556
0.091
0.094
0.303
0.95
0.057
0.643
0.46
0.13
0.618
0.022
0.508
0.692
0.343
0.214
0.15
0.361
0.241
0.72
0.765
0.667
0.352
0.733
0.789
0.249
0.767
0.819
0.113
0.882
0.744
0.561
0.698
0.299
0.793
0.009
0.136
0.447
0.404
0.973
0.594
0.515
0.888
0.69
0.427
0.232
0.042
0.59
0.287
0.368
0.266
0.526
0.935
0.684
0.42
0.285
0.311
0.794
0.671
0.92
0.173
0.102
0.719
0.067
0.336
0.737
0.119
0.649
0.386
0.308
0.741
0.718
0.92
0.115
0.17
0.734
0.205
0.479
0.501
0.864
0.509
0.237
0.974
0.476
0.919
0.14
0.291
0.601
0.852
0.342
0.567
0.394
0.877
0.882
0.238
0.46
0.813
0.311
0.225
0.128
0.514
0.62
0.813
0.527
0.856
0.564
0.72
0.731
0.321
0.312
0.858
0.701
0.279
0.508
0.193
0.723
0.906
0.37
0.786
0.599
0.056
0.104
0.654
0.537
0.965
0.934
0.571
0.049
0.753
0.415
0.536
0.841
0.629
0.694
0.01
0.436
0.874
0.948
0.399
0.337
0.778
0.016
0.185
0.007
0.344
0.344
0.022
0.839
0.837
0.651
0.912
0.639
0
0.751
0.483
0.36
0.341
0.86
0.351
0.729
0.731
0.335
0.135
0.111
0.687
0.597
0.613
0.795
0.603
0.561
0.959
0.04
0.491
0.883
0.232
0.592
0.913
0.868
0.399
0.171
0.352
0.777
0.314
0.064
0.328
0.886
0.677
0.285
0.205
0.755
0.994
0.885
0.029
0.501
0.803
0
0.361
0.762
0.526
0.924
0.837
0.367
0.379
0.503
0.549
0.014
0.796
0.722
0.643
0.754
0.393
0.712
0.738
0.919
0.593
0.172
0.399
0.706
0.519
0.673
0.673
0.041
0.9
0.265
0.064
0.533
0.592
0.166
0.443
0.375
0.678
0.461
0.762
0.855
0.193
0.555
0.054
0.706
0.466
0.126
0.878
0.816
0.511
0.84
0.52
0.415
0.855
0.171
0.709
0.585
0.023
0.579
0.201
0.312
0.962
0.402
0.833
0.427
0.43
0.685
0.144
0.748
0.998
0.125
0.519
0.078
0.852
0.04
0.719
0.312
0.564
0.727
0.349
0.883
0.691
0.606
0.697
0.887
0.018
0.826
0.472
0.356
0.93
0.929
0.351
0.71
0.273
0.416
0.733
0.998
0.024
0.012
0.465
0.778
0.307
0.796
0.824
0.683
0.579
0.052
0.859
0.214
0.346
0.198
0.967
0.016
0.031
0.764
0.714
0.937
0.572
0.901
0.268
0.476
0.078
0.968
0.049
0.401
0.968
0.886
0.744
0.386
0.508
0.886
0.884
0.802
0.938
0.374
0.711
0.519
0.403
0.027
0.921
0.408
0.76
0.797
0.869
0.045
0.723
0.89
0.122
0.245
0.407
0.715
0.167
0.949
0.004
0.248
0.105
0.697
0.584
0.537
0.346
0.652
0.901
0.795
0.585
0.9
0.718
0.9
0.162
0.284
0.339
0.278
0.421
0.056
0.806
0.402
0.385
0.455
0.801
0.2
0.693
0.118
0.319
0.169
0.388
0.993
0.605
0.908
0.034
0.647
0.723
0.926
0.126
0.615
0.006
0.477
0.384
0.606
0.556
0.684
0.522
0.122
0.613
0.849
0.699
0.596
0.973
0.818
0.885
0.466
0.382
0.404
0.107
0.463
0.081
0
0.51
0.009
0.466
0.351
0.209
0.807
0.654
0.884
0.275
0.903
0.867
0.178
0.077
0.02
0.019
0.853
0.672
0.023
0.129
0.778
0.401
0.474
0.197
0.335
0.949
0.001
0.106
0.399
0.052
0.113
0.635
0.532
0.492
0.302
0.735
0.371
0.438
0.779
0.147
0.33
0.238
0.185
0.626
0.087
0.077
0.259
0.614
0.573
0.523
0.463
0.67
0.553
0.677
0.8
0.363
0.404
0.53
0.935
0.486
0.864
0.459
0.053
0.144
0.556
0.079
0.722
0.449
0.917
0.603
0.011
0.686
0.142
0.302
0.704
0.007
0.083
0.421
0.979
0.249
0.258
0.48
0.375
0.015
0.191
0.272
0.868
0.229
0.736
0.668
0.913
0.138
0.06
0.708
0.586
0.971
0.079
0.724
0.138
0.953
0.074
0.665
0.29
0.699
0.918
0.004
0.358
0.349
0.265
0.69
0.11
0.775
0.446
0.158
0.593
0.341
0.432
0.518
0.221
0.947
0.696
0.947
0.317
0.035
0.786
0.501
0.981
0.26
0.17
0.071
0.254
0.25
0.456
0.18
0.019
0.588
0.127
0.973
0.073
0.824
0.316
0.046
0.648
0.336
0.534
0.026
0.458
0.863
0.113
0.884
0
0.517
0.068
0.771
0.04
0.082
0.19
0.388
0.78
0.018
0.575
0.093
0.276
0.549
0.489
0.192
0.102
0.205
0.784
0.621
0.424
0.768
0.111
0.903
0.671
1.0
0.846
0.436
0.348
0.911
0.709
0.651
0.838
0.486
0.464
0.524
0.916
0.091
0.616
0.644
0.109
0.002
0.061
0.955
0.744
0.737
0.289
0.315
