0.895
0.774
0.452
0.526
0.631
0.777
0.639
0.523
0.482
0.941
0.184
0.213
0.241
0.141
0.803
0.829
0.429
0.973
0.006
0.838
0.762
0.583
0.218
0.09
0.505
0.289
0.942
0.533
0.606
0.071
0.226
0.661
0.348
0.794
0.926
0.114
0.801
0.057
0.707
0.43
0.605
0.336
0.876
0.302
0.864
0.088
0.977
0.908
0.081
0.188
0.855
0.264
0.321
0.268
0.653
0.561
0.08
0.147
0.22
0.411
0.03
0.282
0.868
0.853
0.174
0.962
0.63
0.945
0.43
0.997
0.574
0.459
0.187
0.694
0.27
0.435
0.186
0
0.189
0.007
0.022
0.298
0.02
0.629
0.562
0.691
0.608
0.617
0.548
0.501
0.539
0.009
0.279
0.955
0.429
0.931
0.789
0.432
0.2
0.102
0.116
0.34
0.722
0.74
0.394
0.516
0.204
0.089
0.362
0.296
0.188
0.33
0.891
0.363
0.815
0.61
0.215
0.255
0.428
0.761
0.656
0.544
0.298
0.121
0.395
0.452
0.604
0.891
0.138
0.206
0.881
0.888
0.892
0.286
0.676
0.724
0.769
0.941
0.884
0.204
0.657
0.475
0.617
0.596
0.118
0.914
0.776
0.559
0.309
0.089
0.578
0.09
0.3
0.716
0.512
0.645
0.748
0.663
0.016
0.129
0.238
0.548
0.652
0.885
0.025
0.566
0.484
0.388
0.566
0.742
0.559
0.805
0.441
0.809
0.099
0.969
0.227
0.388
0.566
0.044
0.748
0.108
0.908
0.763
0.067
0.682
0.214
0.541
0.652
0.325
0.391
0.111
0.636
0.712
0.303
0.656
0.659
0.203
0.925
0.768
0.016
0.623
0.434
0.419
0.39
0.268
0.954
0.396
0.229
0.571
0.96
0.315
0
0.854
0.112
0.249
0.239
0.819
0.82
0.736
0.462
0.066
0
0.755
0.127
0.148
0.46
0.169
0.847
0.404
0.533
0.76
0.864
0.581
0.809
0.713
0.302
0.455
0.572
0.162
0.055
0.037
0.02
0.86
0.367
0.488
0.499
0.292
0.39
0.762
0.342
0.794
0.012
0.667
0.115
0.991
0.768
0.039
0.557
0.245
0.571
0.919
0.854
0.38
0.168
0.274
0.005
0.928
0.48
0.387
0.104
0.52
0.292
0.457
0.884
0.938
0.841
0.042
0.007
0.003
0.335
0.958
0.169
0.912
0.917
0.173
0.516
0.213
0.619
0.39
0.537
0.719
0.179
0.097
0.055
0.864
0.448
0.955
0.624
0.425
0.782
0.659
0.853
0.738
0.181
0.814
0.157
0.579
0.093
0.461
0.545
0.265
0.783
0.835
0.896
0.226
0.103
0.395
0.298
0.039
0.053
0.869
0.913
0.936
0.846
0.865
0.635
0.191
0.575
0.218
0.362
0.196
0.008
0.356
0.711
0.701
0.169
0.066
0.025
0.753
0.829
0.329
0.101
0.27
0.193
0.731
0.95
0.224
0.245
0.704
0.76
0.638
0.713
0.362
0.938
0.245
0.942
0.321
0.67
0.015
0.398
0.309
0.545
0.011
0.889
0.215
0.443
0.429
0.293
0.532
0.262
0.721
0.679
0.829
0.635
0.258
0.979
0.309
0.713
0.389
0.645
0.228
0.503
0.075
0.585
0.603
0.072
0.839
0.069
0.381
0.697
0.405
0.178
0.539
0.971
0.47
0.549
0.557
0.047
0.762
0.014
0.047
0.179
0.456
0.852
0.481
0.99
0.105
0.599
0.961
0.155
0.574
0.015
0.459
0.262
0.929
0.63
0.767
0.266
0.769
0.43
0.69
0.119
0.617
0.073
0.938
0.107
0.043
0.974
0.11
0.792
0.05
0.526
0.247
0.74
0.895
0.785
0.406
0.363
0.705
0.445
0.772
0.939
0.107
0.968
0.627
0.058
0.969
0.998
0.877
0.652
0.132
0.891
0.36
0.569
0.338
0.048
0.636
0.342
0.351
0.762
0.203
0.569
0.861
0.392
0.467
0.629
0.113
0.598
0.424
0.091
0.439
0.27
0.819
0.54
0.463
0.759
0.158
0.524
0.834
0.694
0.33
0.159
0.034
0.103
0.481
0.968
0.658
0.975
0.82
0.198
0.988
0.377
0.969
0.796
0.173
0.399
0.767
0.448
0.725
0.107
0.874
0.633
0.433
0.042
0.029
0.129
0.759
0.325
0.841
0.436
0.254
0.872
0.319
0.441
0.338
0.894
0.418
0.047
0.751
0.036
0.571
0.438
0.658
0.858
0.989
0.065
0.68
0.7
0.69
0.591
0.849
0.302
0.392
0.146
0.367
0.032
0.284
0.044
0.911
0.439
0.321
0.051
0.101
0.555
0.254
0.176
0.492
0.874
0.061
0.608
0.846
0.138
0.281
0.898
0.284
0.237
0.646
0.703
0.781
0.639
0.1
0.121
0.179
0.295
0.82
0.239
0.452
0.521
0.158
0.801
0.796
0.921
0.844
0.586
0.105
0.045
0.508
0.341
0.371
0.629
0.816
0.306
0.605
0.071
0.077
0.872
0.232
0.85
0.994
0.138
0.938
0.786
0.857
0.669
0.565
0.211
0.459
0.878
0.863
0.56
0.259
0.052
0.645
0.263
0.354
0.673
0.593
0.719
0.332
0.09
0.213
0.739
0.189
0.39
0.672
0.509
0.675
0.277
0.558
0.986
0.738
0.195
0.762
0.038
0.992
0.124
0.93
0.012
0.458
0.324
0.441
0.213
0.32
0.144
0.168
0.556
0.949
0.791
0.861
0.134
0.109
0.264
0.039
0.533
0.743
0.302
0.939
0.699
0.138
0.936
0.284
0.005
0.402
0.037
0.114
0.611
0.805
0.177
0.287
0.069
0.964
0.207
0.239
0.767
0.889
0.386
0.667
0.312
0.368
0.281
0.454
0.643
0.467
0.12
0.241
0.167
0.24
0.274
0.327
0.898
0.645
0.318
0.229
0.807
0.611
0.748
0.221
0.788
0.089
0.921
0.292
0.596
0.934
0.775
0.608
0.295
0.996
0.525
0.183
0.38
0.101
0.433
0.545
0.235
0.347
0.815
0.97
0.139
0.713
0.185
0.755
0.885
0.684
0.432
0.932
0.977
0.116
0.23
0.008
0.808
0.806
0.514
0.654
0.803
0.969
0.273
0.214
0.052
0.699
0.946
0.235
0.819
0.76
0.175
0.011
0.623
0.921
0.001
0.719
0.139
0.043
0.111
0.821
0.999
0.634
0.499
0.167
0.207
0.876
0.772
0.519
0.545
0.257
0.607
0.487
0.03
0.745
0.308
0
0.37
0.749
0.052
0.119
0.266
0.845
0.487
0.758
0.289
0.21
0.143
0.575
0.965
0.442
0.433
0.707
0.237
0.87
0.745
0.849
0.239
0.578
0.445
0.635
0.619
0.589
0.106
0.749
0.009
0.774
0.741
0.096
0.944
0.282
0.62
0.007
0.202
0.749
0.879
0.314
0.655
0.174
0.55
0.83
0.815
0.596
0.463
0.555
0.318
0.879
0.408
0.609
0.269
0.477
0.297
0.19
0.051
0.447
0.976
0.26
0.029
0.339
0.962
0.626
0.836
0.16
0.163
0.613
0.601
0.357
0.498
0.574
0.472
0.31
0.288
0.256
0.822
0.609
0.892
0.995
0.207
0.689
0.724
0.62
0.764
0.91
0.521
0.419
0.456
0.537
0.775
0.719
0.182
0.396
0.946
0.215
0.408
0.137
0.472
0.227
0.09
0.766
0.959
0.739
0.413
0.457
0.867
0.866
0.548
0.404
0.99
0.262
0.513
0.467
0.771
0.605
0.326
0.79
0.215
0.832
0.885
0.643
0.391
0.736
0.849
0.984
0.964
0.576
0.648
0.361
0.271
0.155
0.694
0.41
0.417
0.826
0.372
0.353
0.352
0.962
0.546
0.972
0.582
0.564
0.719
0.391
0.73
0.607
0.193
0.581
0.025
0.381
0.779
0.862
0.816
0.71
0.952
0.525
0.082
0.169
0.247
0.953
0.1
0.342
0.76
0.928
0.992
0.699
0.649
0.875
0.966
0.431
0.729
0.056
0.662
0.576
0.481
0.114
0.845
0.746
0.741
0.005
0.291
0.885
0.461
0.591
0.488
0.308
0.2
0.21
0.933
0.131
0.145
0.672
0.635
0.763
0.351
0.789
0.004
0.136
0.45
0.821
0.395
0.206
0.593
0.6
0.834
0.637
0.254
0.253
0.475
0.36
0.307
0.323
0.985
0.709
0.267
0.185
0.611
0.429
0.419
0.778
0.91
0.985
0.443
0.716
0.834
0.322
0.763
0.089
0.114
0.829
0.036
0.861
0.924
0.237
0.409
0.125
0.08
0.478
