0.496
0.138
0.524
0.554
0.929
0.949
0.5
0.809
0.067
0.991
0.676
0.272
0.124
0.72
0.962
0.888
0.993
0.193
0.089
0.364
0.945
0.21
0.323
0.364
0.526
0.931
0.833
0.092
0.842
0.229
0.401
0.096
0.546
1.0
0.573
0.619
0.17
0.894
0.659
0.053
0.271
0.787
0.619
0.279
0.464
0.654
0.75
0.596
0.067
0.553
0.156
0.886
0.201
0.573
0.197
0.301
0.873
0.843
0.089
0.088
0.875
0.08
0.541
0.576
0.005
0.442
0.178
0.748
0.212
0.33
0.406
0.321
0.885
0.391
0.079
0.274
0.646
0.55
0.332
0.354
0.887
0.612
0.473
0.318
0.034
0.943
0.362
0.407
0.621
0.089
0.247
0.941
0.878
0.21
0.002
0.443
0.432
0.785
0.421
0.793
0.364
0.472
0.858
0.881
0.755
0.03
0.578
0.569
0.64
0.651
0.931
0.806
0.679
0.809
0.456
0.924
0.279
0.179
0.468
0.182
0.553
0.648
0.703
0.046
0.735
0.387
0.425
0.959
0.144
0.901
0.286
0.073
0.122
0.191
0.412
0.177
0.807
0.44
0.671
0.493
0.052
0.71
0.637
0.318
0.408
0.94
0.661
0.442
0.604
0.156
0.423
0.926
0.701
0.794
0.682
0.435
0.501
0.773
0.537
0.765
0.934
0.806
0.987
0.048
0.181
0.797
0.004
0.073
0.769
0.661
0.087
0.174
0.075
0.295
0.474
0.606
0.412
0.294
0.819
0.1
0.035
0.92
0.114
0.46
0.735
0.886
0.607
0.236
0.897
0.538
0.737
0.084
0.005
0.055
0.991
0.3
0.821
0.311
0.006
0.121
0.502
0.55
0.516
0.76
0.106
0.208
0.461
0.933
0.516
0.597
0.853
0.183
0.313
0.727
0.402
0.443
0.019
0.28
0.241
0.345
0.748
0.474
0.124
0.613
0.169
0.96
0.239
0.557
0.87
0.736
0.484
0.462
0.084
0.246
0.226
0.819
0.405
0.713
0.625
0.311
0.171
0.092
0.886
0.063
0.638
0.475
0.247
0.36
0.731
0.046
0.741
0.631
0.197
0.035
0.886
0.843
0.95
0.405
0.027
0.102
0.156
0.668
0.114
0.998
0.378
0.403
0.334
0.108
0.871
0.845
0.903
0.352
0.777
0.443
0.885
0.34
0.626
0.034
0.406
0.788
0.48
0.171
0.71
0.845
0.728
0.666
0.409
0.619
0.18
0.562
0.124
0.355
0.268
0.884
0.127
0.91
0.276
0.433
0.393
0.886
0.529
0.595
0.032
0.181
0.011
0.611
0.577
0.554
0.706
0.341
0.547
0.638
0.114
0.042
0.088
0.394
0.149
0.317
0.764
0.377
0.774
0.822
0.749
0.605
0.452
0.496
0.222
0.756
0.922
0.974
0.034
0.185
0.63
0.755
0.377
0.194
0.398
0.928
0.869
0.944
0.106
0.682
0.08
0.726
0.243
0.219
0.923
0.399
0.39
0.356
0.375
0.313
0.942
0.743
0.239
0.923
0
0.071
0.193
0.541
0.269
0.703
0.673
0.47
0.827
0.998
0.951
0.708
0.693
0.483
0.069
0.796
0.447
0.498
0.568
0.012
0.413
0.294
0.013
0.267
0.459
0.075
0.396
0.522
0.112
0.388
0.152
0.375
0.039
0.942
0.398
0.469
0.716
0.094
0.165
0.692
0.013
0.221
0.815
0.218
0
0.616
0.541
0.524
0.706
0.162
0.616
0.378
0.115
0.448
0.227
0.132
0.377
0.524
0.523
0.466
0.743
0.627
0.283
0.218
0.773
0.786
0.353
0.584
0.026
0.845
0.099
0.665
0.342
0.966
0.497
0.731
0.346
0.486
0.948
0.192
0.3
0.18
0.055
0.782
0.902
0.554
0.222
0.046
0.689
0.627
0.205
0.751
0.292
0.378
0.574
0.69
0.136
0.143
0.968
0.566
0.383
0.602
0.259
0.58
0.969
0.095
0.6
0.359
0.996
0.855
0.499
0.713
0.262
0.42
0.58
0.599
0.392
0.028
0.255
0.906
0.885
0.361
0.514
0.604
0.436
0.492
0.261
0.334
0.017
0.521
0.808
0.285
0.531
0.231
0.264
0.576
0.993
0.705
0.162
0.899
0.075
0.629
0.704
0.073
0.101
0.955
0.286
0.357
0.813
0.019
0.213
0.018
0.263
0.125
0.047
0.535
0.936
0.801
0.221
0.286
0.677
0.34
0.878
0.541
0.91
0.842
0.006
0.514
0.13
0.274
0.969
0.663
0.055
0.068
0.846
0.662
0.234
0.534
0.233
0.011
0.329
0.366
0.265
0.814
0.421
0.111
0.939
0.701
0.203
0.903
0.423
0.793
0.954
0.862
0.567
0.998
0.086
0.522
0.957
0.131
0.18
0.903
0.148
0.022
0.089
0.945
0.982
0.824
0.757
0.112
0.151
0.375
0.457
0.877
0.165
0.963
0.251
0.905
0.137
0.868
0.358
0.725
0.098
0.137
0.993
0.663
0.063
0.726
0.333
0.749
0.156
0.242
0.957
0.081
0.728
0.098
0.785
0.813
0.217
0.856
0.529
0.677
0.099
0.232
0.409
0
0.368
0.347
0.546
0.975
0.487
0.138
0.753
0.921
0.086
0.966
0.581
0.311
0.066
0.915
0.035
0.677
0.127
0.633
0.063
0.458
0.831
0.977
0.598
0.663
0.776
0.28
0.22
0.82
0.352
0.644
0.897
0.853
0
0.854
0.172
0.258
0.148
0.021
0.712
0.448
0.433
0.503
0.485
0.774
0.826
0.761
0.565
0.765
0.787
0.217
0.256
0.839
0.356
0.655
0.859
0.812
0.663
0.337
0.669
0.276
0.16
0.145
0.302
0.147
0.866
0.444
0.292
0.533
0.418
0.905
0.197
0.003
0.353
0.0
0.775
0.699
0.31
0.607
0.774
0.414
0.652
0.741
0.59
0.295
0.846
0.71
0.606
0.469
0.142
0.138
0.072
0.782
0.032
0.254
0.821
0.043
0.477
0.36
0.077
0.517
0.632
0.877
0.03
0.482
0.247
0.115
0.2
0.149
0.384
0.061
0.977
0.176
0.25
0.408
0.296
0.408
0.807
0
0.872
0.385
0.65
0.32
0.338
0.002
0.447
0.582
0.116
0.369
0.478
0.017
0.352
0.325
0.692
0.406
0.595
0.551
0.355
0.419
0.095
0.76
0.995
0.738
0.4
0.303
0.649
0.863
0.841
0.85
0.118
0.006
0.095
0.559
0.902
0.509
0.543
0.923
0.123
0.036
0.686
0.888
0.528
0.118
0.756
0.092
0.122
0.214
0.287
0.542
0.393
0.079
0.072
0.622
0.053
0.661
0.575
0.579
0.041
0.498
0.971
0.584
0.941
0.1
0.34
0.834
0.257
0.604
0.215
0.243
0.005
0.145
0.785
0.066
0.286
0.258
0.247
0.377
0.127
0.444
0.642
0.64
0.431
0.449
0.261
0.792
0.519
0.642
0.174
0.153
0.773
0.702
0.623
0.118
0.487
0.796
0.681
0.377
0.095
0.638
0.473
0.217
0.036
0
0.794
0.486
0.477
0.769
0.232
0.947
0.839
0.799
0.053
0.165
0.717
0.941
0.352
0.181
0.231
0.068
0.756
0.741
0.092
0.958
0.448
0.115
0.651
0.898
0.652
0.886
0.321
0.089
0.315
0.072
0.748
0.718
0.7
0.9
0.735
0.12
0.708
0.06
0.172
0.545
0.336
0.341
0.506
0.366
0.016
0.565
0.27
0.844
0.016
0.717
0.052
0.918
0.084
0.23
0.392
0.172
0.591
0.071
0.218
0.83
0.524
0.72
0.467
0.264
0.92
0.365
0.071
0.157
0.77
0.004
0.362
0.217
0.814
0.612
0.923
0.195
0.549
0.375
0.126
0.629
0.056
0.821
0.521
0
0.23
0.257
0.508
1.0
0.852
0.296
0.19
0.91
0.072
0.495
0.97
0.873
0.445
0.114
0.702
0.218
0.186
0.649
0.351
0.96
0.436
0.035
0.601
0.275
0.596
0.146
0.714
0.33
0.545
0.246
0.996
0.423
0.649
0.971
0.776
0.156
0.064
0.339
0.493
0.65
0.121
0.657
0.13
0.794
0.852
0.084
0.553
0.106
0.425
0.328
0.746
0.129
0.709
0.578
0.768
0.5
0.538
0.684
0.45
0.63
0.382
0.414
0.004
0.286
0.708
0.117
0.1
0.02
0.335
0.009
0.214
0.262
0.513
0.018
0.038
0.72
0.782
0.568
0.703
0.725
0.873
0.372
0.014
0.108
0.326
0.29
0.804
0.851
0.376
0.581
0.667
0.595
