0.507
0.074
0.407
0.502
0.543
0.817
0.191
0.599
0.27
0.47
0.877
0.11
0.338
0.53
0.18
0.892
0.898
0.469
0.574
0.615
0.962
0.064
0.082
0.762
0.472
0.561
0.728
0.035
0.071
0.471
0.001
0.39
0.444
0.537
0.457
0.657
0.594
0.447
0.773
0.503
0.909
0.318
0.852
0.572
0.261
0.792
0.148
0.957
0.072
0.64
0.602
0.902
0.129
0.362
0.984
0.899
0.838
0.06
0.192
0.161
0.153
0.63
0.613
0.892
0.064
0.224
0.059
0.641
0.664
0.592
0.852
0.975
0.728
0.091
0.358
0.026
0.493
0.338
0.145
0.605
0.365
0.467
0.854
0.782
0.971
0.379
0.786
0.905
0.614
0.76
0.296
0.252
0.647
0.644
0.169
0.523
0.788
0.653
0.553
0.743
0.069
0.248
0.081
0.609
0.562
0.673
0.228
0.461
0.699
0.957
0.578
0.285
0.283
0.412
0.462
0.717
0.398
0.007
0.95
0.377
0.711
0.623
0.256
0.981
0.35
0.155
0.881
0.38
0.699
0.152
0.984
0.7
0.404
0.702
0.327
0.401
0.609
0.09
0.7
0.826
0.67
0.027
0.046
0.419
0.856
0.523
0.923
0.723
0.889
0.879
0.209
0.141
0.925
0.438
0.398
0.151
0.021
0.251
0.715
0.968
0.467
0.767
0.091
0.331
0.062
0.364
0.851
0.755
0.676
0.326
0.682
0.898
0.332
0.541
0.767
0.249
0.662
0.344
0.558
0.405
0.511
0.197
0.568
0.076
0.335
0.585
0.585
0.342
0.225
0.707
0.299
0.034
0.059
0.218
0.169
0.369
0.371
0.235
0.831
0.596
0.596
0.041
0.329
0.11
0.187
0.885
0.283
0.217
0.215
0.392
0.079
0.283
0.358
0.487
0.759
0.552
0.825
0.914
0.294
0.677
0.184
0.134
0.398
0.767
0.576
0.891
0.187
0.754
0.055
0.073
0.412
0.39
0.773
0.083
0.985
0.694
0.3
0.205
0.478
0.573
0.437
0.022
0.352
0.787
0.148
0.587
0.355
0.261
0.032
0.884
0.21
0.115
0.257
0.014
0.908
0.359
0.102
0.045
0.763
0.304
0.409
0.79
0.561
0.484
0.403
0.89
0.501
0.344
0.541
0.094
0.883
0.628
0.939
0.833
0.018
0.809
0.917
0.58
0.892
0.805
0.663
0.445
0.96
0.818
0.868
0.404
0.036
0.931
0.698
0.992
0.742
0.79
0.752
0.39
0.334
0.054
0.735
0.598
0.732
0.056
0.073
0.913
0.007
0.243
0.804
0.386
0.844
0.685
0.776
0.86
0.984
0.758
0.19
0.59
0.482
0.001
0.661
0.961
0.824
0.313
0.57
0.604
0.851
0.685
0.689
0.281
0.767
0.434
0.488
0.961
0.169
0.38
0.204
0.959
0.374
0.275
0.966
0.337
0.341
0.334
0.935
0.791
0.337
0.411
0.423
0.033
0.135
0.805
0.351
0.731
0.336
0.193
0.495
0.58
0.882
0.012
0.402
0.289
0.449
0.495
0.149
0.752
0.669
0.994
0.336
0.281
0.65
0.753
0.372
0.087
0.658
0.87
0.191
0.881
0.689
0.149
0.254
0.961
0.262
0.195
0.172
0.25
0.436
0.408
0.682
0.118
0.157
0.938
0.577
0.217
0.397
0.801
0.265
0.234
0.143
0.398
0.26
0.004
0.16
0.656
0.915
0.703
0.356
0.646
0.301
0.171
0.939
0.423
0.281
0.908
0.243
0.561
0.745
0.491
0.284
0.666
0.026
0.556
0.252
0.931
0.984
0.643
0.337
0.54
0.45
0.915
0.213
0.757
0.084
0.51
0.184
0.201
0.498
0.558
0.138
0.237
0.727
0.585
0.767
0.294
0.136
0.946
0.502
0.354
0.807
0.839
0.702
0.442
0.108
0.538
0.649
0.27
0.055
0.527
0.62
0.896
0.213
0.253
0.224
0.956
0.079
0.797
0.604
0.92
0.664
0.236
0.039
0.518
0.746
0.235
0.037
0.073
0.495
0.671
0.01
0.724
0.83
0.177
0.412
0.23
0.997
0.314
0.717
0.115
0.19
0.091
0.997
0.392
0.553
0.769
0.707
0.246
0.804
0.171
0.252
0.056
0.277
0.576
0.246
0.447
0.794
0.309
0.043
0.154
0.476
0.404
0.103
0.38
0.407
0.847
0.884
0.118
0.237
0.158
0.993
0.198
0.99
0.381
0.801
0.727
0.245
0.384
0.763
0.056
0.741
0.186
0.345
0.884
0.151
0.052
0.321
0.844
0.408
0.741
0.713
0.619
0.222
0.879
0.464
0.178
0.779
0.612
0.932
0.649
0.222
0.86
0.534
0.102
0.379
0.988
0.274
0.289
0.982
0.885
0.708
0.608
0.88
0.106
0.271
0.604
0.434
0.22
0.554
0.271
0.185
0.606
0.625
0.032
0.972
0.1
0.882
0.577
0.529
0.366
0.179
0.069
0.116
0.97
0.327
0.239
0.578
0.431
0.797
0.734
0.674
0.153
0.201
0.941
0.835
0.471
0.191
0.45
0.031
0.561
0.433
0.026
0.458
0.412
0.022
0.815
0.334
0.467
0.82
0.634
0.668
0.889
0.287
0.486
0.043
0.815
0.699
0.907
0.479
0.469
0.307
0.035
0.236
0.472
0.89
0.764
0.124
0.473
0.291
0.46
0.883
0.598
0.886
0.058
0.394
0.22
0.695
0.142
0.584
0.184
0.981
0.583
0.077
0.301
0.074
0.186
0.512
0.17
0.112
0.27
0.06
0.774
0.417
0
0.588
0.34
0.745
0.785
0.604
0.142
0.081
0.475
0.268
0.703
0.643
0.524
0.981
0.574
0.365
0.829
0.115
0.916
0.883
0.066
0.289
0
0.784
0.983
0.003
0.463
0.482
0.042
0.861
0.143
0.644
0.85
0.485
0.211
0.749
0.062
0.23
0.632
0.064
0.119
0.338
0.601
0.749
0.655
0.025
0.14
0.265
0.348
0.341
0.268
0.697
0.956
0.286
0.148
0.777
0.85
0.624
0.804
0.176
0.18
0.642
0.171
0.689
0.417
0.598
0.169
0.851
0.976
0.658
0.186
0.182
0.595
0.762
0.054
0.215
0.445
0.391
0.956
0.813
0.813
0.185
0.096
0.616
0.11
0.265
0.519
0.591
0.252
0.726
0.219
0.859
0.176
0.709
0.58
0.994
0.37
0.971
0.996
0.072
0.305
0.37
0.221
0.36
0.371
0.943
0.858
0.255
0.964
0.899
0.967
0.732
0.356
0.085
0.814
0.667
0.901
0.193
0.663
0.81
0.479
0.08
0.771
0.542
0.754
0.086
0.167
0.819
0.299
0.223
0.633
0.568
0.838
0.279
0.294
0.432
0.826
0.703
0.055
0.539
0.904
0.763
0.859
0.066
0.343
0.125
0.069
0.285
0.953
0.587
0.83
0.527
0.079
0.816
0.711
0.383
0.656
0.608
0.973
0.549
0.287
0.353
0.192
0.021
0.016
0.136
0.768
0.19
0.292
0.982
0.223
0.411
0.481
0.811
0.648
0.968
0.012
0.206
0.502
0.851
0.704
0.886
0.134
0.058
0.037
0.432
0.28
0.907
0.212
0.827
0.722
0.657
0.15
0.505
0.583
0.95
0.667
0
0.779
0.272
0.005
0.767
0.127
0.46
0.671
0.459
0.628
0.989
0.263
0.267
0.614
0.623
0.678
0.111
0.333
0.839
0.695
0.498
0.826
0.667
0.653
0.661
0.847
0.435
0.213
0.731
0.019
0.476
0.513
0.491
0.041
0.762
0.709
0.329
0.327
0.546
0.559
0
0.641
0.519
0.831
0.338
0.795
0.932
0.323
0.335
0.997
0.442
0.256
0.572
0.118
0.583
0.208
0.247
0.672
0.35
0.43
0.698
0.098
0.624
0.734
0.836
0.728
0.836
0.831
0.33
0.876
0.25
0.937
0.244
0.292
0.582
0.837
0.129
0.198
0.307
0.903
0.423
0.875
0.047
0.619
0.151
0.03
0.352
0.955
0.707
0.888
0.365
0.094
0.472
0.972
0.5
0.854
0.939
0.211
0.35
0.872
0.082
0.275
0.741
0.367
0.731
0.661
0.171
0.126
0.184
0.065
0.395
0.444
0.048
0.731
0.011
0.927
0.197
0.412
0.169
0.459
0.855
0.457
0.008
0.854
0.615
0.916
0.259
0.652
0.042
0.927
0.323
0.53
0.925
0.995
0.291
0.269
0.315
0.76
0.639
0.383
0.907
0.192
0.083
0.609
0.583
0.985
0.914
0.18
0.648
0
0.398
0.956
0.342
0.212
0.87
0.809
