0.95
0.427
0.262
0.46
0.012
0.52
0.46
0.008
0.065
0.496
0.759
0.342
0.618
0.76
0.954
0.189
0.673
0.386
0.3
0.871
0.32
0.627
0.26
0.378
0.908
0.089
0.103
0.782
0.996
0.253
0.095
0.832
0.645
0.698
0.366
0.931
0.458
0.874
0.083
0.287
0.293
0.555
0.46
0.187
0.366
0.386
0.23
0.446
0.918
0.591
0.784
0.997
0.807
0.009
0.115
0.345
0.748
0.566
0.38
0.989
0.64
0.503
0.612
0.707
0.937
0.073
0.82
0.438
0.311
0.012
0.785
0.298
0.971
0.645
0.623
0.562
0.267
0.164
0.915
0.999
0.89
0.688
0.939
0.144
0.604
0.319
0.252
0.323
0.862
0.451
0.553
0.131
0.167
0.249
0.33
0.243
0.955
0.136
0.455
0.259
0.763
0.501
0.174
0.928
0
0.255
0.616
0.388
0.118
0.273
0.249
0.601
0.283
0.457
0.871
0.727
0.228
0.165
0.858
0.331
0.136
0.498
0.149
0.116
0.066
0.453
0.53
0.003
0.764
0.506
0.41
0.568
0.951
0.514
0.357
0.682
0.389
0.318
0.688
0.584
0.356
0.279
0.922
0.863
0.163
0.592
0.264
0.362
0.985
0.819
0.51
0.734
0.876
0.158
0.116
0.198
0.444
0.91
0.038
0.007
0.386
0.944
0.962
0.387
0.126
0.386
0.238
0.585
0.909
0.482
0.61
0.926
0.236
0.931
0.053
0.565
0.622
0.438
0.787
0.651
0.868
0.737
0.194
0.026
0.525
0.584
0.679
0.724
0.905
0.633
0.844
0.099
0.605
0.386
0.274
0.01
0.111
0.885
0.73
0.924
0.822
0.003
0.962
0.506
0.656
0.268
0.978
0.267
0.062
0.361
0.351
0.386
0.851
0.673
0.038
0.832
0.119
0.28
0.491
0.337
0.721
0.876
0.494
0.565
0.976
0.662
0.312
0.823
0.509
0.825
0.035
0.687
0.268
0.452
0.89
0.568
0.335
0.217
0.104
0.193
0.934
0.435
0.26
0.403
0.637
0.568
0.81
0.826
0.147
0.314
0.129
0.466
0.376
0.138
0.427
0.718
0.05
0.045
0.957
0.418
0.184
0.647
0.636
0.783
0.015
0.397
0.399
0.478
0.442
0.722
0.568
0.144
0.523
0.446
0.545
0.652
0.324
0.715
0.618
0.184
0.374
0.665
0.602
0.107
0.2
0.247
0.233
0.066
0.285
0.68
0.861
0
0.45
0.963
0.417
0.249
0.394
0.02
0.646
0.378
0.945
0.236
0.39
0.329
0.554
0.705
0.381
0.68
0.798
0.368
0.893
0.057
0.924
0.217
0.457
0.87
0.112
0.057
0.576
0.97
0.806
0.921
0.355
0.447
0.593
0.691
0.138
0.128
0.152
0.943
0.598
0.763
0.519
0.081
0.487
0.854
0.915
0.256
0.12
0.429
0.186
0.196
0.039
0.073
0.071
0.252
0.59
0.803
0.354
0.934
0.801
0.943
0.342
0.989
0.086
0.792
0.601
0.031
0.526
0.851
0.75
0.171
0.087
0.761
0.752
0.267
0.907
0.024
0.559
0.33
0.083
0.975
0.805
0.767
0.78
0.013
0.895
0.956
0.096
0.4
0.036
0.629
0.695
0.644
0.471
0.628
0.895
0.624
0.127
0.55
0.687
0.929
0.289
0.231
0.114
0.316
0.222
0.496
0.405
0.082
0.352
0.715
0.567
0.06
0.434
0.504
0.221
0.964
0.007
0.597
0.703
0.737
0.821
0.848
0.421
0.119
0.927
0.058
0.743
0.333
0.655
0.907
0.567
0.2
0.721
0.689
0.732
0.278
0.292
0.175
0.346
0.493
0.302
0.878
0.428
0.674
0.141
0.562
0.133
0.063
0.056
0.869
0.526
0.438
0.177
0.039
0.816
0.923
0.29
0.233
0.499
0.51
0.396
0.034
0.051
0.264
0.106
0.783
0.233
0.174
0.084
0.009
0.295
0.8
0.984
0.904
0.441
0.376
0.617
0.726
0.041
0.053
0.431
0.664
0.715
0.692
0.712
0.193
0.29
0.93
0.292
0.558
0.038
0.103
0.543
0.522
0.334
0.588
0.704
0.39
0.567
0.356
0.05
0.688
0.103
0.006
0.176
0.96
0.774
0.23
0.232
0.064
0.655
0.413
0.174
0.877
0.028
0.148
0.011
0.574
0.218
0.525
0.305
0.114
0.074
0.706
0.857
0.625
0.207
0.107
0.853
0.724
0.659
0.604
0.027
0.272
0.918
0.509
0.178
0.873
0.522
0.168
0.04
0.953
0.922
0.13
0.912
0.767
0.364
0.414
0.37
0.274
0.572
0.35
0.901
0.672
0.525
0.333
0.528
0.548
0.693
0.271
0.442
0.205
0.054
0.004
0.966
0.455
0.904
0.709
0.332
0.08
0.354
0.552
0.19
0.252
0.877
0.05
0.886
0.146
0.334
0.381
0.82
0.223
0.909
0.817
0.752
0.31
0.078
0.571
0.635
0.655
0.736
0.677
0.963
0.518
0.869
0.056
0.516
0.803
0.475
0.143
0.902
0.154
0.2
0.342
0.926
0.576
0.522
0.127
0.926
0.712
0.206
0.177
0.12
0.417
0.6
0.977
0.843
0.783
0.005
0.965
0.455
0.423
0.162
0.251
0.349
0.448
0.241
0.9
0.157
0.213
0.267
0.325
0.934
0.633
0.751
0.474
0.342
0.76
0.161
0.046
0.778
0.899
0.352
0.744
0.264
0.616
0.123
0.547
0.073
0.183
0.829
0.444
0.821
0.217
0.449
0.164
0.567
0.265
0.651
0.72
0.396
0.46
0.245
0.631
0.576
0.976
0.322
0.531
0.136
0.08
0.625
0.344
0.022
0.9
0.916
0.807
0.642
0.954
0.139
0.915
0.357
0.364
0.35
0.402
0.839
0.187
0.445
0.026
0.495
0.932
0.188
0.386
0.503
0.019
0.141
0.506
0.145
0.094
0.582
0.992
0.835
0.572
0.755
0.977
0.432
0.109
0.452
0.924
0.277
0.237
0.024
0.857
0.298
0.155
0.303
0.826
0.607
0.921
0.022
0.245
0.312
0.186
0.38
0.645
0.365
0.075
0.851
0.35
0.577
0.772
0.88
0.397
0.87
0.805
0.091
0.795
0.865
0.378
0.088
0.104
0.747
0.579
0.065
0.964
0.346
0.252
0.448
0.741
0.872
0.299
0.108
0.263
0.751
0.111
0.581
1.0
0.1
0.191
0.98
0.327
0.76
0.407
0.072
0.452
0.419
0.505
0.458
0.371
0.154
0.559
0.154
0.854
0.278
0.676
0.809
0.022
0.803
0.555
0.686
0.055
0.078
0.329
0.599
0.438
0.672
0.358
0.201
0.021
0.126
0.242
0.739
0.984
0.599
0.191
0.663
0.627
0.024
0.032
0.588
0.745
0.763
0.883
0.308
0.043
0.689
0.449
0.524
0.139
0.575
0.538
0.788
0.149
0.247
0.279
0.278
0.537
0.709
0.942
0.857
0.544
0.669
0.08
0.835
0.239
0.175
0.771
0.381
0.386
0.43
0.14
0.504
0.333
0.214
0.258
0.467
0.041
0.034
0.593
0.136
0.008
0.706
0.089
0.879
0.942
0.378
0.966
0.998
0.389
0.126
0.46
0.955
0.433
0.929
0.602
0.284
0.818
0.221
0.366
0.818
0.444
0.942
0.953
0.968
0.262
0.097
0.816
0.362
0.085
0.151
0.257
0.319
0.094
0.983
0.962
0.549
0.845
0.232
0.114
0.233
0.812
0.271
0.275
0.386
0
0.131
0.841
0.451
0.038
0.849
0.116
0.629
0.402
0.93
0.187
0.417
0.396
0.977
0.645
0.698
0.631
0.65
0.507
0.217
0.469
0.048
0.436
0.383
0.846
0.134
0.36
0.215
0.743
0.033
0.172
0.297
0.979
0.29
0.445
0.638
0.914
0.359
0.71
0.401
0.677
0.411
0.036
0.503
0.888
0.903
0.01
0.341
0.419
0.459
0.949
0.647
0.911
0.57
0.892
0.399
0.899
0.035
0.661
0.065
0.378
0.224
0.137
0.16
0
0.021
0.478
0.278
0.171
0.421
0.79
0.817
0.068
0.491
0.036
0.933
0.902
0.075
0.22
0.382
0.053
0.394
0.408
0.788
0.813
0.324
0.246
0.191
0.673
0.883
0.282
0.437
0.502
0.337
0.984
0.333
0.157
0.486
0.724
0.855
0.065
0.807
0.562
0.042
0.674
0.551
0.262
0.608
0.895
0.265
0.596
0.419
0.896
0.664
0.627
0.844
0.346
0.201
0.928
0.31
0.032
0.93
0.944
0.242
0.98
