0.585
0.637
0.925
0.308
0.577
0.931
0.869
0.004
0.657
0.211
0.407
0.242
0.24
0.336
0.427
0.317
0.489
0.353
0.109
0.468
0.132
0.993
0.52
0.834
0.484
0.325
0.256
0.749
0.866
0.131
0.789
0.69
0.641
0.862
0.749
0.296
0.783
0.412
0.461
0.855
0.83
0.13
0.032
0.171
0.989
0.684
0.474
0.75
0.917
0.105
0.943
0.808
0.715
0.384
0.089
0.495
0.881
0.557
0.904
0.666
0.774
0.215
0.609
0.011
0.405
0.073
0.967
0.158
0.543
0.356
0.52
0.314
0.662
0.734
0.662
0.484
0.152
0.031
0.764
0.31
0.476
0.286
0.313
0.703
0.734
0.959
0.63
0.281
0.938
0.732
0.304
0.585
0.285
0.426
0.415
0.278
0.818
0.402
0.011
0.414
0.136
0.614
0.992
0.144
0.275
0.318
0.857
0.062
0.508
0.606
0.25
0.19
0.997
0.154
0.163
0.239
0.669
0.324
0.316
0.425
0.636
0.109
0.871
0.158
0.594
0.87
0.655
0.452
0.466
0.016
0.436
0.486
0.994
0.552
0.254
0.793
0.434
0.291
0.873
0.818
0.073
0.311
0.566
0.956
0.039
0.815
0.079
0.955
0.607
0.058
0.373
0.922
0.99
0.786
0.504
0.095
0.255
0.185
0.626
0.522
0.817
0.816
0.05
0.537
0.159
0.561
0.989
0.299
0.638
0.946
0.908
0.734
0.021
0.714
0.445
0.14
0.118
0.236
0.609
0.921
0.948
0.763
0.571
0.934
0.128
0.446
0.338
0.758
0.234
0.719
0.126
0.755
0.676
0.089
0.934
0.606
0.738
0.076
0.101
0.439
0.318
0.74
0.008
0.742
0.146
0.371
0.766
0.76
0.804
0.711
0.26
0.245
0.422
0.254
0.233
0.981
0.712
0.326
0.231
0.444
0.736
0.14
0.908
0.357
0.857
0.886
0.583
0.624
0.157
0.165
0.166
0.576
0.396
0.425
0.25
0.274
0.739
0.033
0.329
0.447
0.952
0.668
0.406
0.594
0.424
0.572
0.94
0.32
0.348
0.406
0.455
0.469
0.276
0.043
0.698
0.431
0.478
0.42
0.8
0.027
0.842
0.993
0.921
0.695
0.625
0.192
0.307
0.338
0.349
0.149
0.568
0.727
0.502
0.192
0.897
0.79
0.634
0.776
0.587
0.78
0.001
0.63
0.747
0.189
0.271
0.874
0.203
0.945
0.506
0.759
0.94
0.464
0.125
0.706
0.18
0.355
0.376
0.489
0.815
0.685
0.656
0.857
0.572
0.332
0.595
0.543
0.331
0.144
0.198
0.456
0.046
0.238
0.736
0.816
0.684
0.159
0.879
0.87
0.711
0.165
0.411
0.125
0.321
0.492
0.487
0.337
0.43
0.505
0.098
0.41
0.353
0.379
0.324
0.063
0.052
0.563
0.646
0.667
0.548
0.528
0.928
0.952
0.693
0.422
0.634
0.686
0.701
0.706
0.982
0.79
0.296
0.997
0.22
0.963
0.417
0.895
0.353
0.24
0.412
0.047
0.968
0.693
0.175
0.184
0.628
0.888
0.819
0.599
0.98
0.757
0.486
0.057
0.746
0.374
0.803
0.222
0.551
0.378
0.797
0.578
0.094
0.113
0.241
0.515
0.566
0.877
0.922
0.429
0.273
0.253
0.032
0.086
0.895
0.629
0.133
0.089
0.196
0.608
0.13
0.179
0.17
0.79
0.81
0.529
0.838
0.056
0.142
0.659
0.757
0.074
0.059
0.973
0.286
0.878
0.365
0.615
0.705
0.56
0.757
0.292
0.967
0.154
0.288
0.099
0.027
0.945
0.774
0.139
0.152
0.866
0.354
0.113
0.801
0.189
0.559
0.745
0.434
0.852
0.552
0.39
0.227
0.198
0.162
0.232
0.279
0.706
0.766
0.847
0.236
0.485
0.815
0.615
0.449
0.283
0.294
0.201
0.388
0.142
0.292
0.157
0.022
0.934
0.878
0.457
0.672
0.705
0.348
0.152
0.595
0.217
0.624
0.952
0.281
0.295
0.37
0.805
0.956
0.362
0.487
0.613
0.484
0.796
0.251
0.304
0.555
0.178
0.544
0.149
0.209
0.131
0.785
0.46
0.467
0.573
0.161
0.691
0.166
0.147
0.79
0.908
0.764
0.249
0.652
0.77
0.141
0.057
0.642
0.593
0.695
0.013
0.745
0.753
0.694
0.8
0.122
0.655
0.315
0.022
0.741
0.105
0.487
0.437
0.146
0.011
0.52
0.722
0.853
0.362
0.219
0.256
0.269
0.543
0.352
0.659
0.095
0.555
0.224
0.066
0.046
0.727
0.357
0.683
0.559
0.98
0.846
0.009
0.3
0.939
0.957
0.897
0.118
0.117
0.112
0.253
0.072
0.411
0.206
0.587
0.781
0.521
0.55
0.592
0.075
0.589
0.507
0.554
0.45
0.648
0.919
0.019
0.938
0.964
0.014
0.657
0.107
0.728
0.814
0.628
0.287
0.401
0.176
0.647
0.415
0.506
0.503
0.297
0.999
0.086
0.672
0.262
0.242
0.656
0.455
0.03
0.651
0.974
0.637
0.165
0.189
0.458
0.079
0.74
0.555
0.325
0.113
0.309
0.535
0.739
0.829
0.034
0.189
0.274
0.469
0.625
0.102
0.415
0.221
0.25
0.462
0.496
0.633
0.693
0.572
0.428
0.335
0.229
0.631
0.096
0.346
0.608
0.421
0.08
0.266
0.384
0.228
0.72
0.721
0.402
0.514
0.044
0.549
0.108
0.236
0.686
0.939
0.926
0.874
0.779
0.642
0.111
0.906
0.539
0.49
0.735
0.383
0.428
0.285
0.94
0.659
0.809
0.109
0.543
0.504
0.022
0.116
0.298
0.408
0.463
0.631
0.063
0.319
0.295
0.247
0.088
0.013
0.536
0.705
0.891
0.701
0.945
0.051
0.212
0.097
0.096
0.446
0.673
0.51
0.133
0.445
0.105
0.173
0.725
0.609
0.006
0.264
0.203
0.276
0.398
0.498
0.449
0.916
0.854
0.817
0.256
0.715
0.02
0.235
0.773
0.386
0.204
0.027
0.064
0.17
0.265
0.005
0.534
0.465
0.567
0.121
0.396
0.256
0.551
0.159
0.703
0.732
0.719
0.801
0.846
0.91
0.669
0.503
0.18
0.471
0.602
0.28
0.288
0.523
0.652
0.474
0.991
0.974
0.664
0.922
0.771
0.957
0.254
0.068
0.669
0.938
0.598
0.812
0.551
0.867
0.736
0.494
0.565
0.842
0.102
0.162
0.609
0.755
0.362
0.018
0.914
0.962
0.551
0.286
0.159
0.883
0.022
0.675
0.254
0.521
0.582
0.792
0.478
0.884
0.977
0.383
0.732
0.192
0.68
0.123
0.689
0.543
0.459
0.4
0.182
0.27
0.724
0.075
0.47
0.003
0.257
0.553
0.566
1.0
0.765
0.884
0.04
0.49
0.188
0.994
0.32
0.354
0.307
0.949
0.712
0.507
0.589
0.866
0.99
0.267
0.522
0.661
0.721
0.942
0.743
0.817
0.234
0.994
0.142
0.186
0.29
0.417
0.698
0.738
0.536
0.526
0.096
0.228
0.229
0.794
0.656
0.218
0.926
0.913
0.867
0.051
0.563
0.618
0.867
0.466
0.49
0.725
0.465
0.233
0.686
0.122
0.383
0.361
0.642
0.57
0.193
0.052
0.73
0.82
0.65
0.581
0.567
0.269
0.692
0.112
0.583
0.763
0.738
0.193
0.935
0.248
0.351
0.692
0.829
0.23
0.217
0.989
0.016
0.473
0.132
0.313
0.011
0.881
0.11
0.08
0.797
0.908
0.301
0.443
0.834
0.109
0.163
0.1
0.24
0.142
0.598
0.733
0.45
0.076
0.453
0.546
0.063
0.432
0.962
0.065
0.17
0.01
0.394
0.881
0.52
0.227
0.495
0.278
0.763
0.491
0.255
0.767
0.933
0.987
0.406
0.279
0.786
0.77
0.782
0.543
0.74
0.43
0.926
0.836
0.828
0.057
0.56
0.329
0.189
0.6
0.361
0.762
0.552
0.555
0.254
0.111
0.997
0.353
0.234
0.264
0.442
0.833
0.271
0.416
0.539
0.629
0.605
0.728
0.659
0.829
0.077
0.248
0.39
0.407
0.721
0.052
0.001
0.309
0.254
0.421
0.018
0.71
0.003
0.838
0.61
0.866
0.161
0.03
0.158
0.62
0.097
0.75
0.05
0.136
0.57
0.026
0.377
0.279
0.488
0.294
0.693
0.185
0.826
0.146
0.856
0.232
0.853
0.444
0.78
0.945
0.277
0.499
0
0.95
0.786
0.205
0.887
