0.423
0.368
0.705
0.635
0.603
0.344
0.651
0.57
0.652
0.632
0.293
0.499
0.428
0.325
0.647
0.532
0.688
0.136
0.93
0.346
0.964
0.257
0.362
0.449
0.148
0.291
0.417
0.025
0.402
0.198
0.213
0.843
0.78
0.629
0.043
0.103
0.87
0.0
0.441
0.772
0.917
0.504
0.537
0.693
0.828
0.44
0.165
0.233
0.211
0.666
0.261
0.047
0.486
0.543
0.496
0.809
0.186
0.843
0.009
0.285
0.79
0.132
0.324
0.599
0.065
0.666
0.287
0.852
0.123
0.012
0.982
0.201
0.493
0.704
0.747
0.95
0.467
0.529
0.602
0.748
0.717
0.522
0.715
0.608
0.441
0.625
0.754
0.689
0.212
0.268
0.083
0.061
0.921
0.583
0.108
0.327
0.48
0.449
0.085
0.867
0.209
0.913
0.996
0.703
0.231
0.147
0.518
0.217
0.225
0.034
0.316
0.696
0.897
0.213
0.59
0.744
0.287
0.256
0.863
0.53
0.398
0.972
0.208
0.265
0.256
0.127
0.44
0.618
0.213
0.123
0.144
0.548
0.782
0.17
0.085
0.957
0.877
0.252
0.531
0.755
0.493
0.891
0.852
0.985
0.355
0.571
0.627
0.386
0.199
0.07
0.343
0.583
0.92
0.571
0.179
0.25
0.603
0.475
0.685
0.824
0.53
0.773
0.266
0.906
0.276
0.165
0.926
0.323
0.546
0.061
0.75
0.623
0.69
0.79
0.657
0.559
0.837
0.944
0.733
0.268
0.901
0.693
0.095
0.155
0.732
0.459
0.883
0.127
0.278
0.963
0.996
0.693
0.019
0.627
0.276
0.924
0.892
0.562
0.122
0.723
0.045
0.246
0.067
0.892
0.881
0.503
0.764
0.652
0.786
0.022
0.182
0.487
0.277
0.776
0.345
0.939
0.004
0.076
0.88
0.683
0.271
0.052
0.256
0.9
0.88
0.063
0.599
0.207
0.367
0.943
0.311
0.396
0.993
0.738
0.304
0.801
0.308
0.016
0.674
0.117
0.106
0.389
0.327
0.92
0.021
0.821
0.551
0.023
0.331
0.044
0.879
0.83
0.938
0.796
0.969
0.908
0.765
0.272
0.484
0.164
0.763
0.68
0.853
0.394
0.416
0.445
0.924
0.247
0.884
0.919
0.764
0.455
0.003
0.446
0.248
0.677
0.634
0.503
0.513
0.109
0.688
0.22
0.903
0.391
0.452
0.966
0.03
0.209
0.621
0.089
0.959
0.915
0.4
0.971
0.042
0.616
0.89
0.25
0.149
0.911
0.715
0.288
0.455
0.226
0.517
0.461
0.114
0.398
0.408
0.849
0.369
0.955
0.768
0.551
0.45
0.947
0.099
0.557
0.285
0.277
0.516
0.627
0.884
0.511
0.072
0.246
0.578
0.369
0.149
0.078
0.029
0.975
0.811
0.706
0.531
0.988
0.661
0.732
0.174
0.311
0.013
0.896
0.096
0.543
0.481
0.033
0.593
0.225
0.499
0.923
0.849
0.271
0.811
0.947
0.483
0.185
0.753
0.877
0.135
0.489
0.048
0.417
0.608
0.479
0.521
0.358
0.016
0.991
0.299
0.2
0.868
0.829
0.603
0.276
0.423
0.124
0.474
0.102
0.721
0.718
0.034
0.226
0.251
0.073
0.322
0.433
0.65
0.567
0.688
0.737
0.553
0.718
0.476
0.853
0.797
0.477
0.655
0.819
0.532
0.979
0.862
0.065
0.452
0.134
0.329
0.635
0.483
0.275
0.83
0.996
0.568
0.444
0.648
0.01
0.252
0.303
0.746
0.444
0.058
0.033
0.533
0.782
0.103
0.983
0.193
0.984
0.443
0.632
0.261
0.194
0.462
0.513
0.115
0.067
0.055
0.401
0.36
0.12
0.557
0.082
0.803
0.079
0.62
0.254
0.096
0.87
0.985
0.291
0.558
0.911
0.906
0.644
0.995
0.394
0.786
0.551
0.761
0.969
0.325
0.496
0.872
0.474
0.663
0.646
0.129
0.808
0.707
0.749
0.828
0.043
0.156
0.154
0.315
0.588
0.258
0.198
0.258
0.047
0.882
0.462
0.774
0.123
0.933
0.986
0.593
0.588
0.1
0.423
0.036
0.357
0.031
0.002
0.05
0.46
0.267
0.221
0.323
0.583
0.493
0.48
0.903
0.266
0.86
0.787
0.045
0.488
0.388
0.704
0.871
0.706
0.196
0.75
0.607
0.834
0.53
0.067
0.193
0.259
0.05
0.182
0.614
0.602
0.786
0.694
0.951
0.395
0.876
0.39
0.864
0.897
0.144
0.019
0.35
0.342
0.725
0.039
0.571
0.161
0.568
0.792
0.559
0.443
0.5
0.039
0.628
0.561
0.534
0.942
0.845
0.518
0.182
0.507
0.346
0.301
0.019
0.557
0.082
0.853
0.186
0.16
0.002
0.942
0.308
0.769
0.695
0.442
0.034
0.084
0.764
0.211
0.098
0.798
0.387
0.116
0.501
0.502
0.225
0.742
0.763
0.34
0.941
0.416
0.519
0.619
0.571
0.191
0.318
0.771
0.244
0.074
0.026
0.671
0.268
0.487
0.163
0.607
0.018
0.886
0.78
0.281
0.63
0.132
0.867
0.586
0.598
0.785
0.073
0.065
0.81
0.211
0.697
0.961
0.683
0.898
0.715
0.682
0.394
0.343
0.11
0.733
0.631
0.141
0.115
0.319
0.984
0.892
0.405
0.188
0.697
0.385
0.752
0.384
0.18
0.65
0.127
0.294
0.568
0.974
0.885
0.086
0.221
0.652
0.067
0.685
0.005
0.972
0.595
0.866
0.404
0.111
0.92
0.002
0.007
0.132
0.638
0.168
0.729
0.849
0.063
0.21
0.079
0.238
0.287
0.646
0.074
0.793
0.982
0.568
0.929
0.377
0.717
0.62
0.919
0.954
0.344
0.731
0.891
0.026
0.382
0.644
0
0.125
0.424
0.015
0.368
0.554
0.311
0.959
0.889
0.416
0.237
0.503
0.916
0.21
0.995
0.929
0.057
0.561
0.224
0.779
0.417
0.232
0.322
0.737
0.131
0.465
0.031
0.6
0.28
0.095
0.712
0.472
0.492
0.701
0.99
0.48
0.151
0.94
0.687
0.319
0.628
0.858
0.392
0.364
0.351
0.228
0.347
0.012
0.878
0.898
0.216
0.082
0.7
0.897
0.634
0.119
0.425
0.529
0.265
0.022
0.835
0.281
0.513
0.811
0.171
0.778
0.172
0.31
0.615
0.641
0.596
0.3
0.49
0.272
0.977
0.195
0.321
0.005
0.467
0.582
0.352
0.941
0.184
0.641
0.767
0.81
0.016
0.597
0.566
0.852
0.538
0.687
0.946
0.738
0.241
0.853
0.054
0.872
0.686
0.213
0.731
0.96
0.529
0.696
0.981
0.743
0.218
0.881
0.282
0.044
0.18
0.317
0.178
0.751
0.946
0.942
0.595
0.571
1.0
0.599
0.595
0.624
0.671
0.066
0.762
0.372
0.465
0.546
0.932
0.416
0.444
0.57
0.561
0.1
0.78
0.467
0.364
0.211
0.674
0.169
0.316
0.414
0.517
0.91
0.842
0.174
0.131
0.035
0.222
0.676
0.987
0.578
0.106
0.801
0.733
0.713
0.108
0.582
0.096
0.779
0.881
0.016
0.506
0.331
0.325
0.904
0.841
0.336
0.604
0.964
0.794
0.412
0.118
0.082
0.654
0.124
0.415
0.766
0.091
0.821
0.709
0.56
0.075
0.987
0.376
0.404
0.927
0.834
0.701
0.432
0.023
0.362
0.445
0.176
0.935
0.167
0.953
0.797
0.444
0.236
0.243
0.737
0.723
0.189
0.868
0.655
0.69
0.244
0.075
0
0.83
0.127
0.396
0.126
0.512
0.824
0.208
0.04
0.11
0.949
0.136
0.173
0.294
0.913
0.395
0.744
0.298
0.117
0.433
0.105
0.426
0.3
0.163
0.859
0.727
0.534
0.982
0.739
0.185
0.495
0.848
0.595
0.89
0.159
0.309
0.281
0.937
0.905
0.292
0.616
0.148
0.552
0.967
0.333
0.632
0.82
0.536
0.085
0.256
0.87
0.21
0.562
0.429
0.259
0.673
0.971
0.151
0.088
0.543
0.598
0.997
0.636
0.787
0.444
0.977
0.939
0.631
0.372
0.502
0.961
0.763
0.674
0.148
0.021
0.959
0.794
0.297
0.118
0.542
0.0
0.891
0.42
0.913
0.448
0.718
0.564
0.066
0.84
0.811
0.673
0.976
0.827
0.226
0.395
0.255
0.379
0.166
0.903
0.463
0.062
0.585
0.736
0.999
0.972
0.625
0.159
0.894
0.565
0.821
0.81
