0.101
0.258
0.658
0.556
0.533
0.682
0.27
0.21
0.568
0.399
0.851
0.283
0.749
0.165
0.253
0.299
0.583
0.158
0.405
0.533
0.467
0.389
0.556
0.688
0.811
0.902
0.568
0.437
0.431
0.908
0.01
0.29
0.631
0.07
0.747
0.489
0.631
0.187
0.586
0.814
0.882
0.471
0.399
0.16
0.867
0.037
0.838
0.175
0.681
0.299
0.31
0.72
0.522
0.547
0.863
0.284
0.626
0.732
0.184
0.107
0.966
0.525
0.707
0.366
0.769
0.917
0.376
0.518
0.78
0.345
0.534
0.275
0.006
0.824
0.215
0.861
0.601
0.892
0.009
0.594
0.001
0.302
0.483
0.393
0.234
0.884
0.87
0.792
0.898
0.614
0.374
0.705
0.925
0.052
0.167
0.389
0.605
0.242
0.617
0.893
0.745
0.262
0.482
0.324
0.29
0.28
0.864
0.041
0.026
0.346
0.903
0.528
0.07
0.833
0.547
0.2
0.193
0.085
0.133
0.249
0.89
0.389
0.923
0.556
0.565
0.543
0.55
0.38
0.819
0.969
0.056
0.1
0.744
0.766
0.981
0.729
0.041
0.228
0.663
0.78
0.208
0.688
0.167
0.138
0.486
0.946
0.906
0.169
0.17
0.11
0.838
0.317
0.511
0.687
0.502
0.488
0.697
0.499
0.663
0.309
0.823
0.946
0.38
0.057
0.056
0.451
0.224
0.189
0.701
0.772
0.14
0.647
0.253
0.086
0.228
0.794
0.92
0.456
0.217
0.19
0.004
0.139
0.843
0.83
0.864
0.333
0.167
0.315
0.818
0.525
0.56
0.644
0.577
0.472
0.857
0.916
0.45
0.112
0.441
0.798
0.526
0.899
0.244
0.085
0.7
0.43
0.667
0.9
0.54
0.605
0.436
0.237
0.553
0.27
0.224
0.323
0.974
0.073
0.637
0.176
0.834
0.635
0.636
0.048
0.708
0.273
0.088
0.653
0.639
0.928
0.908
0.088
0.102
0.636
0.253
0.089
0.982
0.232
0.547
0.876
0.106
0.995
0.32
0.915
0.171
0.736
0.504
0.225
0.673
0.524
0.429
0.216
0.847
0.992
0.49
0.008
0.92
0.974
0.395
0.425
0.176
0.243
0.765
0.789
0.329
0.198
0.954
0.31
0.935
0.961
0.798
0.024
0.099
0.239
0.696
0.35
0
0.658
0.224
0.756
0.32
0.393
0.685
0.116
0.541
0.498
0.955
0.423
0.275
0.588
0.714
0.178
0.311
0.813
0.022
0.889
0.863
0.464
0.441
0.974
0.936
0.848
0.995
0.039
0.839
0.181
0.742
0.119
0.975
0.052
0.638
0.502
0.321
0.719
0.568
0.728
0.839
0.836
0.998
0.496
0.618
0.544
0.598
0.906
0.048
0.523
0
0.129
0.494
0.055
0.407
0.993
0.999
0.196
0.503
0.808
0.03
0.684
0.649
0.085
0.269
0.781
0.0
0.091
0.375
0.453
0.663
0.313
0.542
0.063
0.269
0.272
0.718
0.755
0.96
0.335
0.556
0.501
0.357
0.343
0.973
0.918
0.879
0.856
0.826
0.725
0.542
0.786
0.735
0.631
0.424
0.128
0.326
0.286
0.598
0.072
0.06
0.45
0.682
0.013
0.148
0.799
0.176
0.317
0.935
0.701
0.142
0.384
0.67
0.092
0.736
0.742
0.448
0.221
0.733
0.539
0.599
0.244
0.284
0.469
0.284
0.17
0.195
0.388
0.582
0.971
0.93
0.016
0.206
0.561
0.069
0.022
0.097
0.771
0.361
0.523
0.821
0.024
0.737
0.688
0.502
0.676
0.996
0.228
0.768
0.184
0.052
0.063
0.232
0.168
0.854
0.262
0.626
0.44
0.795
0.833
0.653
0.118
0.259
0.752
0.676
0.893
0.696
0.793
0.953
0.425
0.854
0.026
0.496
0.402
0.76
0.292
0.996
0.878
0.802
0.322
0.962
0.577
0.037
0.001
0.916
0.684
0.8
0.638
0.163
0.356
0.159
0.771
0.695
0.602
0.436
0.903
0.515
0.532
0.808
0.337
0.98
0.218
0.486
0.208
0.327
0.264
0.821
0.059
0.66
0.934
0.099
0.213
0.865
0.047
0.872
0.128
0.77
0.458
0.58
0.944
0.492
0.032
0.43
0.497
0.007
0.681
0.194
0.664
0.631
0.193
0.699
0.803
0.388
0.966
0.481
0.646
0.079
0.948
0.912
0.893
0.165
0.536
0.237
0.246
0.171
0.939
0.018
0.198
0.847
0.788
0.128
0.329
0.374
0.638
0.272
0.523
0.781
0.118
0.001
0.976
0.143
0.769
0.091
0.35
0.278
0.261
0.395
0.2
0.691
0.255
0.835
0.069
0.531
0.631
0.881
0.216
0.266
0.046
0.074
0.759
0.558
0.696
0.907
0.797
0.753
0.786
0.856
0.004
0.955
0.945
0.118
0.075
0.413
0.641
0.905
0.404
0.313
0.287
0.263
0.562
0.737
0.033
0.855
0.654
0.481
0.093
0.32
0.592
0.358
0.28
0.697
0.199
0.569
0.866
0.576
0.841
0.432
0.167
0.81
0.522
0.501
0.609
0.538
0.559
0.16
0.099
0.3
0.978
0.671
0.528
0.763
0.749
0.951
0.219
0.052
0.05
0.073
0.781
0.813
0.767
0.039
0.333
0.69
0.895
0.182
0.223
0.617
0.007
0.002
0.398
0.829
0.849
0.287
0.389
0.003
0.076
0.915
0.229
0.935
0.804
0.627
0.323
0.416
0.471
0.156
0.38
0.665
0.636
0.739
0.047
0.774
0.275
0.237
0.415
0.388
0.404
0.106
0.296
0.972
0.28
0.497
0.535
0.454
0.754
0.541
0.751
0.057
0.281
0.27
0.59
0.918
0.529
0.84
0.934
0.54
0.203
0.024
0.691
0.859
0.775
0.096
0.079
0.557
0.171
0.304
0.114
0.86
0.727
0.741
0.737
0.604
0.985
0.552
0.225
0.389
0.793
0.468
0.92
0.695
0.94
0.271
0.561
0.152
0.191
0.131
0.05
0.397
0.639
0.489
0.553
0.469
0.985
0.965
0.904
0.541
0.213
0.849
0.39
0.794
0.007
0.112
0.448
0.825
0.654
0.827
0.186
0.299
0.312
0.671
0.294
0.809
0.315
0.544
0.082
0.321
0.804
0.491
0.408
0.59
0.364
0.531
0.67
0.366
0.562
0.916
0.259
0.842
0.647
0.673
0.769
0.412
0.302
0.535
0.644
0.143
0.566
0.923
0.784
0.745
0.114
0.507
0.461
0.354
0.39
0.714
0.179
0.836
0.393
0.816
0.507
0.212
0.877
0.192
0.871
0.913
0.024
0.933
0.758
0.353
0.899
0.507
0.384
0.8
0.47
0.82
0.934
0.57
0.014
0.352
0.267
0.363
0.999
0.809
0.546
0.002
0.973
0.478
0.251
0.362
0.927
0.029
0.107
0.479
0.921
0.798
0.45
0.236
0.788
0.188
0.901
0.622
0.742
0.181
0.49
0.174
0.785
0.759
0.456
0.917
0.746
0.799
0.295
0.934
0.292
0.866
0.296
0.123
0.513
0.759
0.091
0.937
0.161
0.901
0.386
0.415
0.007
0.98
0.991
0.769
0.477
0.755
0.09
0.575
0.142
0.2
0.895
0.75
0.688
0.14
0.162
0.746
0.107
0.827
0.593
0
0.364
0.604
0.614
0.911
0.153
0.591
0.035
0.87
0.789
0.76
0.198
0.355
0.181
0.217
0.538
0.104
0.499
0.044
0
0.964
0.762
0.458
0.226
0.904
0.471
0.096
0.602
0.905
0.55
0.42
0.212
0.203
0.256
0.926
0.66
0.472
0.969
0.769
0.596
0.414
0.605
0.741
0.258
0.473
0.621
0.887
0.836
0.973
0.74
0.206
0.953
0.174
0.012
0.455
0.152
0.046
0.344
0.164
0.883
0.16
0.153
0.916
0.876
0.103
0.67
0.58
0.512
0.556
0.741
0.613
0.548
0.587
0.368
0.134
0.506
0.266
0.734
0.683
0.256
0.237
0.002
0.384
0.191
0.404
0.537
0.383
0.145
0.124
0.477
0.947
0.713
0.532
0.948
0.843
0.68
0.448
0.392
0.012
0.734
0.48
0.499
0.057
0.28
0.999
0.618
0.948
0.245
0.903
0.313
0.969
0.728
0.046
0.699
0.551
0.452
0.69
0.746
0.844
0.169
0.701
0.299
0.106
0.295
0.457
0.575
0.756
0.425
0.414
0.855
0.027
0.273
0.358
0.635
0.624
0.209
0.236
0.364
0.151
0.619
0.753
0.288
0.058
0.225
0.626
0.684
0.58
0.324
0.702
0.512
