0.856
0.572
0.239
0.535
0.767
0.467
0.01
0.283
0.645
0.117
0.292
0.277
0.471
0
0.436
0.938
0.257
0.072
0.072
0.133
0.832
0.863
0.075
0.704
0.298
0.944
0.152
0.768
0.286
0.977
0.927
0.86
0.151
0.982
0.347
0.714
0.489
0.351
0.078
0.618
0.285
0.482
0.501
0.402
0.191
0.696
0.178
0.418
0.857
0.999
0.366
0.288
0.183
0.554
0.297
0.675
0.042
0.741
0.294
0.256
0.519
0.294
0.5
0.277
0.832
0.866
0.729
0.802
0.083
0.741
0.164
0.422
0.167
0.614
0.832
0.547
0.524
0.867
0.851
0.871
0.835
0.062
0.937
0.698
0.963
0.994
0.444
0.656
0.739
0.529
0.287
0.889
0.644
0.589
0.985
0.055
0.996
0.36
0.129
0.407
0.029
0.899
0.803
0.044
0.702
0.015
0.117
0.466
0.626
0.065
0.382
0.587
0.402
0.041
0
0.261
0.44
0.229
0.254
0.526
0.072
0.679
0.011
0.149
0.721
0.761
0.297
0.973
0.51
0.673
0.487
0.831
0.805
0.205
0.362
0.753
0.981
0.083
0.88
0.092
0.588
0.635
0.447
0.241
0.546
0.583
0.02
0.809
0.473
0.708
0.591
0.529
0.885
0.852
0.067
0.2
0.542
0.125
0.094
0.655
0.158
0.272
0.811
0.799
0.686
0.795
0.899
0.764
0.963
0.462
0.881
0.57
0.275
0.406
0.134
0.203
0.313
0.767
0.406
0.792
0.954
0.209
0.655
0.881
0.424
0.592
0.067
0.216
0.272
0.992
0.242
0.544
0.905
0.048
0.517
0.854
0.932
0.695
0.069
0.39
0.067
0.089
0.971
0.509
0.642
0.802
0.807
0.952
0.56
0.779
0.312
0.698
0.061
0.023
0.144
0.042
0.406
0.377
0.524
0.378
0.524
0.214
0.806
0.262
0.518
0.365
0.359
0.974
0.152
0.964
0.057
0.957
0.491
0.008
0.588
0.763
0.59
0.387
0.725
0.424
0.527
0.276
0.695
0.904
0.412
0.811
0.478
0.684
0.205
0.954
0.769
0.784
0.593
0.373
0.552
0.253
0.866
0.002
0.317
0.42
0.474
0.603
0.508
0.36
0.752
0.651
0.58
0.502
0.373
0.53
0.643
0.195
0.609
0.147
0.35
0.578
0.33
0.509
0.868
0.524
0.815
0.763
0.753
0.707
0.45
0.244
0.124
0.817
0.407
0.925
0.842
0.847
0.186
0.737
0.862
0.981
0.863
0.643
0.988
0.501
0.899
0.192
0.506
1.0
0.375
0.043
0.603
0.271
0.4
0.512
0.352
0.184
0.591
0.265
0.88
0.711
0.649
0.291
0.853
0.143
0.042
0.581
0.53
0.522
0.541
0.219
0.433
0.95
0
0.855
0.988
0.6
0.642
0.716
0.274
0.475
0.698
0.327
0.828
0.579
0.644
0.683
0.22
0.83
0.586
0.764
0.158
0.745
0.459
0.593
0.896
0.649
0.898
0.498
0.854
0.952
0.549
0.649
0.878
0.493
0.539
0.851
0.151
0.251
0.019
0.083
0.164
0.357
0.691
0.492
0.049
0.926
0.422
0.766
0.719
0.882
0.742
0.468
0.515
0.244
0.378
0.435
0.476
0.297
0.286
0.81
0.885
0.76
0.108
0.741
0.823
0.939
0.179
0.407
0.492
0.22
0.507
0.847
0.241
0.79
0.649
0.405
0.722
0.899
0.985
0.75
0.128
0.063
0.84
0.128
0.858
0.84
0.896
0.71
0.254
0.234
0.611
0.918
0.95
0.215
0.319
0.783
0.869
0.341
0.448
0.774
0.854
0.782
0.801
0.532
0.896
0.183
0.457
0.87
0.305
0.241
0.32
0.538
0.26
0.298
0.671
0.642
0.222
0.902
0.811
0.014
0.338
0.64
0.081
0.239
0.962
0.056
0.225
0.106
0.615
0.982
0.068
0.682
0.845
0.035
0.243
0.47
0.053
0.655
0.617
0.142
0.064
0.761
0.926
0.256
0.981
0.07
0.158
0.776
0.993
0.825
0.683
0.308
0.395
0.301
0.032
0.014
0.126
0.83
0.089
0.449
0.191
0.494
0.387
0
0.465
0.455
0.168
0.558
0.783
0.243
0.43
0.414
0.173
0.107
0.538
0.609
0.626
0.615
0.666
0.28
0.611
0.271
0.665
0.381
0.443
0.579
0.868
0.638
0.913
0.063
0.099
0.382
0.419
0.55
0.082
0.755
0.488
0.176
0.356
0.941
0.049
0.019
0.453
0.431
0.769
0.45
0.962
0.606
0.497
0.864
0.097
0.52
0.397
0.476
0.951
0.362
0.475
0.005
0.221
0.234
0.176
0.131
0.02
0.823
0.915
0.134
0.773
0.733
0.58
0.645
0.77
0.414
0.897
0.498
0.204
0.007
0.871
0.58
0.262
0.022
0.332
0.913
0.943
0.113
0.7
0.826
0.279
0.319
0.291
0.782
0.363
0.645
0.765
0.19
0.42
0.044
0.291
0.695
0.435
0.596
0.762
0.291
0.006
0.578
0.941
0.863
0.875
0.964
0.615
0.885
0.999
0.035
0.081
0.727
0.034
0.277
0.269
0.845
0.655
0.956
0.215
0.126
0.773
0.148
0.165
0.862
0.246
0.13
0.969
0.873
0.545
0.429
0.348
0.452
0.796
0.291
0.875
0.308
0.139
0.11
0.882
0.93
0.989
0.046
0.265
0.369
0.273
0.337
0.478
0.535
0.677
0.419
0.835
0.191
0.05
0.714
0.476
0.064
0.704
0.61
0.551
0.948
0.931
0.738
0.823
0.066
0.175
0.728
0.505
0.909
0.693
0.873
0.135
0.495
0.431
0.645
0.575
0.363
0.344
0.592
0.55
0.945
0.709
0.788
0.094
0.783
0.478
0.523
0.342
0.044
0.233
0.416
0.988
0.033
0.101
0.178
0.125
0.228
0.217
0.574
0.421
0.536
0.187
0.024
0.915
0.684
0.401
0.271
0.817
0.612
0.96
0.853
0.666
0.76
0.837
0.858
0.972
0
0.582
0.637
0.42
0.954
0.835
0.399
0.537
0.915
0.74
0.744
0.192
0.546
0.766
0.863
0.71
0.162
0.426
0.588
0.909
0.755
0.598
0.199
0.51
0.003
0.626
0.043
0.102
0.026
0.985
0.321
0.285
0.098
0.308
0.617
0.458
0.253
0.987
0.524
0.587
0.311
0.421
0.104
0.836
0.04
0.083
0.619
0.205
0.835
0.5
0.343
0.2
0.724
0.747
0.665
0.787
0.784
0.865
0.299
0.147
0.807
0.857
0.31
0.592
0.653
0.605
0.541
0.313
0.43
0.089
0.748
0.621
0.677
0.122
0.166
0.695
0.394
0.211
0.972
0.896
0.694
0.289
0.544
0.913
0.284
0.492
0.003
0.699
0.012
0.273
0.642
0.508
0.67
0.428
0.766
0.498
0.381
0.429
0.469
0.717
0.788
0.768
0.65
0.789
0.847
0.153
0.823
0.327
0.56
0.949
0.376
0.946
0.914
0.164
0.189
0.274
0.965
0.281
0.602
0.418
0.479
0.657
0.729
0.127
0.272
0.685
0.799
0.652
0.316
0.729
0.955
0.621
0.688
0
0.021
0.047
0.585
0.58
0.002
0.667
0.855
0.668
0.313
0.076
0.083
0.265
0.656
0.815
0.725
0.9
0.122
0.74
0.986
0.909
0.873
0.728
0.94
0.173
0.424
0.552
0.619
0.204
0.822
0.418
0.024
0.819
0.676
0.753
0.367
0.179
0.957
0.071
0.506
0.06
0.817
0.887
0.806
0.921
0.541
0.1
0.609
0.049
0.825
0.558
0.812
0.355
0.564
0.76
0.547
0.319
0.764
0.848
0.463
0.953
0.693
0.733
0.105
0.038
0.248
0.962
0.724
0.998
0.209
0.379
0.217
0
0.294
0.135
0.198
0.186
0.824
0.81
0.647
0.172
0.069
0.667
0.576
0.956
0.415
0.124
0.016
0.655
0.691
0.304
0.857
0.917
0.713
0.673
0.561
0.466
0.012
0.444
0.54
0.259
0.133
0.161
0.055
0.039
0.475
0.993
0.504
0.896
0.205
0.965
0.131
0.784
0.873
0.439
0.813
0.767
0.104
0.584
0.457
0.752
0.283
0.541
0.037
0.119
0.114
0.409
0.559
0.377
0.036
0.696
0.74
0.303
0.564
0.645
0.282
0.908
0.474
0.274
0.842
0.618
0.714
0.452
0.319
0.459
0.517
0.548
0.09
0.979
0.913
0.542
0.482
0.229
0.182
0.265
0.929
0.276
0.606
0.257
0.338
0.608
0.973
0.391
0.374
