0.773
0.077
0.227
0.098
0.698
0.92
0.27
0.522
0.91
0.511
0.961
0.687
0.313
0.478
0.933
0.859
0.61
0.233
0.673
0.67
0.369
0.759
0.202
0.96
0.034
0.287
0.429
0.202
0.958
0.435
0.649
0.871
0.359
0.384
0.056
0.05
0.732
0.595
0.831
0.317
0.676
0.655
0.706
0.829
0.16
0.378
0.224
0.461
0.685
0.913
0.882
0.286
0.212
0.194
0.313
0.312
0.255
0.934
0.085
0.343
0.957
0.866
0.835
0.875
0.081
0.011
0.964
0.979
0.405
0.929
0.711
0.045
0.871
0.236
0.665
0.226
0.183
0.911
0.012
0.108
0.794
0.915
0.224
0.784
0.948
0.131
0.617
0.171
0.333
0.826
0.264
0.012
0.532
0.096
0.203
0.743
0.545
0.773
0.16
0.171
0.818
0.537
0.916
0.355
0.723
0.838
0.33
0.311
0.572
0.737
0.749
0.992
0.279
0.327
0.064
0.005
0.829
0.344
0.585
0.506
0.342
0.099
0.535
0.681
0.126
0.559
0.813
0.725
0.907
0.355
0.924
0.523
0.995
0.425
0.522
0.083
0.436
0.059
0.036
0.293
0.463
0.161
0.232
0.379
0.646
0.14
0.177
0.269
0.381
0.697
0.821
0.876
0.316
0.407
0.498
0.91
0.177
0.266
0.408
0.724
0.675
0.992
0.346
0.363
0.87
0.462
0.727
0.075
0.482
0.914
0.935
0.608
0.216
0.918
0.288
0.653
0.831
0.476
0.085
0.041
0.23
0.365
0.296
0.796
0.81
0.358
0.393
0.704
0.355
0.555
0.221
0.571
0.395
0.35
0.689
0.922
0.465
0.308
0.679
0.219
0.848
0.353
0.793
0.674
0.003
0.219
0.899
0.839
0.559
0.753
0.261
0.105
0.497
0.971
0.02
0.595
0.988
0.708
0.362
0.914
0.694
0.147
0.704
0.153
0.672
0
0.964
0.593
0.01
0.414
0.645
0.367
0.531
0.678
0.845
0.468
0.945
0.643
0.591
0.323
0.581
0.251
0.436
0.819
0.705
0.649
0.453
0.683
0.106
0.431
0.991
0.033
0.973
0.137
0.339
0
0.641
0.939
0.692
0.984
0.339
0.873
0.735
0.516
0.117
0.087
0.057
0.895
0.397
0.931
0.402
0.635
0.614
0.817
0.873
0.534
0.359
0.162
0.795
0.62
0.423
0
0.27
0.056
0
0.969
0.848
0.995
0.907
0.675
0.158
0.202
0.608
0.511
0.792
0.366
0.818
0.931
0.073
0.052
0.335
0.749
0.673
0.692
0.182
1.0
0.907
0.968
0.953
0.593
0.633
0.91
0.959
0.935
0.136
0.766
0.64
0.803
0.911
0.303
0.869
0.875
0.316
0.597
0.888
0.359
0.174
0.448
0.722
0.865
0.057
0.639
0.58
0.766
0.024
0.418
0.437
0.802
0.586
0.121
0.77
0.81
0.639
0.731
0.446
0.955
0.73
0.481
0.241
0.412
0.284
0.607
0.234
0.703
0.678
0.38
0.099
0.243
0.759
0.065
0.037
0.246
0.983
0.523
0.919
0.468
0.881
0.961
0.679
0.516
0.202
0.825
0.257
0.772
0.748
0.916
0.652
0.3
0.674
0.405
0.247
0.318
0.104
0.01
0.457
0.695
0.85
0.868
0.492
0.617
0.878
0.898
0.478
0.63
0.876
0.805
0.895
0.4
0.208
0.219
0.359
0.687
0.196
0.173
0.719
0.189
0.848
0.426
0.918
0.591
0.256
0.772
0.277
0.537
0.99
0.793
0.467
0.622
0.098
0.617
0.791
0.307
0.155
0.586
0.78
0.565
0.674
0.241
0.264
0.102
0.92
0.337
0.998
0.185
0.519
0.589
0.771
0.736
0.069
0.007
0.063
0.53
0.961
0.028
0.622
0.735
0.145
0.712
0.232
0.286
0.244
0.829
0.943
0.335
0.776
0.717
0.892
0.651
0.01
0.484
0.065
0.63
0.723
0.9
0.459
0.058
0.252
0.748
0.854
0.712
0.871
0.593
0.7
0.405
0.343
0.067
0.544
0.36
0.719
0.629
0.249
0.594
0.613
0.676
0.54
0.678
0.662
0.253
0.559
0.29
0.91
0.918
0.222
0.27
0.329
0.15
0.584
0.678
0.889
0.172
0.098
0.773
0.382
0.253
0.426
0.159
0.791
0.974
0.629
0.336
0.235
0.033
0.319
0.094
0.979
0.34
0.026
0.463
0.19
0.571
0.046
0.428
0.049
0.816
0.247
0.89
0.321
0.273
0.469
0.358
0.901
0.991
0.432
0.649
0.29
0.549
0.115
0.845
0.751
0.957
0.694
0.201
0.689
0.426
0.442
0.501
0.774
0.882
0.888
0.354
0.013
0.579
0.994
0.651
0.099
0.285
0
0.428
0.122
0.887
0.181
0.859
0.219
0.828
0.414
0.686
0.674
0.274
0.278
0.928
0.052
0.107
0.85
0.5
0.185
0.522
0.689
0.348
0.156
0.108
0.085
0.501
0.924
0.427
0.027
0.478
0.949
0.402
0.906
0.193
0.504
0.84
0.956
0.217
0.15
0.637
0.444
0.452
0.153
0.659
0.32
0.928
0.8
0.77
0.467
0.459
0.768
0.989
0.293
0.511
0.195
0.217
0.822
0.027
0.802
0.298
0.982
0.207
0.717
0.6
0.823
0.147
0.511
0.349
0.153
0.874
0.427
0.872
0.167
0.113
0.567
0.74
0.309
0
0.364
0.435
0.745
0.709
0.725
0.867
0.914
0.516
0.467
0.555
0.289
0.356
0.824
0.011
0.247
0.09
0.675
0.761
0.396
0.207
0.778
0.211
0.707
0.766
0.577
0.293
0.741
0.904
0.456
0.37
0.452
0.044
0.978
0.355
0.285
0.697
0.354
0.679
0.573
0.776
0.529
0.796
0.433
0.083
0.64
0.518
0.548
0.601
0.746
0.321
0.67
0.215
0.93
0.496
0.366
0.774
0.705
0.105
0.086
0.136
0.239
0.279
0.949
0.103
0.369
0.662
0.292
0.408
0.348
0.934
0.87
0.444
0.636
0.773
0.957
0.423
0.504
0.132
0.858
0.909
0.008
0.904
0.799
0.73
0.349
0.01
0.113
0.562
0.888
0.193
0.812
0.665
0.619
0.697
0.459
0.261
0.457
0.972
0.045
0.48
0.372
0.612
0.556
0.407
0.412
0.408
0.086
0.507
0.173
0.915
0.28
0.709
0.671
0.039
0.811
0.957
0.52
0.541
0.096
0.665
0.599
0.785
0.162
0.971
0.499
0.928
0.515
0.094
0.787
0.767
0.529
0.485
0.696
0.738
0
0.801
0.494
0.004
0.724
0.895
0.247
0.077
0.19
0.619
0.556
0.511
0.158
0.589
0.087
0.881
0.73
0.49
0.076
0.622
0.291
0.905
0.43
0.454
0.784
0.199
0.121
0.551
0.312
0.567
0.102
0.033
0.551
0.009
0.393
0.493
0.96
0.957
0.153
0.742
0.504
0.883
0.355
0.116
0.816
0.458
0.701
0.204
0.653
0.623
0.471
0.176
0.532
0.182
0.793
0.85
0.096
0.923
0.796
0.75
0.099
0.349
0.383
0.154
0.609
0.164
0.738
0.645
0.785
0.832
0.148
0.947
0.192
0.796
0.44
0.556
0.749
0.499
0.611
0.287
0.928
0.942
0.164
0.27
0.824
0.171
0.547
0.888
0.841
0.674
0.327
0.903
0.901
0.446
0.06
0.526
0.078
0.776
0.25
0.372
0.831
0.039
0.942
0.974
0.846
0.639
0.749
0.096
0.993
0.989
0.238
0.757
0.714
0.168
0.802
0.803
0.079
0.662
0.686
0.874
0.59
0.153
0.173
0.991
0.18
0.576
0.212
0.336
0.012
0.097
0.084
0.665
0.714
0.401
0.338
0.363
0.009
0.073
0.439
0.713
0.907
0.913
0.654
0.137
0.014
0.926
0.446
0.699
0.39
0.972
0.991
0.407
0.444
0.99
0.944
0.111
0.168
0.422
0.964
0.339
0.034
0.516
0.641
0.856
0.106
0.872
0.104
0.017
0.968
0.361
0.353
0.219
0.25
0.42
0.472
0.156
0.233
0.17
0.474
0.398
0.047
0.926
0.167
0.427
0.107
0.858
0.02
0.294
0.506
0.641
0.467
0.92
0.281
0.274
0.615
0.074
0.356
0.101
0.332
0.891
0.405
0.046
0.769
0.747
0.709
0.709
0.35
0.184
0.154
0.941
0.278
0.986
0.472
0.19
0.387
0.967
0.714
0.007
0.555
0.662
0.154
0.786
0.478
0.254
0.111
0.043
0.891
0.401
0.963
0.777
0.449
0.297
