0.834
0.307
0.645
0.708
0.167
0.272
0.337
0.931
0.978
0.213
0.885
0.261
0.395
0.027
0.955
0.182
0.368
0.048
0.436
0.599
0.352
0.681
0.861
0.865
0.236
0.585
0.038
0.178
0.109
0.168
0.523
0.994
0.384
0.013
0.698
0.919
0.294
0.053
0.876
0.555
0.068
0.334
0.59
0.846
0.947
0.095
0.69
0.491
0.551
0.669
0.829
0.073
0.02
0.045
0.402
0.193
0.888
0.5
0.16
0.933
0.798
0.146
0.126
0.191
0.722
0.56
0.099
0.259
0.422
0.377
0.085
0.204
0.374
0.046
0.062
0.453
0.49
0.03
0.557
0.086
0.416
0.283
0.279
0.904
0.566
0.183
0.332
0.532
0.639
0.688
0.735
0.867
0.81
0.942
0.606
0.145
0.652
0.588
0.315
0.254
0
0.554
0.532
0.559
0.081
0.776
0.824
0.769
0.784
0.689
0.041
0.981
0.271
0.218
0.492
0.739
0.833
0.52
0.932
0.749
0.184
0.862
0.615
0.128
0.292
0.544
0.207
0.481
0.225
0.408
0.476
0.707
0.266
0.225
0.553
0.17
0.227
0.231
0.393
0.436
0.049
0.351
0.97
0.794
0.082
0
0.739
0.358
0.629
0.062
0.845
0.068
0.22
0.787
0.138
0.112
0.086
0.553
0.672
0.461
0.97
0.907
0.294
0.865
0.389
0.72
0.698
0.318
0.308
0.073
0.104
0.065
0.508
0.726
0.681
0.032
0.65
0.483
0.308
0.805
0.14
0.909
0.629
0.924
0.5
0.655
0.625
0.691
0.955
0.134
0.449
0.502
0.442
0.283
0.907
0.487
0.399
0.944
0.129
0.934
0.055
0.437
0.895
0.547
0.032
0.638
0.75
0.278
0.441
0.694
0.23
0.583
0.292
0.454
0.488
0.018
0.586
0.125
0.562
0.627
0.727
0.608
0.721
0.44
0.641
0.251
0.191
0.177
0.87
0.02
0.008
0.727
0.757
0.144
0.737
0.438
0.297
0.733
0.554
0.591
0.094
0.411
0.969
0.079
0.254
0.223
0.479
0.018
0.85
0.316
0.116
0.845
0.985
0.13
0.935
0.549
0.383
0.231
0.772
0.216
0.734
0.227
0.382
0.72
0.641
0.485
0.564
0.622
0.454
0.2
0.949
0.177
0.282
0.044
0.483
0.548
0.376
0.731
0.059
0.059
0.887
0.341
0.505
0.929
0.143
0.568
0.262
0.916
0.665
0.311
0.626
0.511
0.472
0.638
0.568
0.622
0.093
0.621
0.863
0.94
0.644
0.878
0.404
0.849
0.531
0.245
0.774
0.833
0.821
0.373
0.263
0.881
0.986
0.486
0.583
0.786
0.807
0.576
0.753
0.966
0.622
0.851
0.537
0.011
0.9
0.41
0.713
0.1
0.574
0.802
0.534
0.728
0.093
0.772
0.895
0.226
0.543
0.691
0.713
0.29
0.163
0.194
0.058
0.736
0.626
0.075
0.587
0.724
0.451
0.449
0.876
0.247
0.457
0.846
0.79
0.837
0.914
0.468
0.023
0.544
0.512
0.64
0.832
0.492
0.399
0.245
0.895
0.144
0.316
0.238
0.778
0.547
0.085
0.61
0.511
0.25
0.479
0.12
0.475
0.264
0.905
0.326
0.251
0.476
0.441
0.365
0.988
0.684
0.875
0.807
0.933
0.112
0.408
0.047
0.694
0.208
0.557
0.292
0.14
0.933
0.416
0.074
0.895
0.709
0.722
0.42
0.624
0.335
0.744
0.966
0.658
0.604
0.714
0.23
0.511
0.899
0.335
0.599
0.871
0.196
0.621
0.206
0.302
0.434
0.54
0.851
0.522
0.143
0.258
0.373
0.017
0.252
0.941
0.27
0.188
0.888
0.966
0.165
0.341
0.839
0.484
0.713
0.086
0.04
0.46
0.071
0.857
0.63
0.987
0.63
0.609
0.843
0.175
0.06
0.685
0.315
0.559
0.774
0.35
0.856
0.707
0.532
0.505
0.832
0.095
0.628
0.672
0.119
0.569
0.895
0.425
0.181
0.02
0.628
0.636
0.772
0.61
0.641
0.518
0.01
0.72
0.15
0.131
0.882
0.698
0.001
0.7
0.211
0.878
0.488
0.156
0.754
0.952
0.818
0.838
0.403
0.77
0.569
0.726
0.391
0.312
0.712
0.698
0.925
0.126
0.994
0.15
0.604
0.386
0.006
0.248
0.261
0.577
0.027
0.166
0.91
0.328
0.303
0.421
0.421
0.701
0.675
0.511
0.952
0.101
0.644
0.862
0.786
0.356
0.252
0.607
0.271
0.186
0.366
0.142
0.044
0.039
0.033
0.075
0.985
0.96
0.873
0.791
0.081
0.301
0.652
0.697
0.165
0.455
0.956
0.778
0.181
0.554
0.623
0.524
0.158
0.829
0.551
0.542
0.41
0.554
0.408
0.535
0.408
0.08
0.777
0.443
0.773
0.259
0.65
0.327
0.777
0.803
0.759
0.516
0.57
0.355
0.866
0.206
0.175
0.586
0.099
0.035
0.009
0.811
0.002
0.981
0.528
0.441
0.834
0.778
0.881
0.318
0.892
0.432
0.074
0.131
0.836
0.087
0.721
0.153
0.692
0.333
0.033
0.933
0.739
0.241
0.999
0.152
0.523
0.379
0.409
0.991
0.375
0.071
0.08
0.45
0.6
0.33
0.956
0.694
0.926
0.455
0.613
0.606
0.823
0.908
0.297
0.747
0.384
0.749
0.214
0.662
0.418
0.571
0.005
0.19
0.973
0.197
0.939
0.448
0.024
0.118
0.477
0.822
0.92
0.099
0.296
0.07
0.022
0.672
0.752
0.6
0.558
0.944
0.617
0.325
0.434
0.988
0.516
0.229
0.587
0.679
0.201
0.249
0.071
0.462
0.154
0.663
0.706
0.792
0.792
0.463
0.647
0.355
0.8
0.97
0.63
0.556
0.523
0.23
0.853
0.371
0.419
0.516
0.806
0.631
0.219
0.309
0.014
0.738
0.841
0.926
0.346
0.338
0.332
0.47
0.862
0.554
0.667
0.141
0.044
0.705
0.184
0.532
0.102
0.97
0.292
0.323
0.37
0.696
0.945
0.659
0.532
0.616
0.919
0.387
0.891
0.147
0.761
0.057
0.366
0.484
0.549
0.469
0.853
0.514
0.097
0.98
0.996
0.978
0.444
0.453
0.842
0.142
0.857
0.116
0.123
0.657
0.509
0.777
0.755
0.844
0.254
0.742
0.186
0.374
0.545
0.098
0.503
0.729
0.476
0.186
0.888
0.966
0.844
0.419
0.829
0.769
0.313
0.247
0.557
0.081
0.635
0.153
0.029
0.184
0.316
0.045
0.739
0.376
0.47
0.036
0.607
0.848
0.269
0.576
0.969
0.827
0.669
0.571
0.893
0.68
0.132
0.539
0.524
0.279
0.957
0.643
0.45
0.043
0.63
0.929
0.639
0.186
0.247
0.965
0.972
0.755
0.129
0.431
0.227
0.677
0.468
0.739
0.433
0.548
0.341
0.807
0.906
0.165
0.56
0.258
0.149
0.075
0.574
0.308
0.896
0.129
0.637
0.679
0.743
0.468
0.213
0.704
0.847
0.784
0.926
0.91
0.713
0.596
0.198
0.194
0.443
0.044
0.246
0.665
0.806
0.585
0.262
0.151
0.854
0.909
0.216
0.228
0.318
0.553
0.522
0.031
0.377
0.834
0.266
0.625
0.15
0.113
0.921
0.821
0.635
0.299
0.752
0.429
0.752
0.721
0.449
0.444
0.999
0.938
0.18
0.228
0.125
0.996
0.767
0.652
0.85
0.973
0.261
0.751
0.782
0.143
0.221
0.919
0.724
0.035
0.224
0.959
0.393
0.347
0.762
0.503
0.511
0.426
0.849
0.854
0.605
0.828
0.667
0.003
0.671
0.22
0.168
0.371
0.382
0.021
0.011
0.12
0.206
0.461
0.151
0.167
0.543
0
0.293
0.615
0.399
0.16
0.299
0.087
0.896
0.186
0.379
0.772
0.573
0.677
0.338
0.957
0.379
0.267
0.649
0.377
0.079
0.689
0.349
0.504
0.272
0.922
0.851
0.647
0.053
0.41
0.217
0.313
0.367
0.722
0.991
0.214
0.603
0.947
0.021
0.848
0.805
0.746
0.195
0.442
0.813
0
0.152
0.461
0.861
0.201
0.743
0.223
0.54
0.16
0.529
0.984
0.214
0.658
0.368
0.162
0.66
0.759
0.648
0.258
0.866
0.607
0.921
0.729
0.048
0.057
0.936
0.762
0.918
0.073
0.603
0.496
0.152
0.987
0.991
0.314
0.68
0.531
0.989
0.112
0.097
0.579
0.46
0.755
0.231
0.16
0.441
