0.943
0.179
0.33
0.98
0.543
0.351
0.95
0.987
0
0.639
0.026
0.631
0.385
0.984
0.409
0.507
0.594
0.072
0.321
0.496
0.81
0.258
0.57
0.09
0.984
0.386
0.641
0.242
0.4
0.53
0.553
0.951
0.012
0.986
0.087
0.698
0.445
0.955
0.031
0.015
0.681
0.539
0.064
0.517
0.376
0.148
0.639
0.213
0.811
0.342
0.45
0.868
0.309
0.87
0.655
0.469
0.777
0.567
0.305
0.938
0.414
0.818
0.973
0.821
0.604
0.219
0.362
0.753
0.441
0.617
0.619
0.077
0.097
0.242
0.624
0.337
0.519
0.008
0.724
0.095
0.638
0.153
0.144
0.973
0.74
0.767
0.386
0.781
0.105
0.31
0.67
0.893
0.288
0.989
0.505
0.678
0.857
0.568
0.831
0.655
0.94
0.508
0.431
0.169
0.805
0.163
0.744
0.537
0.582
0.503
0.418
0.107
0.365
0.532
0.222
0.91
0.424
0.42
0.093
0.079
0.574
0.749
0.474
0.622
0.8
0.509
0.731
0.583
0.405
0.84
0.775
0.716
0.658
0.955
0.598
0.168
0.315
0.457
0.796
0.52
0.894
0.406
0.542
0.719
0.652
0.821
0.269
0.238
0.098
0.616
0.533
0.188
0.38
0.958
0.947
0.158
0.738
0.493
0.601
0.407
0.129
0.569
0.855
0.016
0.263
0.96
0.086
0.718
0.1
0.351
0.771
0.466
0.991
0.239
0.033
0.205
0.579
0.929
0.905
0.489
0.501
0.402
0.536
0.964
0.102
0.745
0.699
0.177
0.284
0.861
0.007
0.675
0.376
0.305
0.464
0.267
0.932
0.994
0.763
0.576
0.106
0.515
0.857
0.751
0.445
0.74
0.347
0.832
0.169
0.764
0.324
0.383
0.108
0.122
0.955
0.268
0.597
0.801
0.981
0.455
0.596
0.573
0.859
0.003
0.825
0.609
0.469
0.151
0.548
0.907
0.382
0.099
0.82
0.077
0.544
0.221
0.553
0.495
0.092
0.475
0.779
0.146
0.319
0.218
0.742
0.706
0.739
0.34
0.423
0.958
0.944
0.148
0.961
0.998
0.691
0.498
0.62
0.299
0.161
0.569
0.957
0.684
0.384
0.895
0.033
0.5
0.49
0.732
0.165
0.681
0.184
0.121
0.085
0.648
0.991
0.566
0.434
0.668
0.218
0.201
0.307
0.341
0.896
0.126
0.757
0.298
0.782
0.919
0.153
0.841
0.963
0.409
0.078
0.102
0.748
0.397
0.031
0.752
0.865
0.276
0.86
0.802
0.053
0.941
0
0.119
0.659
0.774
0.913
0.344
0.806
0.355
0.041
0.976
0.629
0.065
0.294
0.283
0.632
0.241
0.377
0.672
0.753
0.574
0.918
0.698
0.558
0.63
0.04
0.586
0.114
0.329
0.761
0.12
0.759
0.106
0.707
0.377
0.102
0.182
0.372
0.657
0
0.122
0.336
0.537
0.938
0.016
0.479
0.917
0.175
0.567
0.154
0.018
0.297
0.481
0.624
0.781
0.012
0.836
0.141
0.495
0.111
0.601
0.029
0.498
0.517
0.123
0.921
0.294
0.993
0.954
0.885
0.883
0.486
0.343
0.954
0.146
0.768
0.874
0.369
0.784
0.232
0.393
0.088
0.35
0.18
0.655
0.538
0.999
0.935
0.938
0.944
0.323
0.34
0.871
0.749
0.489
0.731
0.002
0.343
0.82
0.06
0.604
0.882
0.316
0.724
0.97
0.628
0.113
0.348
0.04
0.896
0.84
0.452
0.14
0.183
0.768
0.62
0.441
0.528
0.451
0.896
0.88
0.916
0.446
0
0.552
0.208
0.411
0.061
0.567
0.615
0.096
0.048
0.097
0.949
0.354
0.344
0.326
0.053
0.349
0.487
0.08
0.245
0.63
0.674
0.339
0.098
0.594
0.693
0.611
0.992
0.513
0.325
0.892
0.014
0.328
0.799
0.415
0.927
0.022
0.729
0.125
0.789
0.545
0.181
0.729
0.17
0.148
0.619
0.443
0.104
0.907
0.596
0.528
0.409
0.551
0.08
0.913
0.873
0.321
0.227
0.123
0.664
0.138
0.363
0.738
0.358
0.427
0.006
0.353
0.523
0.89
0.744
0.944
0.9
0.296
0.193
0.546
0.67
0.451
0.917
0.689
0.641
0.258
0.363
0.805
0.225
0.669
0.62
1.0
0.701
0.928
0.29
0.958
0.165
0.899
0.359
0.549
0.142
0.545
0.981
0.505
0.469
0.465
0.945
0.995
0.306
0.27
0.408
0.199
0.078
0.975
0.262
0.399
0.291
0.873
0.175
0.904
0.585
0.586
0.13
0.003
0.273
0.102
0.092
0.436
0.228
0.255
0.578
0.599
0.001
0.169
0.514
0.798
0.174
0.747
0.314
0.124
0.559
0.153
0.932
0.105
0.379
0.859
0.182
0.226
0.245
0.368
0.449
0.755
0.965
0.762
0.547
0.859
0.88
0.719
0.026
0.998
0.797
0.418
0.773
0.555
0.003
0.249
0.868
0.455
0.51
0.024
0.753
0.503
0.195
0.354
0.947
0.629
0.517
0.313
0.865
0.323
0.918
0.092
0.951
0.958
0.259
0.34
0.923
0.947
0.455
0.251
0.045
0.961
0.155
0.81
0.813
0.964
0.374
0.546
0.195
0.506
0.631
0.454
0.38
0.879
0.486
0.261
0.485
0.638
0.626
0.173
0.906
0.487
0.454
0.427
0.138
0.216
0.419
0.769
0.874
0.708
0.987
0.011
0.892
0.555
0.803
0.381
0.642
0.251
0.696
0.576
0.706
0.651
0.362
0.814
0.57
0.633
0.781
0.733
0.237
0.658
0.181
0.626
0.373
0.333
0.414
0.879
0.946
0.724
0.012
0.362
0.178
0.488
0.201
0.108
0.007
0.244
0.734
0.045
0.166
0.171
0.455
0.562
0.248
0.757
0.287
0.956
0.508
0.452
0.26
0.233
0.851
0.776
0.869
0.152
0.859
0.397
0.953
0.815
0.431
0.954
0.796
0.126
0.049
0.143
0.856
0.988
0.635
0.831
0.213
0.855
0.368
0.935
0.938
0.271
0.946
0.336
0.947
0.423
0.406
0.027
0.3
0.217
0.373
0
0.945
0.814
0.455
0.215
0.791
0.979
0.89
0.271
0.532
0.463
0.503
0.403
0.327
0.514
0.462
0.229
0.537
0.648
0.669
0.406
0.635
0.802
0.15
0.165
0.837
0.853
0.881
0.144
0.596
0.492
0.433
0.545
0.289
0.707
0.816
0.807
0.801
0.982
0.24
0.45
0.516
0.604
0.406
0.685
0.346
0.474
0.791
0.838
0.172
0.852
0.736
0.757
0.629
0.59
0.975
0.858
0.092
0.476
0.928
0
0.129
0.87
0.72
0.314
0.67
0.547
0.829
0.128
0.204
0.867
0.991
0.921
0.58
0.201
0.823
0.045
0.813
0.592
0.085
0.238
0.234
0.313
0.425
0.975
0.541
0.216
0.904
0.795
0.896
0.405
0.458
0.042
0.106
0.385
0.854
0.697
0.833
0.412
0.98
0.2
0.122
0.302
0.103
0.379
0.369
0.574
0.722
0.54
0.956
0.298
0.443
0.625
0.612
0.311
0.807
0.512
0.634
0.886
0.606
0.168
0.839
0.486
0.019
0.239
0.488
0.455
0.938
0.373
0.395
0.113
0.994
0.656
0.002
0.939
0.099
0.368
0.522
0.59
0.128
0.628
0.932
0.816
0.245
0.519
0.842
0.467
0.44
0.138
0.421
0.105
0.541
0.014
0.508
0.14
0.765
0.094
0.178
0.753
0.182
0.553
0.455
0.729
0.615
0.888
0.916
0.805
0.783
0.103
0.766
0.733
0.598
0.219
0.758
0.065
0.925
0.766
0.386
0.156
0.532
0.431
0
0.732
0.9
0.454
0.168
0.937
0.886
0.372
0.708
0.422
0.149
0.82
0.01
0.317
0.9
0.677
0.862
0.398
0.777
0.579
0.226
0.876
0.386
0.009
0.71
0.367
0.801
0.618
0.967
0.018
0.82
0.247
0.389
0.11
0.86
0.22
0.038
0.92
0.612
0.107
0.005
0.678
0.807
0.956
0.393
0.11
0.915
0.571
0.68
0.873
0.43
0.768
0.565
0.955
0.457
0.402
0.284
0.031
0.106
0.923
0.05
0.985
0.322
0.08
0.401
0.441
0.79
0.551
0.053
0.622
0.06
0.655
0.665
0.815
0.067
0.882
0.213
0.257
0.322
0.385
0.667
0.397
0.267
0.563
0.169
0.762
0.79
0.401
0.768
0.926
0.139
0.458
0.433
0.685
0.031
0.571
