0.107
0.886
0.935
0.652
0.884
0.452
0.153
0.844
0.637
0.612
0.31
0.632
0.713
0.481
0.225
0.758
0.532
0.914
0.207
0.088
0.461
0.482
0.702
0.041
0.764
0.143
0.697
0.336
0.795
0.076
0.594
0.301
0.0
0.92
0.306
0.235
0.9
0.243
0.867
0.595
0.015
0.004
0.297
0.202
0.144
0.449
0.359
0.405
0.654
0.173
0.4
0.537
0.469
0.054
0.112
0.632
0.41
0.648
0.983
0.562
0.191
0.553
0.188
0.058
0.154
0.54
0.226
0.187
0.994
0.453
0.716
0.153
0.038
0.172
0.997
0.186
0.73
0.099
0.924
0.147
0.263
0.664
0.081
0.269
0.111
0.736
0.723
0.618
0.108
0.876
0.258
0.192
0.737
0.154
0.804
0.304
0.236
0.308
0.434
0.382
0.921
0.85
0.024
0.98
0.594
0.992
0.968
0.757
0.178
0.809
0.672
0.112
0.295
0.338
0.437
0.565
0.847
0.467
0.009
0.256
0.809
0.231
0.881
0.669
0.115
0
0.058
0.754
0.209
0.243
0.852
0.616
0.056
0.431
0.002
0.038
0.913
0.756
0.643
0.505
0.566
0.637
0.903
0.26
0.2
0.157
0.267
0.997
0.711
0.878
0.014
0.991
0.038
0.987
0.182
0.175
0.002
0.37
0.561
0.795
0.187
0.62
0.6
0.95
0.637
0.225
0.481
0.116
0.076
0.858
0.134
0.76
0.823
0.413
0.12
0.079
0.607
0.603
0.994
0.556
0.37
0.227
0.709
0.622
0.025
0.254
0.901
0.284
0.376
0.694
0.866
0.013
0.026
0.339
0.861
0.802
0.038
0.212
0.911
0.729
0.287
0.517
0.11
0.216
0.667
0.339
0.303
0.571
0.04
0.455
0.166
0.547
0.972
0.313
0.473
0.808
0.368
0.486
0.13
0.791
0.049
0.449
0.691
0.874
0.86
0.716
0.021
0.616
0.952
0.88
0.138
0.845
0.328
0.053
0.033
0.247
0.392
0.503
0.527
0.128
0.186
0
0.553
0.396
0.495
0.992
0.313
0.11
0.322
0.643
0.67
0.766
0.202
0.565
0.787
0.699
0.502
0.363
0.685
0.004
0.905
0.738
0.364
0.15
0.526
0.246
0.231
0.749
0.668
0.737
0.366
0.419
0.03
0.659
0.05
0.769
0.341
0.841
0.501
0.734
0.078
0.988
0.263
0.26
0.073
0.931
0.848
0.045
0.293
0.249
0.171
0.263
0.601
0.732
0.662
0.192
0.732
0.349
0.586
0.031
0.489
0.987
0.392
0.819
0.449
0.385
0.193
0.084
0.705
0.277
0.108
0.724
0.75
0.87
0.021
0.098
0.89
0.642
0.122
0.051
0.581
0.777
0.615
0.186
0.829
0.121
0.291
0.127
0.472
0.15
0.757
0.363
0.336
0.798
0.466
0.799
0.392
0.593
0.757
0.352
0.295
0.64
0.361
0.872
0.213
0.389
0.416
0.42
0.644
0.374
0.24
0.92
0.626
0.997
0.114
0.132
0.364
0.079
0.381
0.26
0.158
0.867
0.673
0.581
0.543
0.828
0.474
0.892
0.002
0.768
0.371
0.514
0.923
0.757
0.855
0.588
0.047
0.243
0.473
0.424
0.983
0.491
0.15
0.84
0.06
0.668
0.239
0.189
0.68
0.283
0.232
0.729
0.73
0.301
0.316
0.13
0.178
0.211
0.876
0.042
0.352
0.561
0.637
0.784
0.641
0.581
0.161
0.869
0.539
0.204
0.599
0.302
0.583
0.318
0.749
0.994
0.63
0.324
0.964
0.489
0.644
0.349
0.491
0.858
0.523
0.617
0.212
0.571
0.549
0.8
0.877
0.56
0.424
0.474
0.571
0.377
0.474
0.079
0.513
0.459
0.18
0.855
0.967
0.175
0.561
0.987
0.52
0.655
0.295
0.715
0.923
0.759
0.052
0.918
0.027
0.618
0.88
0.961
0.921
0.267
0.628
0.713
0.416
0.043
0.795
0.076
0.601
0.734
0.444
0.063
0.119
0.495
0.5
0.305
0.12
0.706
0.505
0.979
0.555
0.5
0.636
0.151
0.41
0.812
0.413
0.217
0.791
0.658
0.697
0.542
0.684
0.506
0.374
0.531
0.642
0.387
0.688
0.097
0.261
0.54
0.564
0.811
0.98
0.952
0.279
0.719
0.492
0.147
0.076
0.393
0.148
0.259
0.542
0.158
0.413
0.983
0.446
0.267
0.879
0.854
0.123
0.375
0
0.746
0.278
0.125
0.147
0.902
0.53
0.137
0.323
0.846
0.146
0.15
0.368
0.81
0.611
0.444
0.45
0.816
0.714
0.597
0.415
0.947
0.721
0.999
0.469
0.023
0.416
0.943
0.703
0.053
0.749
0.223
0.108
0.144
0.555
0.453
0.861
0.107
0.834
0.138
0.673
0.016
0.541
0.975
0.329
0.094
0.387
0.637
0.693
0.765
0.911
0.219
0.392
0.94
0.936
0.382
0.255
0.121
0.141
0.051
0.721
0.847
0.926
0.541
0.269
0.357
0.208
0.461
0.722
0.679
0.876
0.5
0.506
0.029
0.998
0.344
0.856
0.746
0.141
0.505
0.834
0.329
0.811
0.943
0.103
0.42
0.527
0.623
0.98
0.342
0.229
0.983
0.749
0.512
0.051
0.004
0.794
0.12
0.453
0.018
0.61
0.666
0.772
0.698
0.587
0.259
0.228
0.198
0.53
0.328
0.027
0.214
0.864
0.812
0.366
0.184
0.528
0.898
0.463
0.501
0.777
0.11
0.217
0.088
0.065
0.398
0.588
0.888
0.465
0.554
0.879
0.082
0.895
0.246
0.301
0.637
0.154
0.05
0.193
0.284
0.905
0.136
0.292
0.451
0.686
0.004
0.029
0.823
0.182
0.345
0.714
0.309
0.196
0.853
0.026
0.05
0.293
0.394
0.391
0.778
0.726
0.165
0.432
0.77
0.04
0.3
0.271
0.162
0.274
0.857
0.394
0.35
0.185
0.563
0.694
0.649
0.819
0.16
0.91
0.497
0.604
0.327
0.417
0.919
0.181
0.08
0.73
0.781
0.773
0.025
0.426
0.091
0.777
0.724
0.493
0.129
0.848
0.079
0.202
0.445
0.975
0.919
0.952
0.599
0.103
0.552
0.727
0.452
0.738
0.999
0.38
0.759
0.742
0.794
0.149
0.847
0.849
0.691
0.703
0.3
0.338
0.895
0.222
0.47
0.187
0.422
0.748
0.595
0.104
0.699
0.384
0.366
0.337
0.314
0.062
0.251
0.373
0.887
0.025
0.7
0.001
0.747
0.589
0.26
0.858
0.642
0.393
0.475
0.431
0.915
0.38
0.508
0.573
0.524
0.569
0.078
0.318
0.003
0.499
0.887
0
0.049
0.215
0.819
0.167
0.15
0.58
0.716
0.615
0.551
0.906
0.541
0.205
0.786
0.379
0.094
0.809
0.993
0.908
0.87
0.086
0.882
0.01
0.517
0.011
0.279
0.548
0.796
0.301
0.214
0.056
0.029
0.167
0.954
0.188
0.237
0.662
0.22
0.919
0.668
0.3
0.575
0.773
0.593
0.228
0.195
0.233
0.267
0.651
0.182
0.427
0.245
0.008
0.16
0.145
0.724
0.816
0.741
0.906
0.492
0.201
0.348
0.775
0.062
0.915
0.246
0.39
0.156
0.43
0.235
0.088
0.772
0.579
0.836
0.719
0.573
0.143
0.066
0.103
0.102
0.827
0.135
0.295
0.316
0.815
0.151
0.61
0.653
0.434
0.424
0.744
0.488
0.55
0.378
0.29
0.913
0.64
0.476
0.25
0.8
0.023
0.605
0.703
0.478
0.731
0.159
0.795
0.48
0.069
0.995
0.068
0.531
0.918
0.794
0.744
0.773
0.583
0.948
0.744
0.189
0.426
0.996
0.444
0.335
0.594
0.968
0.497
0.562
0.542
0.391
0.875
0.85
0.236
0.874
0.287
0.601
0.263
0.182
0.941
0.793
0.814
0.767
0.885
0.313
0.109
0.179
0.794
0.851
0.893
0.928
0.335
0.045
0.181
0.513
0.452
0.128
0.704
0.445
0.117
0.979
0.272
0.252
0.015
0.791
0.356
0.649
0.386
0.692
0.857
0.008
0.697
0.734
0
0.886
0.981
0.826
0.71
0.642
0.054
0.608
0.446
0.936
0.974
0.718
0.884
0.589
0.875
0.774
0.79
0.205
0.26
0.224
0.356
0.369
0.771
0.708
0.392
0.246
0.603
0.299
0.328
0.189
0.492
0.497
0.453
0.894
0.135
0.876
0.644
0.781
0.572
0.825
0.358
0.624
0.656
0.358
0.156
0.266
