0.105
0.322
0.262
0.928
0.7
0.834
0.159
0.477
0.771
0.828
0.927
0.867
0.811
0.494
0.566
0.127
0.732
0.033
0.382
0.417
0.496
0.208
0.347
0.072
0.524
0.875
0.634
0.18
0.738
0.634
0.158
0.894
0.34
0.116
0.908
0.767
0.797
0.97
0.653
0.22
0.209
0.164
0.756
0.967
0.071
0.053
0.689
0.872
0.961
0.398
0.555
0.731
0.286
0.951
0.215
0.613
0.272
0.944
0.377
0.382
0.748
0.802
0.754
0.032
0.522
0.475
0.284
0.515
0.351
0.749
0.893
0.286
0.242
0.404
0.901
0.036
0.19
0.346
0.212
0.717
0
0.111
0.384
0.204
0.366
0.018
0.755
0.874
0.03
0.788
0.467
0.033
0.523
0.637
0.423
0.428
0.261
0.904
0.855
0.501
0.167
0.534
0.599
0.153
0.477
0.468
0.806
0.197
0.267
0.602
0.999
0.965
0.782
0.793
0.332
0.024
0.922
0.137
0.219
0.107
0.374
0.266
0.133
0.533
0.557
0.342
0.125
0.881
0.653
0.612
0.935
0.02
0.166
0.04
0.048
0.152
0.392
0.378
0.029
0.599
0.642
0.646
0.047
0.326
0.239
0.115
0.809
0.416
0.374
0.635
0.458
0.395
0.811
0.995
0.334
0.896
0.906
0.41
0.023
0.362
0.274
0.133
0.081
0.633
0.602
0.567
0.364
0.804
0.647
0.15
0.558
0.779
0.927
0.957
0.53
0.566
0.216
0.577
0.886
0.971
0.463
0.476
0.738
0.517
0.367
0.288
0.566
0.64
0.708
0.928
0.535
0.353
0.373
0.249
0.213
0.516
0.12
0.787
0.421
0.971
0.112
0.159
0.602
0.032
0.178
0.694
0.806
0.787
0.72
0.537
0.113
0.233
0.034
0.892
0.511
0.06
0.321
0.655
0.906
0.771
0.057
0.506
0.943
0.15
0.012
0.995
0.898
0.585
0.689
0.646
0.679
0.133
0.006
0.281
0.488
0.513
0.474
0.909
0.803
0.884
0.119
0.856
0.828
0.214
0.372
0.43
0.658
0.684
0.764
0.411
0.171
0.287
0.199
0.252
0.755
0.704
0.194
0.03
0.696
0.912
0.649
0.228
0.59
0.473
0.791
0.814
0.821
0.857
0.571
0.385
0.116
0.976
0.457
0.984
0.108
0.807
0.589
0.727
0.582
0.333
0.251
0.654
0.536
0.195
0.12
0.332
0.134
0.53
0.959
0.475
0.168
0.285
0.062
0.738
0.43
0.803
0.914
0.264
0.063
0.295
0.706
0.677
0.998
0.382
0.238
0.24
0.916
0.588
0.668
0.948
0.938
0.869
0.907
0.253
0.683
0.32
0.042
0.469
0.93
0.994
0.345
0.8
0.96
0.711
0.532
0.365
0.817
0.442
0.632
0.617
0.236
0.297
0.948
0.355
0.713
0.578
0.825
0.396
0.243
0.312
0.309
0.69
0.134
0.987
0.332
0.7
0.543
0.327
0.753
0.023
0.872
0.077
0.993
0.278
0.558
0.281
0.673
0.831
0.89
0.208
0.5
0.734
0.171
0.091
0.422
0.992
0.588
0.484
0.624
0.609
0.872
0.663
0.706
0.682
0.992
0.535
0.438
0.395
0.35
0.348
0.931
0.788
0.013
0.181
0.508
0.077
0.851
0.026
0.513
0.339
0.966
0.791
0.445
0.124
0.012
0.188
0.504
0.141
0.352
0.1
0.163
0.078
0.024
0.99
0.862
0.098
0.249
0.997
0.877
0.968
0.241
0.764
0
0.452
0.171
0.251
0.258
0.448
0.24
0.668
0.365
0.639
0.764
0.826
0.262
0.548
0.01
0.834
0.807
0.744
0.311
0.783
0.199
0.187
0.346
0.437
0.894
0.892
0.179
0.132
0.591
0.22
0.982
0.123
0.037
0.59
0.178
0.726
0.855
0.152
0.588
0.541
0.08
0.978
0.359
0.141
0.172
0.899
0.628
0.962
0.34
0.366
0.414
0.445
0.302
0.244
0.594
0.359
0.654
0.089
0.805
0.851
0.619
0.196
0.764
0.794
0.663
0.277
0.052
0.198
0.222
0.726
0.731
0.674
0.298
0.006
0.901
0.51
0.762
0.242
0.749
0.447
0.915
0.861
0.818
0.704
0.915
0.222
0.087
0.253
0.399
0.082
0.045
0.79
0.347
0.662
0.011
0.503
0.795
0.159
0.585
0.929
0.405
0.04
0.043
0.381
0.862
0.105
0.47
0.755
0.355
0.064
0.999
0.844
0.402
0.887
0.392
0.527
0.149
0.767
0.828
0.626
0.838
0.002
0.823
0.908
0.071
0.65
0.498
0.778
0.944
0.816
0.989
0.404
0.846
0.538
0.29
0.409
0.865
0.37
0.474
0.442
0.071
0.032
0.625
0.377
0.572
0.957
0.072
0.031
0.852
0.532
0.789
0.973
0.704
0.31
0.697
0.385
0.633
0.839
0.882
0.73
0.84
0.431
0.731
0.944
0.401
0.859
0.13
0.754
0.267
0.29
0.121
0.815
0.387
0.715
0.996
0.774
0.412
0.367
0.908
0.195
0.377
0.626
0.211
0.708
0.562
0.587
0.924
0.879
0.866
0.302
0.843
0.274
0.392
0.705
0.423
0.417
0.631
0.422
0.283
0.06
0.565
0.69
0.661
0.94
0.463
0.383
0.829
0.353
0.141
0.923
0.111
0.453
0.976
0.76
0.987
0.023
0.419
0.808
0.751
0.824
0.049
0.212
0.79
0.121
0.995
0.038
0.13
0.497
0.413
0.93
0.816
0.128
0.4
0.487
0.526
0.728
0.51
0.644
0.424
0.525
0.568
0.474
0.777
0.824
0.837
0.5
0.016
0.101
0.633
0.373
0.0
0.801
0.458
0.376
0.735
0.377
0.815
0.999
0.698
0.372
0.79
0.016
0.562
0.487
0.256
0.734
0.398
0.354
0.745
0.26
0.804
0.794
0.065
0.283
0.181
0.698
0.286
0.03
0.207
0.977
0.524
0.673
0.426
0.684
0.539
0.253
0.069
0.194
0.051
0.216
0.876
0.688
0.701
0.702
0.5
0.339
0.961
0.352
0.597
0.202
0.142
0.416
0.419
0.193
0.743
0.939
0.91
0.491
0.179
0.634
0.081
0.803
0.32
0.154
0.713
0.024
0.313
0.421
0.598
0.879
0.284
0.641
0.774
0.986
0.128
0.088
0.278
0.499
0.047
0.15
0.542
0.027
0.201
0.878
0.547
0.994
0.942
0.03
0.295
0.933
0.825
0.98
0.015
0.706
0.356
0.22
0.745
0.817
0.014
0.138
0.391
0.408
0.041
0.713
0.764
0.5
0.377
0.849
0.858
0.951
0.522
0.606
0.869
0.148
0.2
0.662
0.2
0.971
0.761
0.67
0.839
0.961
0.487
0.664
0.641
0.847
0.594
0.323
0.249
0.49
0.253
0.412
0.731
0.829
0.38
0.839
0.511
0.607
0.661
0.663
0.04
0.743
0.904
0.122
0.228
0.644
0.713
0.702
0.873
0.376
0.109
0.93
0.88
0.089
0.807
0.31
0.194
0.495
0.964
0.296
0.798
0.877
0.513
0.373
0.633
0.175
0.337
0.689
0
0.251
0.863
0.742
0.76
0.415
0.414
0.186
0.459
0.112
0.813
0.934
0.527
0.395
0.152
0.367
0.82
0.036
0.28
0.534
0.283
0.407
0.965
0.846
0.673
0.684
0.144
0.834
0.559
0.59
0.079
0.504
0.439
0.136
0.795
0.69
0.348
0.247
0.612
0.138
0.26
0.725
0.729
0.12
0.72
0.08
0.003
0.592
0.003
0.667
0.755
0.008
0.585
0.238
0.959
0.661
0.486
0.2
0.715
0.177
0.004
0.072
0.311
0.347
0.369
0.877
0.959
0.027
0.831
0.884
0.147
0.52
0.821
0.123
0.597
0.168
0.691
0.713
0.115
0.474
0.023
0.111
0.222
0.506
0.397
0.454
0.417
0.883
0.883
0.851
0.117
0.819
0.613
0.063
0.732
0.789
0.191
0.186
0.522
0.754
0.706
0.58
0.198
0.697
0.703
0.748
0.995
0.96
0.974
0.768
0.862
0.517
0.924
0.9
0.011
0.908
0.249
0.767
0.204
0.827
0.652
0.251
0.339
0.409
0.319
0.699
0.589
0.873
0.706
0.467
0.677
0.579
0.883
0.039
0.608
0.035
0.75
0.921
0.713
0.962
0.008
0.302
0.923
0.49
0.677
0.76
0.413
0.685
0.298
0.769
0.179
0.39
0.748
0.823
0.634
0.738
0.878
0.431
0.591
0.555
0.427
0.373
0.84
0.258
0.371
0.692
0.429
0.142
0.669
0.326
