0.017
0.07
0.172
0.406
0.646
0.933
0.607
0.823
0.561
0.999
0.219
0.349
0.591
0.802
0.384
0.36
0.636
0.331
0.087
0.908
0.222
0.469
0.178
0.351
0.256
0.833
0.391
0.236
0.317
0.099
0.596
0.089
0.348
0.297
0.219
0.897
0.332
0.472
0.622
0.566
0.823
0.137
0.621
0.827
0.122
0.462
0.784
0.708
0.308
0.698
0.701
0.329
0.119
0.162
0.242
0.088
0.636
0.899
0.661
0.905
0.36
0.693
0.248
0.474
0.65
0.552
0.978
0.266
0.152
0.928
0.42
0.697
0.661
0.559
0.23
0.267
0.312
0.475
0.968
0.519
0.825
0.441
0.259
0.38
0.54
0.007
0.239
0.764
0.067
0.496
0.441
0.672
0.059
0.234
0.541
0.44
0.426
0.28
0.952
0.647
0.085
0.452
0.049
0.839
0.97
0.331
0.786
0.596
0.961
0.239
0.003
0.156
0.739
0.466
0.886
0.04
0.974
0.682
0.025
0.994
0.516
0.011
0.936
0.143
0.615
0.427
0.756
0.855
0.788
0.468
0.349
0.208
0.011
0.287
0.979
0.29
0.034
0.478
0.811
0.235
0.901
0.171
0.331
0.214
0.37
0.715
0.616
0.932
0.795
0.033
0.384
0.336
0.985
0.011
0.851
0.596
0.778
0.843
0.044
0.061
0.021
0.08
0.16
0.961
0.732
0.581
0.47
0.925
0.915
0.643
0.504
0.945
0.058
0.413
0.516
0.248
0.897
0.154
0.067
0.65
0.279
0.258
0.268
0.669
0.441
0.689
0.963
0.271
0.309
0.386
0.417
0.555
0.439
0.822
0.857
0.634
0.101
0.588
0.612
0.663
0.486
0.88
0.436
0.18
0.341
0.071
0.56
0.83
0.243
0.254
1.0
0.106
0.199
0.027
0.719
0.408
0.595
0.513
0.143
0.238
0.916
0.364
0.159
0.447
0.238
0.089
0.309
0.187
0.763
0.807
0.122
0.488
0.529
0.872
0.7
0.089
0.103
0.325
0.839
0.329
0.255
0.576
0.262
0.426
0.55
0.204
0.38
0.965
0.41
0.154
0.411
0.733
0.69
0.46
0.787
0.553
0.716
0.768
0.736
0.14
0.482
0.797
0.107
0.207
0.468
0.118
0.102
0.111
0.963
0.727
0.256
0.953
0.462
0.055
0.213
0.939
0.156
0.253
0.678
0.913
0.562
0.209
0.472
0.993
0.053
0.213
0.362
0.823
0.024
0.629
0.268
0.0
0.868
0.263
0.594
0.963
0.687
0.505
0.083
0.598
0.559
0.153
0.425
0.613
0.08
0.812
0.208
0.673
0.554
0.229
0.307
0.624
0.119
0.538
0.754
0.599
0.599
0.659
0.646
0.813
0.843
0.249
0.492
0.034
0.204
0.526
0.404
0.129
0.075
0.259
0.71
0.591
0.412
0.748
0.788
0.269
0.367
0.41
0.868
0.629
0.768
0.91
0.292
0.702
0.394
0.272
0.462
0.705
0.572
0.042
0.207
0.891
0.766
0.815
0.921
0.481
0.412
0.287
0.124
0.776
0.936
0.186
0.364
0.751
0.1
0.04
0.309
0.499
0.274
0.7
0.843
0.022
0.358
0.496
0.271
0.494
0.359
0.35
0.456
0.84
0.782
0.365
0.699
0.794
0.299
0.284
0.221
0.046
0.881
0.845
0.674
0.803
0.266
0.654
0.714
0.659
0.291
0.877
0.736
0.318
0.608
0.734
0.057
0.498
0.669
0.025
0.716
0.777
0.471
0.811
0.705
0.871
0.153
0.939
0.149
0.426
0.301
0.745
0.868
0.514
0.806
0.876
0.536
0.709
0.303
0.395
0.933
0.136
0.466
0.253
0.883
0.725
0.969
0.096
0.052
0.556
0.887
0.81
0.119
0.258
0.715
0.517
0.393
0.522
0.98
0.237
0.378
0.45
0.401
0.13
0.358
0.321
0.758
0.721
0.029
0.86
0.828
0.645
0.742
0.655
0.861
0.798
0.15
0.822
0.936
0.258
0.94
0.556
0.238
0.792
0.646
0.268
0.733
0.619
0.686
0.021
0.738
0.602
0.972
0.823
0.242
0.024
0.433
0.858
0.427
0.167
0.625
0.045
0.723
0.026
0.102
0.985
0.923
0.103
0.555
0.744
0.496
0.902
0.553
0.044
0.222
0.986
0.878
0.402
0.851
0.806
0.589
0.374
0.693
0.484
0.777
0.381
0.772
0.913
0.498
0.829
0.655
0.978
0.695
0.505
0.64
0.998
0.554
0.619
0.506
0.553
0.015
0.929
0.154
0.286
0.312
0.673
0.382
0.314
0.258
0.795
0.29
0.922
0.253
0.502
0.668
0.947
0.113
0.698
0.961
0.193
0.424
0.686
0.623
0.109
0.671
0.079
0.337
0.227
0.284
0.493
0.426
0.704
0.685
0.668
0.862
0.959
0.615
0.74
0.762
0.347
0.317
0.006
0.824
0.413
0.464
0.665
0.482
0.436
0.566
0.028
0.198
0.403
0.756
0.107
0.063
0.274
0.785
0.057
0.493
0.762
0.416
0.504
0.149
0.234
0.052
0.922
0.54
0.956
0.147
0.432
0.994
0.975
0.645
0.025
0.299
0.348
0.007
0.491
0.43
0.985
0.918
0.293
0.323
0.856
0.94
0.678
0.574
0.28
0.062
0.909
0.492
0.485
0.408
0.463
0.75
0.557
0.997
0.419
0.51
0.285
0.314
0.767
0.996
0.393
0.2
0.696
0.643
0.281
0.144
0.286
0.279
0.791
0.727
0.155
0.781
0.388
0.914
0.511
0.96
0.116
0.72
0.478
0.851
0.637
0.135
0.546
0.905
0.782
0.945
0.131
0.871
0.441
0.491
0.571
0.252
0.464
0.776
0.645
0.025
0.733
0.374
0.661
0.591
0.577
0.702
0.665
0.529
0.092
0.186
0.217
0.337
0.435
0.305
0.918
0.059
0.487
0.004
0.13
0.415
0.687
0.218
0.455
0.464
0.184
0.191
0.221
0.273
0.617
0.02
0.569
0.016
0.919
0.12
0.276
0.054
0.576
0.231
0.633
0.99
0.312
0.265
0.62
0.241
0.946
0.69
0.539
0.465
0.071
0.328
0.5
0.976
0.388
0.428
0.023
0.471
0.766
0.701
0.165
0.26
0.878
0.028
0.982
0.737
0.131
0.219
0.382
0.383
0.974
0.562
0.375
0.6
0.307
0.319
0.834
0.05
0.177
0.012
0.682
0.914
0.001
0.362
0.3
0.84
0.463
0.029
0.155
0.867
0.783
0.887
0.588
0.385
0.613
0.334
0.901
0.423
0.804
0.334
0.12
0.182
0.114
0.797
0.042
0.602
0.097
0.149
0.387
0.554
0.426
0.699
0.397
0.278
0.809
0.016
0.126
0.406
0.557
0.5
0.468
0.989
0.844
0.305
0.467
0.107
0.753
0.36
0.555
0.816
0.198
0.982
0.064
0.625
0.907
0.644
0.001
0.02
0.787
0.034
0.353
0.951
0.467
0.501
0.026
0.041
0.37
0.356
0.91
0.036
0.25
0.114
0.417
0.684
0.352
0.456
0.457
0.417
0.23
0.605
0.84
0.796
0.297
0.862
0.72
0.241
0.992
0.429
0.427
0.65
0.282
0.999
0.054
0.948
0.264
0.162
0.21
0.186
0.566
0.458
0.432
0.21
0.895
0.469
0.534
0.417
0.988
0.963
0.097
0.372
0.262
0.258
0.038
0.088
0.209
0.957
0.897
0.794
0.653
0.01
0.011
0.042
0.751
0.911
0.128
0.806
0.562
0.126
0.56
0.219
0.53
0.905
0.461
0.028
0.342
0.869
0.155
0.75
0.851
0.171
0.795
0.739
0.921
0.229
0.447
0.696
0.417
0.231
0.935
0.347
0.431
0.155
0.388
0.008
0.389
0.07
0.731
0.408
0.296
0.429
0.939
0.265
0.833
0.517
0.66
0.522
0.933
0.2
0.977
0.629
0.716
0.057
0.316
0.804
0.425
0.401
0.432
0.387
0.451
0.547
0.299
0.17
0.216
0.165
0.054
0.533
0.7
0.496
0.216
0.489
0.989
0.078
0.022
0.445
0.317
0.165
0.028
0.807
0.004
0.488
0.2
0.004
0.716
0.469
0.336
0.954
0.398
0.766
0.356
0.844
0.353
0.022
0.343
0.994
0.461
0.887
0.962
0.704
0.548
0.886
0.632
0.762
0.626
0.93
0.44
0.044
0.996
0.982
0.803
0.021
0.692
0.1
0.722
0.2
0.241
0.371
0.023
0.368
0.173
0.273
0.423
0.193
0.289
0.291
0.51
0.362
0.213
0.588
0.981
0.682
0.417
0.512
0.922
0.523
0.222
0.627
0.311
