0.246
0.865
0.308
0.455
0.028
0.288
0.03
0.138
0.007
0.904
0.202
0.964
0.99
0.871
0.504
0.705
0.489
0.244
0.587
0.696
0.239
0.51
0.253
0.8
0.714
0.543
0.369
0.924
0.005
0.863
0.557
0.281
0.77
0.096
0.19
0.083
0.149
0.604
0.42
0.077
0.828
0.051
0.128
0.857
0.943
0.523
0.792
0.268
0.924
0.678
0.039
0.428
0.698
0.801
0.966
0.536
0.233
0.797
0.01
0.644
0.438
0.422
0.598
0.6
0.716
0.029
0.263
0.141
0.866
0.086
0.093
0.006
0.904
0.29
0.838
0.918
0.652
0.598
0.722
0.883
0.554
0.402
0.148
0.744
0.146
0.727
0.246
0.663
0.402
0.344
0.235
0.344
0.6
0.279
0.344
0.691
0.664
0.5
0.189
0.153
0.654
0.099
0.019
0.364
0.044
0.091
0.313
0.145
0.823
0.607
0.346
0
0.415
0.011
0.488
0.154
0.144
0.197
0.271
0.796
0.613
0.356
0.905
0.944
0.668
0.844
0.19
0.951
0.008
0.245
0.22
0.462
0.447
0.262
0.051
0.354
0.264
0.985
0.841
0.18
0.719
0.55
0.479
0.959
0.349
0.223
0.555
0.461
0.319
0.389
0.106
0.646
0.896
0.753
0.546
0.561
0.141
0.609
0.241
0.522
0.491
0.072
0.777
0.211
0.152
0.41
0.276
0.002
0.902
0.08
0.729
0.309
0.53
0.664
0.146
0.838
0.947
0.774
0.012
0.574
0.749
0.971
0.419
0.342
0.142
0.702
0.764
0.619
0.391
0.684
0.132
0.351
0.744
0.965
0.891
0.624
0.686
0.717
0.95
0.89
0.526
0.562
0.057
0.289
0.391
0.17
0.139
0.284
0.092
0.886
0.439
0.207
0.635
0.606
0.724
0.145
0.992
0.973
0.997
0.457
0.943
0.991
0.459
0.988
0.073
0.031
0.651
0.697
0.991
0.747
0.009
0.875
0.293
0.749
0.198
0.751
0.241
0.865
0.748
0.665
0.649
0.126
0.212
0.114
0.256
0.765
0.815
0.984
0.598
0.684
0.213
0.441
0.544
0.995
0.679
0.912
0.071
0.189
0.94
0.335
0.97
0.479
0.568
0.009
0.521
0.105
0.073
0.637
0.309
0.561
0.367
0.377
0.591
0.949
0.854
0.919
0.996
0.34
0.884
0.686
0.579
0.631
0.194
0.98
0.679
0.17
0.85
0.467
0.836
0.242
0.966
0.852
0.703
0.434
0.664
0.372
0.818
0.102
0.728
0.577
0.07
0.551
0.928
0.997
0.496
0.187
0.75
0.454
0.183
0.398
0.672
0.252
0.677
0.745
0.874
0.539
0.181
0.972
0.072
0.78
0.804
0.113
0.12
0.797
0.439
0.299
0.161
0.789
0.589
0.112
0.018
0.255
0.451
0.747
0.279
0.397
0.928
0.875
0.277
0.055
0.551
0.633
0.694
0.289
0.83
0.681
0.087
0.45
0.502
0.029
0.581
0.888
0.192
0.644
0.466
0.092
0.971
0.335
0.478
0.192
0.788
0.063
0.686
0.565
0.535
0.194
0.818
0.611
0.283
0.688
0.634
0.779
0.171
0.578
0.866
0.6
0.504
0.879
0.156
0.455
0.738
0.018
0.748
0.031
0.916
0.915
0.236
0.102
0.142
0.852
0.443
0.281
0.808
0.255
0.338
0
0.996
0.201
0.223
0.247
0.059
0.254
0.267
0.218
0.597
0.295
0.637
0.018
0.418
0.462
0.241
0.111
0.809
0.327
0.902
0.419
0.293
0.831
0.852
0.626
0.209
0.848
0.354
0.137
0.544
0.974
0.937
0.638
0.137
0.505
0.342
0.346
0.139
0.193
0.041
0.417
0.193
0.159
0.865
0.757
0.518
0.28
0.725
0.691
0.383
0.851
0.099
0.857
0.962
0.387
0.209
0.514
0.874
0.293
0.692
0.192
0.763
0.851
0.348
0.701
0.424
0.369
0.668
0.073
0.342
0.431
0.256
0.716
0.584
0.169
0.204
0.117
0.826
0.14
0.654
0.177
0.772
0.236
0.151
0.889
0.104
0.084
0.875
0.31
0.212
0.317
0.759
0.122
0.662
0.431
0.081
0.933
0.709
0.722
0.441
0.954
0.733
0.972
0.392
0.461
0.938
0.638
0.109
0.224
0.714
0.318
0.171
0.339
0.399
0.735
0.29
0.683
0.415
0.389
0.37
0.04
0.32
0.726
0.369
0.877
0.397
0.749
0.621
0.203
0.347
0.16
0.375
0.217
0.97
0.694
0.939
0.098
0.979
0.91
0.767
0.992
0.582
0.422
0.488
0.279
0.644
0
0.584
0.476
0.674
0.179
0.672
0.958
0.019
0.36
0.247
0.066
0.787
0.784
0.365
0.191
0.843
0.178
0.166
0.906
0.943
0.806
0.847
0.215
0.933
0.249
0.196
0.866
0.357
0.037
0.322
0.713
0.984
0.523
0.31
0.492
0.423
0.553
0.842
0.833
0.617
0.515
0.079
0.617
0.539
0.195
0.589
0.199
0.795
0.933
0.592
0.19
0.173
0.957
0.955
0.776
0.013
0.864
0.504
0.788
0.348
0.765
0.135
0.931
0.023
0.899
0.78
0.363
0.045
0.86
0.687
0.164
0.498
0.141
0.393
0.337
0.308
0.665
0.723
0.677
0.644
0.588
0.063
0.014
0.096
0.331
0.828
0.581
0.704
0.827
0.118
0.546
0.497
0.008
0.292
0.327
0.038
0.429
0.181
0.883
0.571
0.642
0.991
0.449
0.157
0.778
0.931
0.392
0.729
0.925
0.402
0.144
0.556
0.283
0.763
0.214
0.844
0.904
0.67
0.587
0.853
0.754
0.118
0.018
0.74
0.693
0.052
0.397
0.451
0.233
0.771
0.817
0.004
0.08
0.61
0.411
0.832
0.503
0.13
0.278
0.188
0.02
0.397
0.132
0.042
0.548
0.966
0.139
0.086
0.117
0.454
0.672
0.222
0.621
0.59
0.034
0.79
0.351
0.729
0.92
0.141
0.424
0.431
0.339
0.685
0.115
0.222
0.791
0.981
0.754
0.851
0.016
0.743
0.056
0.417
0.001
0.136
0.444
0.703
0.098
0.981
0.14
0.074
0.286
0.49
0.274
0.574
0.859
0.519
0.066
0.552
0.423
0.518
0.498
0.564
0.325
0.507
0.147
0.069
0.631
0.119
0.184
0.378
0.832
0.272
0.447
0.533
0.008
0.874
0.283
0.442
0.337
0.633
0.06
0.913
0.464
0.541
0.602
0.792
0.379
0.305
0.946
0.575
0.311
0.763
0.603
0.485
0.667
0.825
0.497
0.997
0.338
0.764
0.385
0.544
0.069
0.032
0.243
0.686
0.76
0.816
0.972
0.721
1.0
0.681
0.369
0.741
0.301
0.394
0.025
0.919
0.327
0.083
0.575
0.275
0.692
0.229
0.448
0.187
0.666
0.32
0.555
0.155
0.233
0.121
0.412
0.2
0.181
0.059
0.696
0.875
0.563
0.374
0.38
0.484
0.783
0.438
0.676
0.09
0.82
0.75
0.667
0.499
0.545
0.565
0.719
0.505
0.144
0.144
0.697
0.5
0.299
0.219
0.605
0.049
0.932
0.951
0.946
0.143
0.677
0.379
0.997
0.21
0.154
0.598
0.3
0.439
0.441
0.292
0.732
0.674
0.948
0.556
0.597
0.491
0.89
0.897
0.901
0.741
0.778
0.08
0.95
0.506
0.238
0.274
0.264
0.724
0.109
0.257
0.949
0.102
0.046
0.122
0.516
0.583
0.949
0.317
0.706
0.947
0.663
0.257
0.258
0.261
0.029
0.167
0.039
0.226
0.037
0.601
0.951
0.525
0.248
0.976
0.474
0.005
0.908
0.975
0.305
0.723
0.931
0.714
0.029
0.689
0.759
0.798
0.976
0.667
0.548
0.892
0.098
0.217
0.454
0.788
0.865
0.218
0.573
0.951
0.643
0.279
0.207
0.859
0.462
0.699
0.419
0.074
0.911
0.197
0.051
0.475
0.087
0.2
0.563
0.144
0.059
0.779
0.111
0.844
0.625
0.304
0.64
0.955
0.439
0.345
0.707
0.7
0.251
0.502
0.084
0.865
0.052
0.368
0.976
0.912
0.581
0.267
0.916
0.581
0.436
0.78
0.061
0.363
0.308
0.405
0.631
0.267
0.478
0.214
0.805
0.349
0.093
0
0.343
0.786
0.962
0.872
0.987
0.271
0.145
0.93
0.213
0.057
0.562
0.594
0.191
0.244
0.241
0.916
0.21
0.452
0.811
0.281
0.143
0.97
0.621
0.242
0.627
0.642
0.941
0.09
0.547
