0.229
0.767
0.356
0.241
0.835
0.829
0.25
0.997
0.224
0.017
0.874
0.775
0.502
0.606
0.642
0.007
0.614
0.385
0.096
0.547
0.285
0.028
0.07
0.618
0.128
0.461
0.184
0.552
0.454
0.863
0.718
0.74
0.035
0.249
0.533
0.934
0.561
0.97
0.583
0.04
0.285
0.757
0.942
0.761
0.614
0.789
0.282
0.588
0.584
0.86
0.851
0.396
0.44
0.424
0.895
0.842
0.803
0.866
0.99
0.32
0.133
0.874
0.27
0.457
0.33
0.112
0.384
0.924
0.586
0.534
0.956
0.548
0.431
0.178
0.861
0.443
0
0.926
0.806
0.91
0.247
0.954
0.97
0.757
0.892
0.33
0.91
0.895
0.916
0.095
0.345
0.988
0.136
0.729
0.605
0.546
0.302
0.885
0.216
0.137
0.089
0.259
0.166
0.262
0.343
0.186
0.075
0.54
0.425
0
0.416
0.945
0.256
0.175
0.976
0.027
0.235
0.832
0.732
0.653
0.028
0.778
0.221
0.959
0.36
0.968
0.016
0.934
0.065
0.105
0.874
0.603
0.147
0.851
0.841
0.324
0.774
0.627
0.494
0.626
0.174
0.273
0.143
0.665
0.538
0.571
0.665
0.749
0.242
0.739
0.478
0.654
0.125
0.945
0.659
0.838
0.864
0.369
0.628
0.131
0.883
0.657
0.752
0.227
0.736
0
0.309
0.533
0.174
0.414
0.559
0.15
0.325
0.525
0.135
0.519
0.826
0.194
0.156
0.193
0.534
0.896
0.523
0.509
0.63
0.607
0.556
0.423
0.733
0.843
0.354
0.868
0.693
0.432
0.85
0.38
0.108
0.969
0.23
0.261
0.917
0.981
0.064
0.144
0.178
0.611
0.675
0.323
0.083
0.465
0.037
0.187
0.296
0.86
0.491
0.435
0.624
0.709
0.339
0.56
0.274
0.12
0.697
0.936
0.471
0.289
0.425
0.938
0.929
0.382
0.147
0.256
0.472
0.928
0.636
0.562
0.691
0.484
0.423
0.383
0.206
0.684
0.427
0.422
0.329
0.216
0.954
0.409
0.952
0.578
0.851
0.642
0.933
0.54
0.423
0.224
0.723
0.269
0.041
0.803
0.215
0.07
0.012
0.529
0.297
0.963
0.441
0.515
0.585
0.492
0.371
0.737
0.535
0.452
0.385
0.339
0.179
0.121
0.308
0.668
0.985
0.675
0.907
0.174
0.357
0.025
0.69
0.081
0.999
0.775
0.238
0.599
0.129
0.613
0.676
0.583
0.436
0.554
0.805
0.233
0.342
0.386
0.091
0.785
0.115
0.65
0.387
0.814
0.88
0.547
0.354
0.56
0.593
0.227
0.895
0.489
0.581
0.38
0.154
0.406
0.768
0.143
0.442
0.978
0.189
0.091
0.398
0.782
0.207
0.474
0.429
0.353
0.939
0.805
0.499
0.573
0.575
0.515
0.604
0.385
0.067
0.716
0.397
0.923
0.5
0.196
0.586
0.372
0.208
0.453
0.04
0.564
0.71
0.782
0.128
0.575
0.516
0.922
0.186
0.369
0.589
0.418
0.494
0.972
0.451
0.247
0.69
0.51
0.146
0.045
0.534
0.78
0.484
0.82
0.392
0.489
0.49
0.295
0.162
0.532
0.287
0.158
0.494
0.166
0.28
0.658
0.898
0.332
0.673
0.829
0.641
0.066
0.499
0.186
0.205
0.633
0.412
0.645
0.364
0.249
0.319
0.685
0.622
0.231
0.577
0.304
0.88
0.13
0.638
0.114
0.912
0.662
0.917
0.512
0.205
0.021
0.641
0.396
0.44
0.23
0.923
0.04
0.297
0.118
0.898
0.904
0.044
0.673
0.378
0.48
0.127
0.977
0.189
0.397
0.199
0.465
0.807
0.902
0.231
0.206
0.957
0.364
0.167
0.4
0.417
0.696
0.893
0.105
0.465
0.777
0.11
0.408
0.612
0.076
0.677
0.229
0.275
0.163
0.462
0
0.085
0.755
0.862
0.937
0.749
0.58
0.188
0.846
0.601
0.503
0.648
0.974
0.891
0.167
0.043
0.307
0.684
0.934
0.46
0.944
0.83
0.437
0.459
0.584
0.178
0.603
0.441
0.207
0.043
0.208
0.862
0.428
0.005
0.116
0.641
0.322
0.928
0.148
0.466
0.577
0.623
0.258
0.128
0.789
0.063
0.53
0.579
0.235
0.369
0.023
0.251
0.058
0.681
0.888
0.943
0.262
0.06
0.689
0.948
0.43
0.766
0.068
0.096
0.01
0.834
0.239
0.202
0.87
0.169
0.564
0.781
0.668
0.133
0.155
0.991
0.209
0.686
0.103
0.589
0.214
0.553
0.835
0.457
0.318
0.732
0.695
0.118
0.96
0.67
0.777
0.048
0.16
0.328
0.588
0.17
0.782
0.37
0.513
0.087
0.633
0.689
0.355
0.303
0.505
0.668
0.946
0.296
0.228
0.71
0.435
0.664
0.31
0.944
0.497
0.093
0.446
0.406
0.548
0.167
0.635
0.41
0.976
0.097
0.743
0.386
0.029
0.959
0.64
0.009
0.725
0.651
0.155
0.478
0.952
0.486
0.158
0.546
0.175
0.25
0.361
0.261
0.001
0.706
0.462
0.097
0.789
0.854
0.402
0.974
0.172
0.873
0.405
0.421
0.566
0.422
0.39
0.755
0.012
0.381
0.597
0.358
0.227
0.548
0.854
0.085
0.968
0.301
0.033
0.892
0.499
0.963
0.785
0.365
0.595
0.614
0.834
0.377
0.964
0.631
0.213
0.835
0.477
0.963
0.061
0.574
0.234
0.67
0.228
0.076
0.051
0.11
0.788
0.165
0.481
0.29
0.194
0.166
0.458
0.311
0.471
0.585
0.977
0
0.907
0.863
0.974
0.661
0.124
0.643
0.686
0.727
0.661
0.926
0.881
0.228
0.96
0.425
0.008
0.858
0.706
0.188
0.123
0.544
0.965
0.607
0
0.098
0.901
0.259
0
0.746
0.573
0.26
0.333
0.917
0.908
0.377
0.86
0.088
0.026
0.483
0.872
0.242
0.541
0.33
0.625
0.028
0.726
0.509
0.536
0.974
0.941
0.854
0.207
0.334
0.515
0.169
0.688
0.766
0.898
0.418
0.581
0.003
0.033
0.221
0.19
0.903
0.21
0.558
0.025
0.296
0.14
0.968
0.552
0.424
0.773
0.369
0.215
0.285
0.634
0.905
0.305
0.324
0.615
0.803
0.837
0.359
0.085
0.303
0.271
0.197
0.5
0.864
0.02
0.659
0.251
0.358
0.006
0.106
0.033
0.449
0.793
0.458
0.017
0.628
0.459
0.662
0.393
0.288
0.364
0.051
0.262
0.396
0.011
0.138
0.733
0.972
0.779
0.439
0.154
0.601
0.683
0.171
0.186
0.684
0.564
0.949
0.194
0.146
0.753
0.521
0.467
0.008
0.726
0.097
0.691
0.533
0.802
0.43
0.001
0.967
0.278
0.141
0.635
0.245
0.255
0.862
0.347
0.857
0.876
0.606
0.391
0.258
0.311
0.162
0.905
0.782
0.408
0.612
0.57
0.753
0.692
0.601
0.84
0.093
0.438
0.507
0.86
0.196
0.154
0.864
0.657
0.228
0.697
0.019
0.86
0.878
0.897
0.218
0.299
0.034
0.021
0.983
0.261
0.348
0.867
0.512
0.452
0.696
0.279
0.769
0.314
0.074
0.056
0.398
0.319
0.424
0.273
0.563
0.156
0.849
0.819
0.737
0.266
0.416
0.579
0.441
0.032
0.068
0.545
0.524
0.462
0.151
0.258
0.793
0.404
0.478
0.135
0.835
0.471
0.417
0.605
0.66
0.9
0.094
0.416
0.334
0.943
0.04
0.868
0.752
0.068
0.126
0.866
0.527
0.337
0.318
0.555
0.409
0.074
0.099
0.18
0.067
0.862
0.031
0.872
0.268
0.752
0.105
0.554
0.954
0.882
0.719
0.155
0.548
0.552
0.774
0.149
0.181
0.776
0.187
0.094
0.475
0.819
0
0.06
0.08
0.774
0.322
0.689
0.089
0.832
0.586
0.62
0.606
0.507
0.8
0.122
0.854
0.303
0.312
0.333
0.353
0.136
0.154
0.346
0.055
0.97
0.372
0.943
0.725
0.665
0.778
0.343
0.024
0.81
0.536
0.339
0.023
0.683
0.483
0.787
0.605
0.657
0.256
0.008
0.242
0.61
0.956
0.768
0.317
0.916
0.598
0.157
0.072
0.804
0.711
0.205
0.017
0.889
0.334
0.02
0.913
0.521
0.274
0.947
0.944
0.107
0.589
0.917
0.449
0.436
0.344
0.798
0.684
0.586
0.975
0.687
0.426
0.677
