0.265
0.249
0.42
0.655
0.493
0.755
0.538
0.351
0.735
0.001
0.295
0.03
0.258
0.535
0.726
0.092
0.189
0.778
0.465
0.883
0.377
0.25
0.337
0.453
0.236
0.052
0.778
0.106
0.331
0.347
0.699
0.23
0.605
0.92
0.896
0.667
0.724
0.953
0.43
0.919
0.868
0.61
0.483
0.718
0.601
0.135
0.901
0.354
0.75
0.109
0.854
0.93
0.942
0.822
0.315
0.153
0.82
0.882
0.272
0.163
0.675
0.157
0.46
0.041
0.379
0.094
0.712
0.632
0.033
0.024
0.647
0.196
0.955
0.007
0.852
0.683
0.893
0.799
0.393
0.053
0.435
0.487
0.063
0.136
0.754
0.024
0.563
0.454
0.582
0.11
0.994
0.428
0.578
0.82
0.582
0.244
0.591
0.931
0.818
0.999
0.885
0.717
0.76
0.117
0.432
0.672
0.926
0.757
0.847
0.428
0.273
0.019
0.283
0.618
0.154
0.659
0.438
0.776
0.384
0.535
0.812
0.029
0.325
0.905
0.334
0.582
0.185
0.849
0.004
0.214
0.286
0.446
0.858
0.009
0.574
0.077
0.899
0.945
0.104
0.034
0.19
0.767
0.979
0.837
0.246
0.414
0.577
0.606
0.182
0.39
0.574
0.188
0.023
0.018
0.418
0.137
0.34
0.551
0.39
0.307
0.973
0.28
0.344
0.35
0.354
0.645
0.243
0.766
0.447
0.975
0.087
0.571
0.475
0.733
0.277
0.234
0.5
0.207
0.596
0.773
0.724
0.175
0.892
0.506
0.448
0.718
0.17
0.456
0.513
0.873
0.264
0.584
0.111
0.967
0.735
0.866
0.985
0.889
0.593
0.325
0.608
0.366
0.043
0.677
0.915
0.096
0.566
0.535
0.653
0.283
0.747
0.066
0.987
0.486
0.128
0.465
0.027
0.447
0.712
0.79
0.802
0.739
0.382
0.275
0.365
0.223
0.576
0.795
0.709
0.659
0.512
0.206
0.715
0.613
0.813
0.959
0.537
0.139
0.297
0.362
0.236
0.527
0.537
0.178
0.548
0.611
0.644
0.371
0.292
0.736
0.591
0.174
0.715
0.217
0.601
0.111
0.633
0.167
0.048
0.945
0.412
0.848
0.26
0.685
0.789
0.818
0.205
0.199
0.977
0.717
0.044
0.523
0.952
0.699
0.198
0.883
0.533
0.514
0.981
0.547
0.11
0.317
0.811
0.127
0.829
0.812
0.946
0.543
0.486
0.279
0.463
0.401
0.975
0.545
0.015
0.624
0.926
0.883
0.979
0.446
0.043
0.887
0.992
0.147
0.359
0.151
0.794
0.229
0.68
0.64
0.642
0.241
0.727
0.269
0.609
0.603
0.026
0.012
0.033
0.8
0.169
0.586
0.786
0.393
0.345
0.528
0.992
0.878
0.477
0.722
0.81
0.277
0.007
0.796
0.306
0.643
0.31
0.926
0.466
0.152
0.435
0.094
0.971
0.559
0.79
0.781
0.129
0.925
0.747
0.274
0.115
0.782
0.169
0.975
0.052
0.139
0.88
0.558
0.191
0.046
0.499
0.661
0.86
0.579
0.332
0.267
0.076
0.213
0.651
0.507
0.765
0.36
0.654
0.61
0.567
0.797
0.798
0.096
0.978
0.963
0.79
0.361
0.353
0.181
0.596
0.474
0.348
0.213
0.33
0.747
0.565
0.277
0.837
0.442
0.273
0.991
0.254
0.494
0.396
0.714
0.972
0.503
0.896
0.161
0.226
0.931
0.617
0.019
0.417
0.335
0.886
0.042
0.505
0.862
0.644
0.069
0.096
0.512
0.026
0.836
0.293
0.064
0.633
0.733
0.65
0.432
0.653
0.72
0.181
0.226
0.302
0.742
0.078
0.182
0.705
0.5
0.663
0.926
0.424
0.349
0.263
0.178
0.717
0.268
0.592
0.071
0.479
0.596
0.065
0.39
0.424
0.63
0.581
0.406
0.963
0.681
0.533
0.785
0.119
0.902
0.17
0.499
0
0.764
0.329
0.465
0.528
0.77
0.804
0.331
0.046
0.76
0.552
0.376
0.424
0.98
0.604
0.295
0
0.357
0.759
0.799
0.177
0.401
0.869
0.117
0.758
0.726
0.591
0.147
0.487
0.51
0.701
0.655
0.069
0.768
0.977
0.428
0.086
0.343
0.537
0.092
0.172
0.823
0.349
0.278
0.479
0.411
0.978
0.573
0.065
0.393
0.188
0.609
0.817
0.297
0.873
0.308
0.705
0.351
0.151
0.365
0.413
0.03
0.641
0.36
0.532
0.388
0.798
0.467
0.841
0.102
0.566
0.625
0.266
0.626
0.436
0.506
0.557
0.626
0.828
0.059
0.995
0.345
0.409
0.464
0.687
0.108
0.178
0.314
0.393
0.877
0.937
0.127
0.129
0.018
0.945
0.576
0.291
0.659
0.67
0.202
0.188
0.569
0.683
0.344
0.061
0.764
0.029
0.52
0.593
0.438
0.793
0.464
0.133
0.731
0.406
0.09
0.514
0.097
0.126
0.034
0.388
0.879
0.882
0.239
0.873
0.744
0.385
0.153
0.775
0.261
0.718
0.356
0.191
0.466
0.476
0.246
0.217
0.228
0.651
0.264
0.995
0.721
0.01
0.869
0.852
0.698
0.491
0.852
0.237
0.028
0.153
0.304
0.278
0.44
0.461
0.589
0.9
0.813
0.967
0.634
0.084
0.391
0.461
0.795
0.486
0.508
0.479
0.396
0.078
0.515
0.415
0.547
0.506
0.888
0.409
0.117
0.628
0.306
0.676
0.795
0.408
0
0.648
0.177
0.726
0.691
0.966
0.043
0.006
0.137
0.289
0.571
0.891
0.496
0.791
0.578
0.534
0.413
0.607
0.484
0.113
0.591
0.967
0.382
0.224
0.163
0.274
0.22
0.96
0.278
0.564
0.308
0.108
0.478
0.552
0.547
0.043
0.853
0.727
0.586
0.27
0.844
0.59
0.772
0.812
0.97
0.01
0.505
0.452
0.651
0.346
0.902
0.816
0.581
0.709
0.837
0.003
0.087
0.92
0.225
0.421
0.901
0.681
0.15
0.191
0.785
0.049
0.808
0.237
0.039
0.082
0.703
0.953
0.865
0.531
0.311
0.118
0.373
0.627
0.756
0.763
0.904
0.866
0.914
0.518
0.336
0.166
0.028
0.702
0.747
0.979
0.423
0.795
0.996
0.512
0.81
0.006
0.396
0.634
0.148
0.994
0.522
0.723
0.144
0.121
0.407
0.302
0.412
0.487
0.047
0.528
0.218
0.084
0.944
0.462
0.308
0.239
0.149
0.442
0.703
0.01
0.563
0.702
0.265
0.671
0.705
0.876
0.203
0.165
0.364
0.424
0.743
0.102
0.072
0.693
0.8
0.74
0.233
0.69
0.946
0.0
0.814
0.898
0.068
0.027
0.625
0.518
0.424
0.601
0.414
0.114
0.867
0.535
0.441
0.621
0.37
0.518
0.605
0.466
0.623
0.19
0.656
0.25
0.984
0.415
0.138
0.885
0.62
0.716
0.677
0.862
0.048
0.103
0.505
0.143
0.6
0.103
0.945
0.565
0.334
0.935
0.723
0.232
0.776
0.023
0.754
0.458
0.365
0.643
0.241
0.988
0.768
0.304
0.308
0.578
0.383
0.712
0.842
0.217
0.053
0.599
0.226
0.508
0.244
0.925
0.958
0.181
0.835
0.865
0.636
0.735
0.064
0.997
0.768
0.326
0.959
0.205
0.199
0.71
0.403
0.863
0.053
0.879
0.932
0.712
0.562
0.588
0.278
0.232
0.273
0.418
0.293
0.003
0.825
0.589
0.62
0.41
0.936
0.088
0.168
0.441
0.389
0.358
0.001
0.896
0.619
0.794
0.491
0.87
0.988
0.491
0.76
0.445
0.993
0.628
0.321
0.964
0.7
0.45
0.429
0.741
0.14
0.687
0.625
0.707
0.099
0.93
0.223
0.29
0.951
0.333
0.526
0.183
0.741
0.615
0.289
0.445
0.44
0.692
0.162
0.339
0.092
0.773
0.083
0.531
0.493
0.64
0.403
0.746
0.758
0.255
0.015
0.333
0.848
0.144
0.666
0.839
0.58
0.664
0.915
0.514
0.352
0.306
0.98
0.05
0.99
0.252
0.741
0.661
0.355
0.923
0.879
0.154
0.883
0.477
0.822
0.594
0.55
0.286
0.557
0.903
0.641
0.699
0.168
0.29
0.25
0.046
0.518
0.55
0.206
0.265
0.665
0.292
0.044
0.967
0.322
0.258
0.263
0.258
0.79
0.969
0.468
0.149
0.674
0.834
0.165
0.258
0.273
0.507
0.342
0.134
0.309
0.31
0.032
0.638
0.638
0.735
0.208
