0.734
0.6
0.8
0.314
0.239
0.912
0.289
0.361
0.467
0.082
0.383
0.168
0.307
0.779
0.835
0.506
0.864
0.301
0.782
0.641
0.45
0.699
0.194
0.03
0.088
0.208
0.746
0.003
0.203
0.857
0.965
0.335
0.788
0.355
0.579
0.484
0.358
0.232
0.55
0.618
0.747
0.949
0.933
0.588
0.291
0.189
0.582
0.907
0.754
0.472
0.312
0.013
0.386
0.649
0.005
0.553
0.392
0.454
0.905
0.369
0.817
0.805
0.659
0.157
0.433
0.099
0.974
0.486
0.222
0.023
0.431
0.924
0.519
0.755
0.049
0.451
0.087
0.089
0.375
0.092
0.634
0.274
0.255
0.875
0.814
0.917
0.691
0.906
0.575
0.354
0.306
0.547
0.597
0.437
0.869
0.952
0.272
0.291
0.804
0.62
0.551
0.925
0.685
0.086
0.234
0.297
0.468
0.042
0.612
0.929
0.552
0.913
0.029
0.572
0.414
0.542
0.996
0.299
0.007
0.939
0.14
0.069
0.332
0.205
0.597
0.285
0.195
0.432
0.096
0.177
0.393
0.786
0.408
0.869
0.151
0.188
0.782
0.266
0.943
0.549
0.961
0.706
0.762
0.161
0.901
0.303
0.385
0.963
0.256
0.041
0.359
0.552
0.444
0.897
0.134
0.733
0.558
0.808
0.535
0.094
0.363
0.786
0.234
0.658
0.588
0.416
0.258
0.198
0.495
0.878
0.495
0.059
0.376
0.054
0.543
0.944
0.076
0.529
0.673
0.204
0.117
0.934
0.78
0.342
0.579
0.863
0.139
0.51
0.236
0.471
0.624
0.087
0.702
0.934
0.461
0.223
0.305
0.653
0.851
0.584
0.398
0.164
0.148
0.332
0.495
0.507
0.818
0.85
0.672
0.152
0.099
0.66
0.944
0.132
0.238
0.435
0.867
0.776
0.552
0.76
0.157
0.214
0.514
0.347
0.836
0.064
0.666
0.493
0.198
0.456
0.493
0.665
0.932
0.845
0.137
0.889
0.35
0.507
0.938
0.262
0.061
0.948
0.644
0.721
0.074
0.597
0.838
0.482
0.346
0.179
0.87
0.719
0.793
0.282
0.921
0.683
0.987
0.661
0.093
0.119
0.946
0.022
0.071
0.745
0.254
0.061
0.563
0.49
0.786
0.156
0.389
0.906
0.517
0.737
0.651
0.155
0.49
0.999
0.796
0.423
0.581
0.498
0.112
0.853
0.661
0.566
0.539
0.955
0.418
0.995
0.139
0.326
0.996
0.71
0.656
0.431
0.493
0.45
0.377
0.258
0.015
0.604
0.842
0.113
0.145
0.178
0.503
0.52
0.647
0.76
0.831
0.329
0.599
0.649
0.836
0.541
0.495
0.196
0.024
0.071
0.117
0.885
0.97
0.975
0.349
0.956
0.56
0.933
0.489
0.971
0.399
0.472
0.097
0.678
0.94
0.657
0.778
0.843
0.183
0.407
0.219
0
0.618
0.454
0.894
0.251
0.796
0.423
0.68
0.346
0.814
0.455
0.431
0.41
0.456
0.949
0.348
0.311
0.99
0.22
0.889
0.438
0.002
0.578
0.069
0.947
0.69
0.015
0.827
0.222
0.431
0.439
0.626
0.038
0.554
0.89
0.473
0.467
0.788
0.748
0.416
0.382
0.327
0.987
0.216
0.174
0.412
0.186
0.828
0.357
0.661
0.664
0.932
0.157
0.049
0.284
0.557
0.663
0.04
0.322
0.172
0.022
0.891
0.734
0.293
0.085
0.545
0.372
0.237
0.351
0.441
0.543
0.116
0.456
0.375
0.01
0.381
0.368
0.139
0.314
0.834
0.651
0.83
0.504
0.412
0.421
0.974
0.658
0.636
0.38
0.771
0.706
0.188
0.66
0.321
0.54
0.127
0.15
0.458
0.446
0.634
0.045
0.783
0.478
0.752
0.8
0.239
0.333
0.104
0.51
0.891
0.166
0.564
0.687
0.179
0.275
0.248
0.877
0.006
0.394
0.181
0.361
0.784
0.264
0.907
0.144
0.277
0.307
0.944
0.188
0.764
0.62
0.112
0.163
0.218
0.182
0.344
0.53
0.948
0.107
0.165
0.855
0.16
0.997
0.71
0.499
0.435
0.519
0.656
0.778
0.92
0.069
0.76
0.543
0.88
0.66
0.543
0.165
0.501
0.412
0.726
0.882
0.726
0.434
0.8
0.037
0.33
0.55
0.703
0.721
0.551
0.16
0.413
0.316
0.649
0.088
0.211
0.018
0.709
0.795
0.273
0.154
0.824
0.913
0.587
0.049
0.532
0.931
0.259
0.25
0.831
0.958
0.705
0.419
0.261
0.937
0.542
0.383
0.057
0.671
0.012
0.081
0.948
0.655
0.766
0.476
0.091
0.735
0.422
0.821
0.235
0.032
0.289
0.155
0.118
0.204
0.189
0.181
0.073
0.262
0.894
0.226
0.82
0.451
0.909
0.473
0.568
0.255
0.475
0.18
0.837
0.092
0.872
0.04
0.481
0.651
0.451
0.129
0.619
0.224
0.06
0.896
0.123
0.566
0.171
0.556
0.709
0.004
0.831
0.622
0.17
0.314
0.553
0.443
0.313
0.037
0.825
0.995
0.335
0.728
0.591
0.852
0.97
0.249
0.892
0.132
0.956
0.125
0.346
0.402
0.674
0.881
0.059
0.763
0.212
0.02
0.642
0.125
0.083
0.578
0.469
0.686
0.847
0.147
0.657
0.507
0.284
0.395
0.992
0.541
0.223
0.781
0.9
0.48
0.295
0.286
0.913
0.286
0.577
0.335
0.011
0.446
0.497
0.268
0.648
0.955
0.83
0.959
0.517
0.088
0.44
0.191
0.28
0.713
0.693
0.669
0.435
0.205
0.862
0.905
0.425
0.374
0.806
0.893
0.949
0.243
0.252
0.908
0.678
0.649
0.8
0.764
0.5
0.118
0.088
0.25
0.661
0.765
0.804
0.28
0.708
0.665
0.655
0.194
0.999
0.416
0.762
0.139
0.615
0.769
0.458
0.685
0.447
0.899
0.719
0.625
0.311
0.529
0.683
0.595
0.602
0.156
0.059
0.79
0.342
0.355
0.487
0.523
0.351
0.642
0.675
0.732
0.884
0.838
0.523
0.948
0.72
0.186
0.921
0.126
0.246
0.424
0.594
0.665
0.255
0.945
0.572
0.03
0.695
0.17
0.26
0.495
0.494
0.822
0.507
0.474
0.436
0.28
0.003
0.605
0.052
0.446
0.854
0.213
0.864
0.884
0.604
0.365
0.335
0.175
0.739
0.181
0.115
0.349
0.871
0.005
0.355
0.216
0.188
0.151
0.235
0.151
0.566
0.484
0.906
0.731
0.081
0.56
0.073
0.994
0.637
0.097
0.133
0.546
0.21
0.76
0.858
0.941
0.376
0.915
0.816
0.795
0.528
0.764
0.459
0.281
0.119
0.04
0.69
0.359
0.867
0.465
0.351
0.284
0.582
0.108
0.702
0.981
0.489
0.567
0.064
0.572
0.119
0.323
0.112
0.009
0.517
0.726
1.0
0.046
0.416
0.326
0.3
0.14
0.292
0.52
0.51
0.633
0.589
0.265
0.022
0.338
0.774
0.756
0.265
0.664
0.201
0.148
0.394
0.462
0.807
0.304
0.382
0.943
0.254
0.328
0.244
0.748
0.42
0.855
0.422
0.853
0.402
0.522
0.551
0.104
0.92
0.971
0.48
0.205
0.142
0.045
0.041
0.276
0.709
0.132
0.376
0.281
0.116
0.911
0.836
0.268
0.097
0.137
0.839
0.683
0.012
0.158
0.702
0.093
0.911
0.347
0.216
0.38
0.039
0.411
0.952
0.93
0.522
0.677
0.548
0.103
0.196
0.927
0.02
0.522
0.249
0.09
0.358
0.533
0.321
0.036
0.627
0.187
0.395
0.752
0.973
0.539
0.997
0.999
0.717
0.169
0.176
0.077
0.503
0.929
0.982
0.867
0.469
0.509
0.798
0.407
0.33
0.603
0.351
0.956
0.079
0.199
0.813
0.894
0.079
0.781
0.487
0.092
0.67
0.352
0.411
0.332
0
0.068
0
0.613
0.898
0.496
0.638
0.337
0.08
0.528
0.526
0.441
0.543
0.999
0.258
0.213
0.461
0.917
0.121
0.174
0.89
0.021
0.476
0.009
0.182
0.472
0.542
0.383
0.797
0.728
0.088
0.143
0.908
0.596
0.71
0.555
0.244
0.941
0.574
0.824
0.339
0.675
0.498
0.127
0.056
0.382
0.066
0.878
0.168
0.821
0.046
0.062
0.831
0.981
0.96
0.123
0.941
0.776
0.997
0.999
0.857
0.0
0.641
0.233
0.298
0.417
0.29
0.134
0.137
0.77
0.952
0.995
