0.84
0.75
0.99
0.139
0.932
0.51
0.998
0.585
0.977
0.677
0.068
0.862
0.939
0.999
0.081
0.113
0.786
0.98
0.37
0.183
0.88
0.817
0.876
0.623
0.3
0.798
0.969
0.557
0.191
0.504
0.543
1.0
0.145
0.032
0.72
0.129
0.875
0.627
0.561
0.346
0.651
0.008
0.153
0.207
0.367
0.028
0.01
0.755
0.511
0.939
0.86
0.085
0.921
0.855
0.232
0.907
0.757
0.471
0.336
0.812
0.121
0.968
0.233
0.319
0.377
0.985
0.197
0.173
0.273
0.729
0.351
0.412
0.976
0.589
0.64
0.706
0.798
0.911
0.544
0.151
0.867
0.578
0.511
0.99
0.612
0.95
0.593
0.692
0.852
0.064
0.457
0.006
0.887
0.711
0.084
0.525
0.756
0.76
0.544
0.875
0.871
0.672
0.328
0.772
0.631
0.418
0.068
0.174
0.939
0.324
0.181
0.913
0.062
0.394
0.168
0.717
0.444
0.856
0.642
0.859
0.234
0.515
0.038
0.843
0.48
0.036
0.822
0.826
0.227
0.005
0.02
0.574
0.609
0.35
0.18
0.656
0.317
0.11
0.351
0.748
0.115
0.328
0.718
0.189
0.268
0.413
0.587
0.115
0.338
0.359
0.23
0.415
0.666
0.742
0.601
0.839
0.715
0.644
0.566
0.434
0.778
0.51
0.12
0.831
0.824
0.996
0.081
0.804
0.402
0.851
0.816
0.397
0.18
0.472
0.911
0.415
0.897
0.649
0.861
0.903
0.599
0.413
0.301
0.418
0.813
0.609
0.024
0.386
0.13
0.589
0.813
0.396
0.534
0.122
0.388
0.242
0.103
0.661
0.219
0.788
0.38
0.161
0.264
0.894
0.117
0.312
0.505
0.227
0.276
0.56
0.945
0.897
0.029
0.418
0.822
0.298
0.3
0.04
0.588
0.25
0.271
0.981
0.421
0.867
0.001
0.014
0.171
0.935
0.606
0.896
0.115
0.374
0.462
0.218
0.753
0.592
0.092
0.037
0.723
0.847
0.233
0.408
0.625
0.921
0.501
0.337
0.385
0.105
0.572
0.145
0.596
0.07
0.269
0.641
0.881
0.933
0.657
0.369
0.695
0.934
0.83
0.279
0.172
0.084
0.01
0.61
0.269
0.419
0.887
0.256
0.394
0.081
0.864
0.377
0.483
0.013
0.173
0.301
0.687
0.314
0.233
0.611
0.446
0.445
0.225
0.856
0.803
0.425
0.615
0.867
0.709
0.394
0.675
0.075
0.019
0.492
0.1
0.487
0.993
0.824
0.132
0.796
0.958
0.763
0.298
0.378
0.687
0.968
0.202
0.332
0.548
0.734
0.879
0.499
0.26
0.155
0.382
0.932
0.944
0.707
0.034
0
0.955
0.043
0.326
0.6
0.664
0.724
0.198
0.269
0.708
0.007
0.467
0.697
0.286
0.917
0.297
0.861
0.865
0.996
0.237
0.618
0.395
0.982
0.347
0.68
0.566
0.822
0.065
0.857
0.485
0.545
0.563
0.418
0.595
0.385
0.647
0.82
0.159
0.286
0.463
0.586
0.235
0.03
0.495
0.006
0.49
0.889
0.371
0.548
0.775
0.957
0.599
0.076
0.853
0.897
0.615
0.819
0.914
0.765
0.039
0.733
0.138
0.157
0.027
0.199
0.447
0.302
0.198
0.661
0.304
0.104
0.135
0.421
0.273
0.617
0.808
0.965
0.291
1.0
0.516
0.402
0.657
0.238
0.214
0.921
0.17
0.772
0.074
0.981
0.721
0.767
0.236
0.822
0.156
0.363
0.435
0.72
0.488
0.207
0.154
0.292
0.16
0.674
0.266
0.977
0.1
0.91
0.156
0.245
0.397
0.431
0.836
0.798
0.764
0.114
0.581
0.287
0.951
0.48
0.902
0.08
0.843
0.432
0.844
0.815
0.025
0.195
0.864
0.276
0.84
0.646
0.537
0.117
0.856
0.802
0.942
0.556
0.623
0.589
0.99
0.465
0.549
0.355
0.535
0.021
0.7
0.314
0.663
0.129
0.893
0.268
0.436
0.283
0.311
0.223
0.057
0.983
0.882
0.466
0.177
0.57
0.3
0.47
0.02
0.598
0.473
0.947
0.84
0.45
0.493
0.855
0.236
0.429
0.373
0.86
0.474
0.066
0
0.256
0.14
0.199
0.729
0.505
0.74
0.027
0.235
0.254
0.662
0.752
0.823
0.117
0.092
0.676
0.269
0.778
0.183
0.58
0.659
0.562
0.477
0.521
0.327
0.679
0.974
0.162
0.976
0.233
0.903
0.754
0.275
0.63
0.677
0.113
0.615
0.317
0.991
0.417
0.835
0.736
0.876
0.417
0.7
0.729
0.021
0.869
0.579
0.577
0.863
0.405
0.069
0.944
0.43
0.272
0.805
0.915
0.02
0.542
0.398
0.387
0.68
0.024
0.588
0.541
0.515
0.576
0.212
0.953
0.055
0.831
0.447
0.37
0.485
0.223
0.676
0.72
0.933
0.6
0.262
0.759
0.286
0.49
0.264
0.329
0.012
0.652
0.366
0.909
0.681
0.169
0.57
0.912
0.544
0.724
0.518
0.131
0.943
0.153
0.348
0.783
0.194
0.275
0.04
0.316
0.968
0.942
0.723
0.264
0.733
0.663
0.365
0.749
0.694
0.54
0.739
0.767
0.341
0.094
0.446
0.297
0.124
0.749
0.574
0.757
0.623
0.769
0.334
0.411
0.426
0.408
0.577
0.274
0.938
0.571
0.607
0.983
0.482
0.211
0.067
0.337
0.829
0.313
0.095
0.227
0.498
0.943
0.476
0.548
0.999
0.221
0.284
0.345
0.863
0.072
0.819
0.97
0.692
0.206
0.099
0.68
0.878
0.74
0.551
0.759
0.257
0.834
0.146
0.91
0.001
0.036
0.373
0.729
0.009
0.074
0.177
0.154
0.064
0.391
0.379
0.077
0.71
0.137
0.419
0.477
0.399
0.192
0.217
0.026
0.359
0.565
0.122
0.235
0.889
0.029
0.895
0.547
0.463
0.475
0.835
0.957
0.991
0.865
0.077
0.371
0.037
0.94
0.345
0.193
0.681
0.991
0.056
0.056
0.947
0.744
0.519
0.27
0.886
0.7
0.075
0.382
0.162
0.166
0.285
0.821
0.588
0.187
0.893
0.275
0.404
0.287
0.457
0.421
0.917
0.116
0.708
0.882
0.42
0.157
0.946
0.81
0.045
0.335
0.975
0.685
0.28
0.241
0.927
0.343
0.529
0.929
0.329
0.598
0.594
0.769
0.943
0.039
0.773
0.353
0.901
0.273
0.324
0.258
0.132
0.815
0.769
0.647
0.03
0.55
0.15
0.935
0.892
0.533
0.582
0.475
0.22
0.076
0.707
0.121
0.913
0.584
0.257
0.224
0.111
0.584
0.635
0.411
0.028
0.469
0.636
0.117
0.949
0.568
0.561
0.389
0.302
0.741
0.541
0.427
0.582
0.005
0.261
0.731
0.612
0.356
0.835
0.257
0.466
0.461
0.247
0.888
0.333
0.639
0.266
0.425
0.979
0.856
0.766
0.856
0.602
0.06
0.862
0.259
0.05
0.034
0.797
0.052
0.528
0.735
0.045
0.866
0.662
0.978
0.854
0.01
0.94
0.06
0.739
0.141
0.652
0.865
0.06
0.984
0.694
0.357
0.032
0.436
0.484
0.452
0.755
0.086
0.424
0.081
0.513
0.37
0.644
0.602
0.526
0.152
0.014
0.304
0.282
0.73
0.335
0.26
0.502
0.619
0.909
0.01
0.526
0.681
0.113
0.238
0.971
0.748
0.225
0.079
0.165
0.958
0.822
0.78
0.23
0.379
0.191
0.889
0.585
0.842
0.991
0.75
0.06
0.396
0.039
0.294
0.514
0.813
0.07
0.822
0.589
0.511
0.554
0.955
0.082
0.084
0.023
0.896
0.452
0.971
0.624
0.4
0.494
0.072
0.219
0.011
0.522
0.32
1.0
0.089
0.893
0.32
0.207
0.405
0.361
0.416
0.269
0.853
0.103
0.012
0.855
0.353
0.224
0.509
0.724
0.643
0.788
0.261
0.841
0.998
0.176
0.244
0.684
0.44
0.002
0.668
0.665
0.023
0.327
0.351
0.338
0.504
0.7
0.745
0.769
0.343
0.805
0.211
0.933
0.783
0.883
0.933
0.709
0.717
0.241
0.944
0.274
0.685
0.061
0.438
0.018
0.786
0.474
0.755
0.779
0.895
0.524
0.073
0.138
0.824
0.438
0.075
0.385
0.253
0.165
0.053
0.882
0.861
0.648
0.423
0.991
0.674
0.717
0.809
0.131
0.859
0.805
0.687
0.036
0.505
0.248
0.798
0.677
0.751
