0.048
0.813
0.83
0.347
0.56
0.042
0.049
0.843
0.029
0.683
0.135
0.8
0.831
0.12
0.469
0.134
0.446
0.165
0.806
0.876
0.939
0.233
0.691
0.481
0.11
0.696
0.539
0.557
0.128
0.792
0.652
0.631
0.596
0.89
0.923
0.054
0.13
0.968
0.641
0.411
0.603
0.797
0.184
0.589
0.005
0.696
0.283
0.562
0.905
0.944
0.907
0.847
0.971
0.12
0.588
0.214
0.464
0.256
0.233
0.666
0.118
0.325
0.761
0.904
0.338
0.477
0.478
0.232
0.638
0.302
0.255
0.487
0.532
0.023
0.707
0.836
0.17
0.341
0.037
0.277
0.635
0.357
0.673
0.282
0.058
0.61
0.473
0.143
0.14
0.087
0.957
0.032
0.41
0.082
0.514
0.694
0.342
0.518
0.953
0.304
0.396
0.4
0.702
0.525
0.384
0.367
0.803
0.438
0.705
0.959
0.433
0.449
0.011
0.214
0.63
0.987
0.778
0.272
0.021
0.289
0.202
0.876
0.685
0.152
0.97
0.479
0.411
0.271
0.234
0.3
0.425
0.969
0.068
0.713
0.245
0.588
0.462
0.063
0.829
0.905
0.905
0.263
0.45
0.273
0.186
0.314
0.274
0.558
0.359
0.537
0.231
0.304
0.214
0.688
0.919
0.526
0.135
0.669
0.421
0.478
0.811
0.155
0.144
0.959
0.751
0.696
0.25
0.508
0.852
0.77
0.445
0.371
0.566
0.201
0.296
0.646
0.645
0.672
0.285
0.052
0.27
0.4
0.857
0.42
0.532
0.431
0.324
0.276
0.465
0.058
0.575
0.663
0.413
0.94
0.702
0.694
0.964
0.734
0.326
0.053
0.989
0.204
0.799
0.521
0.064
0.611
0.73
0.895
0.629
0.277
0.988
0.286
0.84
0.226
0.119
0.154
0.48
0.309
0.054
0.634
0.355
0.548
0.954
0.294
0.199
0.417
0.679
0.67
0.3
0.161
0.391
0.59
0.716
0.33
0.347
0.852
0.709
0.117
0.639
0.364
0.839
0.406
0.009
0.526
0
0.578
0.074
0.472
0.218
0.382
0.623
0.96
0.972
0.635
0.371
0.434
0.005
0.339
0.084
0.783
0.285
0.247
0.829
0.111
0.579
0.363
0.372
0.536
0.196
0.427
0.262
0.765
0.206
0.388
0.746
0.855
0.472
0.716
0.737
0.864
0.842
0.793
0.229
0.299
0.335
0.96
0.129
0.203
0.422
0.925
0.09
0.266
0.67
0.457
0.277
0.346
0.075
0.704
0.921
0.262
0.132
0.265
0.167
0.371
0.118
0.746
0.707
0.405
0.891
0.253
0.329
0.429
0.777
0.965
0.762
0.146
0.524
0.685
0.799
0.558
0.436
0.381
0.899
0.254
0.456
0.91
0.714
0.076
0.959
0.814
0.867
0.595
0.565
0.266
0.48
0.657
0.752
0.863
0.698
0.337
0.378
0.728
0.542
0.454
0.002
0.788
0.38
0.653
0.656
0.307
0.109
0.099
0.347
0.922
0.626
0.665
0.9
0.179
0.187
0.676
0.948
0.177
0.799
0.557
0.586
0.858
0.26
0.104
0.04
0.007
0.63
0.899
0.162
0.801
0.7
0.851
0.993
0.161
0.631
0.579
0.811
0.828
0.663
0.331
0.471
0.871
0.308
0.218
0.714
0.42
0.468
0.19
0.713
0.57
0.652
0.732
0.214
0.668
0.613
0.51
0.768
0.583
0.074
0.223
0.237
0.159
0.591
0.078
0.07
0.25
0.27
0.1
0.047
0.798
0.206
0.893
0.736
0.957
0.564
0.254
0.258
0.97
0.871
0.683
0.873
0.401
0.373
0.088
0.809
0.899
0.04
0.507
0.533
0.911
0.427
0.251
0.317
0.369
0.744
0.106
0.298
0.924
0.844
0.502
0.65
0.301
0.173
0.828
0.804
0.648
0.66
0.532
0.875
0.824
0.493
0.95
0.126
0.807
0.125
0.839
0.977
0.864
0.306
0.875
0
0.623
0.76
0.428
0.934
0.624
0.227
0.061
0.554
0.184
0.319
0.271
0.399
0.999
0.503
0.1
0.215
0.525
0.771
0.311
0.399
0.748
0.09
0.167
0.978
0.784
0.758
0.829
0.258
0.773
0.767
0.731
0.714
0.964
0.911
0.986
0.934
0.992
0.995
0.873
0.274
0.172
0.306
0.407
0.064
0.155
0.375
0.911
0.475
0.125
0.804
0.405
0.119
0.249
0.841
0.41
0.858
0.027
0.273
0.133
0.651
0.336
0.659
0.662
0.149
0.624
0.37
0.719
0.373
0.139
0.422
0.438
0.937
0.412
0.686
0.019
0.018
0.654
0.836
0.308
0.531
0.037
0.266
0.613
0.738
0.158
0.312
0.21
0.014
0.002
0.49
0.026
0.998
0.694
0.604
0.046
0.576
0.749
0.653
0.618
0.784
0.5
0.4
0.994
0.338
0.008
0.826
0.487
0.383
0.691
0.619
0.067
0.326
0.624
0.094
0.885
0.001
0.612
0.109
0.582
0.316
0.062
0.894
0.646
0.7
0.325
0.652
0.774
0.997
0.516
0.453
0.019
0.776
0.286
0.777
0.47
0.459
0.119
0.405
0.165
0.194
0.309
0.539
0.968
0.995
0.256
0.509
0.094
0.777
0.22
0.616
0.704
0.146
0.004
0.69
0.798
0.771
0.466
0.364
0.572
0.678
0.621
0.674
0.037
0.551
0.204
0.955
0.652
0.674
0.697
0.167
0.391
0.335
0.532
0.899
0.959
0.548
0.604
0.441
0.296
0.488
0.299
0.47
0.59
0.6
0.06
0.412
0.224
0.841
0.205
0.092
0.627
0.681
0.583
0.357
0.603
0.363
0.211
0.312
0.092
0.345
0.063
0.202
0.21
0.199
0.838
0.782
0.287
0.144
0.486
0.193
0.464
0.233
0.418
0.157
0.601
0.653
0.773
0.438
0.848
0.038
0.967
0.545
0.753
0.056
0.13
0.553
0.893
0.328
0.222
0.005
0.33
0.404
0.271
0.435
0.235
0.346
0.939
0.604
0.322
0.7
0.536
0.595
0.315
0.004
0.232
0.856
0.541
0.555
0.732
0.662
0.316
0.329
0.666
0.993
0.296
0.995
0.551
0.378
0.696
0.412
0.848
0.013
0.147
0.756
0.55
0
0.154
0.636
0.675
0.904
0.684
0.393
0.286
0.834
0.448
0.207
0.025
0.861
0.818
0.582
0.723
0.111
0.73
0.487
0.741
0.6
0.807
0.08
0.4
0.658
0.666
0.452
0.114
0.67
0.78
0.504
0.082
0.709
0.433
0.889
0.344
0.655
0.314
0.189
0.668
0.584
0.397
0.865
0.508
0.077
0.47
0.243
0.619
0.02
0.688
0.162
0.84
0.315
0.948
0.329
0.834
0.572
0.174
0.226
0.728
0.718
0.627
0.294
0.157
0.737
0.87
0.309
0.254
0.38
0.737
0.145
0.83
0.229
0.393
0.546
0.902
0.539
0.838
0.752
0.528
0.555
0.308
0.101
0.432
0.273
0.373
0.858
0.994
0.649
0.714
0.316
0.149
0.558
0.414
0.178
0.408
0.63
0.73
0.998
0.604
0.387
0.885
0.233
0.266
0.885
0.963
0.856
0.895
0.72
0.781
0.494
0.382
0.615
0.436
0.23
0.877
0.95
0.792
0.691
0.014
0.262
0.02
0.812
0.474
0.542
0.368
0.734
0.865
0.969
0.675
0.039
0.399
0.421
0.751
0.787
0.863
0.953
0.4
0.947
0.364
0.305
0.788
0.284
0.694
0.034
0.997
0.221
0.969
0.749
0.871
0.301
0.373
0.304
0.957
0.449
0.771
0.596
0.121
0.65
0.271
0.237
0.803
0.945
0.252
0.59
0.128
0.239
0.726
0.881
0.456
0.872
0.581
0.436
0.202
0.426
0.224
0.123
0.44
0.248
0.326
0.539
0.9
0.663
0.545
0.528
0.768
0.654
0.921
0.238
0.006
0.745
0.787
0.217
0.138
0.356
0.274
0.602
0.16
0.16
0.603
0.883
0.384
0.493
0.064
0.242
0.121
0.872
0.655
0.911
0.48
0.751
0.097
0.424
0.054
0.153
0.669
0.106
0.646
0.026
0.798
0.767
0.743
0.366
0.853
0.806
0.098
0.526
0.061
0.337
0.278
0.16
0.598
0.245
0.516
0.383
0.562
0.378
0.509
0.272
0.997
0.081
0.479
0.328
0.927
0.635
0.41
0.575
0.651
0.956
0.823
0.431
0.038
0.935
0.563
0.389
0.162
0.937
0.855
0.394
0.836
0.17
0.808
0.862
0.726
0.237
0.848
0.792
0.77
0.896
0.438
