0.312
0.443
0.18
0.586
0.636
0.687
0.207
0.43
0.215
0.013
0.675
0.298
0.586
0.691
0.978
0.742
0.139
0.784
0.325
0.7
0.71
0.145
0.218
0.91
0.619
0.242
0.979
0.659
0.26
0.876
0.76
0.381
0.537
0.982
0.608
0.298
0.444
0.386
0.647
0.492
0.383
0.904
0.213
0.433
0.033
0.452
0.526
0.798
0.201
0.572
0.464
0.355
0.211
0.48
0.923
0.946
0.241
0.683
0.718
0.334
0.386
0.518
0.612
0.877
0.276
0.749
0.834
0.599
0.321
0.45
0.214
0.132
0.538
0.849
0.571
0.909
0.838
0.612
0.079
0.64
0.38
0.269
0.312
0.984
0.363
0.623
0.41
0.719
0.38
0.787
0.583
0.199
0.852
0.359
0.339
0.45
0.21
0.724
0.218
0.923
0.92
0.006
0.874
0.909
0.151
0.257
0.219
0.189
0.262
0.943
0.449
0.552
0.81
0.55
0.63
0.56
0.009
0.632
0.838
0.658
0.549
0.98
0.072
0.799
0.246
0.083
0.186
0.122
0.977
0.605
0.775
0.752
0.384
0.062
0.813
0.268
0.453
0.85
0.956
0.169
0.164
0.14
0.497
0.173
0.311
0.604
0.899
0.28
0.525
0.749
0.167
0.694
0.545
0.001
0.538
0.751
0.791
0.639
0.086
0.21
0.439
0.48
0.467
0.339
0.54
0.68
0.158
0.217
0.378
0.649
0.263
0.968
0.288
0.681
0.173
0.138
0.612
0.381
0.745
0.105
0.739
0.565
0.933
0.14
0.598
0.28
0.726
0.213
0.81
0.134
0.408
0.284
0.546
0.194
0.726
0.729
0.743
0.095
0.156
0.578
0.777
0.714
0.165
0.981
0.361
0.224
0.481
0.139
0.71
0.662
0.129
0.146
0.806
0.433
0.238
0.603
0.455
0.832
0.186
0.92
0.75
0.659
0.825
0.25
0.73
0.077
0.767
0.992
0.824
0.594
0.624
0.593
0.432
0.831
0.895
0.91
0.423
0.315
0.798
0.634
0.768
0.75
0.383
0.271
0.223
0.781
0.438
0.817
0.369
0.752
0.031
0.705
0.176
0.133
0.182
0.227
0.373
0.786
0.333
0.382
0.717
0.606
0.822
0.455
0.85
0.175
0.785
0.964
0.709
0.729
0.885
0.096
0.765
0.051
0.435
0.996
0.462
0.352
0.108
0.176
0.604
0.796
0.1
0.15
0.479
0.764
0.1
0.272
0.241
0.628
0.563
0.002
0.313
0.187
0.299
0.575
0.64
0.516
0.477
0.086
0.02
0.866
0.387
0.763
0.634
0.859
0.635
0.723
0.1
0.717
0.214
0.042
0.985
0.366
0.291
0.534
0.974
0.089
0.488
0.317
0.153
0.051
0.678
0.763
0.355
0.149
0.765
0.982
0.579
0.029
0.086
0.605
0.623
0.543
0.067
0.93
0.101
0.647
0.418
0.441
0.296
0.488
0.849
0.563
0.457
0.245
0.701
0.07
0.11
0.621
0.735
0.045
0.028
0.274
0.519
0.051
0.501
0.914
0.803
0.56
0.958
0.951
0.159
0.987
0.904
0.874
0.557
0.094
0.359
0.304
0.878
0.18
0.725
0.569
0.062
0.968
0.225
0.403
0.063
0.562
0.455
0.673
0.985
0.024
0.429
0.155
0.161
0.679
0.395
0.491
0.573
0.781
0.32
0.791
0.633
0.38
0.706
0.47
0.564
0.008
0.752
0.742
0.366
0.595
0.272
0.874
0.43
0.876
0.388
0.666
0.956
0.836
0.368
0.741
0.887
0.85
0.941
0.356
0.691
0.002
0.264
0.374
0.46
0.068
0.964
0.202
0.713
0.87
0.918
0.881
0.822
0.276
0.976
0.099
0.295
0.1
0.808
0.78
0.036
0.113
0.74
0.675
0.549
0.681
0.74
0.103
0.096
0.226
0.207
0.311
0.771
0.492
0.145
0.869
0.384
0.355
0.378
0.991
0.604
0.271
0.049
0.11
0.837
0.55
0.135
0.434
0.491
0.677
0.544
0.332
0.477
0.042
0.055
0.174
0.48
0.838
0.839
0.803
0.509
0.973
0.627
0.057
0.456
0.543
0.29
0.584
0.255
0.218
0.041
0.688
0.211
0.531
0.191
0.15
0.502
0.857
0.791
0.286
0.05
0.258
0.619
0.907
0.963
0.671
0.13
0.729
0.867
0.578
0.819
0.957
0.27
0.008
0.771
0.553
0.822
0.585
0.002
0.942
0.718
0.11
0.417
0.186
0.092
0.44
0.061
0.148
0.674
0.929
0.447
0.909
0.042
0.225
0.457
0.251
0.704
0.638
0.681
0.589
0.299
0.755
0.656
0.715
0.616
0.515
0.11
0.906
0.852
0.771
0.973
0.197
0.121
0.037
0.241
0.902
0.818
0.505
0.96
0.401
0.512
0.725
0.84
0.64
0.865
0.115
0.022
0.589
0.219
0.139
0.573
0.017
0.33
0.888
0.629
0.764
0.08
0.885
0.012
0.648
0.51
0.28
0.133
0.372
0.632
0.049
0.234
0.319
0.86
0.811
0.287
0.738
0.618
0.774
0.959
0.651
0.185
0.218
0.248
0.085
0.17
0.496
0.238
0.37
0.085
0.847
0.901
0.277
0.671
0.281
0.841
0.81
0.557
0.975
0.929
0.433
0.552
0.103
0.748
0.338
0.83
0.533
0.796
0.549
0.15
0.198
0.137
0.701
0.56
0.381
0.712
0.171
0.499
0.751
0.826
0.542
0.595
0.71
0.26
0.966
0.763
0.278
0.992
0.821
0.665
0.766
0.054
0.525
0.185
0.667
0.615
0.001
0.133
0.936
0.022
0.173
0.368
0.37
0.357
0.299
0.456
0.376
0.482
0.01
0.4
0.371
0.424
0.379
0.814
0.435
0.141
0.46
0.838
0.324
0.729
0.475
0.898
0.365
0.464
0.311
0.868
0.476
0.63
0.056
0.252
0.352
0.608
0.283
0.879
0.577
0.75
0.374
0.235
0.915
0.402
0.662
0.064
0.329
0.88
0.732
0.811
0.436
0.624
0.032
0.836
0.945
0.787
0.305
0.126
0.832
0.804
0.827
0.187
0.703
0.763
0.445
1.0
0.965
0.357
0.205
0.965
0.738
0.198
0.036
0.75
0.864
0.99
0.496
0.935
0.365
0.595
0.469
0.945
0.161
0.564
0.462
0.775
0.205
0.812
0.927
0.316
0.93
0.275
0.403
0.132
0.794
0.94
0.839
0.285
0.988
0.56
0.919
0.72
0.326
0.668
0.235
0.874
0.017
0.594
0.3
0.356
0.736
0.704
0.949
0.36
0.445
0.381
0.263
0.12
0.522
0.672
0.887
0.24
0.698
0.088
0.025
0.974
0.165
0.159
0.467
0.963
0.824
0.918
0.31
0.817
0.229
0.09
0.664
0.555
0.32
0.78
0.829
0.584
0.943
0.96
0.277
0.754
0.405
0.596
0.961
0.523
0.045
0.828
0.943
0.858
0.976
0.092
0.398
0.366
0.913
0.937
0.781
0.25
0.186
0.234
0.766
0.995
0.945
0.35
0.284
0.087
0.181
0.383
0.18
0.636
0.734
0.688
0.719
0.894
0.13
0.607
0.848
0.566
0.757
0.647
0.495
0.783
0.969
0.86
0.802
0.205
0.13
0.256
0.084
0.998
0.523
0.048
0.27
0.555
0.325
0.335
0.582
0.612
0.506
0.735
0.989
0.573
0.959
0.99
0.013
0.175
0.727
0.465
0.726
0.037
0.487
0.779
0.209
0.327
0.799
0.893
0.339
0.32
0.947
0.446
0.076
0.811
0.107
0.018
0.142
0.706
0.042
0.662
0.315
0.035
0.743
0.782
0.674
0.544
0.261
0.147
0.064
0.421
0.523
0.22
0.721
0.993
0.894
0.652
0.511
0.935
0.975
0.075
0.284
0.303
0.304
0.773
0.72
0.879
0.385
0.848
0.58
0.443
0.863
0.754
0.702
0.547
0.671
0.22
0.763
0.057
0.287
0.512
0.449
0.366
0.93
0.952
0.165
0.168
0.588
0.736
0.629
0.471
0.387
0.098
0.5
0.879
0.962
0.33
0.626
0.211
0.013
0.672
0.545
0.99
0.187
0.614
0.05
0.346
0.794
0.502
0.322
0.682
0.537
0.499
0.876
0.784
0.178
0.585
0.879
0.835
0.549
0.225
0.7
0.408
0.335
0.152
0.462
0.072
0.717
0.022
0.045
0.743
0.814
0.897
0.34
0.329
0.082
0.215
0.899
0.187
0.438
0.954
0.935
0.925
0.325
0.988
0.66
0.817
0.543
0.865
0.674
0.922
0.442
0.307
0.955
0.394
0.109
0.511
0.44
0.5
0.957
