0.504
0.328
0.784
0.036
0.216
0.078
0.134
0.047
0.373
0.08
0.924
0.254
0.915
0.97
0.716
0.218
0.391
0.931
0.222
0.068
0.051
0.152
0.03
0.454
0.051
0.463
0.751
0.753
0.616
0.675
0.252
0.094
0.894
0.229
0.373
0.7
0.634
0.754
0.154
0.061
0.06
0.588
0.095
0.844
0.362
0.483
0.762
0.374
0.762
0.81
0.557
0.126
0.638
0.537
0.22
0.868
0.953
0.642
0.503
0.799
0.305
0.073
0.726
0.032
0.195
0.848
0.259
0.428
0.492
0.027
0.726
0.497
0.838
0.91
0.286
0.085
0.466
0.436
0.261
0.595
0.522
0.316
0.387
0.648
0
0.051
0.048
0.208
0.686
0.041
0.162
0.345
0.12
0.795
0.769
0.276
0.901
0.349
0.032
0.063
0.742
0.789
0.923
0.48
0.975
0.219
0.631
0.366
0.713
0.681
0.122
0.016
0.363
0.876
0.992
0.201
0.332
0.614
0.64
0.843
0.814
0.473
0.195
0.735
0.479
0.397
0.932
0.661
0.083
0.409
0.152
0.7
0.825
0.295
0.784
0.306
0.549
0.859
0.767
0.39
0.386
0.685
0.975
0.309
0.802
0.391
0.837
0.565
0.538
0.875
0.325
0.381
0.764
0.598
0.716
0.951
0.157
0.69
0.551
0.079
0.51
0.369
0.144
0.258
0.736
0.673
0.23
0.61
0.572
0.121
0.514
0.466
0.337
0.351
0.41
0.521
0.678
0.831
0.702
0.695
0.789
0.326
0.199
0.895
0.607
0.711
0.029
0.712
0.544
0.966
0.004
0.003
0.35
0.633
0.395
0.916
0.17
0.042
0.954
0.694
0.171
0.611
0.729
0.93
0.711
0.388
0.928
0.952
0.56
0.093
0.138
0.331
0.51
0.696
0.97
0.098
0.503
0.564
0.603
0.745
0.844
0.78
0.352
0.134
0
0.715
0.816
0.42
0.58
0.269
0.513
0.945
0.238
0.208
0.182
0.325
0.951
0.037
0.123
0.121
0.213
0.856
0.293
0.922
0.974
0.317
0.071
0.036
0.782
0.821
0.604
0.522
0.106
0.78
0.018
0.259
0.725
0.165
0.508
0.165
0.791
0.756
0.599
0.929
0.494
0.343
0.58
0.253
0.883
0.933
0.58
0.716
0.334
0.462
0.828
0.57
0.651
0.363
0.341
0.733
0.782
0.414
0.449
0.129
0.73
0.296
0.026
0.632
0.797
0.562
0.786
0.248
0.034
0.996
0.75
0.766
0.912
0.17
0.671
0.372
0.301
0.624
0.236
0.5
0.97
0.702
0.532
0.332
0.176
0.609
0.516
0.299
0.755
0.048
0.326
0.434
0.916
0.903
0.044
0.942
0.256
0.179
0.99
0.56
0.866
0.258
0.346
0.669
0.011
0.78
0.986
0.265
0.428
0.415
0.743
0.513
0.409
0.106
0.39
0.879
0.239
0.081
0.377
0.367
0.678
0.071
0.419
0.995
0.472
0.595
0.404
0.329
0.185
0.485
0.593
0.499
0.22
0.686
0.989
0.908
0.363
0.612
0.793
0.244
0.443
0.119
0.419
0.598
0.446
0.141
0.75
0.587
0.554
0.899
0.132
0.228
0.579
0.683
0.434
0.591
0.939
0.641
0.728
0.774
0.579
0.338
0.724
0.423
0.036
0.595
0.056
0.679
0.137
0.386
0.427
0.805
0.973
0.589
0.4
0.919
0.492
0.935
0.341
0.53
0.633
0.529
0.711
0.903
0.603
0.093
0.385
0.534
0.005
0.103
0.813
0.594
0.666
0.256
0.139
0.424
0.129
0.069
0.924
0.56
0.342
0.914
0.585
0.201
0.9
0.29
0.737
0.848
0.461
0.887
0.367
0.516
0.163
0.552
0.112
0.641
0.768
0.982
0.73
0.037
0.724
0.908
0.913
0.545
0.08
0.042
0.852
0.997
0.704
0.466
0.013
0.994
0.919
0.432
0.732
0.664
0.144
0.733
0.682
0.95
0.084
0.102
0.133
0.502
0.059
0.369
0.121
0.937
0.702
0.641
0.307
0.783
0.042
0.71
0.252
0.74
0.28
0.823
0.725
0.823
0.764
0.995
0.687
0.312
0.89
0.603
0.994
0.459
0.374
0.617
0.414
0.118
0.956
0.793
0.082
0.09
0.452
0.909
0.376
0.999
0.727
0.1
0.948
0.332
0.721
0.123
0.801
0.244
0.741
0.284
0.754
0.612
0.958
0.926
0.594
0.077
0.793
0.542
0.393
0.177
0.133
0.521
0.424
0.042
0.454
0.648
0.708
0.157
0.538
0.955
0.845
0.174
0.582
0.532
0.436
0.288
0.92
0.135
0.268
0.354
0.502
0.535
0.139
0.225
0.177
0.812
0.266
0.988
0.9
0.92
0.893
0.265
0.272
0.778
0.942
0.703
0.172
0.4
0.762
0.32
0.614
0.891
0.197
0.373
0.904
0.266
0.42
0.729
0.393
0.538
0.373
0.195
0.552
0.023
0.559
0.383
0.263
0.129
0.676
0.188
0.017
0.156
0.378
0.661
0.556
0.771
0.623
0.927
0.513
0.745
0.197
0.435
0.563
0.287
0.268
0.624
0.406
0.252
0.019
0.659
0.578
0.885
0.635
0.24
0.526
0.877
0.531
0.717
0.658
0.369
0.915
0.201
0.352
0.41
0.117
0.416
0.413
0.383
0.127
0.314
0.629
0.372
0.438
0.306
0.204
0.919
0.933
0.546
0.626
0.058
0.39
0.444
0.409
0.342
0.925
0.424
0.743
0.849
0.162
0.678
0.268
0.474
0.371
0.374
0.569
0.639
0.297
0.407
0.61
0.272
0.856
0.228
0.135
0.857
0.852
0.567
0.893
0.716
0.365
0.245
0.1
0.886
0.186
0.073
0.86
0.761
0.513
0.969
0.475
0.939
0.558
0.47
0.715
0.254
0.832
0.303
0.371
0.101
0.912
0.803
0.306
0.102
0.161
0.069
0.957
0.962
0.343
0.046
0.367
0.164
0.579
0.965
0.179
0.423
0.542
0.532
0.049
0.651
0.06
0.476
0.623
0.584
0.794
0.948
0.627
0.103
0.084
0.043
0.652
0.991
0.71
0.22
0.268
0.688
0.325
0.614
0.986
0.262
0.34
0.164
0.554
0.982
0.911
0.679
0.735
0.294
0.116
0.253
0.475
0.862
0.102
0.936
0.377
0.847
0.199
0.812
0.482
0.976
0.135
0.07
0.642
0.447
0.202
0.501
0.475
0.591
0.038
0.156
0.96
0.856
0.185
0.619
0.89
0.689
0.972
0.182
0.668
0.438
0.472
0.185
0.57
0.46
0.85
0.539
0.395
0.006
0.31
0.472
0.866
0.398
0.24
0.87
0.634
0.39
0.902
0.134
0.561
0.864
0.387
0.691
0.522
0.752
0.386
0.104
0.567
0.7
0.666
0.081
0.09
0.42
0.286
0.717
0.943
0.813
0.88
0.605
0.836
0.863
0.969
0.433
0.892
0.782
0.826
0.742
0.057
0.377
0.019
0.735
0.793
0.868
0.126
0.807
0.422
0.512
0.951
0.063
0.214
0.336
0.086
0.918
0.6
0.165
0.639
0.893
0.632
0.754
0.822
0.668
0.144
0.553
0.203
0.213
0.925
0.879
0.764
0.212
0.453
0.116
0.589
0.087
0.011
0.396
0.698
0.667
0.643
0.358
0.15
0.432
0.059
0.366
0.346
0.351
0.129
0.876
0.529
0.022
0.41
0.097
0.776
0.043
0.141
0.287
0.04
0.382
0.823
0.345
0.031
0.404
0.807
0.177
0.695
0.426
0.541
0.343
0.486
0.623
0.312
0.527
0.456
0.338
0.727
0.202
0.546
0.983
0.857
0.575
0.632
0.965
0.768
0.087
0.574
0.876
0.772
0.237
0.875
0.238
0.25
0.712
0.992
0.861
0.949
0.454
0.902
0.095
0.414
0.197
0.587
0.195
0.722
0.664
0.068
0.222
0.325
0.479
0.712
0.173
0.523
0.798
0.462
0.691
0.721
0.862
0.908
0.551
0.252
0.749
0.625
0.338
0.5
0.047
0.647
0.925
0.436
0.331
0.979
0.815
0.852
0.08
0.619
0.49
0.719
0.888
0.363
0.28
0.629
0.652
0.822
0.007
0.168
0.653
0.001
0.139
0.382
0.688
0.169
0.067
0.61
0.063
0.298
0.55
0.383
0.653
0.151
0.835
0.193
0.147
0.054
0.355
0.467
0.771
0.547
0.417
0.157
0.951
0.878
0.224
0.936
0.835
0.478
0.168
0.75
0.664
0.098
0.459
0.046
0.47
0.801
0.374
0.2
0.048
0.033
0.245
0.376
0.067
0.27
0.511
