0.565
0.329
0.738
0.262
0.024
0.831
0.47
0.738
0.63
0.545
0.425
0.603
0.578
0.27
0.513
0.172
0.69
0.142
0.009
0.612
0.736
0.998
0.579
0.84
0.607
0.931
0.534
0.284
0.172
0.204
0.381
0.758
0.192
0.617
0
0.135
0.727
0.199
0.077
0.058
0.723
0.511
0.257
0.344
0.59
0.496
0.352
0.696
0.838
0.882
0.922
0.968
0.419
0.408
0.3
0.726
0.125
0.061
0.003
0.853
0.497
0.191
0.146
0.412
0.983
0.758
0.812
0.777
0.597
0.918
0.434
0.608
0.026
0.958
0.313
0.11
0.136
0.977
0.784
0.859
0.078
0.547
0.527
0.481
0.188
0.349
0.068
0.002
0.61
0.901
0.954
0.028
0.536
0.046
0.518
0.703
0.795
0.366
0.057
0.563
0.084
0.484
0.383
0.107
0.621
0.077
0.552
0.219
0.386
0.004
0.444
0.1
0.632
0.859
0.363
0.898
0.237
0.26
0.261
0.322
0.158
0.424
0.248
0.894
0.995
0.98
0.226
0.072
0.297
0.774
0.83
0.812
0.017
0.915
0.381
0.629
0.671
0.228
0.31
0.601
0.414
0.476
0.761
0.991
0.883
0.354
0.799
0.904
0.723
0.454
0.327
0.737
0.213
0.447
0.504
0.532
0.576
0.142
0.413
0.968
0.363
0.487
0.322
0.208
0.422
0.842
0.261
0.427
0.403
0.517
0.082
0.624
0.255
0.406
0.139
0.14
0.833
0.876
0.007
0.527
0.29
0.109
0.559
0.558
0.77
0.98
0.714
0.796
0.431
0.504
0.287
0.677
0.27
0.526
0.511
0.811
0.73
0.279
0.783
0.092
0.748
0.175
0.166
0.525
0.91
0.991
0.279
0.815
0.183
0.492
0.614
0.121
0.042
0.779
0.658
0.44
0.346
0.827
0.225
0.321
0.301
0.733
0.379
0.736
0.695
0.833
0.876
0.223
0.934
0.543
0.438
0.233
0.194
0.217
0.255
0.081
0.659
0.884
0.182
0.916
0.637
0.952
0.87
0.771
0.796
0.505
0.755
0.799
0.164
0.723
0.398
0.173
0.219
0.017
0.853
0.494
0.81
0.721
0.522
0.869
0.921
0.756
0.678
0.624
0.97
0.593
0.067
0.882
0.994
0.653
0.915
0.901
0.936
0.749
0.043
0.931
0.427
0.2
0.6
0.814
0.634
0.876
0.675
0.215
0.923
0.32
0.478
0.988
0.871
0.712
0.62
0.335
0.688
0.079
0.714
0.82
0.72
0.244
0.991
0.646
0.023
0.233
0.574
0.834
0.075
0.52
0.66
0.46
0.482
0.541
0.23
0.873
0.087
0.528
0.375
0.896
0.178
0.171
0.995
0.743
0.563
0.684
0.349
0.934
0.458
0.18
0.994
0.176
0.618
0.393
0.197
0.851
0.865
0.031
0.975
0.215
0.334
0.43
0.493
0.043
0.785
0.637
0.525
0.513
0.806
0.329
0.268
0.459
0.469
0.459
0.886
0.639
0.004
0.419
0.771
0.517
0.151
0.015
0.827
0.249
0.722
0.51
0.222
0.641
0.125
0.74
0.148
0.452
0.056
0.304
0.787
0.194
0.208
0.258
0.084
0.32
0.629
0.328
0.161
0.084
0.866
0.659
0.334
0.05
0.163
0.668
0.114
0.059
0.337
0.157
0.725
0.547
0.907
0.117
0.764
0.92
0.45
0.836
0.832
0.278
0.132
0.248
0.349
0.403
0.624
0.296
0.528
0.602
0.455
0.588
0.83
0.633
0.088
0.323
0.428
0.656
0.361
0.33
0.262
0.037
0.72
0.103
0.52
0.012
0.87
0.074
0.102
0.314
0.166
0.401
0.326
0.337
0.417
0.571
0.422
0.12
0.82
0.376
0.645
0.831
0.253
0.327
0.934
0.176
0.196
0.965
0.766
0.563
0.336
0.5
0.217
0.813
0.053
0.305
0.824
0.545
0.636
0.135
0.138
0.997
0.938
0.435
0.012
0.991
0.089
0.484
0.966
0.982
0.209
0.425
0.628
0.649
0.026
0.424
0.631
0.048
0.883
0.451
0.535
0.807
0.106
0.795
0.556
0.105
0.446
0.569
0.68
0.452
0.474
0.39
0.306
0.928
0.26
0.226
0.583
0.847
0.237
0.816
0.629
0.275
0.718
0.32
0.861
0.58
0.635
0.935
0.682
0.014
0.141
0.42
0.022
0.69
0
0.717
0.243
0.438
0.823
0.601
0.552
0.235
0.788
0.335
0.362
0.858
0.121
0.03
0.846
0.945
0.641
0.233
0.832
0.641
0.017
0.25
0.851
0.772
0.438
0.265
0.108
0.463
0.165
0.497
0.938
0.539
0.574
0.392
0.34
0.756
0.583
0.185
0.235
0.97
0.768
0.768
0.26
0.818
0.174
0.599
0.224
0.635
0.279
0.516
0.657
0.578
0.335
0.606
0.159
0.619
0.074
0.355
0.686
0.779
0.433
0.306
0.174
0.946
0.629
0.456
0.602
0.536
0.826
0.347
0.006
0.588
0.612
0.219
0.863
0.482
0.945
0.434
0.765
0.531
0.63
0.854
0.051
0.984
0.357
0.889
0.721
0.437
0.511
0.565
0.492
0.892
0.897
0.032
0.419
0.405
0.185
0.141
0.224
0.043
0.366
0.334
0.513
0.947
0.933
0.347
0.591
0.299
0.629
0.423
0.472
0.072
0.898
0.487
0.258
0.216
0.55
0.662
0.39
0.777
0.955
0.046
0.498
0.986
0.251
0.122
0.257
0.219
0.659
0.815
0.85
0.446
0.948
0.755
0.615
0.587
0.819
0.99
0.232
0.334
0.76
0.968
0.429
0.997
0.452
0.169
0.264
0.255
0.223
0.037
0.849
0.241
0.723
0.795
0.538
0.307
0.697
0.616
0.641
0.616
0.167
0.576
0.936
0.455
0.256
0.168
0.973
0.203
0.238
0.319
0.468
0.977
0.667
0.577
0.375
0.891
0.309
0.698
0.499
0.393
0.366
0.502
0.719
0.575
0.572
0.396
0.106
0.075
0.378
0.143
0.401
0.727
0.937
0.358
0.875
0.83
0.99
0.233
0.981
0.767
0.566
0.28
0.346
0.555
0.316
0.749
0.191
0.615
0.599
0.253
0.842
0.047
0.311
0.459
0.049
0.592
0.256
0.643
0.366
0.416
0.774
0.022
0.485
0.405
0.355
0.632
0.94
0.212
0.274
0.35
0.468
0.119
0.62
0.037
0.809
0.885
0.909
0.356
0.952
0.632
0.829
0.965
0.191
0.59
0.755
0.402
0.283
0.237
0.39
0.541
0.934
0.982
0.666
0.609
0.223
0.861
0.487
0.407
0.211
0.526
0.798
0.122
0.168
0.122
0.46
0.34
0.225
0.552
0.246
0.407
0.849
0.81
0.98
0.109
0.322
0.518
0.092
0.9
0.554
0.139
0.594
0.196
0.513
0.792
0.252
0.338
0.76
0.292
0.246
0.899
0.501
0.146
0.374
0.936
0.15
0.78
0.758
0.906
0.787
0.981
0.654
0.585
0.58
0.245
0.878
0.006
0.056
0.467
0.544
0.791
0.438
0.166
0.48
0.46
0.164
0.022
0.406
0.515
0.86
0.355
0.864
0.518
0.421
0.627
0.8
0.367
0.43
0.552
0.568
0.692
0.031
0.744
0.28
0.25
0.71
0.537
0.239
0.335
0.382
0.639
0.072
0.587
0.566
0.184
0.453
0.722
0.656
0.952
0.96
0.803
0.127
0.953
0.247
0.449
0.592
0.222
0.088
0.119
0.476
0.438
0.228
0.079
0.654
0.402
0.527
0.114
0.542
0.525
0.434
0.633
0.032
0.445
0.707
0.691
0.1
0.465
0.312
0.185
0.02
0.101
0.854
0.044
0.56
0.964
0.385
0.991
0.367
0.355
0.15
0.771
0.957
0.197
0.42
0.737
0.886
0.349
0.478
0.125
0.219
0.243
0.959
0.726
0.72
0.942
0.811
0.204
0.968
0.577
0.588
0.026
0.465
0.633
0.603
0.003
0.572
0.326
0.442
0.073
0.781
0.689
0.125
0.854
0.148
0.346
0.175
0.622
0.563
0.606
0.714
0.809
0.963
0.694
0.959
0.285
0.991
0.644
0.789
0.114
0.946
0.132
0.275
0.698
0.013
0.021
0.504
0.936
0.248
0.571
0.561
0.9
0.816
0.947
0.243
0.283
0.597
0.313
0.353
0.659
0.79
0.317
0.522
0.479
0.674
0.251
0.659
0.895
0.574
0.353
0.759
0.479
0.17
0.717
0.152
0.149
0.169
0.787
0.426
0.048
0.923
0.084
0.647
0.431
0.529
0.648
0.282
0.219
0.075
0.997
