0.315
0.159
0.712
0.68
0.457
0.165
0.145
0.955
0.86
0.049
0.361
0.167
0.675
0.418
0.754
0.023
0.796
0.893
0.774
0.734
0.81
0.232
0.145
0.171
0.792
0.43
0.442
0.086
0.252
0.873
0.94
0.855
0.961
0.549
0.201
0.199
0.298
0.35
0.342
0.838
0.382
0.991
0.829
0.083
0.061
0.387
0.131
0.268
0.26
0.824
0.928
0.024
0.919
0.104
0.833
0.14
0.381
0.285
0.347
0.659
0.816
0.534
0.801
0.735
0.531
0.874
0.462
0.594
0.281
1.0
0.752
0.34
0.515
0.63
0.625
0.528
0.482
0.391
0.532
0.729
0.511
0.967
0.084
0.04
0.637
0.77
0.189
0.194
0.527
0.013
0.149
0.314
0.606
0.843
0.88
0.795
0.201
0.521
0.336
0.208
0.005
0.133
0.704
0.762
0.818
0.217
0.623
0.971
0.769
0.438
0.426
0.278
0.493
0.036
0.373
0.57
0.96
0.545
0.19
0.936
0.053
0.289
0.128
0.979
0.936
0.183
0.227
0.825
0.896
0.179
0.831
0.064
0.075
0.917
0.905
0.545
0.433
0.751
0.04
0.55
0.956
0.944
0.295
0.721
0.059
0.933
0.549
0.902
0.426
0.383
0.69
0.296
0.441
0.249
0.621
0.94
0.791
0.116
0.526
0.867
0.522
0.559
0.178
0.233
0.375
0.73
0.337
0.196
0.19
0.317
0.099
0.114
0.524
0.564
0.624
0.567
0.129
0.013
0.819
0.529
0.384
0.434
0.644
0.224
0.972
0.183
0.386
0.602
0.718
0.631
0.004
0.747
0.175
0.787
0.291
0.057
0.812
0.932
0.506
0.024
0.682
0
0.226
0.823
0.783
0.282
0.634
0.671
0.08
0.232
0.973
0.155
0.63
0.257
0.294
0.521
0.447
0.311
0.148
0.707
0.699
0.341
0.018
0.769
0.984
0.16
0.394
0.546
0.118
0.261
0.274
0.32
0.464
0.98
0.774
0.393
0.852
0.486
0.0
0.671
0.772
0.645
0.065
0.131
0.072
0.285
0.806
0.293
0.186
0.841
0.44
0.233
0.368
0.497
0.342
0.983
0.706
0.08
0.858
0.315
0.668
0.393
0.189
0.885
0.93
0.709
0.982
0.044
0.706
0.94
0.377
0.525
0.662
0.95
0.851
0.415
0.058
0.591
0.95
0.238
0.164
0.569
0.222
0.468
0.611
0.824
0.689
0.545
0.32
0.118
0.029
0.699
0.866
0.63
0.56
0.4
0.665
0.363
0.22
0.108
0.875
0.212
0.919
0.574
0.461
0.755
0.813
0.836
0.645
0.582
0.219
0.036
0.213
0.259
0.174
0.07
0.023
0.891
0.029
0.04
0.079
0.141
0.018
0.799
0.68
0.388
0.803
0.61
0.149
0.143
0.35
0.229
0.968
0.697
0.739
0.527
0.396
0.097
0.295
0.173
0.058
0.115
0.862
0.863
0.325
0.747
0.129
0.282
0.977
0.001
0.617
0.345
0.135
0.469
0.921
0.409
0.261
0.692
0.673
0.52
0.087
0.14
0.029
0.061
0.989
0.245
0.097
0.499
0.645
0.058
0.454
0.345
0.858
0.32
0.459
0.626
0.032
0.313
0.766
0.088
0.655
0.175
0.229
0.416
0.865
0.743
0.978
0.629
0.887
0.26
0.423
0.495
0.077
0.098
0.772
0.749
0.756
0.588
0.33
0.43
0.987
0.386
0.925
0.733
0.227
0.695
0.575
0.602
0.823
0.522
0.124
0.887
0.509
0.737
0.321
0.943
0.678
0.951
0.622
0.612
0.623
0.97
0.742
0.393
0.284
0.7
0.037
0.353
0.182
0.69
0.788
0.815
0.822
0.291
0.412
0.139
0.242
0.165
0.773
0.748
0.832
0.628
0.958
0.359
0.8
0.698
0.578
0.55
0.048
0.312
0.865
0.724
0.347
0.232
0.224
0.057
0.294
0.336
0.941
0.284
0.998
0.267
0.003
0.892
0.068
0.688
0.283
0.448
0.148
0.692
0.325
0.144
0.38
0.554
0.326
0.957
0.908
0.168
0.435
0.659
0.376
0.162
0.166
0.191
0.334
0.141
0.971
0.63
0.992
0.466
0.029
0.123
0.024
0.356
0.786
0.406
0.599
0.634
0.114
0.621
0.188
0.758
0.738
0.783
0.647
0.875
0.116
0.574
0.361
0.542
0.992
0.133
0.842
0.061
0.18
0.645
0.193
0.308
0.781
0.538
0.009
0.96
0.925
0.179
0.838
0.618
0.373
0.163
0.942
0.597
0.033
0.567
0.934
0.78
0.245
0.983
0.106
0.888
0.958
0.718
0.61
0.537
0.144
0.36
0.486
0.025
0.654
0.71
0.92
0.545
0.859
0.823
0.974
0.581
0.903
0.577
0.491
0.241
0.131
0.066
0.434
0.954
0.853
0.308
0.787
0.86
0.47
0.371
0.028
0.409
0.231
0.396
0.795
0.339
0.427
0.72
0.785
0
0.308
0.362
0.318
0.84
0.801
0.686
0.863
0.25
0.187
0.1
0.064
0.651
0.826
0.033
0.955
0.702
0.575
0.438
0.982
0.408
0.37
0.273
0.841
0.326
0.828
0.91
0.412
0.047
0.497
0.384
0.042
0.475
0.716
0.241
0.003
0
0.855
0.085
0.437
0.371
0.68
0.769
0.699
0.447
0.126
0.316
0.917
0.263
0.956
0.691
0.863
0.53
0.671
0.591
0.505
0.41
0.113
0.163
0.39
0.769
0.256
0.818
0.386
0.326
0.207
0.953
0.618
0.36
0.184
0.829
0.692
0.928
0.768
0.439
0.41
0.233
0.382
0.951
0.749
0.215
0.306
0.835
0.287
0.484
0.354
0.382
0.049
0.595
0.267
0.128
0.073
0.446
0.723
0.497
0.614
0.158
0.112
0.147
0.974
0.786
0.846
0.36
0.167
0.14
0.808
0.142
0.813
0.364
0.382
0.595
0.289
0.143
0.373
0.709
0.452
0.662
0.697
0.751
0.458
0.438
0.4
0.173
0.721
0.692
0.474
0.071
0.791
0.171
0.512
0.164
0.636
0.753
0.994
0.932
0.37
0.26
0.092
0.752
0.073
0.011
0
0.832
0.336
0.713
0.039
0.325
0.164
0.714
0.08
0.993
0.285
0.616
0.517
0.33
0.932
0.302
0.538
0.233
0.13
0.665
0.837
0.959
0.808
0.767
0.62
0.741
0.538
0.154
0.508
0.598
0.162
0.916
0.354
0.127
0.783
0.138
0.223
0.946
0.556
0.614
0.826
0.759
0.774
0.454
0.634
0.854
0.263
0.134
0.098
0.75
0.868
0.859
0.654
0.61
0.851
0.455
0.745
0.666
0.022
0.587
0.063
0.195
0.405
0.563
0.462
0.088
0.109
0.382
0.819
0.059
0.901
0.341
0.376
0.527
0.319
0.439
0.506
0.844
0.81
0.274
0.213
0.309
0.032
0.156
0.555
0.446
0.54
0.981
0.371
0.017
0.409
0.177
0.343
0.558
0.63
0.945
0.928
0.354
0.274
0.29
0.881
0.464
0.519
0.236
0.142
0.787
0.745
0.877
0.638
0.473
0.459
0.614
0.789
0.115
0.044
0.264
0.794
0.122
0.097
0.168
0.254
0.703
0.241
0.083
0.869
0.94
0.658
0.399
0.865
0.814
0.055
0.162
0.807
0.964
0.632
0.738
0.103
0.833
0.806
0.78
0.477
0.115
0.658
0.325
0.957
0.666
0.67
0.161
0.89
0.455
0.523
0.147
0.144
0.541
0.048
0.216
0.865
0.185
0.027
0.021
0.702
0.245
0.264
0.827
0.42
0.625
0.728
0.726
0.428
0.754
0.882
0.885
0.573
0.234
0.858
0.15
0.868
0.5
0.388
0.662
0.44
0.159
0.494
0.233
0.57
0.733
0.957
0.59
0.655
0.293
0.404
0.073
0.338
0.262
0.455
0.605
0.167
0.263
0.243
0.691
0.219
0.557
0.974
0.006
0.031
0.662
0.028
0.588
0.904
0.952
0.328
0.278
0.742
0.16
0.228
0.66
0.209
0.403
0.565
0.407
0.554
0.498
0.415
0.189
0.211
0.425
0.295
0.392
0.172
0.439
0.082
0.743
0.302
0.81
0.415
0.319
0.153
0.78
0.11
0.966
0.216
0.349
0.3
0.863
0.248
0.353
0.331
0.584
0.904
0.269
0.436
0.193
0.246
0.04
0.824
0.617
0.171
0.609
0.138
0.3
0.293
0.634
0.205
0.674
0.704
0.664
0.211
0.761
0.802
0.49
0.307
0.916
0.811
0.18
0.28
0.076
0.59
0.409
0.912
0.455
0.712
0.221
