0.768
0.757
0.86
0.979
0.158
0.966
0.717
0.283
0.825
0.934
1.0
0.296
0.303
0.165
0.457
0.735
0.645
0.127
0.567
0.497
0.813
0.81
0.057
0.395
0.199
0.135
0.472
0.362
0.882
0.635
0.192
0.008
0.693
0.662
0.462
0.249
0.347
0
0.552
0.565
0.936
0.096
0.567
0.964
0.468
0.779
0.967
0.203
0.447
0.869
0.925
0.002
0.986
0.414
0.069
0.5
0.847
0.18
0.073
0.352
0.91
0.373
0.132
0.027
0.348
0.44
0.335
0.828
0.746
0.138
0.857
0.764
0.064
0.985
0.063
0.089
0.479
0.201
0.238
0.066
0.816
0.309
0.659
0.798
0.218
0.639
0.691
0.765
0.753
0.104
0.249
0.523
0.778
0.824
0.163
0.964
0.952
0.271
0.481
0.107
0.145
0.162
0.971
0.739
0.25
0.908
0.427
0.727
0.152
0.952
0.288
0.765
0.421
0.551
0.712
0.45
0.62
0.039
0.212
0.029
0.674
0.08
0.878
0.259
0.857
0.259
0.992
0.005
0.792
0.95
0.873
0.129
0.933
0.866
0.248
0.709
0.232
0.983
0.909
0.01
0.382
0.568
0.484
0.709
0.1
0.61
0.454
0.416
0.153
0.12
0.601
0.948
0.706
0.131
0.001
0.78
0.736
0.353
0.986
0.97
0.934
0.252
0.272
0.757
0.247
0.571
0.969
0.804
0.97
0.186
0.986
0.796
0.579
0.523
0.314
0.157
0.621
0.522
0.342
0.022
0.357
0.143
0.306
0.532
0.061
0.087
0.996
0.31
0.707
0.291
0.099
0.79
0.098
0.473
0.873
0.945
0.417
0.485
0.781
0.058
0.504
0.818
0.633
0.101
0.261
0.506
0.563
0.066
0.68
0.846
0.561
0.752
0.487
0.858
0.343
0.546
0.705
0.356
0.746
0.403
0.934
0.338
0.96
0.279
0.246
0.844
0.344
0.611
0.666
0.922
0.084
0.979
0.59
0.905
0.171
0.166
0.687
0.88
0.622
0.588
0.286
0.896
0.292
0.28
0.8
0.75
0.627
0.252
0.739
0.509
0.786
0.464
0.926
0.201
0.462
0.999
0.604
0.811
0.635
0.411
0
0.568
0.273
0.026
0.24
0.275
0.166
0.397
0.964
0.185
0.076
0.685
0.902
0.431
0.697
0.609
0.78
0.118
0.831
0.665
0.114
0.227
0.482
0.474
0.588
0.415
0.316
0.228
0.819
0.92
0.197
0.258
0.075
0.987
0.822
0.357
0.614
0.352
0.354
0.38
0
0.401
0.053
0.056
0.914
0.286
0.382
0.968
0.278
0.835
0.576
0.643
0.357
0.992
0.007
0.253
0.436
0.782
0.273
0.264
0.685
0.923
0.613
0.333
0.903
0.94
0.277
0.493
0.246
0.635
0.291
0.619
0.901
0.789
0.273
0.595
0.157
0.929
0.867
0.897
0.555
0.579
0.734
0.75
0.57
0.916
0.029
0.263
0.967
0.812
0.255
0.937
0.481
0.092
0.22
0.735
0.152
0.678
0.461
0.721
0.677
0.801
0.735
0.98
0.624
0.408
0.594
0.683
0.277
0.154
0.105
0.208
0.944
0.752
0.081
0.306
0.374
0.951
0.286
0.146
0.134
0.922
0.251
0.933
0.863
0.094
0.548
0.544
0.727
0.137
0.759
0.934
0.032
0.782
0.391
0.738
0.975
0.527
0.492
0.948
0.886
0.061
0.776
0.441
0.317
0.0
0.066
0.758
0.107
0.515
0.486
0.573
0.769
0.916
0.805
0.17
0.558
0.353
0.225
0.033
0.175
0.697
0.256
0.806
0.626
0.523
0.494
0.4
0.616
0.737
0.726
0.456
0.905
0.856
0.998
0.341
0.335
0.009
0.128
0.582
0.59
0.31
0.973
0.022
0.896
0.38
0.453
0.715
0.581
0.054
0.336
0.847
0.809
0.363
0.73
0.744
0.997
0.379
0.716
0.11
0.835
0.997
0.234
0.344
0.732
0.567
0.43
0.805
0.754
0.764
0.643
0.37
0.855
0.774
0.468
0.609
0.002
0.611
0.816
0.902
0.894
0.979
0.24
0.628
0.776
0.8
0.718
0.246
0.558
0.596
0.891
0.666
0.147
0.186
0.061
0.393
0.688
0.069
0.376
0.892
0.117
0.991
0.864
0.13
0.764
0.902
0.403
0.747
0.319
0.601
0.57
0.721
0.552
0.872
0.398
0.191
0.44
0.328
0.202
0.243
0.779
0.342
0.396
0.304
0.518
0.866
0.858
0.064
0.925
0.717
0.097
0.29
0.359
0.435
0.813
0.305
0.512
0.783
0.264
0.538
0.315
0.713
0.805
0.84
0.003
0.599
0.953
0.563
0.612
0.148
0.852
0.385
0.305
0.613
0.351
0.035
0.298
0.719
0.344
0.223
0.11
0.181
0.152
0.003
0.602
0.364
0.885
0.136
0.333
0.122
0.545
0.272
0.774
0.474
0.609
0.089
0.797
0.028
0.679
0.409
0.407
0.796
0.845
0.805
0.765
0.115
0.541
0.311
0.297
0.776
0.028
0.912
0.822
0.928
0.944
0.331
0.065
0.117
0.293
0.002
0.975
0.665
0.545
0.786
0.484
0.76
0.93
0.478
0.004
0.873
0.695
0.796
0.431
0.55
0.599
0.527
0.058
0.93
0.935
0.001
0.286
0.466
0.0
0.902
0.833
0.495
0.2
0.19
0.519
0.867
0.297
0.403
0.827
0.239
0.452
0.182
0.973
0.186
0.422
0.95
0.001
0.555
0.78
0.372
0.233
0.149
0.241
0.688
0.591
0.383
0.697
0.33
0.418
0.125
0.798
0.703
0.779
0.737
0.773
0.621
0.96
0.396
0.482
0.998
0.764
0.097
0.933
0.426
0.076
0.848
0.901
0.56
0.229
0.79
0.69
0.392
0.732
0.381
0.931
0.944
0.461
0.651
0.063
0.866
0.923
0.947
0.928
0.286
0.119
0.632
0.394
0.588
0.677
0.348
0.404
0.488
0.008
0.918
0.264
0.827
0.691
0.35
0.299
0.494
0.336
0.422
0.267
0.136
0.932
0.264
0.121
0.117
0.234
0.266
0.582
0.156
0.082
0.12
0.16
0.79
0.011
0.634
0.575
0.188
0.88
0.777
0.18
0.374
0.748
0.614
0.601
0.818
0.855
0.766
0.417
0.754
0.187
0.553
0.97
0.049
0.001
0.023
0.768
0.84
0.086
0.479
0.311
0.542
0.981
0.87
0.947
0.429
0.647
0.049
0.47
0.667
0.461
0.076
0.733
0.624
0.115
0.771
0.806
0.038
0.915
0.567
0.247
0.724
0.229
0.895
0.826
0.18
0.162
0.417
0.925
0.112
0.595
0.204
0.042
0.558
0.379
0.898
0.952
0.563
0.386
0.496
0.831
0.547
0.092
0.077
0.587
0.591
0.977
0.487
0.656
0.453
0.631
0.668
0.761
0.495
0.287
0.878
0.911
0.437
0.017
0.73
0.209
0.612
0.847
0.596
0.308
0.073
0.232
0.997
0
0.711
0.631
0.912
0.115
0.01
0.505
0.364
0.473
0.48
0.95
0.828
0.954
0.61
0.911
0.231
0.893
0.288
0.177
0.305
0.692
0.4
0.624
0.928
0.065
0.349
0.703
0.517
0.001
0.01
0.94
0.587
0.143
0.294
0.297
0.806
0.961
0.076
0.365
0.512
0.952
0.673
0.285
0.434
0.82
0.865
0.967
0.569
0.255
0.05
0.026
0.676
0.26
0.921
1.0
0.677
0.402
0.667
0.163
0.751
0.719
0.889
0.211
0.501
0.222
0.799
0.669
0.27
0.448
0.344
0.385
0.048
0.528
0.558
0.613
0.156
0.788
0.703
0.645
0.639
0.297
0.863
0.661
0.785
0.476
0.73
0.962
0.593
0.813
0.393
0.82
0.282
0.751
0.816
0.608
0.752
0.609
0.533
0.37
0.324
0.282
0.313
0.347
0.968
0.882
0.378
0.953
0.815
0.929
0.954
0.752
0.597
0.97
0.842
0.939
0.586
0.278
0.855
0.344
0.552
0.899
0.672
0.795
0.345
0.155
0.901
0.479
0.871
0.164
0.398
0.381
0.608
0.786
0.935
0.32
0.753
0.607
0.311
0.752
0.806
0.965
0.024
0.765
0.284
0.692
0.598
0.251
0.87
0.68
0.057
0.243
0.485
0.557
0.082
0.138
0.614
0.878
0.062
0.892
0.475
0.703
0.032
0.853
0.386
0.695
0.72
0.55
0.184
0.466
0.867
0.611
0.837
0.807
0.9
0.571
0.115
0.925
0.195
0.932
0.644
0.463
0.668
0.285
0.511
0.712
0.723
