0.737
0.148
0.237
0.105
0.236
0.607
0.018
0.08
0.457
0.816
0.053
0.658
0.55
0.479
0.394
0.175
0.152
0.895
0.091
0.755
0.138
0.853
0.959
0.831
0.307
0.351
0.642
0.012
0.908
0.045
0.219
0.342
0.832
0.149
0.806
0.411
0.084
0.556
0.39
0.979
0.549
0.12
0.091
0.498
0.709
0.288
0.603
0.595
0.917
0.306
0.436
0.672
0.25
0.898
0.954
0.448
0.409
0.971
0.657
0.051
0.939
0.539
0.66
0.028
0.764
0.215
0.504
0.985
0.275
0.452
0.955
0.916
0.471
0.365
0.554
0.534
0.861
0.26
0.151
0.402
0.673
0.223
0.924
0.105
0.387
0.024
0.285
0.926
0.743
0.627
0.317
0.395
0.542
0.533
0.212
0.81
0.427
0.549
0.674
0.624
0.94
0.491
0.968
0.663
0.316
0.148
0.366
0.174
0.487
0.37
0.8
0.634
0.222
0.695
0.49
0.348
0.988
0.121
0.052
0.28
0.616
0.814
0.713
0.135
0.413
0.233
0.864
0.964
0.116
0.163
0.843
0.984
0.858
0.786
0.023
0.143
0.272
0.905
0.435
0.151
0.696
0.609
0.527
0.887
0.172
0.667
0.181
0.339
0.037
0.82
0.112
0.413
0.575
0.809
0.165
0.585
0.302
0.145
0.377
0.55
0.532
0.359
0.171
0.993
0.096
0.151
0.246
0.915
0.509
0.963
0.462
0.344
0.407
0.072
0.864
0.822
0.703
0.603
0.25
0.063
0.01
0.796
0.178
0.221
0.198
0.973
0.821
0.572
0.482
0.194
0.538
0.9
0.443
0.669
0.758
0.879
0.05
0.744
0.348
0.709
0.595
0.081
0.742
0.375
0.26
0.503
0.149
0.91
0.47
0.549
0.163
0.403
0.139
0.22
0.702
0.863
0.917
0.521
0.222
0.277
0.243
0.953
0.335
0.362
0.498
0.58
0.196
0.232
0.478
0.132
0.184
0.722
0.76
0.644
0.264
0.774
0.012
0.73
0.064
0.828
0.122
0.68
0.103
0.115
0.515
0.291
0.436
0.811
0.158
0.279
0.597
0.57
0.606
0.244
0.796
0.194
0.808
0.74
0.491
0.413
0.157
0.144
0.722
0.315
0.831
0.457
0.981
0.47
0.618
0.852
0.933
0.296
0.898
0.076
0.07
0.334
0.457
0.536
0.813
0.558
0.964
0.715
0.0
0.858
0.177
0.748
0.794
0.5
0.044
0.119
0.946
0.908
0.255
0.186
0.82
0.072
0.388
0.013
0.452
0.712
0.39
0.395
0.574
0.103
0.359
0.356
0.046
0.86
0.161
0.504
0.867
0.223
0.259
0.035
0.563
0.95
0.926
0.211
0.291
0.411
0.26
0.827
0.419
0.837
0.927
0.489
0.057
0.776
0.217
0.794
0.962
0.706
0.981
0.868
0.649
0.096
0.927
0.733
0.3
0.73
0.879
0.3
0.744
0.655
0.312
0.44
0.307
0.561
0.183
0.422
0.027
0.846
0.444
0.945
0.892
0.705
0.957
0.556
0.671
0.493
0.991
0.604
0.862
0.614
0.293
0.497
0.887
0.026
0.706
0.704
0.239
0.175
0.445
0.836
0.937
0.563
0.653
0.158
0.622
0.353
0.21
0.602
0.428
0.422
0.237
0.37
0.765
0.71
0.089
0.986
0.879
0.343
0.958
0.407
0.808
0.952
0.626
0.351
0.391
0.686
0.342
0.111
0.101
0.176
0.128
0.838
0.419
0.561
0.179
0.114
0.707
0.603
0.077
0.095
0.102
0.984
0.442
0.827
0.021
0.478
0.603
0.227
0.866
0.646
0.238
0.596
0.47
0.218
0.175
0.356
0.361
0.457
0.386
0.832
0.282
0.573
0.825
0.241
0.029
0.453
0.558
0.586
0.613
0.54
0.447
0.954
0.38
0.129
0.289
0.521
0.033
0.417
0.484
0.14
0.153
0.028
0.279
0.148
0.089
0.81
0.27
0.765
0.444
0.792
0.741
0.671
0.961
0.397
0.594
0.829
0.045
0.814
0.08
0.361
0.33
0.432
0.075
0.29
0.709
0.307
0.396
0.672
0.58
0.236
0.762
0.918
0.94
0.707
0.231
0.714
0.003
0.809
0.318
0.592
0.156
0.367
0.479
0.733
0.553
0.568
0.373
0.651
0.549
0.228
0.756
0.416
0.896
0.429
0.153
0.353
0.132
0.767
0.978
0.091
0.37
0.767
0.073
0.707
0.898
0.046
0.918
0.042
0.688
0.603
0.154
0.589
0.285
0.22
0.342
0.634
0.913
0.171
0.249
0.485
0.519
0.205
0.905
0.62
0.605
0.251
0.707
0.548
0.186
0.01
0.52
0.933
0.992
0.963
0.04
0.007
0.003
0.485
0.816
0.538
0.187
0.923
0.721
0.726
0.259
0.685
0.143
0.052
0.51
0.16
0.391
0.281
0.759
0.301
0.245
0.022
0.697
0.707
0.777
0.267
0.507
0.002
0.892
0.536
0.009
0.503
0.861
0.865
0.846
0.782
0.216
0.38
0.157
0.136
0.429
0.753
0.125
0.296
0.598
0.407
0.56
0.606
0.317
0.162
0.16
0.064
0.857
0.929
0.338
0.185
0.516
0.246
0.566
0.654
0.273
0.282
0.638
0.821
0.929
0.227
0.391
0.829
0.035
0.676
0.672
0.019
0.776
0.668
0.752
0.456
0.384
0.055
0.974
0.915
0.705
0.285
0.557
0.005
0.407
0.571
0.68
0.066
0.855
0.188
0.437
0.837
0.617
0.066
0.046
0.887
0.753
0.755
0.996
0.923
0.482
0.947
0.277
0.347
0.92
0.093
0.723
0.041
0.387
0.533
0.795
0.704
0.422
0.206
0.06
0.023
0.467
0.283
0.557
0.498
0.974
0.778
0.735
0.997
0.31
0.75
0.155
0.121
0.056
0.336
0.169
0.115
0.758
0.531
0.432
0.883
0.419
0.424
0.353
0.74
0.546
0.603
0.429
0.409
0.178
0.703
0.364
0.454
0.347
0.166
0.273
0.144
0.459
0.515
0.31
0.478
0.601
0.582
0.518
0.391
0.369
0.968
0.113
0.295
0.921
0.525
0.669
0.687
0.251
0.297
0.245
0.048
0.482
0.357
0.058
0.399
0.58
0.533
0.365
0.516
0.824
0.975
0.353
0.216
0.802
0.531
0.946
0.331
0.374
0.385
0.171
0.257
0.851
0.797
0.47
0.322
0.918
0.963
0.959
0.496
0.751
0.296
0.688
0.366
0.16
0.315
0.617
0.18
0.918
0.93
0.537
0.427
0.982
0.687
0.17
0.457
0.156
0.339
0.28
0.134
0.256
0.864
0.605
0.578
0.577
0.772
0.02
0.244
0.284
0.639
0.6
0.458
0.224
0.685
0.115
0.393
0.155
0.37
0.918
0.101
0.453
0.643
0.519
0.675
0.235
0.109
0.331
0.473
0.585
0.193
0.767
0.323
0.517
0.667
0.565
0.566
0.921
0.816
0.165
0.114
0.478
0.366
0.816
0.408
0.988
0.022
0.079
0.689
0.512
0.463
0.278
0.607
0.468
0.047
0.772
0.353
0.913
0.386
0.993
0.741
0.785
0.689
0.361
0.779
0.266
0.733
0.631
0.673
0.539
0.893
0.526
0.036
0.034
0.279
0.042
0.284
0.417
0.831
0.255
0.873
0.01
0.283
0.703
0.813
0.186
0.572
0.239
0.729
0.249
0.024
0.817
0.558
0.419
0.72
0.474
0.859
0.873
0.339
0.158
0.933
0.01
0.753
0.085
0.036
0.996
0.741
0.486
0.516
0.73
0.846
0.816
0.391
0.121
0.152
0.424
0.171
0.15
0.887
0.94
0.07
0.16
0.465
0.127
0.793
0.384
0.729
0.85
0.078
0.569
0.561
0.144
0.735
0.284
0.787
0.483
0.571
0.747
0.339
0.056
0.294
0.731
0.961
0.581
0.909
0.748
0.845
0.505
0.927
0.938
0.448
0.18
0.402
0.599
0.357
0.906
0.168
0.888
0.255
0.071
0.086
0.057
0.361
0.795
0.812
0.917
0.168
0.472
0.082
0.201
0.263
0.11
0.64
0.473
0.17
0.346
0.727
0.447
0.641
0.697
0.639
0.969
0.686
0.129
0.468
0.207
0.699
0.901
0.097
0.981
0.943
0.547
0.708
0.608
0.277
0.05
0.239
0.945
0.493
0.86
0.098
0.154
0.409
0.493
0.623
0.313
0.816
0.33
0.393
0.298
0.978
0.612
0.958
0.671
0.732
0.852
0.63
0.872
0.276
0.095
0.023
0.471
0.157
0.644
0.835
0.05
0.864
0.637
0.149
0.172
0.333
0.145
0.549
