0.744
0.175
0.481
0.571
0.224
0.067
0.355
0.956
0.198
0.693
0.295
0.361
0.58
0.371
0.523
0.29
0.162
0.19
0.568
0.223
0.915
0.169
0.088
0.397
0.698
0.807
0.061
0.451
0.668
0.234
0.541
0.816
0.767
0.407
0.222
0.786
0.69
0.997
1.0
0.919
0.323
0.864
0.045
0.03
0.806
0.639
0.957
0.393
0.215
0.401
0.946
0.581
0.488
0.175
0.801
0.942
0.188
0.635
0.373
0.854
0.26
0.406
0.933
0.85
0.784
0.297
0.683
0.728
0.985
0.078
0.683
0.508
0.774
0.62
0.33
0.967
0.826
0.603
0.037
0.561
0.908
0.73
0.298
0.449
0.003
0.975
0.818
0.067
0.777
0.658
0.623
0.191
0.083
0.008
0.607
0.142
0.411
0.946
0.942
0.025
0.841
0.891
0.266
0.535
0.581
0.653
0.995
0.431
0.632
0.998
0.451
0.746
0.876
0.155
0.238
0.953
0.213
0.251
0.965
0.304
0.802
0.342
0.734
0.174
0.918
0.949
0.82
0.384
0
0.413
0.772
0.724
0.302
0.792
0.286
0.179
0.005
0.383
0.169
0.357
0.781
0.514
0.337
0.882
0.428
0.781
0.461
0.074
0.31
0.907
0.203
0.296
0.324
0.755
0.021
0.406
0.258
0.935
0.286
0.808
0.138
0.832
0.738
0
0.992
0.262
0.005
0.376
0.542
0.902
0.683
0.673
0.023
0.827
0.748
0.383
0.991
0.156
0.21
0.668
0.015
0.347
0.465
0.909
0.269
0.52
0.939
0.604
0.213
0.314
0.019
0.82
0.056
0.998
0.035
0.593
0.726
0.105
0.185
0.02
0.744
0.496
0.236
0.265
1.0
0.319
0.42
0.463
0.803
0.041
0.899
0.007
0.535
0.777
0.325
0.23
0.863
0.761
0.137
0.198
0.819
0.098
0.128
0.891
0.363
0.021
0.622
0.363
0.185
0.255
0.812
0.044
0.917
0.595
0.578
0.32
0.123
0.146
0.749
0.314
0.963
0.629
0.134
0.4
0.542
0.8
0.2
0.251
0.801
0.594
0.484
0.236
0.142
0.73
0.998
0.993
0.626
0.111
0.406
0.821
0.846
0.08
0.487
0.539
0.808
0.029
0.636
0.7
0.893
0.088
0.413
0.248
0.855
0.102
0.473
0.534
0.449
0.992
0.854
0.237
0.051
0.381
0.579
0.131
0.123
0.818
0.667
0.803
0.075
0.582
0.46
0.486
0.227
0.437
0.548
0.303
0.255
0.442
0.737
0.18
0.938
0.539
0.234
0.15
0.09
0.235
0.689
0.335
0.816
0.047
0.085
0.851
0.155
0.418
0.938
0.811
0.623
0
0.479
0.319
0.91
0.383
0.631
0.569
0.7
0.767
0.995
0.97
0.173
0.47
0.703
0.111
0.211
0.496
0.44
0.083
0.65
0.614
0.845
0.429
0.395
0.867
0.772
0.225
0.636
0.852
0.019
0.675
0.08
0.672
0.317
0.005
0.184
0.817
0.146
0.935
0.262
0.156
0.545
0.908
0.553
0.203
0.081
0.447
0.743
0.214
0.869
0.417
0.945
0.807
0.284
0.798
0.854
0.289
0.3
0.621
0.041
0.64
0.376
0.454
0.481
0.915
0.04
0.133
0.022
0.181
0.304
0.095
0.365
0.479
0.571
0.545
0.862
0.627
0.751
0.096
0.513
0.748
0.408
0.169
0.401
0.142
0.176
0.826
0.866
0.392
0.554
0.758
0.782
0.443
0.971
0.685
0.912
0.66
0.886
0.178
0.564
0.348
0.898
0.32
0.321
0.537
0.441
0.141
0.599
0.254
0.015
0.886
0.314
0.553
0.332
0.329
0.413
0.31
0.397
0.42
0.102
0.604
0.035
0.794
0.185
0.858
0.131
0.603
0.623
0.761
0.35
0.792
0.478
0.148
0.822
0.302
0.716
0.393
0.187
0.457
0.957
0.927
0.036
0.93
0.493
0.755
0.373
0.502
0.641
0.006
0.22
0.109
0.285
0.805
0.326
0.111
0.323
0.229
0.221
0.425
0.32
0.085
0.559
0.951
0.193
0.984
0.558
0.701
0.696
0.549
0.199
0.669
0.29
0.141
0.279
0.156
0.154
0.367
0.173
0.235
0.151
0.546
0.58
0.66
0.355
0.466
0.717
0.246
0.367
0.376
0.015
0.599
0.751
0.319
0.05
0.582
0.34
0.706
0.939
0.78
0.055
0.289
0.65
0.696
0.663
0.239
0.402
0.016
0.826
0.216
0.136
0.214
0.029
0.955
0.4
0.545
0.625
0.097
0.723
0.953
0.868
0.474
0.887
0.959
0.861
0.443
0.821
0.63
0
0.117
0.887
0.691
0.543
0.716
0.31
0.45
0.754
0.285
0.285
0.549
0.669
0.112
0.839
0.092
0.289
0.602
0.96
0.653
0.223
0.561
0.218
0.37
0.06
0.579
0.849
0.419
0.251
0.585
0.501
0.581
0.751
0.976
0.217
0.898
0.417
0.494
0.706
0.407
0.757
0.11
0.389
0.156
0.987
0.94
0.799
0.053
0.454
0.444
0.544
0.609
0.878
0.412
0.643
0.746
0.025
0.408
0.919
0.739
0.672
0.183
0.444
0.316
0.74
0.914
0.979
0.884
0.708
0.168
0.827
0.168
0.536
0.891
0.297
0.281
0.588
0.721
0.585
0.002
0.999
0.516
0.498
0.921
0.709
0.178
0.413
0.195
0.952
0.162
0.925
0.116
0.302
0.401
0.945
0.17
0.393
0.353
0.04
0.417
0.945
0.186
0.496
0.393
0.42
0.969
0.076
0.112
0.792
0.414
0.025
0.973
0.246
0.96
0.808
0.742
0.837
0.589
0.481
0.394
0.939
0.463
0
0.836
0.274
0.546
0.965
0.64
0.874
0.819
0.727
0.453
0.827
0.292
0.584
0.141
0.503
0.427
0.463
0.373
0.704
0.748
0.148
0.118
0.695
0.395
0.44
0.114
0.567
0.602
0.074
0.1
0.617
0.262
0.955
0.713
0.077
0.631
0.37
0.203
0.763
0.113
0.557
0.096
0.413
0.316
0.599
0.241
0.564
0.307
0.429
0.991
0.182
0.227
0.004
0.738
0.119
0.413
0.019
0.221
0.999
0.952
0.629
0.97
0.326
0.525
0.724
0.487
0.15
0.182
0.014
0.112
0.16
0.475
0.93
0.513
0.405
0.168
0.62
0.986
0.183
0.159
0.953
0.952
0.178
0
0.355
0.019
0.912
0.105
0.099
0.762
0.885
0.273
0.735
0.102
0.218
0.344
0.809
0.016
0.022
0.699
0.422
0.774
0.914
0.688
0.761
0.213
0.832
0.873
0.195
0.206
0.893
0.939
0.199
0.136
0.675
0.486
0.433
0.411
0.823
0.437
0.467
0.008
0.949
0.52
0.179
0.243
0.509
0.422
0.378
0.231
0.066
0.593
0.198
0.913
0.581
0.218
0.856
0.967
0.384
0.264
0.118
0.862
0.749
0.852
0.231
0.49
0.964
0.13
0.075
0.019
0.187
0.244
0.879
0.941
0.11
0.559
0.692
0.434
0.589
0.182
0.573
0.772
0.815
0.364
0.084
0.232
0.011
0.873
0.845
0.583
0.523
0.625
0.641
0.454
0.592
0.929
0.222
0.377
0.106
0.382
0.617
0.21
0.752
0.111
0.817
0.359
0.672
0.221
0.746
0.649
0.528
0.606
0.794
0.746
0.439
0.867
0.9
0.499
0.407
0.018
0.377
0.504
0.46
0.088
0.531
0.23
0.451
0.939
0.046
0.405
0.831
0.399
0.397
0
0.325
0.593
0.198
0.322
0.67
0.38
0.634
0.513
0.499
0.429
0.412
0.45
0.964
0.278
0.22
0.717
0.243
0.611
0.665
0.987
0.646
0.924
0.4
0.585
0.046
0.385
0.054
0.708
0.781
0.113
0.551
0.618
0.458
0.915
0.839
0.928
0.404
0.803
0.647
0.353
0.733
0.056
0.371
0.204
0
0.384
0.615
0.823
0.844
0.458
0.049
0.261
0.206
0.786
0.294
0.707
0.885
0.429
0.155
0.512
0.83
0.867
0.633
0.788
0.381
0.754
0.467
0.909
0.475
0.339
0.513
0.708
0.349
0.595
0.51
0.807
0.431
0.525
0.247
0.808
0.573
0.176
0.407
0.544
0.18
0.323
0.633
0.249
0.738
0.292
0.309
0.044
0.833
0.008
0.331
0.451
0.527
0
0.814
0.669
0.877
0.475
0.653
0.224
0.243
0.318
0.649
0.274
0.162
0.039
0.742
0.382
0.992
0.095
0.507
0.614
0.5
0.269
0.692
0.124
