0.293
0.413
0.863
0.115
0.506
0.171
0.519
0.104
0.401
0.089
0.194
0.523
0.672
0.664
0.014
0.199
0.484
0.179
0.661
0.324
0.329
0.643
0.561
0.273
0.761
0.689
0.959
0.441
0.674
0.198
0.5
0.734
0.585
0.721
0.774
0.096
0.062
0.72
0.202
0.271
0.113
0.326
0.9
0.494
0.631
0.493
0.52
0.972
0.075
0.057
0.974
0.805
0.2
0.69
0.485
0.757
0.478
0.61
0.187
0.879
0.994
0.873
0.704
0.51
0.251
0.821
0.453
0.857
0.592
0.877
0.141
0.487
0.064
0.301
0.489
0.016
0.357
0.19
0.054
0.018
0.07
0.262
0.655
0.001
0.289
0.639
0.366
0.688
0.885
0.517
0.313
0.732
0.968
0.284
0.374
0.087
0.928
0.469
0.361
0.022
0.243
0.274
0.85
0.843
0.185
0.879
0.409
0.983
0.578
0.37
0.438
0.547
0.141
0.267
0.884
0.524
0.92
0.339
0.742
0.608
0.755
0.112
0.745
0.759
0.813
0.612
0.02
0.24
0.508
0.199
0.671
0.481
0.019
0.009
0.541
0.794
0.689
0.776
0.186
0.212
0.375
0.328
0.824
0.316
0.618
0.226
0.172
0.123
0.247
0.787
0.063
0.199
0.529
0.796
0.283
0.172
0.857
0.725
0.535
0.267
0.759
0.94
0.656
0.657
0.121
0.754
0.652
0.111
0.44
0.798
0.003
0.645
0.89
0.194
0.191
0.312
0.609
0.44
0.41
0.645
0.172
0.945
0.773
0.911
0.436
0.499
0.148
0.253
0.961
0.582
0.966
0.51
0.006
0.612
0.712
0.186
0.113
0.244
0.89
0.353
0.795
0.235
0.547
0.055
0.293
0.116
0.21
0.954
0.699
0.861
0.872
0.189
0.536
0.873
0.973
0.102
0.715
0.731
0.385
0.154
0.469
0.7
0.23
0.623
0.237
0.975
0.878
0.046
0.924
0.694
0.093
0.91
0.257
0.84
0.408
0.147
0.28
0.922
0.233
0.753
0.111
0.407
0.487
0.067
0.1
0.078
0.223
0.475
0.472
0.662
0.053
0.081
0.979
0.52
0.519
0.976
0.699
0.421
0.65
0.1
0.608
0.493
0.641
0.581
0.854
0.358
0.185
0.423
0.4
0.679
0.382
0.22
0.164
0.5
0.699
0.788
0.8
0.5
0.231
0.32
0.586
0.812
0.846
0.29
0.195
0.904
0.24
0.753
0.737
0.603
0.765
0.145
0.11
0.982
0.622
0.593
0.007
0.194
0.717
0.384
0.872
0.921
0.805
0.268
0.21
0.702
0.16
0.207
0.343
0.864
0.291
0.766
0.06
0.514
0.791
0.161
0.823
0.117
0.907
0.153
0.029
0.569
0.91
0.924
0.285
0.877
0.898
0.568
0
0.654
0.655
0.429
0.119
0.257
0.425
0.269
0.439
0.001
0.371
0.829
0.607
0.389
0.222
0.788
0.784
0.175
0.888
0.311
0.18
0.47
0.493
0.658
0.658
0.389
0.459
0.397
0.836
0.212
0.837
0.083
0.368
0.027
0.663
0.4
0.107
0.156
0.951
0.824
0.307
0.084
0.243
0.009
0.112
0.276
0.854
0.152
0.47
0.056
0.086
0.259
0.326
0.959
0.58
0.448
0.138
0.535
0.405
0.494
0.629
0.346
0.09
0.913
0.843
0.283
0.803
0.71
0.688
0.99
0.174
0.483
0.193
0.319
0.528
0.737
0.845
0.205
0.037
0.31
0.797
0.406
0
0.541
0.846
0.46
0.508
0.385
0.68
0.744
0.515
0.379
0.78
0.372
0.879
0.669
0.214
0.072
0.306
0.657
0.804
0.412
0.528
0.792
0.675
0.85
0.3
0.496
0.826
0.439
0.339
0.846
0.262
0.048
0.303
0.292
0.479
0.042
0.074
0.301
0.426
0.711
0.863
0.367
0.944
0.076
0.366
0.87
0.878
0.732
0.513
0.524
0.448
0.557
0.048
0.356
0.165
0.036
0.474
0.322
0.742
0.204
0.904
0.526
0.083
0.957
0.902
0.977
0.374
0.084
0.721
0.549
0.55
0.746
0.825
0.877
0.13
0.918
0.336
0.361
0.195
0.193
0.159
0.24
0.404
0.728
0.797
0.047
0.876
0.723
0.028
0.427
0.808
0.471
0.258
0.022
0.565
0.288
0.718
0.3
0.366
0.552
0.747
0.872
0.269
0.992
0.519
0.413
0.469
0.328
0.456
0.807
0.095
0.555
0.311
0.655
0.844
0.455
0.412
0.108
0.21
0.261
0.853
0.397
0.645
0.876
0.917
0.625
0.212
0.481
0.863
0.214
0.279
0.599
0.323
0.925
0.979
0.875
0.803
0.102
0.347
0.498
0.052
0.694
0.941
0.097
0.839
0.527
0.169
0
0.194
0.127
0.562
0.384
0.836
0.398
0.08
0.675
0.484
1.0
0.144
0.345
0.769
0.3
0.127
0.178
0.814
0.529
0.511
0.643
0.167
0.764
0.563
0.504
0.439
0.124
0.98
0.817
0.304
0.057
0.959
0.806
0.567
0.388
0.987
0.326
0.438
0.74
0.259
0.428
0.341
0.446
0.181
0.52
0.252
0.17
0.276
0.309
0.116
0.897
0.911
0.693
0.374
0.232
0.61
0.861
0.068
0.775
0.784
0.871
0.336
0.857
0.454
0.346
0.499
0.608
0.107
0.502
0.604
0.419
0.502
0.865
0.634
0.988
0.549
0.497
0.93
0.793
0.769
0.983
0.21
0.593
0.041
0.049
0.204
0.72
0.143
0.352
0.252
0.387
0.395
0.798
0.358
0.852
0.858
0.173
0.21
0.779
0
0.723
0.417
0.992
0.303
0.497
0.916
0.468
0.712
0.949
0.755
0.397
0.945
0.637
0.351
0.093
0.921
0.409
0.768
0.541
0.893
0.292
0.387
0.309
0.089
0.117
0.347
0.164
0.197
0.299
0.874
0.037
0.349
0.514
0.105
0.185
0.539
0.193
0.715
0.079
0.403
0.755
0.201
0.227
0.546
0.305
0.392
0.173
0.544
0.741
0.321
0.531
0.079
0.405
0.261
0.459
0.349
0.996
0.976
0.576
0.308
0.232
0.99
0.739
0.725
0.915
0.023
0.214
0.993
0.733
0.571
0.459
0.108
0.957
0.225
0.125
0.92
0.88
0.82
0.958
0.396
0.61
0.432
0
0.864
0.335
0.119
0.415
0.049
0.651
0.262
0.118
0.542
0.91
0.194
0.38
0.621
0.491
0.572
0.371
0.832
0.565
0.597
0.252
0.313
0.165
0.352
0.639
0.41
0.998
0.107
0.69
0.49
0.216
0.073
0.196
0.122
0.456
0.382
0.545
0.062
0.018
0.895
0.417
0.455
0.44
0.69
0.158
0.948
0.735
0.2
0.385
0.398
0.781
0.944
0.326
0.732
0.114
0.213
0.735
0.459
0.683
0.291
0.429
0.649
0.756
0.761
0.485
0.849
0.25
0.174
0.467
0.833
0.888
0.033
0.337
0.905
0.421
0.609
0.444
0.915
0.932
0.422
0.855
0.552
0.443
0.005
0.349
0.985
0.387
0.182
0.09
0.24
0.031
0.724
0.472
0.975
0.215
0.105
0.717
0.143
0.101
0.628
0.154
0.495
0.191
0.246
0.58
0.711
0.469
0.15
0.431
0.34
0.655
0.697
0.689
0.137
0.518
0.497
0.389
0.726
0.56
0.492
0.148
0.065
0.34
0.093
0.118
0.526
0.782
0.681
0.465
0.674
0.197
0.157
0.659
0.592
0.24
0.669
0.375
0.876
0.364
0.808
0.545
0.68
0.935
0.295
0.166
0.077
0.489
0.224
0.746
0.033
0.321
0.616
0.873
0.001
0.529
0.608
0.21
0.035
0.809
0.991
0.25
0.472
0.101
0.394
0.074
0.91
0.027
0.961
0.519
0.159
0.132
0.914
0.748
0.173
0.482
0.828
0.619
0.168
0.366
0.492
0.967
0.249
0.394
0.479
0.893
0.838
0.462
0.361
0.832
0.513
0.527
0.752
0.633
0.588
0
0.581
0.426
0.494
0.855
0.266
0.534
0.132
0.427
0.104
0.471
0.974
0.754
0.857
0.391
0.516
0.182
0.952
0.151
0.014
0.379
0.994
0.63
0.664
0.4
0.179
0.533
0.762
0.336
0.323
0.489
0.166
0.142
0.725
0.158
0.547
0.584
0.345
0.623
0.312
0.982
0.26
0.533
0.362
0.109
0.58
0.029
0.341
0.394
0.984
0.205
0.381
0.589
0.537
0.415
0.985
0.647
0.664
0.64
0.978
0.903
0.384
0.71
0.653
0.734
0.821
0.912
