0.704
0.979
0.994
0.31
0.268
0.074
0.98
0.235
0.327
0.844
0.347
0.716
0.667
0.793
0.478
0
0.829
0.795
0.811
0.42
0.827
0.673
0.071
0.309
0.928
0.578
0.616
0.142
0.302
0.931
0.299
0.955
0.506
0.52
0.549
0.577
0.819
0.324
0.499
0.093
0.966
0.215
0.618
0.413
0.062
0.464
0.282
0.452
0.442
0.05
0.368
0.056
0.235
0.11
0.564
0.612
0.348
0.637
0.166
0.763
0.145
0.529
0.311
0.905
0.638
0.595
0.505
0.247
0.09
0.456
0.428
0.272
0.271
0.099
0.362
0.062
0.27
0.154
0.785
0.74
0.63
0.595
0.088
0.186
0.165
0.558
0.62
0.604
0.296
0.437
0.815
0.389
0.984
0.378
0.63
0.134
0.303
0.522
0.891
0.551
0.056
0.978
0.17
0.168
0.344
0.445
0.445
0.895
0.315
0.871
0.584
0.629
0.743
0.88
0.989
0.999
0.054
0.945
0.046
0.763
0.633
0.604
0.208
0.887
0
0.032
0.547
0.133
0.25
0.496
0.32
0.455
0.068
0.262
0.861
0.732
0.911
0.45
0.294
0.705
0.228
0.506
0.402
0.805
0.613
0.067
0.916
0.773
0.214
0.723
0.631
0.639
0.656
0.139
0.646
0.019
0.045
0.047
0.377
0.337
0.801
0.845
0.169
0.683
0.622
0.085
0.791
0.665
0.973
0.744
0.444
0.783
0.221
0.961
0.89
0.949
0.066
0.993
0.084
0.255
0.425
0.062
0.889
0.822
0.048
0.718
0.281
0.007
0.006
0.3
0.645
0.365
0.62
0.483
0.468
0.888
0.708
0.823
0.451
0.019
0.869
0.975
0.891
0.719
0.126
0.48
0.33
0.078
0.759
0.809
0.213
0.423
0.66
0.02
0.179
0.695
0.307
0.073
0.023
0.905
0.512
0.638
0.22
0.277
0.653
0.034
0.618
0.243
0.569
0.877
0.645
0.003
0.846
0.46
0.84
0.434
0.211
0.419
0.193
0.166
0.817
0.053
0.202
0.574
0.576
0.027
0.703
0.945
0.259
0.065
0.489
0.216
0.172
0.022
0.32
0.21
0.23
0.884
0.576
0.799
0.973
0.833
0.044
0.868
0.854
0.382
0.107
0.991
0.646
0.438
0.318
0.764
0.427
0.723
0.927
0.04
0.63
0.23
0.037
0.736
0.081
0.617
0.728
0.214
0.68
0.53
0.253
0.252
0.412
0.092
0.703
0.449
0.27
0.115
0.732
0.893
0.081
0.359
0.977
0.113
0.519
0.986
0.429
0.741
0.913
0.734
0.19
0.214
0.431
0.924
0.497
0.24
0.396
0.754
0.817
0.122
0.399
0.156
0.353
0.827
0.415
0.962
0.707
0.632
0.899
0.812
0.463
0.86
0.887
0.047
0.458
0.812
0.042
0.971
0.975
0.867
0.935
0.946
0.766
0.61
0.866
0.597
0.54
0.98
0.829
0.734
0.916
0.662
0.647
0.247
0.473
0.553
0.685
0.412
0
0.276
0.06
0.548
0.035
0.13
0.29
0.167
0.906
0.179
0.153
0.155
0.455
0.251
0.937
0.542
0.425
0.459
0.268
0.736
0.065
0.094
0.733
0.55
0.468
0.08
0.582
0.795
0.08
0.682
0.771
0.991
0.099
0.219
0.718
0.428
0.005
0.774
0.046
0.476
0.195
0.538
0.076
0.97
0.807
0.811
0.767
0.923
0.749
0.775
0.03
0.507
0.503
0.281
0.052
0.156
0.772
0.084
0.844
0.15
0.623
0.312
0.609
0.996
0.888
0.927
0.179
0.655
0.31
0.489
0.981
0.706
0.347
0.446
0.575
0.714
0.311
0.574
0.555
0.757
0.666
0.803
0.129
0.28
0.733
0.718
0.261
0.255
0.175
0.493
0.717
0.621
0.06
0.847
0.155
0.656
0.241
0.566
0.675
0.535
0.432
0.047
0.857
0.985
0.047
0.696
0.605
0.68
0.019
0.899
0.38
0.801
0.054
0.061
0.723
0.27
0.804
0.577
0.966
0.621
0.717
0.901
0.617
0.313
0.989
0.278
0.493
0.972
0.542
0.868
0.728
0.237
0.718
0.058
0.113
0.977
0.064
0.294
0.445
0.693
0.594
0.201
0.753
0.924
0.29
0.43
0.343
0.494
0.697
0.67
0.911
0.133
0.163
0.675
0.666
0.953
0.876
0.16
0.764
0.551
0.61
0.912
0.362
0.019
0.552
0.02
0.626
0.947
0.062
0.296
0.672
0.598
0.227
0.899
0.201
0.076
0.173
0.685
0.428
0.914
0.177
0.963
0.984
0.032
0.69
0.728
0.226
0.384
0.234
0.669
0.313
0.884
0.704
0.9
0.593
0.101
0.425
0.213
0.033
0.181
0.825
0.078
0.643
0.652
0.359
0.289
0.226
0.766
0.218
0.09
0.895
0.277
0.219
0.4
0.362
0
0.058
0.046
0.634
0.462
0.541
0.638
0.177
0.758
0.547
0.788
0.955
0.004
0.03
0.759
0.546
0.117
0.785
0.376
0.641
0.692
0.737
0.125
0.243
0.976
0.394
0.388
0.61
0.735
0.56
0.176
0.69
0.995
0.259
0.322
0.287
0.329
0.778
0.307
0.425
0.546
0.959
0.763
0.408
0.657
0.387
0.094
0.998
0.735
0.705
0.52
0.981
0.403
0.689
0.189
0.736
0.33
0.354
0.253
0.465
0.898
0.869
0.718
0.972
0.407
0.293
0.21
0.934
0.292
0.376
0.141
0.517
0.99
0.186
0.002
0.756
0.899
0.964
0.59
0.138
0.225
0.259
0.637
0.751
0.746
0.576
0.47
0.587
0.729
0.297
0.237
0.4
0.585
0.757
0.538
0.979
0.072
0.944
0.348
0.74
0.159
0.525
0.259
0.864
0.065
0.829
0.398
0.561
0.924
0.339
0.134
0.261
0.79
0.584
0.655
0.898
0.219
0.577
0.065
0.494
0.7
0.983
0.32
0.86
0.324
0.398
0.321
0.171
0.205
0.614
0.65
0.963
0.052
0.535
0.107
0.414
0.279
0.291
0.59
0.637
0.727
0.126
0.835
0.909
0.783
0.06
0.202
0.99
0.694
0.576
0.126
0.312
0.294
0.019
0.939
0.039
0.835
0.043
0.673
0.107
0.61
0.525
0.581
0.568
0.899
0.952
0.709
0.411
0.094
0.328
0.65
0.376
0.915
0.411
0.663
0.069
0.899
0.229
0.804
0.837
0.227
0.927
0.44
0.105
0.549
0.485
0.895
0.47
0.386
0.137
0.925
0.729
0.973
0.203
0.269
0.741
0.059
0.822
0.341
0.497
0.133
0
0.148
0.11
0.893
0.563
0.286
0.978
0.281
0.057
0.78
0.741
0.308
0.779
0.223
0.619
0.079
0.463
0.824
0.73
0.646
0.468
0.772
0.547
0.363
0.993
0.942
0.533
0.195
0.972
0.559
0.288
0.329
0.535
0
0.746
0.944
0.103
0.558
0.151
0.989
0.089
0.908
0.111
0.966
0.549
0.195
0.011
0.531
0.813
0.933
0.618
0.027
0.472
0.257
0.577
0.185
0.416
0.566
0.792
0.735
0.448
0.783
0.599
0.509
0.025
0.656
0.497
0.475
0.962
0.174
0.256
0.196
0.482
0.239
0.714
0.013
0.292
0.359
0.587
0.644
0.082
0.859
0.514
0.282
0.801
0.621
0.448
0.952
0.993
0.949
0.298
0.097
0.732
0.209
0.917
0.159
0.632
0.008
0.305
0.173
0.616
0.126
0.781
0.975
0.138
0.993
0.158
0.094
0.068
0.239
0.536
0.35
0.551
0.436
0.788
0.521
0.34
0.926
0.274
0.36
0.656
0.41
0.438
0.655
0.459
0.871
0.531
0.229
0.58
0.479
0.745
0.508
0.711
0.903
0.476
0.649
0.324
0.518
0.347
0.643
0.659
0.781
0.053
0.581
0.632
0.434
0.317
0.952
0.707
0.91
0.638
0.565
0.474
0.719
0.854
0.855
0.246
0.854
0.909
0.408
0.909
0.732
0.237
0.597
0.771
0.096
0.185
0.085
0.791
0.758
0.748
0.288
0.526
0.141
0.268
0.334
0.834
0.584
0.9
0.413
0.136
0.714
0.702
0.766
0.931
0.244
0.763
0.012
0.816
0.836
0.268
0.438
0.794
0.038
0.198
0.255
0.872
0.205
0.958
0.623
0.206
0.042
0.255
0.585
0.259
0.379
0.541
0.849
0.288
0.625
0.847
0.62
0.661
0.787
0.243
0.715
0.098
0.514
0.399
0.328
0.479
0.766
0.407
0.302
0.476
0.609
0.475
0.286
0.181
0.535
