0.188
0.041
0.954
0.184
0.434
0.095
0.062
0.396
0.186
0.13
0.697
ERROR
0.027
0.643
0.587
0.389
0.234
0.132
0.071
0.828
0.197
0.73
0.292
0.79
0.156
0.199
0.418
0.32
0.386
0.456
0.121
0.184
0.805
0.525
0.187
0.964
0.192
0.067
0.061
0.439
0.781
0.195
0.05
0.812
0.002
0.081
0.861
0.725
0.49
0.797
0.401
0.974
0.809
0.355
0.964
0.48
0.498
0.366
0.149
0.501
0.653
0.341
0.143
0.816
0.13
0.822
0.733
0.321
0.101
0.993
0.846
0.605
0.614
0.267
0.107
0.886
0.549
0.582
0.951
0.948
0.984
0.836
0.467
0.396
0.923
0.296
0.946
0.632
0.907
0.217
0.473
0.718
0.413
0.799
0.588
0.074
0.647
0.217
0.155
0.851
0.701
0.538
0.02
0.487
0.073
0.726
0.38
0.777
0.257
0.611
0.034
0.309
0.002
0.164
0.943
0.764
0.491
0.709
0.105
0.517
0.489
0.585
0.698
0.596
0.255
0.802
0.538
0.148
0.873
0.159
0.741
0.744
0.17
0.781
0.02
0.948
0.8
0.236
0.837
0.303
0.639
0.567
0.05
0.622
0.261
0.301
0.873
0.967
0.841
0.936
0.802
0.575
0.338
0.536
0.579
0.156
0.976
0.584
0.129
0.595
0.289
0.216
0.441
0.454
0.826
0.519
0.996
0.929
0.965
0.67
0.346
0.23
0.251
0.476
0.095
0.017
0.254
0.971
0.182
0.259
0.365
0.036
0.532
0.237
0.614
0.87
0.937
0.813
0.701
0.225
ERROR
0.222
0.95
0.074
0.68
0.015
0.277
0.627
0.809
0.534
