0.854
0.568
0.696
0.673
0.686
0.222
0.742
0.496
0.57
0.902
0.302
0.908
0.909
0.452
0.509
0.814
0.597
0.976
0.663
0.253
0.663
0.924
0.036
0.951
0.266
0.53
0.393
0.711
0.275
0.579
0.469
0.469
0.575
0.515
0.869
0.475
0.333
0.744
0.872
0.223
0.105
0.841
0.718
0.168
0.903
0.563
0.672
0.086
0.024
0.813
0.641
0.367
0.589
0.433
0.746
0.89
0.532
0.512
ERROR
0.157
0.425
0.158
0.019
0.249
0.775
0.405
0.301
0.686
0.042
0.37
0.383
0.381
0.361
0.056
0.409
0.698
0.886
0.147
0.301
0.644
0.743
ERROR
0.138
0.079
0.589
0.175
0.16
0.812
0.546
0.972
0.253
0.208
0.229
0.746
0.582
0.282
0.361
0.499
0.088
0.012
0.36
0.726
0.855
0.537
0.087
0.811
0.394
0.753
0.23
0.055
0.65
0.071
0.503
0.508
0.978
0.12
0.169
0.513
0.754
0.188
0.966
0.947
0.179
0.707
0.188
0.234
0.012
0.256
0.848
0.132
0.989
0.13
0.096
0.836
0.205
0.943
0.18
0.165
0.38
0.754
0.614
0.695
0.972
0.597
0.777
0.047
0.653
0.424
0.803
0.061
0.334
0.547
0.596
0.241
0.328
0.389
0.523
0.984
0.077
0.738
0.951
0.832
0.426
0.974
0.826
0.615
0.861
0.044
0.992
0.678
0.055
0.379
0.565
0.339
0.184
0.649
0.445
0.755
0.265
0.813
0.367
0.767
0.219
0.515
0.44
0.918
0.001
0.889
0.747
0.86
0.011
0.07
0.844
0.465
0.003
0.942
0.633
0.12
0.064
0.348
