0.76
0.758
0.578
0.784
0.29
0.188
0.191
0.688
0.08
0.672
0.582
0.176
0.221
0.636
0.143
0.322
0.322
0.51
0.428
0.216
0.946
0.09
0.351
0.887
0.506
0.14
0.47
0.07
0.384
0.13
0.961
0.206
0.61
0.307
0.013
0.855
0.285
0.85
0.938
0.096
0.982
0.652
0.797
0.046
0.421
0.745
0.967
0.851
0.554
0.618
0.635
0.455
0.127
0.248
0.808
0.072
0.365
0.369
0.453
0.283
0.041
0.029
0.865
0.364
0.401
0.97
0.915
0.579
0.556
0.771
0.399
0.831
0.178
0.905
0.836
0.915
0.657
0.983
0.21
0.772
0.873
0.974
0.428
0.912
0.88
0.298
0.129
0.267
0.52
0.079
0.833
0.082
0.331
0.262
0.798
0.145
0.18
0.868
0.347
0.488
0.865
0.999
0.483
0.086
0.707
0.331
0.752
0.498
0.713
0.647
0.048
0.632
0.626
0.244
0.378
0.219
0.478
0.559
0.33
0.043
0.296
999
0.906
0.303
0.358
0.285
0.859
0.722
0.935
0.765
0.68
0.367
0.593
0.829
0.779
0.64
0.958
0.339
0.766
0.484
0.913
0.392
0.142
0.967
0.555
0.299
0.121
0.892
0.212
0.287
0.12
0.349
0.503
0.577
0.127
0.618
0.024
0.477
0.693
0.548
0.79
0.177
0.21
0.338
0.781
0.064
0.913
0.413
999
0.458
0.31
0.514
0.768
0.874
0.288
0.298
0.248
0.298
0.586
0.926
0.647
0.045
0.831
0.043
0.215
0.392
0.433
0.469
0.627
0.434
0.891
0.941
0.811
0.174
0.069
0.492
0.21
0.885
0.431
0.949
0.857
0.627
0.982
0.912
0.472
0.391
0.374
0.008
0.425
0.195
0.819
0.074
0.502
0.407
0.038
0.564
0.934
0.199
0.105
0.046
0.975
0.065
0.016
0.996
0.121
0.71
0.445
0.654
0.69
0.502
0.105
0.661
0.641
0.063
0.45
0.336
0.514
0.035
0.21
0.39
0.422
0.049
0.084
0.709
0.793
0.642
0.445
0.425
0.864
0.007
0.985
0.243
0.018
0.558
0.034
0.159
0.661
0.497
0.509
0.198
0.146
0.942
0.08
0.067
0.383
0.112
0.284
0.764
0.06
0.827
0.399
0.127
0.155
0.362
0.327
0.128
0.335
0.688
0.117
0.164
0.269
0.441
0.754
0.987
0.592
0.326
0.858
0.359
0.916
0.221
0.431
0.835
0.014
0.16
0.866
0.314
0.109
0.678
0.264
0.259
0.707
0.602
0.555
0.883
0.456
0.078
0.515
0.694
0.986
0.386
0.393
0.91
0.084
0.494
0.692
0.014
0.648
0.1
0.954
0.496
0.433
0.197
0.649
0.695
0.686
0.142
999
0.493
0.027
0.827
0.426
0.288
0.011
0.091
0.449
0.552
0.544
0.045
0.112
0.19
0.006
0.83
0.041
0.109
0.255
0.957
0.801
0.826
0.389
0.206
0.869
0.841
0.304
0.242
0.375
0.498
0.374
0.317
0.029
0.062
0.923
0.687
0.1
0.565
0.404
0.985
0.272
0.47
0.925
0.795
0.948
0.72
0.579
0.173
0.012
0.786
0.41
0.644
0.159
0.41
0.71
0.068
0.908
0.009
0.612
0.887
0.972
0.347
0.271
0.31
0.898
0.398
0.58
0.836
0.588
0.01
0.535
0.526
0.632
0.242
0.181
0.802
0.388
0.225
999
0.423
0.909
0.279
0.019
0.874
0.647
0.605
0.337
0.876
0.85
0.694
0.616
0.364
0.986
0.98
0.502
0.404
0.342
0.239
0.075
0.589
0.128
0.505
0.768
0.993
0.077
0.024
0.222
0.786
0.225
0.457
0.944
0.049
0.215
0.807
0.3
0.384
0.562
0.736
0.599
0.51
0.293
0.556
0.536
0.996
0.541
0.412
0.834
0.974
0.763
0.524
1.0
0.842
0.34
0.581
0.798
0.144
0.318
0.698
0.928
0.707
0.748
0.732
0.279
0.282
0.624
0.059
0.52
0.744
0.199
0.154
0.017
0.973
0.945
0.567
0.31
0.862
0.275
0.248
0.459
0.378
0.487
0.99
0.627
0.605
0.299
0.641
0.52
0.384
0.279
0.134
0.753
0.004
0.899
0.672
0.508
0.462
0.186
0.804
0.34
0.044
0.448
0.729
0.255
0.428
0.445
0.507
0.097
0.305
0.94
0.294
0.866
0.776
0.486
0.527
0.016
0.439
0.609
0.684
0.712
0.945
0.713
0.235
0.732
0.99
0.075
0.898
0.113
0.185
0.015
0.399
0.074
0.093
0.029
0.021
0.168
0.83
0.595
0.854
0.865
0.043
0.344
0.433
0.737
0.66
0.557
0.685
0.186
0.238
0.427
0.8
0.675
0.021
0.472
0.477
0.109
0.781
0.726
0.688
0.856
0.271
0.249
0.33
0.844
0.643
0.011
0.886
0.298
0.976
0.624
0.636
0.172
0.66
0.67
0.803
0.962
0.033
0.441
0.409
0.322
0.625
0.088
0.777
0.735
0.504
0.368
0.752
0.501
0.565
0.693
0.392
0.427
0.264
0.058
0.004
0.822
0.06
0.57
0.973
0.513
0.289
0.699
0.597
0.517
0.028
0.896
0.606
0.595
0.599
0.172
0.935
0.726
0.233
0.145
0.406
0.522
999
0.624
0.744
0.404
0.422
0.278
0.285
0.07
0.137
0.962
0.119
0.88
0.908
0.372
0.217
0.382
0.741
0.53
0.389
0.293
0.068
0.186
0.945
0.349
0.747
0.388
0.679
0.848
0.429
0.77
0.063
0.928
0.748
0.475
0.779
0.039
0.94
0.848
0.668
0.369
0.603
0.768
0.685
0.347
0.396
0.527
0.566
0.471
0.416
0.09
0.601
0.104
0.162
0.408
0.661
0.115
0.476
0.12
0.704
0.774
0.022
0.492
0.734
0.447
0.876
0.979
0.165
0.623
0.238
0.712
0.593
0.72
0.894
0.97
0.936
0.407
0.177
0.49
0.046
0.948
0.562
0.73
0.913
0.652
0.065
0.552
0.154
0.585
0.999
0.47
0.018
0.932
0.245
0.708
0.781
0.556
0.411
0.869
0.916
0.53
0.214
0.347
0.365
0.069
0.991
0.861
0.593
0.8
0.081
0.059
0.345
0.487
0.169
0.288
0.026
0.444
0.549
0.876
0.834
0.513
0.909
0.563
0.834
0.183
0.817
0.275
0.21
0.338
0.233
0.878
0.261
0.833
0.566
0.002
0.849
0.776
0.634
0.409
0.709
0.977
0.79
0.956
0.717
0.713
0.699
0.373
0.102
0.839
0.229
0.077
0.017
0.645
0.519
0.693
0.458
0.844
0.102
0.311
0.753
0.259
0.203
0.329
999
0.06
0.808
0.419
0.359
0.765
0.556
0.623
0.23
0.206
0.809
0.783
0.978
0.598
0.462
0.244
0.888
0.952
0.112
0.495
0.536
0.837
0.38
0.875
0.239
0.059
0.007
0.554
0.631
0.391
0.598
0.717
0.346
0.091
0.437
0.784
0.516
0.949
0.406
0.272
0.742
0.189
0.701
0.705
0.901
0.656
0.849
0.074
0.443
0.057
0.293
0.577
0.009
0.73
0.772
0.51
0.513
0.863
0.941
0.417
0.122
0.218
0.347
0.777
0.564
0.695
0.822
0.013
0.757
0.244
0.172
0.94
0.563
0.531
0.963
0.938
0.945
0.105
0.683
0.898
0.766
0.587
0.317
0.94
0.059
0.873
0.514
0.986
0.782
0.29
0.173
0.373
0.805
0.945
0.841
0.874
0.2
0.945
0.423
0.373
999
0.909
0.017
0.72
0.73
0.358
0.551
0.32
0.204
0.813
0.384
0.63
0.929
0.327
0.134
0.182
0.95
0.469
0.928
0.516
0.664
0.404
0.08
0.342
0.401
0.413
0.896
0.435
0.067
0.033
0.844
0.875
0.82
0.079
0.582
0.075
0.076
0.586
0.279
0.865
0.936
0.573
0.359
0.46
0.278
0.466
0.907
0.952
0.83
0.44
0.481
0.895
0.462
0.104
0.83
0.212
0.825
0.789
0.024
0.579
0.065
0.823
0.63
0.738
0.646
0.507
0.629
0.249
0.557
0.727
0.755
0.52
0.717
0.732
0.872
0.331
0.447
0.434
0.601
0.511
0.746
0.621
0.329
0.715
0.846
0.702
0.787
0.938
0.169
0.061
0.662
0.811
0.638
0.79
0.89
0.931
0.282
0.165
0.792
0.093
0.91
0.405
0.012
0.514
0.515
0.507
0.064
0.004
0.242
0.381
0.21
0.159
0.213
0.022
0.172
0.676
0.131
