0.179
0.057
0.039
0.943
0.958
0.763
0.43
0.491
0.686
0.503
0.344
0.944
0.053
0.001
0.625
0.732
0.661
0.909
0.425
0.034
0.683
0.976
0.529
0.836
0.802
0.069
0.969
0.087
0.738
0.622
0.653
0.026
0.718
0.297
0.446
0.836
0.942
0.831
0.151
0.249
0.851
0.828
0.251
0.257
0.398
0.134
0.315
0.211
0.718
0.825
0.398
0.006
0.521
0.13
0.904
0.494
0.109
0.062
0.164
0.388
0.56
0.998
0.398
0.535
0.506
0.064
0.351
0.176
0.512
0.179
0.215
0.955
0.987
0.067
0.855
0.626
0.028
0.823
0.876
0.011
0.062
0.714
0.828
0.609
0.444
0.474
0.251
0.166
0.523
0.491
0.237
0.761
0.247
0.869
0.297
0.291
0.45
0.295
0.662
0.268
0.731
0.694
0.27
0.582
0.938
0.689
0.492
0.46
0.783
0.59
0.717
0.71
0.586
0.799
0.975
0.574
0.995
0.315
0.984
0.653
0.44
0.421
0.774
0.63
0.704
0.309
0.116
0.552
0.318
0.619
0.802
0.382
0.588
0.962
0.399
0.371
0.977
0.301
0.123
0.61
0.789
0.977
0.943
0.819
0.53
0.011
0.033
0.805
0.476
0.732
0.259
0.363
0.103
0.656
0.013
0.777
0.951
0.058
0.038
0.845
0.284
0.552
0.244
0.75
0.068
0.34
0.87
0.154
0.959
0.539
0.726
0.419
0.741
0.958
0.441
0.745
0.506
0.23
0.81
0.981
0.405
0.24
0.933
0.187
0.259
0.232
0.869
0.773
0.632
0.021
0.908
0.732
0.086
0.616
0.292
0.7
0.041
0.157
0.233
0.311
0.103
0.652
0.757
0.66
0.824
0.98
0.48
0.626
0.65
0.188
0.511
0.794
0.736
0.876
0.423
0.507
0.54
0.772
0.084
0.156
0.167
0.154
0.769
0.846
0.386
0.48
0.472
0.194
0.438
0.203
0.112
0.944
0.759
0.839
0.638
0.016
0.795
0.951
0.769
0.924
0.74
0.759
0.859
0.954
0.72
0.002
0.869
0.712
0.609
0.813
0.799
0.693
0.733
0.115
0.479
0.49
0.057
0.995
0.558
0.862
0.567
0.758
0.378
0.652
0.491
0.757
0.162
0.854
0.622
0.28
0.935
0.223
0.67
0.59
0.967
0.071
0.764
0.591
0.355
0.627
0.638
0.801
0.46
0.602
0.498
0.655
0.51
0.881
0.317
0.207
0.852
0.186
0.59
0.094
0.994
0.576
0.442
0.763
0.666
0.672
0.372
0.146
0.466
0.858
0.11
0.307
0.732
0.978
0.401
0.779
0.373
0.667
0.809
0.924
0.377
0.308
0.235
0.208
0.869
0.624
0.119
0.585
0.546
0.649
0.077
0.705
0.57
0.258
0.992
0.874
0.71
0.185
0.384
0.533
0.098
0.623
0.195
0.691
0.392
0.952
0.401
0.326
0.723
0.405
0.276
0.485
0.228
0.953
0.08
0.61
0.28
0.767
0.683
0.577
0.587
0.154
0.778
0.238
0.768
0.747
0.708
0.725
0.491
0.604
0.34
0.428
0.177
0.737
0.904
0.023
0.79
0.385
0.904
0.298
0.737
0.276
0.913
0.769
0.483
0.951
0.162
0.586
0.976
0.506
0.478
0.101
0.321
0.155
0.233
0.311
0.542
0.997
0.383
0.739
0.731
0.123
0.094
0.27
0.328
0.914
0.308
0.582
0.403
0.24
0.259
0.319
0.711
0.318
0.389
0.565
0.741
0.163
0.375
0.114
0.455
0.947
0.378
0.992
0.815
0.327
0.107
0.675
0.053
0.628
0.039
0.222
0.57
0.733
0.251
0.991
0.931
0.535
0.594
0.92
0.82
0.158
0.56
0.44
0.069
0.98
0.61
0.086
0.33
0.844
0.921
0.662
0.093
0.779
0.557
0.71
0.637
0.785
0.416
0.236
0.856
0.464
0.745
0.239
0.726
0.586
0.721
0.015
0.239
0.854
0.391
0.343
0.498
0.598
0.362
0.779
0.074
0.902
0.74
0.928
0.548
0.589
0.936
0.31
0.478
0.735
0.691
0.261
0.222
0.245
0.005
0.26
0.539
0.848
0.764
0.725
0.765
0.937
0.598
0.209
0.268
0.824
0.957
0.661
0.092
0.081
0.61
0.332
0.841
0.036
0.825
0.069
0.376
0.372
0.743
0.655
0.176
0.196
0.341
0.542
0.484
0.185
0.179
0.054
0.673
0.468
0.145
0.8
0.595
0.686
0.209
0.99
0.023
0.134
0.956
0.066
0.042
0.46
0.213
0.924
0.96
0.993
0.401
0.427
0.557
0.535
0.935
0.156
0.426
0.283
0.949
0.786
0.921
0.126
0.533
0.068
0.773
0.526
0.101
0.676
0.597
0.316
0.474
0.915
0.619
0.674
0.807
0.344
0.747
0.553
0.957
0.654
0.09
0.732
0.103
0.593
0.728
0.705
0.823
0.152
0.707
0.415
0.186
0.719
0.999
0.121
0.988
0.792
0.82
0.097
0.688
0.419
0.273
0.401
0.593
0.935
0.568
0.382
0.412
0.017
0.015
0.564
0.622
0.813
0.334
0.158
0.639
0.451
0.57
0.829
0.708
0.964
0.345
0.043
0.255
0.808
0.087
0.034
0.377
0.027
0.017
0.613
0.315
0.828
0.479
0.283
0.334
0.473
0.015
0.204
0.773
0.635
0.541
0.615
0.346
0.268
0.667
0.839
0.865
0.653
0.192
0.439
0.487
0.499
0.388
0.628
0.8
0.593
0.167
0.113
0.213
0.493
0.95
0.326
0.61
0.679
0.83
0.461
0.73
0.623
0.326
0.792
0.156
0.628
0.375
0.556
0.679
0.231
0.859
0.725
0.421
0.154
0.527
0.066
0.13
0.62
0.154
0.965
0.899
0.066
0.465
0.873
0.444
0.868
0.056
0.695
0.813
0.994
0.49
0.904
0.736
0.241
0.299
0.529
0.209
0.06
0.138
0.1
0.215
0.174
0.052
0.526
0.698
0.189
0.592
0.602
0.398
0.621
0.673
0.822
0.945
0.354
0.37
0.134
0.767
0.273
0.396
0.42
0.639
0.456
0.243
0.888
0.546
0.113
0.212
0.419
0.516
0.609
0.341
0.212
0.809
0.121
0.225
0.86
0.96
0.07
0.517
0.196
0.249
0.191
0.19
0.227
0.111
0.013
0.459
0.015
0.475
0.301
0.958
0.408
0.48
0.628
0.982
0.489
0.421
0.388
0.449
0.583
0.394
0.657
0.837
0.681
0.295
0.348
0.471
0.107
0.685
0.819
0.793
0.036
0.895
0.616
0.127
0.657
0.754
0.054
0.437
0.207
0.526
0.781
0.622
0.792
0.525
0.952
0.379
0.251
0.49
0.768
0.46
0.704
0.787
0.677
0.049
0.842
0.141
0.263
0.808
0.912
0.961
0.453
0.801
0.808
0.811
0.025
0.243
0.969
0.283
0.315
0.814
0.559
0.647
0.1
0.87
0.485
0.304
0.91
0.595
0.389
0.345
0.007
0.7
0.636
0.066
0.834
0.734
0.051
0.178
0.877
0.327
0.338
0.992
0.04
0.827
0.813
0.261
0.341
0.147
0.909
0.665
0.957
0.949
0.812
0.522
0.067
0.849
0.255
0.03
0.929
0.537
0.927
0.527
0.779
0.08
0.815
0.51
0.753
0.557
0.456
0.881
0.192
0.526
0.032
0.8
0.388
0.797
0.057
0.954
0.042
0.726
0.373
0.232
0.823
0.486
0.497
0.54
0.762
0.163
0.923
0.804
0.943
0.475
0.321
0.43
0.651
0.774
0.105
0.084
0.531
0.009
0.292
0.534
0.378
0.448
0.267
0.071
0.039
0.358
0.793
0.399
0.823
0.111
0.523
0.018
0.078
0.238
0.568
0.74
0.271
0.118
0.017
0.568
0.415
0.959
0.631
0.522
0.313
0.585
0.115
0.458
0.662
0.992
0.232
0.845
0.085
0.812
0.274
0.284
0.919
0.517
0.653
0.763
0.576
0.84
0.418
0.805
0.08
0.839
0.728
0.96
0.856
0.911
0.51
0.589
0.499
0.609
0.215
0.089
0.529
0.747
0.203
0.687
0.638
0.682
0.543
0.365
0.297
0.021
0.509
0.124
0.789
0.16
0.246
0.11
0.31
0.843
0.951
0.324
0.174
0.105
0.073
0.024
0.438
0.299
0.628
0.823
0.141
0.244
0.343
0.797
0.353
0.446
0.519
0.328
0.73
0.867
0.586
0.854
0.935
0.738
0.267
0.816
0.013
0.977
0.438
0.265
0.065
0.16
0.475
0.936
0.801
0.705
0.088
0.971
0.25
0.852
0.229
