0.615
0.664
0.311
0.266
0.186
0.012
0.227
0.96
0.759
0.076
0.911
0.756
0.849
0.865
0.297
0.869
0.069
0.104
0.262
0.488
0.947
0.326
0.511
0.373
0.439
0.505
0.562
0.178
0.358
0.253
0.578
0.702
0.021
0.921
0.617
0.812
0.527
0.047
0.639
0.839
0.649
0.75
0.091
0.179
0.351
0.266
0.454
0.251
0.266
0.068
0.548
0.942
0.267
0.142
0.722
0.479
0.723
0.245
0.161
0.487
0.784
0.072
0.247
0.198
0.861
0.307
0.052
0.513
0.096
0.056
0.265
0.587
0.129
0.111
0.998
0.15
0.233
0.528
0.977
0.268
0.349
0.403
0.629
0.838
0.791
0.094
0.068
0.397
0.324
0.765
0.964
0.723
0.353
0.015
0.579
0.461
0.484
0.766
0.507
0.89
0.689
0.213
0.6
0.4
0.074
0.085
0.934
0.143
0.768
0.648
0.544
0.883
0.115
0.358
0.215
0.917
0.459
0.579
0.079
0.277
0.931
0.855
0.338
0.403
0.9
0.164
0.684
0.459
0.616
0.605
0.478
0.202
0.767
0.802
0.868
0.763
0.394
0.157
0.332
0.056
0.14
0.428
0.223
0.403
0.865
0.854
0.306
0.713
0.939
0.253
0.092
0.636
0.69
0.879
0.006
0.347
0.682
0.729
0.315
0.231
0.804
0.129
0.075
0.645
0.742
0.076
0.32
0.388
0.294
0.211
0.235
0.23
0.447
0.76
0.834
0.161
0.232
0.013
0.148
0.68
0.649
0.744
0.047
0.876
0.495
0.623
0.159
0.03
0.336
0.96
0.388
0.066
0.488
0.419
0.5
0.25
0.501
0.8
0.452
0.095
