0.929
0.801
0.691
0.976
0.354
0.08
0.06
0.305
0.767
0.233
0.253
0.935
0.406
0.456
0.654
0.767
0.864
0.009
0.791
0.753
0.488
0.531
0.823
0.013
0.914
0.326
0.533
0.179
0.978
0.02
0.435
0.764
0.8
0.756
0.726
0.678
0.564
0.571
0.502
0.631
0.105
0.974
0.639
0.057
0.246
0.023
0.51
0.435
0.246
0.299
0.702
0.308
0.443
0.441
0.857
0.195
0.234
0.501
0.182
0.541
0.885
0.025
0.319
0.162
0.059
0.511
0.592
0.465
0.499
0.992
0.879
0.057
0.14
0.836
0.109
0.302
0.118
0.697
0.336
0.991
0.576
0.379
0.527
0.233
0.95
0.952
0.131
0.033
0.173
0.849
0.359
0.234
0.559
0.235
0.826
0.922
0.203
0.818
0.095
0.255
0.888
0.349
0.528
0.293
0.49
0.774
0.164
0.723
0.995
0.01
0.701
0.085
0.49
0.901
0.461
0.764
0.539
0.691
0.204
0.689
0.193
0.344
0.881
0.415
0.657
0.989
0.843
0.28
0.459
0.031
0.526
0.736
0.927
0.15
0.018
0.683
0.045
0.416
0.337
0.34
0.069
0.671
0.953
0.947
0.421
0.564
0.129
ERROR
0.868
0.176
0.171
0.396
0.106
0.231
0.607
0.077
0.053
0.954
0.454
0.474
0.953
0.401
0.046
0.903
0.583
0.897
0.992
0.772
0.877
0.156
0.497
0.162
0.845
0.014
0.297
0.938
0.588
0.84
0.894
0.884
0.624
0.211
0.093
0.825
0.744
0.647
0.243
0.876
0.361
0.258
0.998
0.891
0.326
0.879
0.212
0.152
0.589
0.929
0.626
0.571
