0.906
0.21
0.787
0.167
0.339
0.113
0.824
0.03
0.058
0.922
0.341
0.566
0.172
0.726
0.57
0.228
0.291
0.855
0.294
0.919
0.295
0.952
0.189
0.147
0.526
0.169
0.292
0.114
0.766
0.372
0.824
0.705
0.013
0.429
0.008
0.215
0.604
0.024
0.109
0.31
0.255
0.036
0.473
0.855
0.189
0.103
0.95
0.468
0.969
0.698
0.302
0.989
0.214
0.719
0.268
0.363
0.565
0.964
0.217
0.695
0.166
0.84
0.723
0.951
0.632
0.788
0.385
0.276
0.266
0.488
0.61
0.597
0.727
0.591
0.985
0.723
0.423
0.086
0.934
0.107
0.105
0.41
0.709
0.471
0.745
0.74
0.299
0.279
0.311
0.63
0.894
0.974
0.218
0.828
0.682
0.815
0.307
0.124
0.664
0.604
0.679
0.319
0.575
0.964
0.778
0.021
0.146
0.923
0.463
0.579
0.655
0.462
0.221
0.814
0.225
0.494
0.772
0.669
0.65
0.608
0.952
0.846
0.664
0.47
0.753
0.956
0.409
ERROR
0.345
0.486
0.569
0.295
0.19
0.857
0.38
0.53
0.921
0.309
0.649
0.615
0.052
0.179
0.125
0.913
0.707
0.368
0.005
0.57
0.478
0.182
0.801
0.873
0.811
0.914
0.705
0.649
0.795
0.481
0.409
0.249
0.965
0.362
0.873
0.898
0.336
0.316
0.043
0.448
0.244
0.894
0.217
0.927
0.857
0.664
0.646
0.289
0.296
0.548
0.071
0.214
0.001
0.284
0.925
0.374
0.162
0.944
0.11
0.572
0.975
0.675
0.199
0.993
0.116
0.85
0.408
0.019
0.43
0.643
0.251
0.353
