0.004
0.878
0.413
0.736
0.129
0.843
0.543
0.918
0.272
0.577
0.788
0.84
0.211
0.027
0.98
0.265
0.311
0.766
0.242
0.574
0.118
0.789
0.93
0.28
0.302
0.742
0.78
0.647
0.805
0.322
0.468
0.734
0.399
0.593
0.511
0.837
0.7
0.699
999
0.679
0.365
0.442
0.63
0.147
0.456
0.077
0.188
0.195
0.259
0.829
0.876
0.015
0.493
0.584
0.147
0.278
0.439
0.344
0.218
0.07
0.819
0.811
0.51
0.616
0.261
0.136
0.695
0.695
0.435
0.074
0.524
0.928
0.745
0.53
0.254
0.225
0.983
0.013
0.041
0.725
0.004
0.563
0.267
0.415
0.352
0.333
0.234
0.324
0.655
0.673
0.301
0.368
999
0.187
0.567
0.367
0.109
0.442
0.517
0.881
0.561
0.225
0.863
0.95
0.718
0.073
0.591
0.257
0.963
0.272
0.17
0.513
0.236
0.28
0.734
0.787
0.544
0.566
0.151
0.386
0.047
0.392
0.96
0.481
0.069
0.099
0.828
0.437
0.727
0.018
0.576
0.387
0.896
0.71
0.59
0.674
0.187
0.697
0.992
0.954
0.738
0.844
0.02
0.305
0.445
0.67
0.946
0.935
0.02
0.426
0.475
0.03
0.006
0.811
0.132
0.096
0.819
0.09
0.202
0.892
0.194
0.91
0.69
0.086
0.209
0.947
0.988
0.661
0.519
0.637
0.452
0.658
0.139
0.644
0.835
0.773
0.271
0.447
0.704
0.233
0.255
0.864
0.816
0.897
0.458
0.713
0.854
0.691
0.2
0.447
0.223
0.006
0.503
0.831
0.744
0.074
0.755
0.13
0.943
0.476
0.006
0.122
0.166
0.502
0.579
0.82
0.017
0.254
0.652
0.101
0.52
0.694
0.739
0.895
0.863
0.477
0.253
0.894
0.546
0.375
0.427
0.808
0.13
0.215
0.623
0.066
0.213
0.798
0.846
0.678
0.893
0.97
0.064
0.435
0.401
0.1
0.984
0.742
0.831
0.872
0.019
0.498
0.724
0.983
0.182
0.119
0.868
0.107
0.533
0.406
0.73
0.529
0.881
0.863
0.867
0.98
0.867
0.792
0.668
0.29
0.214
0.769
0.75
0.771
0.227
0.705
0.043
0.077
0.356
0.131
0.225
0.23
0.231
0.172
0.809
0.923
0.379
0.101
0.819
0.226
0.352
0.79
0.313
0.61
0.516
0.108
0.1
0.799
0.962
0.7
0.293
0.558
0.495
0.923
0.155
0.419
0.654
0.908
0.377
0.386
0.858
0.843
0.173
0.809
0.7
0.105
0.836
0.771
0.8
0.546
0.344
0.344
0.445
0.921
0.951
0.498
0.781
0.898
0.538
0.332
0.758
0.185
0.13
0.731
0.959
0.787
0.727
0.783
0.784
0.114
0.59
0.746
0.271
0.355
0.48
0.046
0.558
0.674
0.292
0.554
0.145
0.538
0.052
0.324
0.015
0.728
0.081
0.699
0.559
0.295
0.31
0.546
0.907
0.649
0.484
0.519
0.029
0.651
0.157
0.68
0.242
0.422
0.874
0.332
0.883
0.173
0.147
0.172
0.557
0.409
0.288
0.72
0.163
0.721
0.671
0.747
0.345
0.564
0.94
0.533
0.344
0.677
0.474
0.854
0.682
0.633
0.321
0.657
0.238
0.168
0.703
0.742
0.599
0.91
0.926
0.132
0.562
0.284
0.885
0.644
0.07
0.486
0.831
0.72
0.312
0.043
0.378
0.568
0.282
0.359
0.084
0.724
0.803
0.715
0.864
0.281
0.099
0.68
0.578
0.199
0.867
0.713
0.041
0.436
0.137
0.844
0.679
0.159
0.369
0.708
0.621
0.782
0.08
0.041
0.72
0.789
0.491
0.291
0.05
0.185
0.019
0.024
0.151
0.744
0.835
0.705
0.781
0.967
0.87
0.832
0.374
0.87
0.171
0.058
0.99
0.011
0.086
0.2
0.93
0.185
0.559
0.434
0.903
0.131
0.664
0.601
0.632
0.183
0.964
0.654
0.499
0.896
0.464
0.858
0.94
0.219
0.778
0.314
0.338
0.719
0.156
0.679
0.428
0.695
0.752
0.754
0.072
0.625
0.573
0.523
0.851
0.831
0.867
0.224
0.089
0.765
0.054
0.602
0.184
0.295
0.523
0.385
0.39
0.352
0.13
0.033
0.808
0.386
0.018
0.734
0.659
0.643
0.383
0.49
0.716
0.554
0.243
0.402
0.563
0.19
0.737
0.669
0.831
0.114
0.242
0.441
0.461
0.275
0.484
0.491
0.443
0.368
0.346
0.952
0.633
0.721
0.558
0.981
0.758
0.955
0.548
0.037
0.336
0.861
0.566
0.264
0.278
0.777
0.239
0.975
0.783
0.765
0.426
0.055
0.594
0.341
0.488
0.41
0.117
0.664
0.083
0.749
0.142
0.856
0.485
0.127
0.769
0.865
0.601
0.834
0.903
0.139
0.92
0.725
0.488
0.669
0.898
0.135
0.643
0.401
0.482
0.592
0.425
0.326
0.812
0.763
0.368
0.845
0.846
0.502
0.788
0.737
0.774
0.026
0.036
0.493
0.138
0.296
0.656
0.327
0.416
0.938
0.613
0.788
0.454
0.869
0.02
0.254
0.128
0.506
0.107
0.64
0.397
0.349
0.959
0.164
0.906
0.873
0.992
0.677
0.145
0.691
0.86
0.026
0.275
0.216
0.895
0.685
0.463
0.45
0.283
0.299
0.589
0.352
0.855
0.97
0.703
0.594
0.62
0.889
0.434
0.251
0.589
0.042
0.905
0.56
0.042
0.517
0.088
0.871
0.454
0.851
0.9
0.031
0.257
0.711
0.049
0.442
0.964
0.811
0.313
0.762
0.691
0.789
0.439
0.519
0.821
0.807
0.428
0.053
0.585
0.533
0.152
0.902
0.682
0.506
0.072
0.395
0.793
0.145
0.967
0.579
0.462
0.835
0.376
0.175
0.762
0.174
0.047
0.931
0.12
0.784
0.832
0.678
0.237
0.767
0.308
0.874
0.906
0.157
0.318
0.357
0.83
0.075
0.572
0.107
0.693
0.615
0.357
0.115
0.791
0.907
0.257
0.923
0.932
0.292
0.684
0.71
0.402
0.762
0.672
0.53
0.822
0.296
0.833
0.294
0.21
0.135
0.853
0.451
0.459
0.095
0.289
0.868
0.78
0.328
0.523
0.59
0.985
0.457
0.517
0.141
0.97
0.888
0.54
0.526
0.988
0.794
0.493
0.995
0.471
0.288
0.72
0.997
0.9
0.009
0.611
0.262
0.973
0.74
0.062
0.637
0.644
0.799
0.522
0.692
0.258
0.701
0.206
0.179
0.957
0.2
0.714
0.303
0.846
0.558
0.609
0.95
0.223
0.446
0.285
0.802
0.389
0.869
0.968
0.703
0.273
0.406
0.705
0.589
0.368
0.988
0.392
0.822
0.037
0.695
0.945
0.318
0.819
0.99
0.183
0.593
0.676
0.343
0.925
0.465
0.144
0.269
0.944
0.299
0.814
0.863
0.747
0.23
0.738
0.002
0.901
0.445
0.883
0.658
0.434
0.193
0.406
0.286
0.9
0.118
0.318
0.681
0.773
0.87
0.151
0.814
0.437
0.045
0.542
0.14
999
0.278
0.42
0.11
0.511
0.031
0.59
0.395
0.447
0.573
0.754
0.769
0.498
0.564
0.625
0.488
0.116
0.837
0.806
0.505
0.245
0.674
0.606
0.787
0.84
0.544
0.181
0.104
0.879
0.483
0.328
0.332
0.353
0.028
0.152
0.112
0.43
0.238
0.903
0.25
0.316
0.319
0.487
0.885
0.863
0.35
0.962
0.832
0.206
0.163
0.48
0.349
0.988
0.275
0.742
0.26
0.932
0.461
0.41
0.64
0.368
0.629
0.833
0.153
0.288
0.643
0.041
0.058
0.589
0.468
0.672
0.474
0.519
0.504
0.161
0.53
0.1
0.535
0.803
0.412
0.514
0.524
0.099
0.604
0.73
0.329
0.85
0.897
0.758
0.993
0.745
0.871
0.614
0.249
0.185
0.826
0.307
0.971
0.552
0.009
0.028
0.735
0.464
0.112
0.417
0.895
0.029
0.649
0.515
0.907
0.744
0.93
0.028
0.627
0.431
0.783
0.124
0.966
0.754
0.618
0.802
0.928
0.359
0.9
0.021
0.09
0.041
0.781
0.708
0.895
0.274
0.722
0.271
0.959
0.734
0.877
0.344
0.969
0.367
0.899
0.805
0.935
0.278
0.115
0.515
0.05
0.529
0.901
0.126
0.312
0.645
0.217
0.23
0.759
0.87
0.078
0.575
0.72
0.403
0.507
0.466
0.607
0.687
0.2
