0.413
0.305
0.136
0.84
0.105
0.239
0.711
0.377
0.712
0.996
0.235
0.762
0.859
0.302
0.854
0.335
0.288
0.784
0.324
0.578
0.43
0.232
0.281
0.548
0.266
0.508
0.181
0.046
0.226
0.805
0.815
0.103
0.89
0.239
0.523
0.574
0.168
0.023
0.946
0.127
0.276
0.742
0.329
0.796
0.358
0.101
0.506
0.021
0.736
0.271
0.066
0.48
0.7
0.551
0.528
0.949
0.594
0.557
0.393
0.567
0.944
0.105
0.473
0.498
0.609
0.146
0.988
0.473
0.983
0.394
0.822
0.659
0.2
0.789
0.41
0.399
0.125
0.636
0.719
0.446
0.823
0.285
0.106
0.852
0.856
0.689
0.165
0.516
0.855
0.565
0.671
0.366
0.538
0.386
0.074
0.827
0.579
0.427
0.31
0.586
0.81
0.164
0.964
0.052
0.663
0.226
0.672
0.822
0.632
0.625
0.095
0.608
0.566
0.837
0.745
0.331
0.272
0.836
0.834
0.03
0.502
0.335
0.096
0.699
0.733
0.51
0.337
0.45
0.681
0.027
0.116
0.077
0.728
0.068
0.286
0.064
0.347
0.814
0.158
0.62
0.34
0.02
0.53
0.799
0.419
0.343
0.242
0.575
0.603
0.597
0.156
0.171
0.88
0.819
0.756
0.984
0.546
0.116
0.082
0.203
0.174
0.806
0.498
0.354
0.726
0.733
0.851
0.03
0.902
0.667
0.609
0.24
0.993
0.977
0.835
0.481
0.576
0.066
0.659
0.324
0.301
0.476
0.16
0.047
0.684
0.777
0.851
0.539
0.055
0.392
0.993
0.417
0.488
0.842
0.159
0.187
0.911
0.833
0.096
0.151
0.998
0.642
0.768
0.107
0.306
0.794
0.925
0.394
0.047
0.428
0.787
0.948
0.109
0.814
0.311
0.27
0.227
0.562
0.348
0.723
0.709
0.146
0.133
0.735
0.64
0.453
0.422
0.232
0.8
0.723
0.078
0.996
0.308
0.321
0.591
0.563
0.549
0.89
0.471
0.475
0.525
0.009
0.952
0.239
0.15
0.9
0.115
0.82
0.872
0.133
0.4
0.772
0.261
0.432
0.278
0.649
0.537
0.692
0.896
0.341
0.215
0.984
0.183
0.276
0.431
0.686
0.461
0.524
0.548
0.048
0.287
0.848
0.746
0.167
0.158
0.131
0.748
0.34
0.975
0.924
0.823
0.168
0.39
0.683
0.99
0.414
0.366
0.754
0.37
0.431
0.273
0.693
0.075
0.906
0.524
0.33
0.36
0.448
0.238
0.911
0.201
0.438
0.051
0.832
0.45
0.098
0.348
0.664
0.505
0.373
0.725
0.779
0.913
0.722
0.513
0.405
0.219
0.996
0.047
0.742
0.56
0.511
0.396
0.774
0.157
0.799
0.293
0.951
0.657
0.901
0.582
999
0.962
0.676
0.628
0.883
0.892
0.293
0.616
0.875
0.706
0.708
0.633
0.943
0.612
0.863
0.316
0.007
0.245
0.499
0.788
0.001
0.326
0.249
0.369
0.102
0.947
0.132
0.701
0.157
0.699
0.99
0.687
0.34
0.699
0.751
0.617
0.26
0.244
0.115
0.415
0.632
0.234
0.903
0.492
0.41
0.747
0.11
0.308
0.915
0.395
0.629
0.937
0.197
0.556
0.614
0.563
0.701
0.398
0.538
0.48
0.755
0.953
0.381
0.724
0.867
0.205
0.25
0.799
0.133
0.08
0.89
0.983
0.067
0.743
0.505
0.665
0.813
0.446
0.725
0.842
0.583
0.544
0.772
0.787
0.283
0.722
0.584
0.553
0.71
0.704
0.314
0.515
0.762
0.553
0.081
0.272
0.469
0.377
0.82
0.158
0.407
0.843
0.56
0.807
0.821
0.822
0.489
0.328
0.549
0.143
0.153
0.811
0.095
0.397
0.269
0.195
0.077
0.069
0.128
0.042
0.034
0.601
0.848
0.655
0.235
0.679
0.336
0.753
0.935
0.789
0.058
0.953
0.002
0.945
0.564
0.556
0.683
0.759
0.108
0.533
0.308
0.358
0.026
0.993
0.424
0.704
0.232
0.835
0.943
0.034
0.154
0.808
0.121
0.259
0.096
0.509
0.239
0.612
0.429
0.311
0.113
999
0.375
0.73
0.198
0.429
0.828
0.275
0.298
0.874
0.145
0.453
0.59
0.969
0.683
0.207
0.492
0.922
1.0
0.388
0.509
0.811
0.23
0.857
0.433
0.911
0.245
0.787
0.072
0.581
0.91
0.291
0.899
0.757
0.247
0.947
0.668
0.103
0.735
0.647
0.189
0.345
0.003
0.085
0.298
0.186
0.772
0.573
0.609
0.595
0.778
0.835
0.304
0.955
0.415
0.315
0.406
0.375
0.63
0.086
0.216
0.817
0.282
0.622
0.694
0.07
0.175
0.348
0.642
0.605
0.719
0.53
0.442
0.536
0.093
0.595
0.314
0.858
0.402
0.894
0.589
0.829
0.832
0.044
0.859
0.708
0.895
0.387
0.404
0.566
0.959
0.523
0.441
0.198
0.946
0.151
0.725
0.53
0.063
0.604
0.225
0.414
0.933
0.966
0.965
0.093
0.065
0.338
0.799
0.204
0.955
0.886
0.466
0.085
0.792
0.129
0.251
0.765
0.675
0.887
0.872
0.52
0.852
0.522
0.958
0.287
0.319
0.691
0.4
0.021
0.885
0.9
0.461
0.568
0.267
0.391
0.927
0.167
0.128
0.881
0.181
0.328
0.627
0.967
0.77
0.687
0.938
0.939
0.093
0.918
0.619
0.389
0.221
0.063
0.189
0.261
0.703
0.29
0.232
0.984
0.44
0.061
0.495
0.791
0.789
0.723
0.574
0.95
0.375
0.109
0.719
0.504
0.148
0.829
0.075
0.433
0.763
0.393
0.267
0.313
0.985
0.424
0.716
0.086
0.436
0.436
0.81
0.544
0.192
0.535
0.396
0.455
0.958
0.754
0.366
0.249
0.869
0.856
0.873
0.541
0.492
0.947
0.723
0.403
0.531
0.824
0.606
0.218
0.649
0.924
0.136
0.547
0.403
0.783
0.474
0.699
0.4
0.806
0.059
0.307
0.964
0.888
0.243
0.192
0.474
0.954
0.313
0.37
0.982
0.718
0.152
0.193
0.551
0.628
0.144
0.295
0.242
0.905
0.393
0.12
0.295
0.391
0.094
0.736
0.324
0.06
0.923
0.234
0.711
0.579
0.111
0.563
0.211
0.369
0.624
0.536
0.065
0.031
0.597
0.478
0.059
0.245
0.978
0.986
0.107
0.087
0.513
0.288
0.594
0.715
0.489
0.456
0.392
0.415
0.762
0.032
0.372
0.318
0.429
0.378
0.94
0.212
0.356
0.52
0.8
0.24
0.665
0.285
0.261
0.351
0.262
0.703
0.689
0.803
0.609
0.122
0.533
0.486
0.772
0.715
0.943
0.329
0.295
0.789
0.485
0.017
0.367
0.355
0.443
0.448
0.368
0.249
0.902
0.826
0.984
0.663
0.557
0.593
0.81
0.311
0.701
0.874
0.241
0.66
0.766
0.951
0.217
0.069
0.822
0.155
0.288
0.402
0.525
0.478
0.698
0.802
0.74
0.629
0.49
0.602
0.336
0.332
0.48
0.169
0.887
0.417
0.702
0.013
0.433
0.887
0.885
0.875
0.633
0.254
0.054
0.959
0.211
0.924
0.076
0.817
0.575
0.261
0.786
0.445
0.218
0.166
0.566
0.77
0.514
0.044
0.629
0.436
0.938
0.106
0.293
0.514
0.409
0.108
0.807
0.456
0.759
0.954
0.465
0.262
0.258
0.831
0.068
0.291
0.641
0.463
0.398
0.979
0.411
0.864
0.112
0.819
0.363
0.472
999
0.378
0.75
0.116
0.99
0.507
0.302
0.585
0.478
0.659
0.228
0.796
0.05
0.586
0.091
0.443
0.369
0.907
0.506
0.863
0.25
0.173
0.784
0.249
0.273
0.893
0.818
0.354
0.748
0.562
0.148
0.544
0.388
0.522
0.243
0.777
0.561
0.016
0.792
0.732
0.475
0.217
0.564
0.83
0.225
0.062
0.62
0.396
0.675
0.264
0.238
0.799
0.248
0.823
0.797
0.334
0.123
0.496
0.167
0.6
0.751
0.889
0.254
0.699
0.621
0.692
0.719
0.457
0.208
0.084
0.412
0.409
0.471
0.509
0.075
0.062
0.854
0.856
0.348
0.335
0.939
0.051
0.028
0.121
0.425
0.586
0.813
0.144
0.72
0.856
0.46
0.577
0.127
0.299
0.681
0.131
0.143
0.307
0.785
0.995
0.909
0.64
0.483
0.257
0.998
0.102
0.564
0.078
0.715
0.256
0.574
