0.061
0.177
0.817
0.052
0.222
0.439
0.12
0.387
0.274
0.078
0.642
0.654
0.455
0.875
0.418
0.184
0.493
0.703
0.851
0.76
0.633
0.443
0.536
0.897
0.944
0.27
0.241
0.23
0.89
0.529
0.686
0.298
0.835
0.747
0.648
0.268
0.83
0.554
0.594
0.897
0.863
0.83
0.428
0.632
0.331
0.823
0.356
0.459
0.619
0.725
0.471
0.412
0.8
0.798
0.774
0.229
0.143
0.909
0.337
0.33
0.793
0.796
0.364
0.962
0.783
0.72
0.198
0.729
0.258
0.367
0.813
0.994
0.389
0.223
0.379
0.27
0.478
0.926
0.87
0.324
0.261
0.705
0.129
0.026
0.438
0.479
0.637
0.559
0.514
0.317
0.038
0.608
0.41
0.217
0.292
0.705
0.858
0.356
0.604
0.268
0.531
0.514
0.157
0.356
0.094
0.467
0.484
0.186
0.132
0.125
0.144
0.457
0.96
0.318
0.296
0.829
0.225
0.696
0.257
0.905
0.27
0.641
0.352
0.947
0.833
0.588
0.269
0.135
0.97
0.776
0.793
0.683
0.777
0.947
0.099
0.706
0.477
0.913
0.653
0.701
0.228
0.726
0.482
0.955
0.657
0.587
0.741
0.24
0.028
0.533
0.535
0.16
0.117
0.309
0.046
0.213
0.751
0.533
0.221
0.762
0.483
0.079
0.898
0.115
0.414
0.968
0.854
0.658
0.042
0.559
0.319
0.909
0.544
0.647
0.48
0.911
0.38
0.908
0.353
0.205
0.04
0.881
0.999
0.443
0.963
0.184
0.631
0.336
0.184
0.07
0.076
0.664
0.151
0.196
0.665
0.78
0.34
0.853
0.065
0.97
0.397
0.162
0.432
0.973
0.309
0.69
0.757
0.353
0.326
0.943
0.479
0.682
0.329
0.819
0.236
0.872
0.024
0.221
0.528
0.314
0.604
0.379
0.304
0.22
0.441
0.879
0.535
0.866
0.219
0.499
0.697
0.3
0.932
0.36
0.131
0.775
0.808
0.179
0.389
0.197
0.431
0.93
0.692
0.079
0.369
0.165
0.025
0.643
0.366
0.81
0.496
0.249
0.002
0.277
0.752
0.129
0.972
0.806
0.164
0.51
0.51
0.29
0.221
0.436
0.21
0.215
0.098
0.195
0.518
0.297
0.461
0.69
0.727
0.618
0.917
0.192
0.32
0.59
0.163
0.003
0.819
0.385
0.514
0.662
0.473
0.818
0.41
0.712
0.307
0.181
0.101
0.987
0.194
0.95
0.407
0.665
0.394
0.969
0.215
0.442
0.192
0.272
0.976
0.768
0.346
0.997
0.762
0.707
0.021
0.038
0.625
0.3
0.725
0.085
0.445
0.189
0.327
0.728
0.889
0.235
0.482
0.242
0.1
0.768
0.018
0.841
0.969
0.572
0.952
0.595
0.797
0.589
0.536
0.623
0.153
0.67
0.326
0.148
0.431
0.954
0.34
0.898
0.352
0.518
0.934
0.7
0.425
0.995
0.054
0.575
0.806
0.041
0.886
0.533
0.207
0.798
0.952
0.42
0.51
0.063
0.322
0.765
0.077
0.896
0.242
0.122
0.463
0.721
0.726
0.832
0.99
0.573
0.909
0.485
0.987
0.216
0.244
0.542
0.852
0.625
0.072
0.191
0.522
0.668
0.786
0.202
0.293
0.284
0.382
0.25
0.261
0.806
0.489
0.446
0.864
0.976
0.225
0.934
0.167
0.643
0.938
0.955
0.261
0.113
0.179
0.889
0.697
0.538
0.717
0.601
0.363
0.215
0.063
0.697
0.854
0.872
0.863
0.764
0.388
0.752
0.168
0.3
0.337
0.601
0.037
0.985
0.662
0.511
0.857
0.671
0.373
0.46
0.773
0.916
0.327
0.293
0.924
0.408
0.521
0.631
0.966
0.848
0.006
0.461
0.634
0.502
0.537
0.283
0.718
0.514
0.757
0.516
0.567
0.263
0.759
0.236
0.37
0.221
0.202
0.718
0.335
0.258
0.746
0.19
0.301
0.435
0.566
0.059
0.291
0.48
0.253
0.122
0.805
0.746
0.496
0.424
0.679
0.166
0.548
0.444
0.478
0.641
0.1
0.929
0.624
0.757
0.318
0.256
0.03
0.268
0.126
0.114
0.807
0.022
0.445
0.588
0.467
0.486
0.852
0.482
0.804
0.533
0.033
0.184
0.756
0.108
0.119
0.397
0.787
0.345
0.494
0.438
0.518
0.557
0.534
0.168
0.472
0.435
0.672
0.951
0.558
0.694
0.267
0.212
0.456
0.91
0.396
0.769
0.607
0.155
0.027
0.06
0.303
0.536
0.881
0.511
0.075
0.054
0.177
0.114
0.805
0.139
0.616
0.956
0.237
0.11
0.753
0.364
0.96
0.333
0.718
0.955
0.919
0.818
0.815
0.406
0.134
0.395
0.093
0.749
0.363
0.127
0.803
0.789
0.717
0.907
0.573
0.402
0.198
0.167
0.957
0.759
0.737
0.012
0.848
0.402
0.724
0.484
0.668
0.775
0.688
0.541
0.958
0.236
0.654
0.844
0.577
0.37
0.822
0.447
0.586
0.447
0.583
0.265
0.859
0.018
0.318
0.546
0.342
0.132
0.86
0.43
0.328
0.199
0.526
0.006
0.079
0.593
0.662
0.314
0.966
0.293
0.281
0.832
0.527
0.989
0.161
0.402
0.06
0.539
0.476
0.348
0.319
0.893
0.829
0.657
0.767
0.208
0.15
0.04
0.898
0.248
0.531
0.794
0.38
0.458
0.541
0.756
0.673
0.763
0.089
0.832
0.382
0.286
0.632
0.91
0.01
0.165
0.227
0.608
0.815
0.746
0.865
0.359
0.14
0.655
0.919
0.288
0.558
0.755
0.487
0.6
0.506
0.822
0.4
0.027
0.746
0.118
0.129
0.123
0.218
0.97
0.94
0.951
0.504
0.983
0.094
0.265
0.779
0.194
0.515
0.969
0.882
0.886
0.242
0.724
0.665
0.727
0.672
0.795
0.284
0.439
0.56
0.866
0.292
0.314
0.9
0.249
0.053
0.755
0.681
0.222
0.821
0.754
0.311
0.022
0.57
0.633
0.615
0.095
0.217
0.838
0.0
0.489
0.508
0.266
0.162
0.622
0.926
0.703
0.751
0.742
0.374
0.736
0.17
0.415
0.225
0.863
0.607
0.199
0.576
0.86
0.852
0.58
0.616
0.755
0.768
0.172
0.922
0.542
0.719
0.115
0.247
0.831
0.003
0.445
0.073
0.019
0.872
0.762
0.47
0.627
0.108
1.0
0.432
0.369
0.25
0.414
0.585
0.979
0.058
0.854
0.377
0.382
0.902
0.839
0.943
0.497
0.495
0.773
0.494
0.658
0.7
0.343
0.978
0.038
0.815
0.81
0.672
0.145
0.021
0.433
0.699
0.963
0.853
0.259
0.127
0.918
0.753
0.525
0.6
0.929
0.215
0.88
0.269
0.348
0.658
0.746
0.7
0.888
0.511
0.337
0.295
0.163
0.086
0.46
0.257
0.433
0.187
0.841
0.041
0.3
0.799
0.633
0.954
0.011
0.549
0.381
0.026
0.44
0.35
0.145
0.488
0.479
0.735
0.344
0.632
0.841
0.155
0.554
0.851
0.396
0.623
0.621
0.315
0.681
0.556
0.338
0.72
0.401
0.913
0.816
0.455
0.363
0.218
0.16
0.864
0.134
0.016
0.598
0.845
0.665
0.762
0.487
0.57
0.341
0.932
0.71
0.225
0.891
0.429
0.764
0.09
0.119
0.952
0.541
0.58
0.465
0.415
0.515
0.251
0.327
0.567
0.165
0.929
0.92
0.322
0.446
0.761
0.114
0.036
0.258
0.57
0.011
0.432
0.877
0.715
0.696
0.747
0.127
0.517
0.985
0.677
0.99
0.73
0.355
0.087
0.372
0.742
0.008
0.266
0.614
0.477
0.962
0.501
0.241
0.982
0.432
0.909
0.925
0.605
0.02
0.473
0.89
0.068
0.284
0.984
0.167
0.639
0.542
0.642
0.332
0.266
0.141
0.958
0.216
0.759
0.875
0.718
0.732
0.528
0.233
0.438
0.681
0.466
0.408
0.367
0.006
0.975
0.66
0.645
0.025
0.335
0.352
0.105
0.563
0.126
0.64
0.864
0.253
0.391
0.643
0.728
0.543
0.807
0.665
0.924
0.261
0.523
0.082
0.7
0.967
0.799
0.562
0.71
0.989
0.162
0.145
0.287
0.86
0.672
0.143
0.199
0.756
0.774
0.878
0.248
0.931
0.402
0.952
0.811
0.882
0.869
0.225
0.547
0.753
0.835
0.592
0.45
0.879
0.332
0.85
0.411
0.781
0.099
0.776
0.101
0.747
0.506
0.462
