0.728
0.154
0.383
0.717
0.49
0.495
0.536
0.59
0.765
0.543
0.196
0.338
0.243
0.352
0.947
0.301
0.097
0.221
0.481
ERROR
0.972
0.199
0.578
0.792
0.469
0.192
0.239
0.157
0.99
0.968
0.885
0.957
0.971
0.528
0.89
0.823
0.608
0.565
0.576
0.685
0.066
0.687
0.486
0.025
0.975
0.117
0.952
0.363
0.452
0.847
0.67
0.123
0.625
0.401
0.312
0.264
0.695
0.928
0.067
0.268
0.219
0.375
0.35
0.215
0.343
0.357
0.074
0.523
0.957
0.879
0.882
0.204
0.603
0.851
0.703
0.21
0.918
0.846
0.427
0.334
0.556
0.16
0.01
0.054
0.21
0.917
0.115
0.653
0.773
0.305
0.271
0.189
0.359
0.982
0.133
0.383
0.841
0.676
0.974
0.521
0.792
0.159
0.091
0.734
0.602
0.592
0.348
0.758
0.206
0.51
0.105
0.9
0.093
0.951
0.178
0.815
0.718
0.326
0.963
0.371
0.385
0.739
0.193
0.314
0.256
0.623
0.42
0.925
0.626
0.934
0.401
0.716
0.253
0.64
0.374
0.455
0.056
0.79
0.821
0.969
0.194
0.694
0.438
0.213
0.41
0.226
0.061
0.172
0.791
0.203
0.074
0.493
0.423
0.435
0.181
0.011
0.515
0.326
0.827
0.868
0.669
0.74
0.727
0.436
0.892
0.969
0.693
0.56
0.064
0.207
0.949
0.979
0.182
0.054
0.249
0.911
0.427
0.183
ERROR
0.96
0.323
0.298
0.795
0.44
0.787
0.29
0.399
0.74
0.898
0.31
0.159
0.652
0.553
0.05
0.738
0.01
0.417
0.644
0.685
0.275
