0.06
0.291
0.518
0.813
0.182
0.421
0.024
0.855
0.36
0.047
0.354
0.698
0.291
0.402
0.588
0.479
0.953
0.409
0.481
0.548
0.533
0.891
0.185
0.998
0.091
0.393
0.782
0.486
0.52
0.916
0.613
0.519
0.33
0.302
0.244
0.072
0.419
0.346
0.332
0.311
0.388
0.777
0.387
0.45
0.158
0.968
0.307
0.62
0.612
0.624
0.079
0.862
0.394
0.982
0.036
0.917
0.867
0.705
0.589
0.687
0.876
0.165
0.487
0.581
0.448
0.178
0.566
0.285
0.476
0.602
0.066
0.471
0.388
0.584
0.073
0.054
0.708
0.5
0.502
0.492
0.999
0.871
0.711
0.333
0.299
0.444
0.292
0.592
0.68
0.205
0.138
0.707
0.862
0.161
0.121
0.376
0.584
0.914
0.049
0.972
0.263
0.134
0.248
0.248
0.219
0.773
0.882
0.718
0.811
0.256
0.713
0.786
0.645
0.353
0.546
0.934
0.721
0.282
0.929
0.014
0.771
0.387
1.0
0.173
0.594
0.944
0.234
0.514
0.983
0.104
0.396
0.393
0.833
0.425
0.356
0.039
0.632
0.406
0.725
0.351
0.312
0.958
0.331
0.053
0.115
0.058
0.95
0.211
0.621
0.137
0.546
0.719
0.641
0.398
0.358
0.292
0.704
0.597
0.394
0.731
0.54
0.99
0.846
0.758
0.856
0.546
0.772
0.233
ERROR
0.251
0.049
0.735
0.679
0.825
0.164
0.672
0.979
0.678
0.82
0.651
0.713
0.747
0.86
0.312
0.411
0.929
0.391
0.572
0.378
0.005
0.288
0.728
0.684
0.681
0.431
0.568
0.567
0.235
0.419
0.982
