0.604
0.859
0.192
0.697
0.294
0.358
0.61
0.502
0.005
0.485
0.769
0.235
0.629
0.274
0.788
0.69
0.737
0.675
0.39
0.652
0.464
0.458
0.789
0.383
0.903
0.636
0.765
0.137
0.833
0.18
0.035
0.813
0.965
0.1
0.216
0.199
0.05
0.308
0.313
0.136
0.344
0.725
0.505
0.821
0.481
0.327
0.989
0.235
0.329
0.583
0.898
0.756
0.923
0.633
0.269
0.222
0.216
0.378
0.156
0.511
0.735
0.249
0.091
0.218
0.486
0.732
0.973
0.914
0.353
0.941
0.099
0.919
0.953
0.57
0.798
0.909
0.945
0.157
0.051
0.859
0.85
0.627
0.963
0.214
0.638
0.849
0.525
0.468
0.985
0.582
0.769
0.902
0.605
0.296
0.546
0.53
0.806
0.621
0.675
0.468
0.239
0.633
0.536
0.378
0.863
0.039
0.684
0.736
0.358
0.383
0.784
0.663
0.831
0.83
0.207
0.239
0.937
0.681
0.842
0.74
0.928
0.952
0.105
0.365
0.787
0.353
0.035
0.584
0.899
0.917
0.422
0.797
0.492
0.181
0.945
0.642
0.471
0.403
0.664
0.99
0.812
0.974
0.52
0.177
0.308
0.123
0.952
0.081
0.896
0.326
0.181
0.26
0.421
0.743
0.627
0.576
0.003
0.205
0.895
0.504
0.311
0.234
0.168
0.954
0.185
0.777
0.919
0.122
0.019
0.292
0.961
0.812
0.56
0.456
0.305
0.396
0.412
0.675
0.454
0.194
0.261
0.789
0.063
0.589
0.118
0.067
0.646
0.267
0.459
0.099
0.546
0.986
0.75
0.894
0.469
0.318
0.115
0.517
0.236
0.437
