0.427
0.958
0.073
0.852
0.141
0.15
0.157
0.54
0.174
0.018
0.677
0.923
0.94
0.931
0.651
0.216
0.58
0.827
0.698
0.817
0.688
0.72
0.224
0.86
0.488
0.728
0.679
0.634
0.7
0.134
0.748
0.664
0.097
0.889
0.719
0.91
ERROR
0.03
0.574
0.642
0.437
0.39
0.171
0.062
0.906
0.482
0.109
0.564
0.594
0.198
0.16
0.409
0.532
0.859
ERROR
0.018
0.233
0.134
0.355
0.128
0.408
0.537
0.968
0.755
0.113
0.687
0.224
0.917
0.503
0.405
0.562
0.525
0.074
0.603
0.313
0.156
0.18
0.71
0.915
0.342
0.361
0.499
0.828
0.49
0.972
0.737
0.173
0.705
0.531
0.759
0.197
0.392
0.813
0.672
0.274
0.916
0.378
0.025
0.724
0.708
0.259
0.077
0.196
0.019
0.385
0.182
0.351
0.188
0.513
0.317
0.009
0.907
0.018
0.738
0.317
0.325
0.733
0.266
0.962
0.45
0.351
0.456
0.848
0.72
0.323
0.64
0.55
0.869
0.711
0.925
0.072
0.768
0.054
0.513
0.01
0.355
0.81
0.728
0.396
0.259
0.241
0.5
0.403
0.397
0.097
0.194
0.606
0.398
0.511
0.756
0.623
0.376
0.958
0.085
0.5
0.946
0.838
0.053
0.96
0.641
0.526
0.269
0.271
0.143
0.94
0.246
0.294
0.202
0.956
0.223
0.611
0.339
0.495
0.815
0.629
0.375
0.092
0.416
0.234
0.27
0.9
0.906
0.182
0.936
0.293
0.728
0.375
0.148
0.849
0.791
0.78
0.788
0.425
0.921
0.305
0.617
0.995
0.307
0.804
0.135
