0.21
0.815
0.378
0.055
0.319
0.914
0.912
0.722
0.759
0.416
0.645
0.728
0.067
0.616
0.398
0.908
0.397
0.658
0.6
0.67
0.283
0.032
0.976
0.953
0.403
0.371
0.516
0.239
0.344
0.392
0.574
0.986
0.11
0.016
0.545
0.405
0.068
0.148
0.271
0.679
0.314
0.84
0.056
0.121
0.354
0.513
0.662
0.198
0.159
0.225
0.928
0.344
0.1
0.314
0.009
0.125
0.649
0.528
0.176
0.906
0.583
0.094
0.597
0.867
0.289
0.689
0.525
0.324
0.447
0.602
0.253
0.517
0.186
0.864
0.973
0.502
0.194
0.541
0.415
0.844
0.622
0.285
0.042
0.492
0.011
0.171
0.751
0.793
0.606
0.884
0.289
0.71
0.608
0.2
0.67
0.493
0.826
0.67
0.296
0.394
0.174
0.172
0.88
0.115
0.555
0.834
0.388
0.708
0.055
0.539
0.095
0.814
0.709
0.196
0.874
0.248
0.772
0.931
0.07
0.424
0.313
0.581
0.826
0.021
0.323
0.064
0.957
0.676
0.196
0.383
0.173
0.72
0.573
0.758
0.011
0.593
0.78
0.155
0.776
0.696
0.244
0.261
0.344
0.412
0.132
0.238
0.465
0.061
0.713
0.28
0.465
0.435
0.652
0.909
0.099
0.449
0.488
0.039
0.512
0.458
0.797
0.112
0.183
0.887
0.998
0.714
0.867
0.115
0.623
0.298
0.504
0.79
0.611
0.177
0.258
0.711
0.697
0.163
0.838
0.604
0.866
0.516
0.185
0.116
0.847
0.171
0.78
0.761
0.785
0.38
0.343
0.164
0.802
0.844
0.341
0.7
0.079
0.112
0.817
0.088
