0.884
0.331
0.011
0.001
0.482
999
0.944
0.524
0.483
0.063
0.349
0.596
0.617
0.383
0.012
0.398
0.46
0.58
0.518
0.575
0.524
0.125
0.15
0.969
0.99
0.442
0.89
0.227
0.268
0.286
0.324
0.295
0.333
0.039
0.541
0.781
0.499
0.566
0.839
0.894
0.309
0.99
0.78
0.746
0.155
0.257
0.361
0.551
0.718
0.124
0.718
0.988
0.62
0.48
0.231
0.661
0.986
0.899
0.194
0.756
0.028
0.251
0.333
0.309
0.057
0.231
0.98
0.844
0.92
0.212
0.625
0.139
0.678
0.028
0.17
0.577
999
0.966
0.946
0.719
0.778
0.243
0.583
0.835
0.706
0.392
0.428
0.049
0.088
0.311
0.5
0.318
0.547
0.307
0.292
0.592
0.684
0.236
0.359
0.345
0.434
0.936
0.333
0.772
0.606
0.038
0.867
0.914
0.064
999
0.359
0.154
0.005
0.45
0.205
0.881
0.725
0.921
0.014
0.269
0.051
0.739
0.784
0.142
0.122
0.702
0.692
0.985
0.637
0.409
0.82
0.44
0.139
0.009
0.04
0.026
0.923
0.178
0.247
0.093
0.241
0.048
0.193
0.005
0.277
0.316
0.971
0.523
0.737
0.323
0.595
0.436
0.189
0.626
0.244
0.06
0.499
0.993
0.351
0.681
0.089
0.881
0.965
0.523
0.486
0.512
0.16
0.314
0.691
0.232
0.052
0.531
0.285
0.796
0.5
0.776
0.965
0.61
0.812
0.926
0.243
0.172
0.288
0.875
0.492
0.648
0.534
0.237
0.401
0.798
0.319
0.314
0.099
0.899
0.4
0.04
0.663
0.898
0.085
0.122
0.229
0.985
0.87
0.367
0.812
0.866
0.519
0.818
0.216
0.34
0.29
0.311
0.87
0.598
0.105
0.418
0.897
0.431
0.887
0.386
0.621
0.665
0.106
0.65
0.682
0.225
0.619
0.783
0.135
0.803
0.598
0.323
0.174
0.695
0.277
0.754
0.089
0.091
0.655
0.143
0.478
0.745
0.454
0.745
0.357
0.344
0.636
0.363
0.431
0.986
0.198
0.987
0.899
0.324
0.833
0.491
0.372
0.759
0.021
0.735
0.058
0.062
0.011
0.82
0.33
0.891
0.381
0.465
0.398
0.512
0.944
0.592
0.381
0.535
0.005
0.906
0.163
0.63
0.915
0.289
0.753
0.196
0.198
0.282
0.011
0.615
999
0.247
0.548
0.158
0.311
0.479
0.766
0.251
0.471
0.618
0.767
0.868
0.89
0.981
0.483
0.23
0.595
0.656
0.732
0.867
0.479
0.66
0.422
0.263
0.527
0.857
0.569
0.535
0.636
0.427
0.898
0.291
0.402
0.95
0.314
0.873
0.851
0.442
0.377
0.944
0.588
0.321
0.833
0.154
0.721
0.241
0.638
0.353
0.957
0.471
0.672
0.064
0.55
0.419
0.831
0.206
0.255
0.393
0.766
0.548
0.744
0.632
0.257
0.412
0.535
0.302
0.853
0.839
0.703
0.855
0.429
0.775
0.346
0.243
0.492
0.076
0.389
0.421
0.494
0.097
0.736
0.309
0.779
0.948
0.627
0.265
0.376
0.969
0.455
0.733
0.374
0.004
0.524
0.477
0.991
0.619
0.647
0.132
0.44
0.665
0.83
0.268
0.042
0.228
0.982
0.724
0.021
0.319
0.106
0.308
0.015
0.378
0.523
0.755
0.38
0.046
0.761
0.201
0.128
0.081
0.268
0.903
0.304
0.985
0.613
0.221
0.253
0.602
0.885
0.05
0.584
0.307
0.87
0.734
0.902
0.326
0.655
0.077
0.063
0.567
0.006
0.442
0.283
0.421
0.096
0.19
0.679
0.853
0.391
0.649
0.104
0.205
0.992
0.566
0.855
0.607
0.861
0.42
0.439
0.549
0.468
0.153
0.889
0.199
0.877
0.529
0.075
0.598
0.711
0.28
0.103
0.897
0.35
0.765
0.341
0.947
0.492
0.095
0.708
0.777
0.938
0.538
0.835
0.161
0.971
0.309
0.361
0.676
0.669
0.756
0.553
0.002
0.267
0.984
0.537
0.188
0.194
0.819
0.246
0.781
0.007
0.264
0.445
0.728
0.822
0.16
0.808
0.52
0.091
0.779
0.194
0.5
0.25
0.073
0.319
0.559
0.332
0.583
0.409
0.97
0.253
0.205
0.133
0.791
0.94
999
0.238
0.356
0.184
0.173
0.785
0.219
0.623
0.76
0.872
0.113
0.242
0.06
0.006
0.309
0.171
0.056
0.15
0.754
0.291
0.973
0.12
0.595
0.383
0.816
0.628
0.86
0.358
0.773
0.596
0.563
0.436
0.603
0.229
0.133
0.025
0.457
0.521
0.466
0.413
0.293
0.718
0.893
0.98
0.652
0.358
0.775
0.74
0.651
0.445
0.446
0.814
0.449
0.792
0.855
0.705
0.441
0.892
0.133
0.871
0.426
0.224
0.372
0.702
0.458
0.472
0.656
0.322
0.301
0.491
0.795
0.793
0.514
0.696
0.11
0.193
0.685
0.094
0.69
0.59
0.141
0.636
0.501
0.406
0.987
0.532
0.222
0.62
0.094
0.454
0.799
0.114
0.56
0.953
0.571
0.965
0.064
0.792
0.865
0.819
0.824
0.48
0.503
0.042
0.136
0.319
0.04
0.207
0.914
0.398
0.873
0.193
0.649
0.17
0.355
0.644
0.004
0.062
0.85
0.728
0.864
0.383
0.99
0.244
0.013
0.267
0.104
0.155
0.512
0.362
0.673
0.219
0.847
0.524
0.584
0.267
0.538
0.831
0.873
0.606
0.5
0.758
0.327
0.553
0.583
0.564
0.308
0.568
0.121
0.653
0.495
0.759
0.094
0.216
0.201
0.895
0.007
0.179
0.975
0.791
0.789
0.672
0.958
0.384
0.945
0.125
0.866
0.866
0.549
0.719
0.76
0.619
0.567
0.424
0.826
0.368
0.318
0.586
0.976
0.354
0.221
0.809
0.336
0.464
0.715
0.009
0.814
0.944
0.136
0.037
0.334
0.713
0.713
0.456
0.822
0.485
0.802
0.426
0.7
0.354
0.816
0.003
0.284
0.132
999
0.331
0.254
0.215
0.952
0.118
0.528
0.666
0.56
0.477
0.873
0.934
0.042
0.131
0.48
0.755
0.079
0.704
0.545
0.982
0.873
0.43
0.704
0.929
0.778
0.438
0.317
0.105
0.989
0.73
0.893
0.9
0.299
0.926
0.305
0.243
0.544
0.056
0.003
0.671
0.791
0.191
0.952
0.59
0.853
0.634
0.462
0.636
0.102
0.203
0.982
0.057
0.555
0.277
0.201
0.566
0.78
0.622
0.633
0.041
0.965
0.821
0.611
0.161
0.461
0.91
0.914
0.646
0.047
0.93
0.574
0.865
0.36
0.288
0.503
0.544
0.454
0.875
0.286
0.725
0.709
0.801
0.69
0.549
0.088
0.488
0.407
0.616
0.7
0.338
0.241
0.05
0.233
0.871
0.824
0.681
0.004
0.778
0.961
0.441
0.985
0.335
0.377
0.37
0.527
0.968
0.751
0.353
0.628
0.856
0.4
0.274
0.505
0.629
0.787
0.795
0.673
0.532
0.756
0.791
0.698
0.022
0.919
0.515
0.461
0.634
0.061
0.149
0.951
0.591
0.073
0.345
0.485
0.075
999
0.764
0.049
0.967
0.535
0.986
0.996
0.765
0.188
0.114
0.838
0.21
0.55
0.978
0.829
0.158
0.568
0.721
0.69
0.138
0.867
0.993
999
0.659
0.078
0.592
0.505
0.589
0.702
0.066
0.445
0.314
0.391
0.072
0.786
0.243
0.978
0.026
0.197
0.904
0.282
0.523
0.045
0.465
0.23
0.776
0.756
0.455
0.534
0.988
0.403
0.112
0.439
0.971
0.795
0.313
0.932
0.968
0.433
0.124
0.572
0.466
0.153
0.81
0.495
0.462
0.854
0.987
0.513
0.628
0.694
0.822
0.707
0.12
0.97
0.256
0.229
0.39
0.053
0.184
0.694
0.312
0.634
0.881
0.311
0.994
0.056
0.877
0.203
0.148
0.663
0.404
0.655
0.744
0.101
0.419
0.716
0.56
0.972
0.254
0.507
0.591
0.267
0.473
0.067
0.677
0.146
0.655
0.878
0.83
0.114
0.546
0.027
0.615
0.114
0.824
0.524
0.471
0.482
0.668
0.755
0.939
0.115
0.042
0.109
0.295
0.221
0.064
0.734
0.021
0.919
0.167
0.772
0.678
0.018
0.448
0.224
0.326
0.083
0.074
0.024
0.05
0.229
0.186
0.363
0.919
0.95
0.083
0.488
0.642
0.835
