0.766
0.345
0.895
0.902
0.647
0.085
0.693
0.835
0.853
0.51
0.3
0.786
0.24
0.927
0.64
0.174
0.876
0.513
0.064
0.428
0.617
0.361
0.388
0.988
0.8
0.356
0.996
0.823
0.288
0.208
0.451
0.73
0.264
0.833
0.48
0.196
0.124
0.625
0.583
0.958
0.854
0.725
0.33
0.144
0.358
0.507
0.521
0.174
0.034
0.465
0.97
0.935
0.037
0.396
0.16
0.093
0.194
0.673
0.599
0.738
0.171
0.256
0.1
0.42
0.421
0.328
0.908
0.777
0.78
0.581
0.092
0.187
0.519
0.978
0.418
0.661
0.467
0.786
0.601
0.958
0.432
0.182
0.782
0.408
0.764
0.615
0.152
0.823
0.244
0.425
0.183
0.115
0.179
0.673
0.998
0.22
0.429
0.463
0.978
0.536
0.138
0.193
0.229
0.355
0.47
0.016
0.133
0.605
0.979
0.162
0.652
0.106
0.232
0.171
0.002
0.144
0.974
0.815
0.413
0.011
0.69
0.736
0.759
0.68
0.081
0.651
0.296
0.38
0.581
0.31
0.401
0.657
0.913
0.798
0.548
0.308
0.808
0.38
0.321
0.07
0.699
0.278
0.196
0.56
0.205
0.162
0.078
0.227
0.797
0.601
0.51
0.254
0.283
0.092
0.112
0.458
0.934
0.121
0.327
0.195
0.998
0.301
0.468
0.407
0.144
0.625
0.721
0.427
0.084
0.488
0.92
0.05
0.64
0.406
0.856
0.762
0.564
0.535
0.771
0.118
0.676
0.335
0.57
ERROR
0.392
0.594
0.79
0.091
0.023
0.361
0.028
0.777
0.651
0.586
0.152
0.505
0.814
0.624
0.515
0.759
