0.335
0.063
0.703
0.677
0.986
0.098
0.297
0.196
0.357
0.505
0.399
0.526
0.079
0.0
0.814
0.425
0.155
0.255
0.35
0.552
0.135
0.941
0.577
0.452
0.098
0.019
0.414
0.919
0.058
0.849
0.153
0.642
0.023
0.814
0.714
0.993
0.011
0.128
0.827
0.049
0.562
0.217
0.705
0.675
0.217
0.252
0.517
0.848
ERROR
0.655
0.04
ERROR
0.155
0.251
0.667
0.344
0.267
0.781
0.106
0.066
0.444
0.232
0.657
0.124
0.93
0.41
0.04
0.573
0.397
0.688
0.587
0.6
0.524
0.648
0.717
0.872
0.717
0.518
0.032
0.226
0.994
0.976
0.399
0.578
0.015
0.917
0.174
0.946
0.421
0.659
0.912
0.477
0.011
0.028
0.398
0.521
0.359
0.763
0.013
0.677
0.588
0.456
0.959
0.133
0.567
0.897
0.58
0.811
0.567
0.929
0.484
0.525
0.669
0.96
0.254
0.702
0.572
0.968
0.216
0.831
0.013
0.992
0.425
0.064
0.625
0.598
0.687
0.008
0.26
0.777
0.353
0.852
0.996
0.976
0.79
0.644
0.647
0.231
0.388
0.651
0.38
0.611
0.836
0.834
0.068
0.423
0.389
0.167
0.912
0.566
0.022
0.646
0.836
0.828
0.108
0.748
0.495
0.267
0.382
0.434
0.512
0.09
0.267
0.07
0.227
0.995
0.625
0.922
0.125
0.143
0.688
0.076
0.23
0.287
0.845
0.578
0.762
0.144
0.53
0.232
0.22
0.042
0.608
0.737
0.938
0.163
0.265
0.099
0.879
0.804
0.666
0.674
0.189
0.107
0.553
0.477
0.462
0.354
0.478
0.623
