0.187
0.669
0.838
0.757
0.221
0.233
0.337
0.863
0.604
0.127
0.667
0.373
0.23
0.514
0.47
0.796
0.54
0.402
0.053
0.483
0.079
0.582
0.011
0.317
0.769
0.532
0.852
0.916
0.991
0.53
0.517
0.787
0.242
0.495
0.552
0.306
0.917
0.917
0.859
0.785
0.803
0.04
0.068
0.046
0.715
0.335
0.568
0.022
0.602
0.168
0.744
0.366
0.425
0.391
0.393
0.153
0.941
0.188
0.658
0.667
0.017
0.616
0.347
0.297
0.242
0.559
0.396
0.836
0.238
0.179
0.833
0.536
0.881
0.932
0.213
0.212
0.44
0.687
0.443
0.776
0.79
0.558
0.631
0.535
0.543
0.204
0.49
0.449
0.647
0.044
0.642
0.266
0.436
0.3
0.059
0.941
0.953
0.915
0.774
0.803
0.357
0.976
0.091
0.957
0.831
0.724
0.722
0.606
0.214
0.373
0.37
0.638
0.735
0.211
0.463
0.878
0.945
0.407
0.052
0.849
0.608
0.49
0.199
0.559
0.163
0.711
0.257
0.21
0.782
0.807
0.8
0.872
0.498
0.498
0.319
0.283
0.46
0.117
0.383
0.606
0.773
0.147
0.699
0.315
0.556
0.865
0.33
0.285
0.231
0.208
0.182
0.136
0.317
0.153
0.279
0.052
0.966
0.87
0.258
0.075
0.643
0.825
0.886
0.237
0.028
0.43
0.885
0.433
0.292
0.738
0.406
0.102
0.777
0.966
0.468
0.104
0.636
0.273
0.239
0.293
0.827
0.14
0.381
0.746
0.3
0.524
0.751
0.677
0.315
0.86
0.632
0.516
0.926
0.967
0.442
0.932
0.018
0.01
0.624
0.346
0.074
0.465
0.207
0.176
0.101
0.139
0.342
0.708
0.25
0.076
0.344
0.797
0.418
0.482
0.22
0.879
0.972
0.27
0.389
0.555
0.917
0.594
0.429
0.323
0.331
0.277
0.943
0.814
0.925
0.217
0.049
0.132
0.039
0.136
0.131
0.15
0.014
0.421
0.776
0.987
0.433
0.14
0.034
0.238
0.58
0.824
0.322
0.231
0.904
999
0.816
0.03
0.386
0.045
0.997
0.451
0.362
0.054
0.358
0.665
0.512
0.346
0.324
0.172
0.042
0.836
0.636
0.893
0.742
0.931
0.838
0.755
0.554
0.025
0.16
0.102
0.34
0.616
0.442
0.453
0.892
0.616
0.329
0.525
0.249
0.731
0.615
0.259
0.591
0.077
0.288
0.87
0.084
0.622
0.069
0.733
0.365
0.949
0.376
0.653
0.079
0.643
0.246
0.914
0.584
0.832
0.147
0.054
0.937
0.265
0.806
0.185
0.21
0.424
0.723
0.231
0.469
0.4
0.123
0.972
0.428
0.04
0.398
0.016
0.228
0.225
0.459
0.324
0.765
0.624
0.129
0.909
0.268
0.491
0.648
0.691
0.232
0.859
0.292
0.889
0.212
0.895
0.361
0.08
0.083
0.975
0.677
0.82
0.405
0.318
0.501
0.294
0.415
999
0.489
0.925
0.359
0.622
0.802
0.994
0.14
0.963
0.979
0.518
0.331
0.782
0.198
0.419
0.074
0.822
0.219
0.75
0.603
0.156
0.019
0.511
0.014
0.428
0.896
0.951
0.767
0.105
0.368
0.683
0.988
0.567
0.902
0.956
0.291
0.978
0.602
0.553
0.16
0.47
0.791
0.885
0.731
0.531
0.175
0.353
0.935
0.456
0.381
0.515
0.757
0.258
0.164
0.348
0.472
0.73
0.73
0.239
0.366
0.046
0.674
0.294
0.107
0.893
0.221
0.007
0.655
0.84
0.144
0.754
0.033
0.87
0.81
0.816
0.527
0.33
0.666
0.357
0.813
0.888
0.928
0.563
0.884
0.842
0.249
0.292
0.436
0.67
0.516
0.85
0.832
0.361
0.068
0.701
0.974
0.062
999
0.076
0.454
0.837
0.302
0.815
0.179
0.739
0.713
0.952
0.36
0.666
0.548
0.694
0.844
0.408
0.138
0.08
0.737
0.975
0.139
0.701
0.269
0.531
0.269
0.966
0.447
0.762
0.544
0.246
0.033
0.234
0.62
0.851
0.549
0.241
0.521
0.953
0.923
0.644
0.56
0.791
0.927
0.364
0.555
0.708
0.64
0.433
0.511
0.186
0.119
0.166
0.216
0.667
0.59
0.863
0.168
0.389
0.5
0.264
0.214
0.997
0.391
0.105
0.267
0.385
0.208
0.112
0.785
0.688
0.211
0.06
0.801
0.224
0.208
0.059
0.239
0.505
0.5
0.308
0.228
0.427
0.463
0.633
0.971
0.211
0.539
0.986
0.322
0.998
0.756
0.633
0.787
0.353
0.611
0.186
0.415
0.201
0.327
0.012
0.054
0.044
0.979
0.503
0.441
0.942
0.205
0.066
0.757
0.814
0.196
0.084
0.71
0.778
0.496
0.501
0.18
0.267
0.002
0.17
0.924
0.302
0.509
0.395
0.785
0.375
0.3
0.601
0.476
0.098
0.482
0.09
0.267
0.082
0.28
0.35
0.821
0.283
0.384
0.294
0.663
0.252
0.746
0.517
0.729
0.269
0.948
0.657
0.548
0.789
0.525
0.943
0.691
0.34
0.548
0.609
0.997
0.891
0.246
0.212
0.598
0.833
0.207
0.141
0.796
0.385
0.687
0.552
0.983
0.468
0.739
0.147
0.891
0.252
0.231
0.234
0.284
0.706
0.832
0.699
0.616
0.167
0.326
0.256
0.035
0.11
0.49
0.826
0.561
0.71
0.834
0.136
0.601
0.449
0.177
0.14
0.302
0.821
0.569
0.968
0.99
0.077
0.249
0.786
0.623
0.288
0.037
0.601
0.357
0.099
0.707
0.324
0.131
0.439
0.83
0.384
0.035
0.327
0.695
0.115
0.968
0.445
0.163
0.279
0.55
0.249
0.794
0.007
0.136
0.337
0.932
0.441
0.679
0.922
0.586
0.186
0.165
0.459
0.217
0.89
0.664
0.887
0.313
0.756
0.174
0.465
0.489
0.407
0.677
0.443
0.714
0.912
0.873
0.44
0.243
0.393
0.398
0.499
0.526
0.441
0.587
0.834
0.86
0.742
0.005
0.614
0.182
0.768
0.924
0.18
0.462
0.586
0.654
0.763
0.763
0.96
0.045
0.49
0.282
0.491
0.655
0.392
0.434
0.395
0.259
0.887
0.936
0.612
0.642
0.385
0.946
0.114
0.969
0.755
0.037
0.345
0.341
0.559
0.016
0.421
0.047
0.041
0.017
0.9
0.312
0.562
0.86
0.73
0.991
0.806
0.713
0.156
0.162
0.38
0.131
0.174
0.596
0.092
0.909
0.435
999
0.318
0.043
0.922
0.271
0.194
0.988
0.646
0.22
0.223
0.461
0.01
0.869
0.175
0.043
0.65
0.391
0.782
0.165
0.826
0.222
0.432
0.075
0.876
0.767
0.879
0.298
0.246
0.779
0.504
0.861
0.747
0.405
0.214
0.974
0.066
0.604
0.68
0.17
0.548
0.477
0.19
0.687
0.764
0.893
0.053
0.285
0.751
0.298
0.62
0.554
0.773
0.241
0.29
0.512
0.471
0.185
0.654
0.895
0.303
0.904
0.374
0.714
999
0.674
0.411
0.667
0.339
0.642
0.763
0.777
0.471
0.798
999
0.745
0.903
0.019
0.14
0.19
0.844
0.748
0.049
0.543
0.763
0.472
0.972
0.156
0.524
0.326
0.231
0.13
0.272
0.707
0.698
0.887
0.82
0.144
0.725
0.215
0.899
0.41
0.972
0.97
0.775
0.353
0.693
0.053
0.841
0.676
0.803
0.013
0.794
0.16
0.608
0.203
0.409
0.343
0.957
0.937
0.84
0.788
0.344
0.569
0.882
0.711
0.61
0.441
0.511
0.767
0.566
0.046
0.621
0.39
0.149
0.648
0.509
0.532
0.837
0.936
0.776
0.65
0.192
0.429
0.25
0.748
0.101
0.817
0.264
0.813
0.792
0.248
0.226
0.058
0.262
0.124
0.772
0.153
0.809
0.749
0.558
0.397
0.957
0.639
0.592
0.603
0.616
0.87
0.146
0.017
0.138
0.02
0.83
0.209
0.038
0.879
0.442
0.287
0.361
0.213
0.619
0.171
0.229
0.875
0.992
0.53
0.26
0.432
0.338
0.452
0.383
0.864
0.564
0.81
0.182
0.674
0.193
0.857
0.969
0.201
0.474
0.6
0.937
0.282
0.356
0.629
0.018
0.096
0.462
0.15
0.091
0.061
0.969
999
0.458
0.478
0.571
0.438
0.958
0.518
0.615
0.992
0.567
0.848
0.744
0.853
0.93
0.157
0.992
0.064
0.263
