0.527
0.112
0.64
0.456
0.627
0.579
0.981
0.255
0.567
0.364
0.702
0.477
0.06
0.218
0.698
0.73
0.497
0.906
0.218
0.413
0.264
0.437
0.095
0.558
0.927
0.547
0.197
0.593
0.632
0.12
0.757
0.235
0.895
0.035
0.536
0.665
0.225
0.272
ERROR
0.604
0.797
0.003
0.134
0.115
0.357
0.183
0.935
0.946
0.484
0.256
0.127
0.398
0.432
0.172
0.8
0.688
0.839
0.606
0.536
0.893
0.511
0.112
0.73
0.851
0.644
0.68
0.257
0.467
0.754
0.23
0.673
0.886
0.333
0.623
ERROR
0.335
0.843
0.286
0.404
0.187
0.293
0.933
0.22
0.381
0.005
0.081
0.255
0.281
0.865
0.505
0.611
0.42
0.16
0.683
0.593
0.723
0.453
0.495
0.497
0.631
0.58
0.259
0.605
0.272
0.325
0.047
0.862
0.426
0.725
0.348
0.252
0.048
0.322
0.997
0.882
0.021
0.568
0.308
0.382
0.105
0.672
0.066
0.138
0.889
0.688
0.509
0.217
0.49
0.501
0.352
0.36
0.981
0.275
0.779
0.958
0.96
0.146
0.813
0.019
0.315
0.091
0.275
0.005
0.105
0.025
0.464
0.849
0.572
0.275
0.775
0.845
0.999
0.07
0.528
0.326
0.291
0.804
0.351
0.213
0.379
0.175
0.166
0.66
0.612
0.379
0.408
0.648
0.187
0.632
0.653
0.797
0.698
0.866
0.897
0.881
0.744
0.108
0.37
0.542
0.523
0.009
0.872
0.829
0.116
0.757
0.44
0.04
0.605
0.928
0.81
0.411
0.117
0.645
0.309
0.391
0.276
0.969
0.465
0.18
0.704
