0.565
0.264
0.265
0.266
0.224
0.054
0.427
0.89
0.796
0.213
0.047
0.296
0.088
0.132
0.489
0.102
0.997
0.906
0.895
0.594
0.211
0.141
0.972
0.62
0.176
0.349
0.716
0.678
0.44
0.122
0.656
0.914
0.474
0.136
0.917
0.212
0.075
0.301
0.469
0.776
0.319
0.331
0.972
0.58
0.381
0.168
0.223
0.486
0.598
0.124
0.254
0.329
0.214
0.927
0.82
0.232
0.892
0.213
0.307
0.311
0.449
0.699
0.129
0.477
0.417
0.702
0.64
0.665
0.511
0.943
0.272
0.371
0.689
0.482
0.498
0.316
0.791
0.888
0.517
0.283
0.279
0.852
0.905
0.032
0.27
0.823
0.384
0.639
0.361
0.972
0.743
0.857
0.779
0.622
0.547
0.79
0.794
0.088
0.121
0.507
0.458
0.443
0.7
0.509
0.284
0.221
0.641
0.04
0.14
0.767
0.316
0.498
0.246
0.783
0.13
0.126
0.63
0.303
0.86
0.239
0.101
0.653
0.987
0.912
0.562
0.031
0.333
0.536
0.748
0.068
0.915
0.91
0.953
0.915
0.122
0.923
0.796
0.545
0.132
0.022
0.176
0.364
0.906
0.808
0.33
0.272
0.872
0.524
0.703
0.082
0.811
0.926
0.16
0.034
0.46
0.09
0.183
0.636
0.181
0.824
0.978
0.504
0.984
0.864
0.752
0.203
0.118
0.184
0.243
0.179
0.073
0.805
0.086
0.596
0.136
0.127
0.95
0.563
0.67
0.113
0.234
0.819
0.717
0.631
0.147
0.45
0.492
0.381
0.768
0.913
0.142
0.009
0.221
0.737
0.651
0.584
0.329
0.616
0.645
0.89
0.309
0.764
0.614
0.762
0.984
0.618
0.794
0.3
0.415
0.763
0.987
0.116
0.477
0.09
0.677
0.093
0.001
0.277
0.647
0.797
0.78
0.494
0.949
0.555
0.474
0.7
0.783
0.068
0.155
0.213
0.978
0.266
0.268
0.703
0.659
0.451
0.83
0.496
0.276
0.451
0.605
0.041
0.828
0.026
0.055
0.658
0.79
0.508
0.502
0.38
0.501
0.246
0.078
0.729
0.968
0.18
0.54
0.378
0.639
0.497
0.158
0.916
0.949
0.085
0.634
0.435
0.352
0.107
0.697
0.011
0.266
0.733
0.111
0.086
0.881
0.859
0.799
0.035
0.862
0.135
0.424
0.829
0.735
0.748
0.999
0.353
0.816
0.039
0.887
0.954
0.932
0.21
0.954
0.106
0.592
0.517
0.813
0.748
0.999
0.794
0.022
0.547
0.797
0.946
0.891
0.259
0.78
0.037
0.751
0.773
0.536
0.807
0.327
0.213
0.746
0.241
0.993
0.361
0.559
0.322
0.558
0.916
0.635
0.717
0.899
0.753
0.836
0.013
0.346
0.209
0.24
0.889
0.722
0.551
0.094
0.827
0.832
0.543
0.376
0.2
0.594
0.756
0.87
0.069
0.936
0.269
0.174
0.369
0.094
0.257
0.365
0.654
0.25
0.951
0.978
0.666
0.189
0.079
0.918
0.174
0.168
0.105
0.344
0.646
0.224
0.979
0.886
0.591
0.393
0.345
0.397
1.0
0.995
0.864
0.888
0.862
0.28
0.756
0.083
0.176
0.509
0.905
0.859
0.788
0.665
0.499
0.542
0.172
0.468
0.119
0.119
0.595
0.174
0.963
0.336
0.937
0.26
0.889
0.084
0.247
0.798
0.388
0.082
0.561
0.888
0.304
0.704
0.671
0.702
0.515
0.637
0.317
0.665
0.416
0.327
0.137
0.649
0.725
0.611
0.758
0.102
0.474
0.499
0.207
0.679
0.584
0.599
0.645
0.232
0.195
0.383
0.204
0.73
0.724
0.812
0.827
0.327
0.27
0.128
0.514
0.652
0.864
0.555
0.156
0.273
0.955
0.722
0.935
0.484
0.903
0.932
0.276
0.58
0.879
0.849
0.331
0.42
0.244
0.703
0.07
0.246
0.695
0.027
0.742
0.538
0.453
0.296
0.596
0.62
0.659
0.158
0.953
0.358
0.545
0.277
0.042
0.109
0.361
0.049
0.882
0.194
0.186
0.629
0.083
0.099
0.956
0.962
0.82
0.284
0.022
0.507
0.611
0.215
0.144
0.999
0.84
0.067
0.8
0.809
0.958
0.994
0.788
0.467
0.954
0.704
0.765
0.228
0.939
0.583
0.841
0.29
0.525
0.95
0.927
0.938
0.213
0.478
0.635
0.449
0.01
0.661
0.369
0.561
0.2
0.122
0.101
0.203
0.935
0.501
0.307
0.421
0.016
0.031
0.104
0.761
0.016
0.504
0.179
0.464
0.159
0.741
0.412
0.538
0.038
0.143
0.16
0.969
0.976
0.587
0.91
0.917
0.709
0.549
0.033
0.632
0.401
0.123
0.888
0.136
0.167
0.34
0.133
0.366
0.488
0.781
0.211
0.296
0.716
0.452
0.502
0.109
0.69
0.071
0.659
0.778
0.653
0.835
0.509
0.995
0.614
0.464
0.925
0.317
0.134
0.789
0.332
0.577
0.317
0.373
0.438
0.153
0.469
0.066
999
0.307
0.346
0.239
0.424
0.456
0.031
0.258
0.03
0.365
0.392
0.659
0.576
0.119
0.257
0.565
0.984
0.891
0.525
0.086
0.942
0.748
0.85
0.421
0.263
0.072
0.907
0.866
0.191
0.259
0.228
0.973
0.967
0.927
0.88
0.204
0.556
0.92
0.169
0.04
0.575
0.521
0.701
0.937
0.416
0.004
0.971
0.433
0.322
0.347
0.982
0.076
0.023
0.0
0.856
0.558
0.436
0.605
0.796
0.697
0.812
0.202
0.793
0.964
0.421
0.682
0.961
0.797
0.807
0.031
0.512
0.447
0.589
0.531
0.495
0.373
0.444
0.292
0.546
0.675
0.612
0.544
0.301
0.085
0.925
0.499
0.908
0.954
0.888
0.593
0.994
0.221
0.5
0.684
0.501
0.05
0.924
0.827
0.771
0.47
0.708
0.59
0.129
0.933
0.733
0.132
0.428
0.769
0.969
0.526
0.925
0.61
0.964
0.178
0.05
0.309
0.961
0.838
0.472
0.342
0.31
0.647
0.76
0.963
0.722
0.508
0.015
0.261
0.545
0.469
0.239
0.802
0.722
0.658
0.415
0.288
0.463
0.768
0.329
0.276
0.232
0.238
0.432
0.344
0.555
0.07
0.197
0.185
0.771
0.899
0.172
0.819
0.935
0.44
0.528
0.702
0.083
0.313
0.249
0.083
0.294
0.366
0.955
0.073
0.326
0.989
0.074
0.431
0.439
0.975
0.19
0.125
0.58
0.23
0.936
0.224
0.573
0.974
0.259
0.682
0.723
0.142
0.23
0.959
0.486
0.69
0.355
0.739
0.45
0.001
0.972
0.335
0.61
0.786
0.916
0.859
0.029
0.594
0.33
0.282
0.916
0.196
0.557
0.275
0.867
0.654
0.813
0.28
0.248
0.638
999
0.461
0.531
0.264
0.055
0.659
0.27
0.622
0.134
0.86
0.944
0.07
0.482
0.124
0.657
0.843
0.703
0.12
0.012
0.359
0.695
0.389
0.616
0.123
0.676
0.122
0.135
0.095
0.553
0.119
0.875
0.393
0.879
0.781
0.343
0.304
0.97
0.996
0.497
0.611
0.06
0.13
0.78
0.819
0.952
0.979
0.247
0.008
0.792
0.016
0.762
0.215
0.58
1.0
0.188
0.457
0.181
0.1
0.852
0.388
0.845
0.426
0.496
0.887
0.969
0.547
0.904
0.939
0.787
0.571
0.669
0.049
0.026
0.178
0.435
0.198
0.9
0.083
0.504
0.763
0.842
0.121
0.081
0.458
0.443
0.303
0.528
0.582
0.023
0.287
0.973
0.291
0.146
0.733
0.202
0.223
0.296
0.898
0.188
0.87
0.051
0.975
0.042
0.788
0.219
0.194
0.07
0.367
0.08
0.096
0.933
0.853
0.084
0.575
0.169
0.973
0.803
0.736
0.783
0.582
0.89
0.89
0.499
0.731
0.567
0.683
0.101
0.608
0.277
0.119
0.937
0.805
0.294
999
0.804
0.375
0.624
0.774
0.436
0.707
0.9
0.839
0.094
0.772
0.15
0.261
0.177
0.357
0.877
0.403
0.217
0.72
0.841
0.576
0.742
0.367
0.962
0.633
0.481
0.12
0.054
0.314
0.825
0.633
0.522
0.113
0.895
0.258
0.483
0.483
0.111
0.495
0.733
0.299
0.014
0.865
0.254
0.429
0.859
0.448
0.516
0.177
0.63
0.767
0.635
0.043
0.082
0.165
0.24
0.216
0.19
0.819
0.502
0.847
0.072
0.808
0.443
