0.63
0.716
0.033
0.216
0.181
0.391
0.282
0.61
0.436
0.202
0.823
0.355
0.921
0.698
0.443
0.813
0.291
0.987
0.557
0.756
0.105
0.744
0.207
0.104
0.066
0.379
0.99
0.146
0.244
0.09
0.843
0.664
0.074
0.164
0.93
0.626
0.354
0.588
0.619
0.301
0.518
0.609
0.879
0.806
0.801
0.595
0.72
0.878
0.49
0.664
0.465
0.775
0.319
0.01
0.23
0.464
0.945
0.91
0.103
0.614
0.134
0.372
0.027
0.66
0.977
0.825
0.203
0.988
0.187
0.278
0.554
0.203
0.391
0.019
0.89
0.012
0.637
0.561
0.429
0.018
0.234
0.357
0.552
0.461
0.469
0.484
0.536
0.595
0.456
0.139
0.652
0.929
0.925
0.964
0.185
0.842
0.052
0.802
0.905
0.678
0.56
0.742
0.845
0.538
0.963
0.842
0.407
0.236
0.544
0.41
0.331
0.473
0.483
0.263
0.038
0.583
0.491
0.939
0.018
0.682
0.417
0.647
0.132
0.786
0.324
0.974
0.889
0.181
0.335
0.827
0.898
0.334
0.746
0.529
0.057
0.11
0.761
0.637
0.474
0.915
0.349
0.154
0.712
0.065
0.688
0.742
0.481
0.0
0.32
0.153
0.051
0.228
999
0.625
0.369
0.76
0.8
0.387
0.873
0.544
0.108
0.678
0.513
0.875
0.769
0.123
0.576
0.716
0.383
0.587
0.179
0.067
0.503
0.456
0.02
0.179
0.56
0.803
0.479
0.29
0.969
0.03
0.195
0.447
0.009
0.833
0.06
0.547
0.569
0.176
0.022
0.228
0.829
0.642
0.952
0.537
0.648
0.75
0.784
0.59
0.383
0.077
0.729
999
0.801
0.282
0.68
0.571
0.096
0.925
0.353
0.94
0.453
0.361
0.107
0.18
999
0.202
0.412
0.535
0.806
0.983
0.772
0.393
0.31
0.406
0.918
0.738
0.399
0.104
0.956
0.821
0.88
0.897
0.406
0.235
0.884
0.239
0.539
0.776
0.732
0.492
0.906
0.773
0.724
0.95
0.077
0.713
0.018
0.701
0.027
0.459
0.035
0.04
0.921
0.165
0.587
0.953
0.86
0.473
0.315
0.418
0.35
0.065
0.237
0.236
0.533
0.225
0.208
0.396
0.999
0.869
0.931
0.171
0.458
0.703
0.702
0.104
0.727
0.707
0.433
0.033
0.114
0.676
0.545
999
0.396
0.511
0.933
0.852
0.848
0.011
0.149
0.12
0.041
0.416
0.84
0.246
0.679
0.115
0.693
0.896
0.949
0.069
0.249
0.497
1.0
0.03
0.042
0.031
0.358
0.167
0.392
0.952
0.435
0.21
0.247
0.542
0.011
0.616
0.423
0.723
0.759
0.034
0.468
0.858
0.242
0.689
0.65
0.918
0.669
0.676
0.635
0.872
0.982
0.355
0.562
0.975
0.155
0.617
0.271
0.394
0.641
0.871
0.049
0.649
0.875
0.681
0.037
0.375
0.628
0.453
0.566
0.785
0.857
0.976
0.51
0.088
0.706
0.954
0.868
0.287
0.679
0.0
0.144
0.376
0.379
0.598
0.922
0.415
0.233
0.561
0.108
0.099
0.535
0.288
0.182
0.775
0.364
0.688
0.499
0.944
0.139
0.953
0.092
0.119
0.237
0.386
0.596
0.334
0.861
0.278
0.558
0.033
0.214
0.734
0.755
0.423
0.959
0.329
0.81
0.343
0.208
0.608
0.779
0.205
0.051
0.41
0.072
0.832
0.05
0.681
0.114
0.155
0.793
0.858
0.274
0.197
0.23
0.321
0.047
0.08
0.385
0.334
0.392
0.871
0.43
0.683
0.596
0.524
0.889
0.288
0.616
0.371
0.859
0.9
0.792
0.898
0.233
0.686
0.086
0.48
0.442
0.766
0.28
0.078
0.494
0.919
0.272
0.165
0.294
0.966
0.233
0.892
0.857
0.264
0.853
0.854
0.425
0.882
0.939
0.141
0.692
0.53
0.831
0.553
0.595
0.992
0.317
0.112
0.669
0.74
0.451
0.766
0.456
0.843
0.217
0.23
0.354
0.816
0.302
0.514
0.036
0.043
0.89
0.583
0.964
0.711
0.686
0.25
0.008
0.402
0.728
0.952
0.778
0.53
0.935
0.044
0.826
0.849
0.991
0.314
0.462
0.126
0.149
0.72
0.496
0.365
0.585
0.815
0.002
0.664
0.818
0.862
0.866
0.783
0.821
0.63
0.881
0.954
0.63
0.545
0.212
0.006
0.446
0.279
0.174
0.271
0.323
0.101
0.448
0.504
0.229
0.928
0.064
0.323
0.5
999
0.591
0.579
0.02
0.046
0.035
0.814
0.042
0.086
0.931
0.742
0.708
0.859
0.323
0.437
0.187
0.73
0.345
0.486
0.397
0.005
0.529
0.114
0.373
0.673
0.114
0.414
0.235
0.565
0.971
0.798
0.836
0.274
0.221
0.757
0.478
0.052
0.811
0.446
0.405
0.3
0.147
0.196
0.242
0.551
0.577
0.421
0.095
0.947
0.714
0.174
0.321
0.34
0.112
0.767
0.902
0.855
0.348
0.134
0.413
0.139
0.807
0.583
0.389
0.541
0.902
0.936
0.866
0.166
0.382
0.026
0.606
0.959
0.146
0.651
0.139
0.957
0.012
0.392
0.627
0.372
0.296
999
0.999
0.284
0.119
0.76
0.629
0.111
0.763
0.078
0.38
0.355
0.536
0.668
0.146
0.206
0.708
0.498
0.642
0.486
0.193
0.884
0.422
0.85
0.83
0.062
0.318
0.9
0.134
0.725
0.024
0.009
0.074
0.862
0.585
0.782
0.173
0.008
0.347
0.291
0.241
0.712
0.503
0.226
0.295
0.967
0.583
0.359
0.99
0.681
0.361
0.265
0.779
0.822
0.846
0.697
0.432
0.439
0.276
0.146
0.609
0.633
0.694
0.862
0.884
0.458
0.904
0.309
0.128
0.901
0.482
0.932
0.393
0.961
0.922
0.25
0.153
0.475
0.865
0.819
0.75
0.372
0.621
0.872
0.728
0.354
0.505
0.286
0.777
0.345
0.935
0.468
0.294
0.664
0.545
0.523
999
0.232
0.06
0.658
0.097
0.222
0.315
0.517
0.453
0.333
0.278
0.445
0.92
0.687
0.703
0.937
0.528
0.672
0.759
0.999
0.512
0.769
0.042
0.405
0.126
0.779
0.03
0.917
0.289
0.712
0.031
0.653
0.911
0.651
0.247
0.239
0.062
0.787
0.486
0.211
0.981
0.215
0.33
0.373
0.305
0.898
0.891
0.531
0.625
0.769
0.856
0.278
0.079
0.449
0.256
0.196
0.787
0.402
0.565
0.723
0.294
0.685
0.934
0.226
0.66
0.225
0.302
0.353
0.722
0.683
0.018
0.533
0.539
0.364
0.246
0.116
0.17
0.317
0.521
0.707
0.713
0.613
0.606
0.24
0.286
0.92
0.804
0.259
0.065
0.451
0.263
0.821
0.8
0.288
0.437
0.362
0.255
0.885
0.695
0.968
0.834
0.473
0.8
0.389
0.882
0.666
0.924
0.649
0.335
0.216
0.309
0.587
0.206
0.367
0.482
0.914
0.77
0.313
0.464
0.16
0.296
0.47
0.288
0.495
0.389
0.062
0.315
0.688
0.329
0.577
0.107
0.463
0.021
0.197
0.765
0.751
0.043
0.234
0.974
0.978
0.021
0.496
0.516
0.705
0.664
0.963
0.9
0.813
0.441
0.591
0.547
0.642
0.279
0.891
0.809
0.84
0.525
0.152
0.199
0.634
0.493
0.715
0.227
0.477
0.47
0.981
0.714
0.413
0.644
0.143
0.266
0.904
0.556
0.224
0.167
0.102
0.287
0.883
0.462
0.924
0.275
0.713
0.751
0.141
0.38
0.017
0.18
0.892
0.056
0.539
0.251
0.875
0.081
0.42
0.672
0.714
0.723
0.736
0.535
0.377
0.285
0.391
0.667
0.911
0.447
0.88
0.029
0.636
0.761
0.801
0.817
0.64
0.245
0.605
0.578
0.565
0.426
0.23
0.165
0.31
0.649
0.338
0.075
0.635
0.688
0.054
0.937
0.812
0.368
0.066
0.67
0.329
0.344
0.219
0.769
0.316
0.478
0.374
0.497
0.26
0.822
0.835
0.899
0.919
0.489
0.934
0.56
0.047
0.672
0.572
0.328
0.341
0.568
0.369
0.122
0.254
0.318
0.031
0.51
0.147
0.779
0.485
0.15
0.598
0.261
0.015
0.269
0.071
0.603
0.318
0.576
0.75
0.125
0.46
0.118
0.72
0.132
0.767
0.197
0.034
0.968
0.64
0.786
0.127
0.766
0.458
