0.427
0.449
0.321
0.981
0.772
0.638
0.867
0.912
0.644
0.053
0.349
0.797
0.176
0.385
0.708
0.514
0.875
0.547
0.304
0.723
0.138
0.612
0.405
0.111
0.522
0.519
0.068
0.364
0.851
0.163
0.235
0.554
0.148
0.885
0.049
0.793
0.823
0.81
0.308
0.832
0.26
0.395
0.331
0.142
0.751
0.137
0.577
0.842
0.379
0.073
0.322
0.469
0.948
0.034
0.996
0.123
0.505
0.324
0.714
0.591
0.814
0.08
0.921
0.226
0.802
0.387
0.527
0.933
0.761
0.281
0.59
0.175
0.868
0.533
0.33
0.484
0.529
0.275
0.433
0.962
0.059
0.375
0.29
0.519
0.9
0.286
0.714
0.065
0.536
0.476
0.419
0.213
0.206
0.592
0.277
0.944
0.091
0.878
0.556
0.69
0.199
0.622
0.891
0.187
0.409
0.239
0.631
0.42
0.96
0.556
0.01
0.827
0.437
0.625
0.314
0.278
0.449
0.807
0.94
0.158
0.81
0.268
0.684
0.106
0.878
0.386
0.692
0.331
0.38
0.444
0.128
0.067
0.088
0.283
0.609
0.472
0.29
0.1
0.352
0.862
0.34
0.514
0.123
999
0.974
0.783
0.594
0.758
0.22
0.829
0.97
0.69
0.879
0.327
0.117
0.624
0.613
0.022
0.659
0.305
0.66
0.309
0.583
0.849
0.712
0.326
0.464
0.634
0.135
0.151
0.467
0.083
0.932
0.966
0.353
0.955
0.768
0.576
0.403
0.276
0.748
0.945
0.759
0.837
0.147
0.569
0.79
0.831
0.525
0.114
0.575
0.002
0.309
0.114
0.131
0.466
0.225
0.25
0.698
0.067
0.111
0.918
0.151
0.266
0.643
0.807
0.926
0.647
0.68
0.864
0.645
0.291
0.128
0.871
0.803
0.716
0.744
0.914
0.879
0.748
0.347
0.918
0.729
0.204
0.859
0.996
0.456
0.656
0.622
0.918
0.483
0.691
0.468
0.371
0.07
0.345
0.694
0.049
0.411
0.497
0.476
0.146
0.414
0.866
0.731
0.825
0.096
0.994
0.585
0.417
0.752
0.352
0.887
0.948
0.831
0.918
0.389
0.536
0.966
0.026
0.63
0.789
0.46
0.173
0.799
0.56
0.337
0.024
0.94
0.199
0.911
0.991
0.138
0.227
0.815
0.358
0.949
0.832
0.933
0.62
0.899
0.176
0.407
0.719
0.868
0.945
0.311
0.68
0.265
0.166
999
0.235
0.836
0.646
0.341
0.169
0.778
0.798
0.289
0.23
0.081
0.723
0.613
0.237
0.546
0.253
0.468
0.476
0.115
0.996
0.506
0.855
0.867
0.757
0.393
0.556
0.736
0.426
0.787
0.954
0.002
0.392
0.087
0.68
0.773
0.222
0.991
0.489
0.09
0.748
0.424
0.447
1.0
0.108
0.804
0.141
0.28
0.645
0.788
0.801
0.476
0.167
0.645
0.284
0.209
0.581
0.809
0.893
0.528
0.369
0.596
0.158
0.463
0.737
0.78
0.696
0.461
0.605
0.434
0.738
0.265
0.668
0.774
0.776
0.277
0.856
0.302
0.236
0.718
0.668
0.733
0.906
0.073
0.322
0.538
0.487
0.844
0.358
0.735
0.468
0.282
0.443
0.749
0.028
0.785
0.111
0.307
0.271
0.559
0.477
0.562
0.09
0.256
0.663
0.128
0.465
0.878
0.894
0.986
0.77
0.87
0.741
0.318
999
0.005
0.262
0.353
0.665
0.599
0.804
0.243
0.924
0.257
0.697
0.671
0.234
1.0
0.05
0.441
0.262
0.393
0.21
0.089
0.169
0.04
0.277
0.424
0.238
0.093
0.338
0.007
0.629
0.598
0.572
0.869
0.226
0.693
0.449
0.938
0.601
0.752
0.294
0.951
0.443
0.25
0.844
0.22
0.612
0.492
0.234
0.096
0.472
0.032
0.552
0.052
0.745
0.814
0.827
0.158
0.282
0.258
0.979
0.105
0.927
0.682
0.307
0.89
0.673
0.05
0.527
0.527
0.106
0.815
0.603
0.463
0.9
0.796
0.248
0.149
0.687
0.452
0.732
0.377
0.949
0.535
0.947
0.974
0.55
0.706
0.383
0.653
0.374
0.92
0.222
0.028
0.857
0.964
0.666
0.435
0.049
0.782
0.404
0.699
0.636
0.632
0.002
0.878
0.545
0.304
0.463
0.674
0.971
0.238
0.636
0.9
0.062
0.716
0.2
0.013
0.366
0.92
0.066
0.557
0.218
0.107
0.995
0.863
0.17
0.499
0.247
0.608
0.758
0.447
0.662
0.378
0.221
0.095
0.866
0.74
0.603
0.473
0.543
0.999
0.781
0.495
0.052
0.176
0.236
0.463
0.767
0.56
0.411
0.002
0.138
0.297
0.82
0.095
0.829
0.202
0.248
0.586
0.918
0.223
0.995
0.671
0.386
0.024
0.603
0.349
0.954
0.519
0.906
0.827
0.572
0.75
0.659
0.471
0.957
0.62
0.039
0.852
0.689
0.771
0.843
0.322
0.541
0.98
0.773
0.707
0.696
0.687
0.371
0.194
0.469
0.805
0.83
0.875
0.855
0.646
0.829
0.643
0.485
999
0.522
0.132
0.564
0.14
0.085
0.52
0.785
0.282
0.289
0.881
0.527
0.005
0.032
0.816
0.052
0.422
0.319
0.417
0.411
0.0
0.231
0.051
0.824
0.395
0.39
0.227
0.245
0.387
0.293
0.151
0.847
0.069
0.704
0.299
0.211
0.489
0.497
0.702
0.142
0.518
0.104
0.624
0.9
0.132
0.021
0.316
0.749
0.055
0.515
0.12
0.676
0.848
0.075
0.761
0.049
0.521
0.024
0.305
0.09
0.685
0.037
0.822
0.171
0.535
0.639
0.558
0.941
0.478
0.164
0.224
0.053
0.701
0.798
0.494
0.965
0.988
0.392
0.868
0.936
0.513
0.589
0.472
0.657
0.478
0.334
0.321
0.512
0.507
0.629
0.29
0.3
0.117
0.119
0.158
0.123
0.157
0.259
0.765
0.984
0.897
0.595
0.237
0.276
0.515
0.584
0.42
0.753
0.148
0.095
0.929
0.845
0.265
0.642
0.739
0.771
0.408
0.286
0.967
0.886
0.028
0.028
0.772
0.654
0.664
0.308
0.768
0.248
0.436
0.48
0.77
0.435
0.0
0.792
0.771
0.409
0.778
0.911
0.803
0.902
0.366
0.707
0.265
0.403
0.572
0.765
0.534
0.738
0.923
0.663
0.702
0.144
0.003
0.094
0.399
0.036
0.958
0.799
0.678
0.935
0.354
0.884
0.817
0.187
0.232
0.981
0.138
0.215
0.447
0.619
0.617
0.855
0.559
0.08
0.689
0.87
0.332
0.245
0.3
0.465
0.922
0.814
0.075
0.56
0.786
0.197
0.73
0.007
0.984
0.61
0.723
0.629
0.042
0.525
0.003
0.556
0.807
0.595
0.479
0.542
0.872
0.624
0.631
0.91
0.759
0.791
0.322
0.912
0.408
0.27
0.295
0.942
0.631
0.468
0.452
0.599
0.584
0.457
0.229
0.72
0.606
0.389
0.17
0.295
0.983
0.749
0.242
0.756
0.618
0.714
0.441
0.493
0.977
0.158
0.702
0.145
0.491
0.667
0.848
0.923
0.56
999
0.035
0.09
0.725
0.428
0.415
0.96
0.609
0.645
0.519
0.014
0.312
0.039
0.889
0.535
0.23
0.223
0.103
0.963
0.556
0.995
0.479
0.384
0.233
0.216
0.173
0.342
0.176
0.337
0.389
0.59
0.243
0.542
0.523
0.28
0.57
0.454
0.393
0.822
0.896
0.171
0.523
0.467
0.467
0.838
0.018
0.062
0.385
0.555
0.219
0.909
0.484
0.564
0.089
0.959
0.327
0.766
0.296
0.305
0.892
0.469
0.561
0.863
0.88
0.926
0.247
0.218
0.132
0.023
0.458
0.659
0.204
0.409
0.78
0.983
0.371
0.465
0.775
0.619
0.422
0.023
0.644
0.074
0.689
0.846
0.45
0.143
0.945
0.209
0.392
0.746
0.988
0.971
0.38
0.638
0.779
999
0.09
0.003
0.691
0.954
0.961
0.478
0.553
0.01
0.633
0.751
0.062
0.767
0.343
0.572
0.058
0.662
0.16
0.667
0.807
0.219
0.672
999
0.784
0.578
0.89
0.098
0.734
0.157
0.74
0.344
0.262
0.768
0.139
0.548
0.764
0.705
0.466
0.747
0.906
0.43
0.525
0.28
0.129
0.145
0.267
0.369
0.219
0.859
0.44
0.717
0.98
0.706
0.022
0.443
0.357
0.906
0.583
0.081
0.065
0.573
