0.773
0.111
0.333
0.362
0.139
0.696
0.166
0.068
0.579
0.929
0.046
0.087
0.454
0.163
0.545
0.462
0.236
0.545
0.176
0.147
0.82
0.621
0.088
0.348
0.626
0.759
0.916
0.816
0.711
0.562
0.552
0.966
0.12
0.625
0.454
0.964
0.391
0.017
0.702
0.71
0.078
0.354
0.497
0.686
0.336
0.084
0.587
0.828
0.278
0.135
0.829
0.885
0.02
0.925
0.664
0.113
0.284
0.004
0.089
0.756
0.199
0.93
0.833
0.022
0.906
0.73
0.211
0.778
0.267
0.77
0.363
0.724
0.855
0.541
0.747
1.0
0.8
0.039
0.388
0.642
0.58
0.053
0.64
0.742
0.567
0.971
0.934
0.367
0.897
0.502
0.615
0.811
0.018
0.888
0.132
0.631
0.962
0.941
0.878
0.84
0.654
0.581
0.266
0.359
0.571
0.779
0.864
0.493
0.23
0.478
0.224
0.51
0.455
0.073
0.678
0.424
0.88
0.613
0.618
0.325
0.328
0.822
0.114
0.482
0.138
0.843
0.675
0.288
0.473
0.815
0.53
0.885
0.135
0.895
0.984
0.812
999
0.666
0.482
0.79
0.556
0.899
0.127
0.968
0.629
0.128
0.015
0.935
0.054
0.933
0.558
0.741
0.883
0.724
0.332
0.275
0.727
0.329
0.545
0.36
0.265
0.301
0.46
0.371
0.548
0.492
0.349
0.491
0.383
0.867
0.023
0.209
0.581
0.213
0.523
0.49
0.391
0.592
0.069
0.801
0.721
0.877
0.76
0.684
0.256
0.067
0.666
0.061
0.264
0.581
0.385
0.246
0.218
0.237
0.812
0.034
0.753
0.571
0.436
0.476
0.061
0.275
0.117
0.108
0.415
0.375
0.439
0.118
0.427
0.797
0.727
0.905
0.964
0.74
0.548
0.351
0.218
0.542
0.777
0.067
0.81
0.315
0.62
0.815
0.154
0.25
0.988
0.233
0.622
0.174
0.301
0.574
0.841
0.703
0.022
0.274
0.405
0.51
0.139
0.744
0.338
0.36
0.258
0.74
0.738
0.284
0.934
0.941
0.282
0.763
0.111
0.733
0.819
0.323
0.016
0.851
0.879
0.798
0.754
0.108
0.131
0.056
0.958
0.006
0.862
0.42
0.689
0.934
0.188
0.098
0.703
0.638
0.099
0.045
0.315
0.561
0.186
0.76
0.117
0.224
0.323
0.343
0.751
0.925
0.576
0.032
0.331
0.232
0.063
0.858
0.201
0.381
0.288
0.146
0.833
0.272
0.726
0.058
0.216
0.304
0.987
0.035
0.578
0.869
0.834
0.967
0.07
0.451
0.049
0.786
0.463
0.219
0.647
0.499
0.061
0.768
0.098
0.063
0.787
0.746
0.622
0.233
0.54
0.995
0.103
0.046
0.577
0.332
0.892
0.648
0.807
0.158
0.408
0.825
0.553
0.934
0.9
0.636
0.597
0.356
0.046
1.0
0.691
0.58
0.88
0.274
0.076
0.927
0.929
0.708
0.16
0.304
0.257
0.915
0.667
0.998
0.31
0.046
0.503
0.817
0.72
0.302
0.911
0.772
0.969
0.65
0.734
0.552
0.465
0.598
0.963
0.015
0.425
0.444
0.548
0.648
0.412
0.234
0.717
0.076
0.912
0.689
0.0
0.603
0.165
0.444
0.95
0.707
0.266
0.897
0.43
0.377
0.265
0.088
0.892
0.914
0.262
0.087
0.897
0.777
0.578
0.878
0.503
0.688
0.216
0.562
0.561
0.015
0.561
0.608
0.445
0.173
0.423
0.419
0.399
0.41
0.134
0.765
0.284
0.503
0.25
0.218
0.489
0.209
0.225
0.468
0.493
0.327
0.838
0.541
0.376
0.812
0.412
0.802
0.306
0.141
0.573
0.985
0.595
0.03
0.72
0.774
0.089
0.961
0.771
0.446
0.276
0.374
0.541
0.74
0.717
0.256
0.978
0.019
0.049
0.38
0.342
0.575
0.043
0.7
0.313
0.825
0.645
0.606
0.19
0.52
0.087
0.22
0.938
0.736
0.756
0.334
0.319
0.08
0.078
0.597
0.593
0.703
0.391
0.062
0.036
0.772
0.012
0.732
0.575
0.753
0.499
0.12
0.771
0.154
0.423
0.764
0.434
0.525
0.017
0.258
0.979
0.003
0.076
0.737
0.976
0.226
0.545
0.38
0.029
0.9
0.775
0.923
0.727
0.4
0.883
0.987
0.155
0.895
0.965
0.431
0.938
0.243
0.549
0.732
0.908
0.41
0.501
0.39
0.298
0.831
0.831
0.281
0.935
0.356
0.882
0.141
0.689
0.072
0.02
0.947
0.302
0.016
0.2
0.106
0.159
0.863
0.596
0.682
0.134
0.991
0.318
0.764
0.283
0.42
0.306
0.195
0.59
0.347
0.739
0.126
0.423
0.128
0.328
0.078
0.385
0.827
0.296
0.273
0.211
0.403
0.587
0.141
0.072
0.247
0.919
0.437
0.569
0.237
0.657
0.199
0.669
0.072
0.827
0.786
0.53
0.279
0.987
0.906
0.768
0.938
0.601
0.605
0.069
0.529
0.795
0.77
0.307
0.651
0.627
0.585
0.136
0.475
0.686
0.883
0.141
0.728
0.59
0.423
0.843
0.126
0.073
0.663
0.562
0.334
0.764
0.53
0.239
0.891
0.967
0.863
0.903
0.314
0.511
0.17
0.272
0.699
0.244
0.857
0.015
0.795
0.784
0.384
0.769
0.363
0.366
0.893
0.05
0.144
0.484
0.415
0.427
0.572
0.457
0.073
0.714
0.225
0.325
0.295
0.143
0.733
0.926
0.157
0.994
0.961
0.873
0.631
0.903
0.365
0.232
0.131
0.473
0.726
0.94
0.868
0.536
0.909
0.269
0.961
0.466
0.689
0.489
0.167
0.87
0.425
0.784
0.524
0.691
0.91
0.192
0.859
0.949
0.043
0.549
0.652
0.267
0.467
0.617
0.692
0.559
0.08
0.164
0.548
0.077
0.575
0.621
0.71
0.156
0.929
0.975
0.672
0.15
0.807
0.395
0.174
0.143
0.417
0.359
0.268
0.012
0.091
0.795
0.392
0.14
0.636
0.943
0.067
0.412
0.925
0.337
0.631
0.14
0.261
0.172
0.574
0.543
0.649
0.828
0.044
0.688
0.417
0.443
0.386
0.932
0.042
0.224
0.18
0.213
0.782
0.024
0.34
0.21
0.15
0.76
0.41
0.073
0.502
0.098
0.412
0.539
0.912
0.613
0.099
0.523
0.809
0.56
0.437
0.467
0.767
0.285
0.829
0.07
0.259
0.146
0.821
0.955
0.354
0.583
0.824
0.309
0.472
0.568
0.313
0.457
0.942
0.558
0.564
0.776
0.2
0.157
0.008
0.393
0.632
0.165
0.322
0.077
0.716
0.615
999
0.286
0.913
0.469
0.296
0.458
0.11
0.642
0.464
0.434
0.735
0.115
0.715
0.964
0.144
0.1
0.38
0.021
0.498
0.185
0.02
0.443
0.14
0.739
0.099
0.77
0.633
0.153
0.528
0.726
0.429
0.85
0.384
0.627
0.612
0.733
0.767
0.001
0.345
0.755
0.737
0.27
0.886
0.289
0.661
0.097
0.708
0.39
0.379
0.203
0.357
0.211
0.836
0.535
0.862
0.332
0.837
0.516
0.165
0.102
0.984
0.827
0.756
0.597
0.885
0.62
0.894
0.018
0.99
0.333
0.54
0.901
0.669
0.601
0.399
0.326
0.257
0.457
0.187
0.873
0.851
0.066
0.456
0.683
0.737
0.96
0.966
0.096
0.221
0.086
0.204
0.084
0.799
0.315
0.927
0.2
0.131
0.613
0.447
0.339
0.591
0.148
0.362
0.487
0.975
0.139
0.81
0.7
0.531
0.269
0.178
0.483
0.872
0.587
0.642
999
0.916
0.372
0.243
0.082
0.254
0.373
0.839
0.269
0.091
0.111
0.396
0.6
0.465
0.583
0.826
0.016
0.536
0.421
0.472
0.128
0.264
0.7
0.555
0.015
0.685
0.103
0.238
0.497
0.794
0.215
0.643
0.962
0.995
0.087
0.889
0.777
0.028
0.002
0.609
0.157
0.897
0.297
0.461
0.504
0.517
0.394
0.692
0.885
0.05
0.237
0.439
0.1
0.13
0.066
0.635
0.224
0.111
0.08
0.326
0.421
0.158
0.187
0.764
0.603
0.857
0.53
0.445
0.134
0.79
0.385
0.962
0.319
0.677
0.74
0.615
0.511
0.014
0.777
0.363
0.289
0.242
0.945
0.462
0.47
0.196
0.441
0.365
0.032
0.692
0.265
0.924
0.55
0.263
0.657
0.336
0.339
0.134
0.095
0.492
0.546
0.813
