0.388
0.354
0.932
0.062
0.426
0.711
0.06
0.441
0.037
0.517
0.233
0.861
0.08
0.524
0.923
0.073
0.479
0.146
0.155
0.718
0.575
0.654
0.612
0.618
0.754
0.442
0.881
0.249
0.119
0.717
0.407
0.255
0.207
0.881
0.517
0.379
0.768
0.973
0.352
0.907
0.263
0.853
0.708
0.15
0.242
0.277
0.974
0.525
0.717
0.03
0.896
0.373
0.416
0.096
0.264
0.839
0.735
0.682
0.423
0.667
0.629
0.934
0.422
0.922
0.447
0.592
0.518
0.263
0.339
0.798
0.67
0.245
0.568
0.49
0.709
0.474
0.783
0.746
0.78
0.072
0.224
0.198
0.318
0.679
0.674
0.675
0.65
0.394
0.029
0.304
0.715
0.855
0.218
0.874
0.449
0.243
0.992
0.862
0.623
0.942
0.994
0.961
0.801
0.605
0.992
0.71
0.324
0.024
0.419
0.75
0.063
0.292
0.097
0.473
0.71
0.302
0.427
0.473
0.171
0.751
0.282
0.767
0.87
0.183
0.788
0.013
0.741
0.438
0.465
0.786
0.055
0.753
0.053
0.046
0.611
0.119
0.446
0.451
0.227
0.639
0.507
0.927
0.431
0.334
0.183
0.073
0.399
0.005
0.264
0.917
0.914
0.079
0.289
0.388
0.43
0.241
0.076
0.242
0.054
0.082
0.523
0.837
0.826
0.617
0.242
0.517
0.885
0.692
0.704
0.244
0.406
0.121
0.269
0.951
0.527
0.893
0.952
0.525
0.046
0.233
0.454
0.981
0.828
0.784
0.813
0.218
0.57
0.406
0.277
0.185
0.799
0.414
0.119
0.763
0.083
0.059
0.63
0.521
0.164
0.037
