0.399
0.385
0.046
0.356
0.42
0.465
0.273
0.564
0.196
0.17
0.765
0.14
0.088
0.93
0.439
0.682
0.82
0.84
0.629
0.688
0.822
0.625
0.898
0.614
0.727
0.576
0.08
0.016
0.731
0.417
0.113
0.595
0.02
0.024
0.876
0.164
0.439
0.104
0.328
0.546
0.933
0.967
0.37
0.399
0.592
0.375
0.491
0.758
0.748
0.134
0.111
0.99
0.532
0.673
0.193
0.052
0.923
0.465
0.05
0.314
0.323
0.922
0.991
0.338
0.307
0.034
0.526
0.616
0.164
0.041
0.644
0.065
0.077
0.716
0.712
0.143
0.232
0.064
0.582
0.328
0.424
0.064
0.875
0.116
0.659
0.762
0.003
0.264
0.103
0.363
0.412
0.601
0.341
0.011
0.983
0.831
0.644
0.872
0.481
0.145
0.023
0.588
0.263
0.145
0.233
0.669
0.36
0.921
0.514
0.581
0.404
0.849
0.673
0.776
0.736
0.049
0.714
0.863
0.989
0.16
0.852
0.21
0.744
0.055
0.024
0.181
0.849
0.209
0.333
0.577
0.336
0.696
0.769
0.29
0.059
0.17
0.501
0.016
0.897
0.718
0.379
0.839
0.802
0.958
0.817
0.155
0.808
0.914
0.87
0.963
0.53
0.504
0.398
0.401
0.072
0.18
0.479
0.822
0.8
0.372
0.788
0.074
0.202
0.201
0.292
0.094
0.358
0.052
0.995
0.997
0.279
0.418
0.154
0.021
0.333
0.098
0.029
0.754
0.492
0.374
0.097
0.745
0.895
0.691
0.92
0.751
0.69
0.857
0.168
0.958
0.748
0.878
0.456
0.166
0.563
0.072
0.745
0.856
0.83
0.886
