0.207
0.445
0.916
0.09
0.581
0.881
0.843
0.162
0.907
0.482
0.938
0.378
0.92
0.523
0.46
0.31
0.576
0.981
0.998
0.446
0.286
0.38
0.205
0.501
0.628
0.174
0.158
0.416
0.155
0.293
0.801
0.4
0.99
0.16
0.759
0.926
0.189
0.963
0.519
0.648
0.703
0.1
0.455
0.354
0.401
0.65
0.441
0.337
0.8
0.614
0.763
0.387
0.387
0.448
999
0.308
0.221
0.363
0.17
0.091
0.414
0.86
0.902
0.92
0.099
0.212
0.778
0.419
0.059
0.253
0.629
0.575
0.83
0.825
0.691
0.598
0.615
0.039
0.657
0.528
0.63
0.37
0.433
0.86
0.681
0.001
0.931
0.503
0.127
0.025
0.55
0.847
0.61
0.078
0.755
0.649
0.239
0.81
0.714
0.201
0.223
0.21
0.675
0.9
0.71
0.901
0.265
0.322
0.905
0.673
0.958
0.731
0.23
0.952
0.205
0.322
0.569
0.474
0.661
0.344
0.921
0.08
0.422
0.302
0.917
0.92
0.092
0.414
0.729
0.647
0.036
0.201
0.411
0.813
0.371
0.507
0.847
0.939
0.597
0.12
0.101
0.407
0.938
0.787
0.914
0.127
0.24
0.414
0.572
0.029
0.689
0.704
0.883
0.784
0.864
0.402
0.914
0.991
0.263
0.435
0.011
0.665
0.25
999
0.962
0.223
0.468
0.051
0.957
0.847
0.124
0.323
0.482
0.788
0.626
0.24
0.107
0.226
0.101
0.279
0.956
0.847
0.474
0.315
0.224
0.998
0.311
0.983
0.57
0.363
0.872
0.59
0.606
0.207
0.865
0.576
0.56
0.132
0.489
0.485
0.032
0.732
0.126
0.722
0.584
0.429
0.278
0.053
0.649
0.331
0.101
0.871
0.842
0.601
0.336
0.055
0.369
0.724
0.64
0.17
0.884
0.302
0.502
0.519
0.901
0.74
0.557
0.347
0.145
0.779
0.15
0.672
0.216
0.784
0.284
0.38
0.272
0.443
0.54
0.003
0.428
0.022
0.104
0.019
0.008
0.827
0.131
0.322
0.927
0.126
0.195
0.683
0.337
0.558
0.15
0.292
0.755
0.427
0.345
0.748
0.235
0.879
0.86
0.808
0.041
0.772
0.369
0.953
0.784
0.998
0.819
0.577
0.477
0.576
0.621
0.114
0.06
0.679
0.628
0.557
0.933
0.514
0.979
0.39
0.4
0.399
0.684
0.914
0.554
0.696
0.161
0.198
0.698
0.926
0.577
0.217
1.0
0.958
0.211
0.922
0.64
0.445
0.597
0.648
0.537
0.354
0.871
0.866
0.438
0.334
0.486
0.431
0.021
0.263
0.877
0.686
0.672
0.761
0.379
0.96
0.894
0.804
0.263
0.736
0.497
0.101
0.484
0.469
0.111
0.055
0.622
0.86
0.879
0.996
0.692
0.075
0.018
0.787
0.474
0.109
0.605
0.123
0.491
0.429
0.697
0.693
0.055
0.989
0.494
0.413
0.275
0.2
0.418
0.612
0.155
0.303
0.595
0.601
0.252
0.398
0.409
0.729
0.926
0.084
0.03
0.148
0.642
0.575
0.545
0.614
0.926
0.043
0.356
0.641
0.971
0.425
0.968
0.149
0.201
0.883
0.425
0.807
0.915
0.257
0.904
0.236
0.289
0.116
0.594
0.177
0.996
0.692
0.521
0.974
0.783
0.939
0.32
0.131
0.638
0.605
0.622
0.904
0.457
0.016
0.703
0.211
0.281
0.669
0.008
0.162
0.644
0.348
0.181
0.361
0.278
0.446
0.782
0.379
0.98
0.835
0.255
0.457
0.557
0.942
0.268
0.522
0.297
0.16
0.856
0.697
0.696
0.032
0.113
0.726
0.504
0.738
0.23
0.193
0.104
0.882
0.089
0.502
0.898
0.533
999
0.491
0.113
0.71
0.103
0.08
0.207
0.912
999
0.44
0.138
0.489
0.697
0.626
0.849
0.182
0.773
0.825
0.423
0.465
0.518
0.268
0.095
0.41
0.894
0.907
0.867
0.932
0.686
0.153
0.903
0.749
0.919
0.994
0.946
0.252
0.48
0.241
0.062
0.995
0.476
0.985
0.19
0.2
0.883
999
0.191
0.743
0.222
0.12
0.884
0.951
0.121
0.254
0.386
0.879
0.293
0.716
0.347
0.739
0.425
0.249
0.643
0.788
0.789
0.774
0.893
0.277
0.063
0.034
0.662
0.61
0.447
0.956
0.447
0.85
0.992
0.677
0.71
0.707
0.561
0.78
0.549
0.684
0.571
0.659
0.431
0.194
0.039
0.686
0.822
0.079
0.178
0.657
0.738
0.568
0.797
0.842
0.829
0.157
0.953
0.908
0.206
0.878
0.189
0.998
0.915
0.635
0.091
0.367
0.204
0.088
0.031
0.585
0.697
0.874
0.559
0.896
0.314
0.966
0.851
0.532
0.194
0.254
0.103
0.213
0.835
0.744
0.879
0.97
0.037
0.247
0.399
0.616
0.938
0.571
0.432
0.045
0.261
0.946
0.68
0.273
0.403
0.414
0.717
0.279
0.533
0.036
0.168
0.894
0.009
0.932
0.461
0.843
0.609
0.131
0.976
0.173
0.814
0.733
0.056
0.906
0.305
0.107
0.918
0.084
0.454
0.17
0.587
0.465
0.826
999
0.987
0.495
0.248
0.43
0.112
0.686
0.062
0.133
0.753
0.497
0.557
0.728
0.33
0.011
0.106
0.665
0.057
0.224
0.727
0.03
0.055
0.345
0.492
0.645
0.826
0.12
0.522
0.167
0.838
0.557
0.781
0.173
0.957
0.311
0.479
0.46
0.328
0.954
0.406
0.581
0.651
0.105
0.05
0.787
0.263
0.068
0.036
0.432
0.794
0.776
0.193
0.034
0.696
0.662
0.013
0.446
0.931
0.406
0.082
0.153
0.268
0.684
0.775
0.652
0.389
0.088
0.762
0.479
0.659
0.915
0.49
0.227
0.89
0.407
0.141
0.662
0.393
0.352
0.398
0.483
0.699
0.391
0.731
0.558
0.835
0.998
0.953
0.674
0.829
0.803
0.059
0.856
0.358
0.83
0.263
0.372
0.198
0.82
0.19
0.487
0.018
0.647
0.417
0.787
0.562
0.877
0.392
0.023
0.785
0.178
0.168
0.125
0.104
0.385
0.797
0.664
0.203
0.753
0.018
0.875
0.623
0.853
0.404
0.542
0.099
0.497
0.127
0.928
0.063
0.183
0.656
0.566
0.656
0.212
0.506
0.781
0.48
0.713
0.122
0.869
0.786
0.9
0.251
0.939
0.27
0.612
0.907
0.982
0.304
0.301
0.062
0.998
0.115
0.677
0.106
0.644
0.587
0.967
0.128
0.161
0.078
0.634
0.85
0.668
0.222
0.533
0.348
0.029
0.599
0.324
0.622
0.165
0.614
0.995
0.14
0.686
0.297
0.024
0.218
0.908
0.925
0.692
0.742
0.2
0.7
0.343
0.292
0.053
0.233
0.539
0.496
0.586
0.63
0.199
0.031
0.207
0.977
0.798
0.033
0.041
0.394
0.215
0.452
0.271
0.004
0.654
0.43
0.973
0.347
0.653
0.545
0.836
0.41
0.246
0.136
0.533
0.37
0.168
0.136
0.932
0.606
0.121
0.238
0.863
0.192
0.903
0.384
0.226
0.026
0.724
0.415
0.898
0.161
0.532
0.044
0.21
0.697
0.88
0.322
0.831
0.809
0.01
0.251
0.822
0.649
0.552
0.402
0.551
0.169
0.245
0.818
0.533
0.61
0.618
0.852
0.214
0.613
0.116
0.473
0.961
0.257
0.035
1.0
0.022
0.191
0.736
0.665
0.422
0.031
0.832
0.998
0.824
0.722
0.131
0.612
0.999
0.256
0.692
0.911
0.396
0.712
0.321
0.926
0.639
0.92
0.348
0.507
0.136
0.519
0.387
0.132
0.41
0.474
0.903
0.581
0.096
0.835
0.654
0.032
0.473
0.082
0.048
0.017
0.844
0.298
0.496
0.257
0.187
0.002
0.339
0.591
0.05
0.049
0.883
0.156
0.429
0.892
0.251
0.095
0.956
0.334
0.645
0.936
0.467
0.926
0.839
0.517
0.511
0.615
0.142
0.431
0.984
0.284
0.971
0.066
0.697
0.568
0.142
0.18
0.241
0.162
0.658
0.906
0.693
0.358
0.966
0.609
0.619
0.428
0.61
0.572
0.87
0.609
0.088
0.631
0.015
0.581
0.245
0.923
0.305
0.41
0.277
0.317
0.763
0.257
0.286
0.521
0.174
0.264
0.216
0.435
0.922
0.422
0.216
0.855
0.494
0.985
0.962
0.888
0.764
0.541
0.228
0.274
0.252
