0.083
0.491
0.899
0.722
0.449
0.058
999
0.59
0.322
0.73
0.317
0.931
0.63
0.028
0.926
0.004
0.052
0.586
0.817
999
0.651
0.275
0.101
0.892
0.082
0.473
0.215
0.452
0.309
0.157
0.779
0.464
0.179
0.091
0.979
0.696
0.249
0.852
0.013
0.978
0.689
0.715
0.937
0.65
0.83
0.638
0.522
0.696
0.459
0.436
0.925
0.384
0.001
0.708
0.82
0.257
0.898
0.605
0.14
0.197
0.937
0.638
0.084
0.795
0.981
0.053
0.636
0.517
0.415
0.885
0.614
0.192
0.883
0.697
0.306
0.853
0.758
0.467
0.292
0.028
0.22
0.876
0.782
0.706
0.662
0.846
0.27
0.561
0.13
0.141
0.602
0.155
0.406
0.591
0.244
0.976
0.882
0.975
0.934
0.471
0.478
0.423
0.744
0.053
0.286
0.732
0.139
0.801
0.048
0.067
0.321
0.662
0.201
0.003
0.1
0.88
0.714
0.316
0.042
0.465
0.91
0.722
0.157
0.518
0.846
0.37
0.706
0.276
0.101
0.877
0.141
0.497
0.555
0.278
0.945
0.81
0.969
0.918
0.719
0.373
0.097
0.958
0.299
0.186
0.896
0.366
0.816
0.763
0.215
0.247
0.695
0.538
0.486
0.986
0.981
0.759
0.446
0.449
0.684
0.443
0.161
0.064
0.244
0.071
0.946
0.38
0.92
0.666
0.347
0.036
0.426
0.605
0.595
0.33
0.033
0.859
0.931
0.465
0.192
0.85
0.029
0.263
0.349
0.969
0.39
0.795
0.059
0.326
0.48
0.269
0.039
0.388
0.642
0.384
0.373
0.454
0.354
0.445
0.416
0.193
0.932
0.788
0.097
0.87
0.047
0.751
0.843
0.154
0.618
0.95
0.499
0.318
0.326
0.367
0.774
0.811
0.212
0.204
0.47
0.486
0.516
0.148
0.331
0.56
0.591
0.111
0.663
0.087
0.547
0.045
0.533
0.488
0.685
0.352
0.844
0.47
0.363
0.476
0.688
0.8
0.904
0.555
0.457
0.235
0.75
0.543
0.226
0.31
0.038
0.146
0.297
0.782
0.82
0.865
0.008
0.19
0.76
0.262
0.045
0.255
0.124
0.712
0.933
0.773
0.775
0.858
0.453
0.015
0.205
0.414
0.449
0.665
0.605
0.725
0.726
0.454
0.161
0.167
0.254
0.083
0.147
0.192
0.428
0.295
0.732
0.921
0.245
0.63
0.403
0.479
0.009
0.153
0.775
0.762
0.672
0.539
0.049
0.509
0.152
0.24
0.406
0.648
0.354
0.483
0.096
0.343
0.376
0.059
0.143
0.2
0.346
0.387
0.434
0.946
0.789
0.669
0.232
0.458
0.039
0.503
0.273
0.832
0.67
0.815
0.81
0.58
0.928
0.733
0.154
0.705
0.594
0.746
0.479
0.186
0.626
0.109
0.993
0.474
0.792
0.09
0.751
0.621
0.39
0.851
0.321
0.277
0.35
0.285
0.39
0.562
0.778
0.557
0.97
0.792
0.288
0.333
0.992
0.116
0.599
0.07
0.796
0.159
0.653
0.151
0.179
0.609
0.706
0.399
0.853
0.002
0.027
999
0.331
0.675
0.159
0.208
0.225
0.362
0.163
0.678
0.123
0.808
0.677
0.425
0.142
0.219
0.879
0.2
999
0.277
0.884
0.094
0.09
0.265
0.017
0.638
0.608
0.557
0.771
0.224
0.449
0.635
0.792
0.672
0.61
0.245
0.164
0.632
0.923
0.229
999
0.216
0.108
0.204
0.445
0.857
0.307
0.219
0.328
0.122
0.837
0.043
0.207
0.965
0.552
0.196
0.328
0.283
0.924
0.195
0.113
0.241
0.463
0.111
0.7
0.658
0.532
0.027
0.773
0.519
0.305
0.606
0.988
0.829
0.796
0.811
0.549
0.485
0.635
0.272
0.352
999
0.658
0.376
0.971
0.524
0.791
0.577
0.367
0.131
0.718
0.997
0.417
0.167
0.975
0.96
0.267
0.077
0.476
0.461
0.761
0.991
0.102
0.144
0.511
0.949
999
0.152
0.724
0.199
0.512
0.553
0.515
0.319
0.008
0.432
0.883
0.268
0.937
0.511
0.053
0.668
0.566
0.837
0.412
0.747
0.54
0.282
0.702
0.415
0.441
0.978
0.635
0.281
0.412
0.368
0.146
0.672
0.843
0.819
0.189
0.285
0.481
0.313
0.016
0.719
0.147
0.826
0.794
0.995
0.423
0.092
0.209
0.497
0.744
0.552
0.703
0.489
0.973
0.851
0.22
0.119
0.487
0.414
0.538
0.792
0.737
0.869
0.746
0.941
0.526
0.647
0.697
0.375
0.46
0.343
0.252
0.656
0.193
0.979
0.675
0.878
0.224
0.64
0.857
0.245
0.795
0.93
0.541
0.693
0.423
0.91
0.639
0.531
0.132
0.378
0.875
0.59
0.857
0.863
0.62
0.846
0.466
0.779
0.067
0.055
0.655
0.193
0.724
0.786
0.611
0.891
0.612
0.302
0.873
0.3
0.819
0.126
0.817
0.778
0.361
0.334
0.502
0.304
0.027
0.033
0.682
0.967
0.908
0.977
0.642
0.426
0.44
0.474
0.218
0.205
0.647
0.613
0.208
0.905
0.307
0.296
0.138
0.654
0.266
0.856
0.696
0.217
0.373
0.915
0.013
0.845
0.846
0.239
0.312
0.265
0.173
0.101
0.227
0.854
0.265
0.071
0.054
0.383
0.643
0.876
0.313
0.317
0.679
0.168
0.57
0.014
0.851
0.632
0.209
0.819
0.852
0.416
0.97
0.53
0.838
0.053
0.459
0.048
0.554
0.309
0.694
0.167
0.128
0.05
0.504
0.881
0.264
0.2
0.675
0.25
0.015
0.125
0.016
0.445
0.833
0.267
0.256
0.619
0.133
0.792
0.771
0.357
0.071
0.112
0.227
0.297
0.369
0.516
0.334
0.739
0.781
0.73
0.67
0.287
0.828
0.844
0.659
0.137
0.963
0.37
0.643
0.448
0.472
0.09
0.613
0.297
0.075
0.525
0.159
0.273
0.709
0.382
0.261
0.971
0.119
0.676
0.786
0.993
0.906
0.48
0.614
0.135
0.479
0.547
0.844
0.597
0.012
0.559
0.531
0.272
0.822
0.289
1.0
0.819
0.293
0.729
0.512
0.889
0.609
0.089
0.108
0.394
0.901
0.961
0.965
0.999
0.085
0.424
0.726
0.254
0.785
0.82
999
0.845
0.064
0.099
0.228
0.919
0.34
0.711
0.538
0.557
0.578
0.694
0.549
0.724
0.327
0.193
0.166
0.558
0.263
0.44
0.51
0.625
0.371
0.875
0.15
0.996
0.39
0.339
0.867
0.651
0.576
0.557
0.9
0.346
0.302
0.702
0.222
0.413
0.039
0.22
0.251
0.777
0.696
0.25
0.196
0.73
0.675
0.431
0.225
0.142
0.552
0.686
0.858
0.279
0.954
0.967
0.066
0.839
0.514
0.744
0.647
0.805
0.348
0.39
0.954
0.208
0.225
0.031
0.59
0.393
0.881
0.937
0.959
0.218
0.964
0.295
0.881
0.957
0.528
0.063
0.111
0.059
0.228
0.874
0.728
0.092
0.735
0.064
0.923
0.582
0.107
0.532
0.98
0.153
0.131
0.11
0.72
0.81
0.418
0.782
0.7
0.904
0.087
0.479
0.512
0.772
0.382
0.826
0.597
0.606
0.123
0.618
0.639
0.304
0.133
0.274
0.544
0.301
0.389
0.528
0.468
0.46
0.587
0.112
0.241
0.76
0.642
0.12
0.538
0.792
0.394
0.711
0.545
0.039
0.281
0.845
0.599
0.998
0.954
0.049
0.01
0.019
0.64
0.31
0.149
0.0
0.393
0.896
0.829
0.537
0.362
0.502
0.641
0.318
0.027
0.327
0.645
0.034
0.437
0.84
0.783
0.974
0.409
0.133
0.005
0.206
0.261
0.646
0.504
0.982
0.555
0.211
0.453
0.247
0.653
0.495
0.016
0.082
0.966
0.197
0.626
0.982
0.25
0.745
0.394
0.912
0.543
0.924
0.185
0.931
0.493
0.093
0.807
0.163
0.957
0.598
0.842
0.135
0.203
0.431
0.329
0.437
0.495
0.464
0.926
0.799
0.864
0.887
0.694
0.841
0.167
0.075
0.571
0.517
0.253
0.971
0.779
0.585
0.958
0.747
0.332
0.056
0.491
0.558
0.148
0.21
0.257
0.422
0.276
0.629
0.101
0.178
0.759
0.524
0.702
0.836
0.155
0.604
0.163
0.893
0.876
0.614
0.803
0.467
0.527
0.775
0.662
0.174
0.638
0.979
0.664
0.798
