0.333
0.844
0.169
0.018
0.993
0.308
0.41
0.295
0.182
0.81
0.774
0.571
0.68
0.125
0.38
0.643
0.09
0.193
0.641
0.621
0.085
0.445
0.131
0.917
0.588
0.456
0.645
0.568
0.823
0.508
0.171
0.91
0.579
0.679
0.733
0.356
0.518
0.787
0.575
0.634
0.579
0.174
0.988
0.222
999
0.563
0.568
0.915
0.75
0.215
0.436
0.146
0.292
0.553
0.177
0.382
0.473
0.767
0.813
0.445
0.142
0.718
0.821
0.903
0.005
0.325
0.231
0.319
0.659
0.177
0.107
0.457
0.495
0.578
0.518
0.47
0.295
0.308
0.817
0.954
0.295
0.676
0.12
0.914
0.8
0.585
0.026
0.04
0.129
0.725
0.683
0.24
0.566
0.791
999
0.69
0.384
0.446
0.02
0.419
0.907
0.224
0.969
0.013
0.286
0.685
0.754
0.422
0.198
0.654
0.396
0.457
0.464
0.002
0.758
0.138
0.764
0.881
0.683
0.169
0.585
0.919
0.358
0.37
0.392
0.717
999
0.338
0.406
0.415
0.332
0.814
0.824
0.59
0.766
0.91
0.927
0.065
0.993
0.511
0.971
0.489
0.094
0.767
0.029
0.972
0.511
0.52
0.63
0.917
0.991
0.171
0.142
0.097
0.703
0.73
0.593
0.783
0.367
0.838
0.666
0.246
0.031
0.876
0.698
0.433
0.821
0.739
0.923
0.344
0.939
0.138
0.563
0.913
0.973
0.378
0.748
0.768
0.212
999
0.608
0.549
0.918
0.452
0.28
0.586
0.754
0.335
0.591
0.564
0.144
0.947
0.629
0.147
0.653
0.113
0.907
0.9
0.335
0.978
0.307
0.436
0.004
0.628
0.822
0.526
0.936
0.453
0.27
0.728
0.071
0.292
0.426
0.904
0.456
0.604
0.798
0.826
0.021
0.762
0.178
999
0.314
0.481
0.971
0.344
0.941
0.158
0.477
0.894
0.551
0.344
0.202
0.261
0.825
0.213
0.278
0.821
0.839
0.38
0.757
0.956
0.775
0.905
0.061
0.974
0.572
0.264
0.229
0.738
0.709
0.065
0.661
0.401
0.703
0.003
0.544
0.116
0.311
0.555
0.753
0.577
0.957
0.31
0.961
0.752
0.972
0.095
0.832
0.148
0.186
0.307
0.517
0.617
0.574
0.137
0.243
0.406
0.737
0.177
0.895
0.825
0.04
0.597
0.186
0.634
0.583
0.206
0.228
0.494
0.422
0.597
0.316
0.925
0.094
0.65
0.486
0.833
0.897
0.759
0.829
0.504
0.884
0.176
0.004
0.766
0.86
0.105
0.864
0.53
0.877
0.932
0.134
0.764
0.926
0.021
0.811
0.923
0.608
0.604
0.049
0.092
0.783
0.482
0.513
0.827
0.311
0.173
0.932
0.432
0.609
0.575
0.954
0.131
0.991
0.538
0.634
0.859
0.268
0.535
0.119
0.174
0.913
0.395
0.497
0.19
0.86
0.141
0.641
0.753
0.214
0.812
0.164
0.276
0.647
0.217
0.123
0.677
0.409
0.298
0.798
0.804
0.08
0.324
0.266
0.562
0.215
0.57
0.347
0.125
0.18
0.552
0.017
0.695
0.733
0.595
0.285
0.273
0.578
0.968
0.634
0.684
0.991
0.182
0.924
0.147
0.374
0.318
0.179
0.775
0.56
0.541
0.841
0.566
0.798
0.95
0.418
0.403
0.588
0.49
0.699
0.444
0.331
0.076
0.005
0.535
0.934
0.263
0.505
0.086
0.4
0.772
0.214
0.384
0.878
0.627
0.404
0.073
0.23
0.247
0.057
0.012
0.465
0.884
0.064
0.869
0.486
0.777
0.539
0.899
0.687
0.181
0.055
0.669
0.072
0.239
0.297
0.343
0.208
0.964
0.852
0.17
0.442
0.017
0.935
0.332
0.073
0.718
0.648
0.807
0.199
0.782
0.785
0.65
0.433
0.498
0.039
0.974
0.411
0.305
0.999
0.064
0.932
0.636
0.054
0.123
0.721
0.689
0.481
0.841
0.49
0.066
0.587
0.718
0.269
0.372
0.254
0.951
0.498
0.492
0.913
0.702
0.071
0.096
0.008
0.813
0.694
0.97
0.927
0.523
0.847
0.358
0.646
0.448
0.693
0.736
0.401
0.867
0.094
0.798
0.395
0.415
0.323
0.483
0.336
0.841
0.695
0.956
0.41
0.721
0.72
0.991
0.722
0.77
0.429
0.105
0.17
0.03
0.551
0.855
0.158
0.729
0.497
0.364
0.842
0.471
0.009
0.564
0.432
0.672
0.202
0.624
0.847
0.969
0.764
0.27
0.526
0.202
0.175
0.053
0.28
0.576
0.218
0.79
0.859
0.198
999
0.878
0.516
0.396
0.153
0.4
0.385
0.912
0.692
0.902
0.98
0.693
0.475
0.304
0.604
0.077
0.986
0.021
0.741
0.894
0.799
0.09
0.999
0.325
0.807
0.64
0.362
0.061
0.424
0.218
0.193
0.365
0.356
0.072
0.115
0.357
0.141
0.11
0.932
0.277
0.474
0.683
0.907
0.483
0.035
0.987
0.157
0.624
0.463
0.461
0.916
0.73
0.923
0.267
0.026
0.193
0.401
0.495
0.525
0.621
0.872
0.614
0.031
0.585
0.238
0.478
0.409
0.347
0.741
0.1
0.466
0.373
0.502
0.329
0.015
0.511
0.398
0.461
0.45
0.071
0.384
0.696
0.931
0.865
0.226
0.646
0.306
0.047
0.158
0.479
0.629
0.161
0.963
0.91
0.738
0.218
0.193
0.142
0.381
0.097
0.034
0.365
0.083
0.395
0.769
0.834
0.731
0.213
0.046
0.951
0.164
0.382
0.436
0.397
0.366
0.228
0.359
0.038
0.931
0.772
0.252
0.72
0.003
0.363
0.174
0.722
0.52
0.425
0.195
0.578
0.181
0.979
0.718
0.914
0.293
0.151
0.727
0.897
0.271
0.722
0.408
0.991
0.903
0.405
0.194
0.812
0.238
0.119
0.632
0.648
0.679
0.177
0.776
0.656
0.169
0.852
0.754
0.897
0.344
0.091
0.636
0.008
0.148
0.042
0.683
0.581
0.172
0.57
0.581
0.258
0.421
0.512
0.316
0.852
0.823
0.302
0.693
0.773
0.331
0.664
0.575
0.336
0.759
0.321
0.187
0.965
0.423
0.015
0.438
0.263
0.34
0.313
0.56
0.741
0.501
0.733
0.363
0.87
0.796
0.581
0.359
0.205
0.025
0.055
0.687
0.95
0.376
0.859
0.772
0.958
0.406
0.79
0.155
0.495
0.146
0.318
0.473
0.798
0.197
0.293
0.255
0.377
0.356
0.762
0.116
0.711
0.748
0.782
0.081
0.642
0.039
0.783
0.702
0.264
0.65
0.668
0.96
0.365
0.527
0.518
0.997
0.83
0.947
0.527
0.412
0.334
0.062
0.666
0.562
0.612
0.462
0.813
0.706
0.067
0.639
0.766
0.061
0.629
0.076
0.457
0.534
0.963
0.93
0.506
0.247
0.355
0.365
0.262
0.124
0.762
0.328
0.832
0.052
0.377
0.591
0.502
0.688
0.155
0.836
0.058
0.15
0.352
0.166
0.017
0.986
0.946
0.846
0.508
0.025
0.736
0.195
0.076
0.122
0.213
0.253
0.739
0.9
0.189
999
0.22
0.337
0.706
0.052
0.48
0.68
0.398
0.221
0.125
0.828
0.593
0.662
0.89
0.746
0.974
0.805
0.387
0.58
0.737
0.354
0.474
0.419
0.265
0.443
0.595
0.041
0.209
0.618
0.24
0.249
0.956
0.446
0.409
0.923
0.868
0.123
0.969
0.752
0.563
0.806
0.096
0.767
0.394
0.285
0.892
0.837
0.199
0.729
0.908
0.045
0.379
0.775
0.218
0.845
0.95
999
0.541
0.193
0.863
0.807
0.873
0.461
0.77
0.056
0.377
0.161
0.743
0.233
0.028
0.166
0.132
0.166
0.744
0.315
0.082
0.342
0.933
0.763
0.527
0.476
0.024
0.316
0.263
0.686
0.755
0.729
0.04
0.866
0.456
0.018
0.682
999
0.272
0.015
0.02
0.891
0.222
0.586
0.123
0.14
0.061
0.016
0.444
0.959
0.275
0.127
0.757
0.995
0.714
0.684
0.822
0.615
0.839
0.551
0.001
0.659
0.809
0.146
0.972
0.737
0.734
0.857
0.858
0.696
0.489
0.119
0.168
0.344
0.541
0.973
0.461
0.638
0.387
0.82
0.579
0.358
0.247
0.061
0.022
0.479
0.178
0.869
0.212
0.679
0.429
0.108
0.895
0.881
0.537
0.417
0.178
0.673
0.123
0.795
0.427
