0.642
0.016
0.4
0.023
0.95
0.342
0.203
0.418
0.353
0.499
0.488
0.192
0.314
0.85
0.269
0.453
0.987
0.354
0.892
0.633
0.681
0.857
0.781
0.972
0.117
0.788
0.744
0.794
0.86
0.113
0.917
0.308
0.737
0.957
0.182
0.461
0.953
0.293
0.179
0.418
0.572
0.488
0.913
0.402
0.886
0.201
0.845
0.535
0.071
0.856
0.705
0.307
0.019
0.11
0.154
0.368
0.194
0.554
0.667
0.325
0.22
0.264
0.262
0.63
0.788
0.41
0.905
0.656
0.308
0.965
0.731
0.494
0.456
0.459
0.967
0.694
0.758
0.987
0.101
0.587
0.004
0.735
0.959
0.374
0.079
0.937
0.117
0.03
0.666
0.13
0.302
0.863
0.019
0.466
0.23
0.608
0.47
0.724
0.939
0.344
0.802
0.736
0.628
0.246
0.113
0.499
0.341
0.418
0.663
0.821
0.364
0.236
0.066
0.378
0.025
0.096
0.152
0.658
0.191
0.093
0.418
0.614
0.851
0.141
0.258
0.257
0.424
0.968
0.665
0.922
0.152
0.861
0.732
0.361
0.736
0.073
0.32
0.92
0.43
0.447
0.655
0.043
0.249
0.506
0.013
0.014
0.646
0.2
0.344
0.509
0.298
0.996
0.159
0.692
0.61
0.714
0.888
0.794
0.075
0.998
0.559
0.843
ERROR
0.237
0.614
0.6
ERROR
0.002
0.353
0.632
0.089
0.508
0.285
0.542
0.907
0.009
0.402
0.45
0.06
0.819
0.648
0.749
0.566
0.933
0.298
0.903
0.234
0.689
0.055
0.631
0.559
0.417
0.57
0.357
0.882
0.391
0.905
0.913
0.732
0.922
