0.718
0.226
0.953
0.73
0.509
0.884
0.986
0.653
0.275
0.224
0.875
0.977
0.415
0.885
0.865
0.06
0.778
0.548
0.665
0.862
0.199
0.234
0.182
0.368
0.754
0.252
0.782
0.954
0.369
0.404
0.33
0.075
0.086
0.62
0.852
0.233
0.907
0.278
0.338
0.226
0.97
0.464
0.92
0.667
0.069
0.952
0.404
0.64
0.006
0.745
0.21
0.481
0.127
0.539
0.157
0.395
0.713
0.254
0.781
0.06
0.92
0.549
0.856
0.909
0.435
0.505
0.809
0.938
0.365
0.978
0.101
0.708
0.656
0.105
0.682
0.737
0.88
0.472
0.581
0.307
0.616
0.428
0.602
0.321
0.703
0.572
0.617
0.066
0.999
0.57
0.811
0.841
0.437
0.943
0.433
0.735
0.695
0.745
0.092
0.814
0.704
0.975
0.28
0.07
0.61
0.226
0.052
0.14
0.271
0.442
0.051
0.603
0.008
0.363
0.867
0.284
0.292
0.685
0.483
0.007
0.656
0.718
0.581
0.613
0.706
0.101
0.697
0.78
0.052
0.464
0.565
0.316
0.444
0.578
0.561
0.051
0.043
0.505
0.521
0.806
0.224
0.459
0.898
0.402
0.791
0.359
0.587
0.335
0.22
0.9
0.41
0.145
ERROR
0.899
0.69
0.112
0.454
0.999
0.676
0.373
0.456
0.474
0.088
0.114
0.369
0.461
0.546
0.316
0.519
0.338
0.496
0.306
0.825
0.957
0.86
0.885
0.927
0.952
0.048
0.115
0.6
0.067
0.075
0.189
0.128
0.358
0.042
0.779
0.392
0.877
0.233
0.428
0.328
0.17
0.851
0.309
0.639
0.308
0.302
0.597
