0.075
0.639
0.091
0.428
0.339
0.254
0.562
0.223
0.273
0.075
0.159
0.327
0.478
0.869
0.794
0.35
0.859
0.179
0.431
0.389
0.841
0.937
0.229
0.51
0.996
0.209
0.069
0.74
0.857
0.668
0.69
0.39
0.112
0.398
0.325
0.302
0.026
0.938
0.243
0.339
0.133
0.557
0.098
0.523
0.059
0.754
0.72
0.662
0.79
0.07
0.797
0.052
0.994
0.939
0.46
0.333
0.058
0.117
0.557
0.916
0.968
0.419
0.545
0.846
0.311
0.645
0.413
0.359
0.047
0.88
0.446
0.528
0.884
0.859
0.152
0.879
0.934
0.221
0.021
0.765
0.784
0.486
0.253
0.541
0.939
0.249
0.501
0.234
0.102
0.434
0.319
0.606
0.39
0.68
0.93
0.978
0.642
0.26
0.173
0.02
0.764
0.791
0.616
0.187
0.005
0.095
0.779
0.171
0.601
0.453
0.61
0.233
0.317
0.258
0.649
0.395
0.254
0.369
0.182
0.591
0.023
0.299
0.243
0.867
0.352
0.491
0.339
0.677
0.623
0.04
0.01
0.961
0.565
0.56
0.796
0.487
0.061
0.037
0.296
0.085
0.601
0.663
0.836
0.824
0.251
0.785
0.648
0.35
0.822
0.953
0.037
0.247
0.12
0.845
0.585
0.537
0.996
0.875
0.532
0.929
0.134
0.687
0.124
0.886
0.243
0.225
0.454
0.474
0.328
0.18
0.005
0.456
0.557
0.92
0.789
0.724
0.426
0.737
0.692
0.34
0.725
0.249
0.965
0.284
0.96
0.335
0.665
0.457
0.301
0.041
0.228
0.274
0.149
0.467
0.145
0.922
0.591
0.961
0.772
0.262
0.719
0.905
0.494
0.523
0.158
0.963
0.37
0.231
0.372
0.518
0.548
0.411
0.724
0.012
0.332
0.231
0.119
0.073
0.976
0.816
0.346
0.629
0.439
0.759
0.879
0.155
0.555
0.486
0.434
0.673
0.3
0.527
0.449
0.51
0.292
0.267
0.841
0.845
0.744
0.876
0.44
0.847
0.668
0.258
0.027
0.103
0.958
0.487
0.266
0.669
0.875
0.821
0.723
0.202
0.13
0.788
0.664
0.22
0.031
0.308
0.024
0.223
0.492
0.163
0.938
0.123
0.907
0.553
0.074
0.821
0.318
0.387
0.736
0.996
0.992
0.439
0.215
0.544
0.459
0.988
0.159
0.44
0.453
0.006
0.742
0.613
0.756
0.119
0.235
0.794
0.015
0.542
0.651
0.52
0.244
0.172
0.735
0.567
0.076
0.021
0.755
0.628
0.814
0.905
0.961
0.893
0.179
0.451
0.328
0.821
0.802
0.747
0.293
0.711
0.977
0.564
0.208
0.991
0.372
0.912
0.652
0.878
0.951
0.326
0.783
0.379
0.323
0.062
0.632
0.975
0.863
0.283
0.225
0.809
0.652
0.763
0.095
0.899
0.216
0.049
0.263
0.958
0.604
0.47
0.81
0.828
0.311
0.52
0.162
0.776
0.72
0.014
0.5
0.402
0.054
0.014
0.478
0.091
0.121
0.695
0.923
0.621
0.696
0.208
0.513
0.074
0.212
0.849
0.779
0.456
0.198
0.781
0.011
0.365
0.799
0.703
0.747
0.002
0.239
0.118
0.949
0.445
0.536
0.034
0.687
0.058
0.033
0.214
0.581
0.118
0.528
0.689
0.088
0.868
0.673
0.981
0.035
0.708
0.285
0.064
0.769
0.503
0.441
0.419
0.67
0.172
0.663
0.443
0.27
0.491
0.083
0.208
0.297
0.594
0.742
0.31
0.555
0.072
0.794
0.438
0.932
0.232
0.572
0.056
0.885
0.972
0.993
0.394
0.079
0.493
0.894
0.779
0.515
0.883
0.25
0.73
0.767
0.574
0.722
0.576
0.492
0.249
0.844
0.509
0.883
0.218
0.912
0.4
0.869
0.848
0.54
0.197
0.721
0.82
0.896
0.298
0.183
0.738
0.989
0.961
0.9
0.364
0.995
0.04
0.773
0.691
0.705
0.343
0.013
0.163
0.242
0.807
0.301
0.957
0.612
0.179
0.897
0.429
0.853
0.35
0.592
0.664
0.19
0.083
0.658
0.192
0.241
0.961
0.813
0.827
0.916
0.12
0.871
0.756
0.597
0.143
0.324
0.706
0.227
0.737
0.937
0.432
0.342
0.951
0.504
0.202
0.667
0.953
0.479
0.638
0.685
0.5
0.085
0.24
0.202
0.103
0.765
0.385
0.615
0.196
0.734
0.534
0.408
0.004
0.992
0.534
0.732
0.205
0.108
0.744
0.248
0.473
0.863
0.262
0.955
0.736
0.148
0.614
0.769
0.993
0.955
0.779
0.747
0.854
0.3
0.055
0.039
0.809
0.47
0.038
0.19
0.688
0.262
0.368
0.076
0.241
0.534
0.575
0.018
0.7
0.982
0.253
0.306
0.491
0.667
0.284
0.408
0.851
0.324
0.514
0.864
0.651
0.045
0.852
0.137
0.192
0.049
0.45
0.464
0.914
0.787
0.548
0.324
0.389
0.235
0.298
0.034
0.782
0.705
0.676
0.402
0.955
0.714
0.173
0.256
0.287
0.147
0.508
0.04
0.003
0.576
0.594
0.456
0.753
0.636
0.515
0.476
0.105
0.934
0.838
0.555
0.186
0.311
0.72
0.658
0.6
0.732
0.006
0.966
0.07
0.743
0.937
0.241
0.92
0.861
0.969
0.929
0.893
0.483
0.925
0.077
0.401
0.617
0.828
0.615
0.192
0.057
0.792
0.05
0.317
0.723
0.392
0.425
0.184
0.325
0.108
0.062
0.892
0.906
0.213
0.944
0.101
0.964
0.126
0.335
0.578
0.226
0.884
0.784
0.625
0.427
0.524
0.335
0.414
0.064
0.045
0.544
0.275
0.037
0.272
0.017
0.321
0.704
0.676
0.929
0.252
0.281
0.176
0.824
0.138
0.654
0.936
0.056
0.343
0.76
0.254
0.817
0.337
0.514
0.38
0.694
0.58
0.674
0.036
0.838
0.347
0.633
0.782
0.153
0.157
0.88
0.413
0.013
0.292
0.833
0.409
0.382
0.558
0.865
0.873
0.69
0.185
0.734
0.421
0.298
0.681
0.222
0.674
0.163
0.215
0.369
0.555
0.835
0.074
0.293
0.903
0.905
0.309
0.222
0.486
0.234
0.621
0.171
0.69
0.119
0.021
0.586
0.321
0.231
0.719
0.681
0.13
0.279
0.528
0.614
0.086
0.784
0.053
0.034
0.727
0.706
0.079
0.324
0.67
0.994
0.023
0.286
0.412
0.473
0.124
0.011
0.113
0.933
0.867
0.255
0.359
0.094
0.45
0.974
0.217
0.671
0.202
0.849
0.479
0.22
0.63
0.639
0.942
0.916
0.343
0.216
0.195
0.801
0.723
0.663
0.102
0.103
0.223
0.114
0.795
0.61
0.372
0.229
0.643
0.375
0.435
0.136
0.773
0.287
0.122
0.156
0.337
0.565
0.715
0.131
0.059
0.445
0.04
0.828
0.763
0.731
0.44
0.219
0.348
0.066
0.066
0.676
0.805
0.114
0.886
0.554
0.758
0.281
0.14
0.456
0.213
0.772
0.183
0.604
0.218
0.758
0.425
0.408
0.541
0.343
0.968
0.339
0.97
0.642
0.728
0.688
0.501
0.832
0.181
0.457
0.658
0.601
0.749
0.554
0.431
0.412
0.74
0.265
0.605
0.894
0.655
0.475
0.862
0.752
0.699
0.206
0.79
0.764
0.535
0.79
0.91
0.892
0.621
0.355
0.524
0.046
0.696
0.374
0.107
0.235
0.84
0.435
0.736
0.018
0.44
0.657
0.257
0.605
0.697
0.832
0.141
0.234
0.385
0.677
0.966
0.183
0.726
0.278
0.522
0.51
0.006
0.544
0.32
0.364
0.264
0.788
0.872
0.675
0.891
0.194
0.831
0.149
0.818
0.027
0.882
0.068
0.589
0.989
0.825
0.038
0.88
0.209
0.4
0.532
0.74
0.13
0.532
0.236
0.901
0.149
0.167
0.578
0.125
0.866
0.319
0.333
0.16
0.732
0.031
0.943
0.616
0.592
0.599
0.361
0.911
0.683
0.211
0.755
0.767
0.071
0.566
0.196
0.167
0.482
0.542
0.929
0.796
0.156
0.516
0.518
0.113
0.165
0.755
0.915
0.647
0.023
0.009
0.707
0.867
0.51
0.738
0.087
0.158
0.123
0.681
0.287
0.526
0.813
0.254
0.295
0.796
0.884
0.75
0.291
0.719
0.566
0.594
0.291
0.537
0.719
0.242
0.717
0.593
0.767
0.834
0.436
0.221
0.838
0.564
0.475
0.477
0.737
0.516
0.719
0.92
