0.403
0.736
0.385
0.335
0.839
0.582
0.107
0.884
0.517
0.499
0.49
0.257
0.976
0.624
0.98
0.206
0.71
0.094
0.698
0.465
0.228
0.645
0.498
0.015
0.288
0.243
0.675
0.573
0.652
0.613
0.202
0.406
1.0
0.051
0.039
0.591
0.192
0.062
0.708
0.892
0.255
0.77
0.82
0.916
0.5
0.277
0.547
0.947
0.144
0.589
0.191
0.267
0.689
0.752
0.493
0.178
0.933
0.962
0.109
0.682
0.968
0.529
0.641
0.996
0.867
0.053
0.507
0.805
0.139
0.973
0.755
0.647
0.265
0.912
0.284
0.306
0.721
0.494
0.603
0.689
0.099
999
0.579
0.572
0.035
0.234
0.807
0.456
0.296
0.773
0.096
999
0.709
0.697
0.36
0.439
0.627
0.832
0.766
0.971
0.181
0.308
0.067
0.055
0.008
0.225
0.886
0.925
0.521
0.593
0.401
0.536
0.665
0.655
0.777
0.639
0.487
0.803
0.016
0.384
0.359
0.937
0.024
0.511
0.687
0.543
0.456
0.181
0.879
0.806
0.986
0.181
0.153
0.008
0.373
0.488
0.788
0.482
0.896
0.001
0.268
0.376
0.049
0.885
0.191
0.114
0.022
0.883
0.213
0.187
0.593
0.835
0.327
0.145
0.016
0.25
0.637
0.626
0.787
0.005
0.14
0.075
0.983
0.038
0.639
0.826
0.216
0.394
0.957
0.72
0.52
0.801
0.862
0.823
0.568
0.742
0.53
0.253
0.683
0.415
0.764
0.938
0.406
0.443
0.912
0.548
0.797
0.523
0.448
0.524
0.406
0.314
0.546
0.36
0.61
0.769
0.624
0.394
0.136
0.336
0.961
0.457
0.898
0.325
0.179
0.477
0.183
0.178
0.016
0.328
0.096
0.158
0.862
0.301
0.756
0.74
0.494
0.188
0.662
0.609
0.382
0.765
0.876
0.617
0.115
0.375
0.67
0.153
0.64
0.666
0.27
0.006
0.71
0.873
0.01
0.744
0.94
0.471
0.448
0.013
0.139
0.58
0.01
0.249
0.379
0.548
0.707
0.489
0.337
0.438
0.063
0.095
0.488
0.563
0.102
0.522
0.028
0.29
0.753
0.277
0.966
0.628
0.521
0.446
0.403
0.683
0.47
0.714
0.216
0.271
0.689
0.313
0.12
0.361
0.407
0.264
0.883
0.38
0.986
0.473
0.7
0.912
0.009
0.528
0.774
0.452
0.527
0.768
0.922
0.336
0.221
0.727
0.685
0.441
0.417
0.192
0.457
0.076
0.355
0.303
0.888
0.269
0.613
0.303
0.156
0.97
0.381
0.96
0.893
0.309
0.673
0.941
0.885
0.482
0.777
0.669
0.439
0.647
0.896
0.612
0.129
0.118
0.926
0.175
0.662
0.558
0.491
0.296
0.65
0.07
0.769
0.408
0.646
0.44
0.511
0.389
0.259
0.695
0.097
0.076
0.997
0.702
0.083
0.787
0.237
0.925
0.489
0.768
0.281
0.001
0.661
0.547
0.423
0.601
0.049
0.686
0.122
0.512
0.86
0.414
0.181
0.538
0.318
0.527
0.115
0.271
0.886
0.135
0.957
0.311
0.165
0.974
0.523
0.33
0.754
0.207
0.399
0.943
0.635
0.607
0.72
0.565
0.425
0.045
0.328
0.132
0.382
0.86
0.82
0.949
0.018
0.784
0.194
0.774
0.884
0.498
0.194
0.136
0.11
0.6
0.995
0.884
0.815
0.424
0.557
0.552
0.63
0.043
0.893
0.137
0.88
0.205
0.738
0.911
0.22
0.761
0.101
0.359
0.746
0.882
0.517
0.99
0.45
0.839
0.725
0.82
0.759
0.348
0.634
0.593
0.919
0.941
0.279
0.746
0.46
0.71
0.871
0.258
0.256
0.213
0.611
0.634
0.475
0.298
0.139
0.851
0.596
0.575
0.214
0.34
0.262
0.398
0.19
0.262
0.013
0.343
0.139
0.828
0.578
0.55
0.754
0.129
0.966
0.979
0.726
0.041
0.6
0.017
0.181
0.07
0.114
0.26
0.276
0.752
0.285
0.991
0.014
0.323
0.5
0.355
0.288
0.976
0.771
0.658
0.71
0.244
0.881
0.139
0.435
0.428
0.694
0.686
0.869
0.44
0.702
0.808
0.539
0.828
0.92
0.163
0.442
0.527
0.993
0.542
0.099
0.569
0.033
0.446
0.837
0.69
0.099
0.886
0.058
0.903
0.814
0.856
0.469
0.351
0.635
0.126
0.245
0.921
0.383
0.228
0.325
0.184
0.266
0.67
0.096
0.959
0.635
0.854
0.648
0.326
0.962
0.118
0.922
0.152
0.504
0.507
0.038
0.59
0.062
0.558
0.961
0.478
0.351
0.684
0.405
0.068
0.551
0.83
0.477
0.866
0.435
0.543
0.167
0.204
0.734
0.727
0.495
0.395
0.585
0.74
0.093
0.267
0.716
0.057
0.721
0.119
0.919
0.08
0.746
0.324
0.901
0.946
0.454
0.224
0.951
0.405
0.931
0.358
0.483
0.388
0.302
0.371
0.603
0.027
0.12
0.411
0.434
0.007
0.669
0.847
0.062
0.934
0.323
0.783
0.967
0.67
0.392
0.709
0.871
0.478
0.871
0.495
0.744
0.044
0.68
0.012
0.712
0.355
0.51
0.631
0.048
0.388
0.381
0.188
0.991
0.276
0.532
0.151
0.288
0.859
0.917
0.984
0.852
0.667
0.636
0.567
0.544
0.725
0.867
0.746
0.631
0.238
0.435
0.27
0.209
0.503
0.67
0.401
0.776
0.993
0.563
0.523
0.744
0.038
0.276
0.769
0.785
0.396
0.883
0.953
0.774
0.85
0.279
0.857
0.798
0.074
0.249
0.618
0.404
0.295
0.152
0.34
0.976
0.864
0.027
0.485
0.454
0.776
0.555
0.835
0.781
0.442
0.862
0.966
0.668
0.497
0.08
0.814
0.511
0.662
0.055
0.586
0.395
0.65
0.863
0.435
0.882
0.342
0.731
0.156
0.495
0.422
0.439
0.239
0.464
0.619
0.631
0.473
0.91
0.997
0.975
0.801
0.951
0.95
0.538
0.333
0.953
0.866
0.321
0.268
0.634
0.22
0.651
0.417
0.023
0.903
0.325
0.261
0.952
0.296
0.788
0.807
0.661
0.388
0.181
0.397
0.885
0.629
0.752
0.448
0.632
0.8
0.466
0.264
0.543
0.127
0.425
0.666
0.256
0.363
0.983
0.754
0.716
0.172
0.154
0.588
0.474
0.1
0.491
0.198
0.901
0.393
0.688
0.454
0.435
0.077
0.21
0.041
0.954
0.967
0.984
0.434
0.53
0.683
0.284
0.533
0.29
0.274
0.243
0.663
0.702
0.211
0.694
0.112
0.527
0.863
0.981
0.08
0.08
0.142
0.244
0.809
0.379
0.702
0.293
0.426
0.242
0.84
0.473
0.784
0.962
0.088
0.168
0.226
0.181
0.811
0.607
0.904
0.932
0.668
0.441
0.014
0.974
0.183
0.333
0.299
0.489
0.66
0.978
0.208
0.176
0.761
0.102
0.262
0.955
0.489
0.195
0.14
0.685
0.831
0.727
0.01
0.907
0.164
0.333
0.452
0.365
0.036
0.784
0.754
0.431
0.877
0.705
0.343
0.651
0.814
0.915
0.142
0.123
0.359
999
0.453
0.104
0.024
0.158
0.582
0.297
0.925
0.826
0.546
0.048
0.148
0.796
0.167
0.402
0.812
0.612
0.102
0.198
0.318
0.464
0.702
0.255
0.223
0.122
0.402
0.23
0.793
0.111
0.664
0.101
0.845
0.786
0.082
0.176
0.459
0.262
0.018
0.161
0.568
0.719
0.81
0.926
0.066
0.946
0.026
0.338
0.139
0.164
0.753
0.204
0.706
0.175
0.872
0.496
0.092
0.919
0.572
0.633
0.696
0.374
0.569
0.726
0.381
0.488
0.478
0.299
0.951
0.856
0.006
0.988
0.965
0.506
0.992
0.613
0.782
0.937
0.167
0.07
0.504
0.139
0.829
0.853
0.077
0.464
0.846
0.156
0.945
0.718
0.738
0.187
0.371
0.136
0.195
0.304
0.652
0.468
0.298
0.591
0.678
0.663
0.069
0.398
0.461
0.227
0.31
0.131
0.796
0.869
0.503
0.166
0.848
0.671
0.658
0.306
0.083
0.411
999
0.55
0.268
0.411
0.243
0.261
0.041
0.086
0.193
0.137
0.26
0.383
0.181
0.935
0.069
0.826
0.337
0.907
0.142
0.951
0.183
0.675
0.537
0.783
0.975
0.564
0.12
0.337
0.43
0.562
0.376
0.775
0.41
0.2
0.081
0.792
0.652
0.97
0.071
