0.796
0.9
0.655
0.816
0.862
0.318
0.778
0.611
0.144
0.167
0.411
0.911
0.74
0.709
0.03
0.417
0.565
0.968
0.665
0.572
0.589
0.036
0.389
0.212
0.565
0.331
0.719
0.379
0.943
0.64
0.486
0.223
0.21
0.694
0.382
0.311
0.96
0.326
0.734
0.13
0.654
0.373
0.771
0.168
0.268
0.232
0.029
0.202
0.135
0.857
0.081
0.057
0.412
0.486
0.931
0.041
0.651
0.207
0.535
0.902
0.286
0.162
0.836
0.166
0.739
0.089
0.809
0.115
0.434
0.916
0.551
0.822
0.606
0.041
0.076
0.217
0.953
0.83
0.815
0.821
0.24
0.228
0.908
0.098
0.886
0.308
0.465
0.298
0.146
0.523
0.48
0.893
0.979
0.389
0.7
0.696
0.942
0.798
0.733
0.363
0.369
0.483
0.983
0.715
0.683
0.598
0.571
0.5
0.281
0.307
0.238
0.313
0.333
0.789
0.627
0.463
0.397
0.754
0.498
0.335
0.632
0.255
0.0
0.97
0.804
0.138
0.946
0.038
0.796
0.761
0.704
0.872
0.453
0.265
0.826
0.984
0.311
0.839
0.313
0.553
0.581
0.103
0.707
0.521
0.127
0.955
0.581
0.769
0.104
0.34
0.113
0.278
0.136
0.527
0.858
0.371
0.958
0.497
0.512
0.194
0.281
0.307
0.659
0.829
0.244
0.823
0.294
0.852
0.692
0.166
0.861
0.58
0.054
0.063
0.964
ERROR
0.136
0.619
0.401
0.027
0.451
0.465
0.279
0.372
0.342
0.72
0.316
0.823
0.371
1.0
0.839
0.668
0.528
0.457
0.881
0.74
0.504
0.93
0.658
0.001
