0.215
0.736
0.226
0.355
0.647
0.065
0.381
0.503
0.244
0.907
0.98
0.72
0.176
0.236
0.758
0.854
0.577
0.562
0.811
0.337
0.312
0.396
0.941
0.823
0.818
0.755
0.319
0.876
0.295
0.35
0.408
0.196
0.99
0.258
0.751
0.038
0.403
0.189
0.972
0.009
0.259
0.604
0.682
0.938
0.547
0.715
0.391
0.78
0.36
0.538
0.429
0.914
0.736
0.566
0.742
0.275
0.408
0.473
0.593
0.182
0.308
0.897
0.736
0.958
0.392
0.937
0.773
0.116
0.666
0.244
0.569
0.014
0.42
0.671
0.383
0.205
0.042
0.996
0.962
0.918
0.947
0.913
0.219
0.441
0.696
0.234
0.77
0.904
0.311
0.53
0.232
0.201
0.786
0.676
0.906
0.876
0.371
0.436
0.958
0.668
0.323
0.381
0.866
0.348
0.281
0.469
0.955
0.304
0.317
0.731
0.663
0.627
0.662
0.653
0.836
0.606
0.482
0.806
0.783
0.6
0.637
0.57
0.418
0.813
0.364
0.906
0.974
0.971
0.944
0.906
0.769
0.863
0.641
0.529
0.899
0.589
0.565
0.62
0.423
0.606
0.93
0.852
0.798
0.419
0.747
0.868
0.604
0.47
0.421
0.712
0.005
0.937
0.33
0.698
0.862
0.167
0.654
0.52
0.725
0.941
0.528
0.308
0.77
0.975
0.364
0.085
0.051
0.3
0.419
0.627
0.482
0.081
0.622
0.819
0.252
0.329
0.013
0.493
0.832
0.784
0.105
0.616
0.663
0.926
0.608
0.295
0.122
0.842
0.798
0.401
0.417
0.7
0.511
0.402
0.14
0.692
0.715
0.538
0.667
0.538
