0.43
0.647
0.599
0.76
0.789
0.688
0.503
0.612
0.617
0.01
0.821
0.698
0.222
0.596
0.958
0.93
0.222
0.289
0.047
0.608
0.128
0.097
0.26
0.462
0.672
0.853
0.562
0.944
0.188
0.224
0.358
0.162
0.402
0.127
0.471
0.305
0.705
0.661
0.268
0.495
0.769
0.348
0.003
0.545
0.67
0.988
0.259
0.673
0.688
0.247
0.285
0.158
0.226
0.909
0.782
0.392
0.073
0.251
0.748
0.622
0.286
0.95
0.771
0.15
0.225
0.017
0.249
0.264
0.153
0.05
0.916
0.052
0.253
0.822
0.628
0.422
0.244
0.243
0.253
0.934
0.852
0.889
0.467
0.682
0.15
0.512
0.344
0.34
0.098
0.013
0.728
0.955
0.195
0.187
0.118
0.094
0.503
0.002
0.715
0.508
0.303
0.971
0.42
0.157
0.468
0.432
0.322
0.026
0.889
0.841
0.536
0.263
0.363
0.678
0.902
0.771
0.352
0.784
0.226
0.048
0.311
0.884
0.211
0.544
0.048
0.986
0.813
0.66
0.016
0.3
0.166
0.817
0.221
0.777
0.709
0.011
0.948
0.685
0.063
0.344
0.493
0.204
0.833
0.136
0.428
0.138
0.848
0.503
0.472
0.432
0.716
0.9
0.875
0.778
0.453
0.614
0.947
0.191
0.363
0.087
0.265
0.18
0.116
0.329
0.574
0.697
0.37
0.041
0.215
0.157
0.672
0.551
0.336
0.909
0.832
0.248
0.138
0.726
0.378
0.455
0.502
0.364
0.519
0.095
0.199
0.665
0.847
0.698
0.775
0.957
0.256
0.367
0.569
0.955
0.848
0.888
0.801
0.213
0.827
0.144
0.432
0.596
0.583
0.918
0.295
0.662
0.68
0.522
0.504
0.225
0.895
0.153
0.189
0.292
0.764
0.745
0.689
0.203
0.934
0.484
0.554
0.55
0.392
0.892
0.198
0.491
0.685
0.02
0.855
0.223
0.701
0.532
0.149
0.986
0.25
0.594
0.481
0.07
0.12
0.951
0.65
0.549
0.823
0.979
0.18
0.947
0.468
0.068
0.211
0.334
0.346
0.011
0.28
0.357
0.459
0.153
0.711
0.833
0.321
0.539
0.968
0.724
0.734
0.268
0.754
0.262
0.288
0.355
0.126
0.187
0.908
0.001
0.816
0.977
0.76
0.757
0.444
0.693
0.376
0.4
0.57
0.42
0.739
0.983
0.926
0.23
0.06
0.096
0.35
0.48
0.7
0.527
0.271
0.019
0.008
0.86
0.467
0.53
0.98
0.407
0.786
0.853
0.612
0.695
0.946
0.537
0.592
0.524
0.251
0.67
0.237
0.377
0.239
0.83
0.871
0.613
0.118
0.299
0.006
0.338
0.394
0.181
0.538
0.751
0.459
0.92
0.377
0.063
0.866
0.886
0.362
0.244
0.551
0.019
0.667
0.961
0.242
0.274
0.347
0.188
0.097
0.83
0.288
0.969
0.502
0.114
0.566
0.922
0.664
0.974
0.33
0.609
0.653
0.372
0.894
0.797
0.974
0.691
0.47
0.545
0.853
0.831
0.743
0.389
0.815
0.871
0.749
0.519
0.413
0.696
0.898
0.479
0.657
0.05
0.025
0.406
0.717
0.879
0.228
0.068
0.941
0.789
0.876
0.615
0.904
0.367
0.727
0.803
0.526
0.899
0.587
0.443
0.081
0.218
0.732
0.814
0.429
0.28
0.492
0.91
0.023
0.992
0.291
0.556
0.529
0.176
0.644
0.782
0.574
0.793
0.225
0.954
0.09
0.188
0.258
0.456
0.493
0.445
0.036
0.403
0.576
0.953
0.911
0.29
0.069
0.883
0.701
0.676
0.041
0.382
0.207
0.758
0.722
0.346
0.653
0.904
0.188
0.74
0.468
0.306
0.105
0.903
0.06
0.166
0.508
0.492
0.529
0.596
0.367
0.684
0.319
0.811
0.989
0.826
0.369
0.622
0.244
0.548
0.784
0.875
0.603
0.247
0.209
0.531
0.277
0.83
0.971
0.304
0.521
0.875
0.649
0.035
0.521
0.515
0.331
0.799
0.959
0.145
0.838
0.285
0.448
0.041
0.491
0.259
0.496
0.181
0.3
0.441
0.483
0.134
0.359
0.253
0.029
0.073
0.429
0.495
0.164
0.635
0.399
0.284
0.281
0.73
0.187
0.904
0.703
0.734
0.209
0.563
0.738
0.306
0.019
0.66
0.56
0.819
0.18
0.318
0.836
0.686
0.979
0.502
0.594
0.653
0.312
0.296
0.896
0.514
0.21
0.044
0.435
0.616
0.716
0.041
0.268
0.837
0.697
0.528
0.566
0.925
0.869
0.717
0.299
0.698
0.348
0.319
0.741
0.346
0.789
0.052
0.457
0.01
0.413
0.22
0.278
0.887
0.842
0.189
0.858
0.544
0.273
0.355
0.784
0.77
0.111
0.833
0.184
0.123
0.683
0.234
0.272
0.288
0.747
0.469
0.031
0.148
0.573
0.562
0.913
0.773
0.263
0.732
0.548
0.43
0.535
0.628
0.695
0.111
0.542
0.001
0.081
0.368
0.375
0.891
0.841
0.881
0.461
0.453
0.634
0.803
0.288
0.222
0.554
0.666
0.801
0.414
0.992
0.779
0.292
0.262
0.597
0.001
0.469
0.517
0.052
0.592
0.643
0.906
0.95
0.571
0.493
0.975
0.089
0.18
0.267
0.906
0.084
0.653
0.167
0.099
0.191
0.113
0.855
0.296
0.127
0.894
0.886
0.168
0.375
0.752
0.844
0.095
0.048
0.183
0.584
0.272
0.147
0.916
0.143
0.944
0.969
0.628
0.823
0.154
0.473
0.349
0.857
0.91
0.992
0.167
0.947
0.749
0.491
0.998
0.039
0.629
0.159
0.315
0.453
0.539
0.641
0.384
0.002
0.365
0.488
0.875
0.739
0.233
0.573
0.528
0.652
0.503
0.159
0.176
0.722
0.471
0.01
0.761
0.167
0.683
0.197
0.404
0.065
0.911
0.689
0.172
0.582
0.755
0.054
0.627
0.417
0.473
0.95
0.626
0.344
0.34
0.793
0.75
0.359
0.71
0.75
0.847
0.459
0.277
0.537
0.772
0.241
0.105
0.566
0.93
0.4
0.386
0.021
0.966
0.536
0.077
0.693
0.695
0.42
0.787
0.202
0.604
0.187
0.6
0.251
0.48
0.147
0.373
0.299
0.141
0.673
0.532
0.688
0.281
0.061
0.671
0.831
0.474
0.269
0.06
0.511
0.799
0.186
0.238
0.962
0.256
0.853
0.032
0.925
0.259
0.568
0.939
0.1
0.874
0.649
0.944
0.711
0.71
0.096
0.322
0.698
0.348
0.228
0.914
0.023
0.071
0.571
0.006
0.156
0.328
0.413
0.936
0.946
0.659
0.098
0.668
0.468
0.094
0.083
0.83
0.138
0.185
0.97
0.627
0.614
0.321
0.914
0.331
0.26
0.109
0.048
0.988
0.931
0.594
0.373
0.904
0.016
0.132
0.935
0.619
0.29
0.439
0.053
0.147
0.984
0.489
0.669
0.849
0.631
0.624
0.622
0.259
0.488
0.542
0.097
0.908
0.315
0.905
0.941
0.399
0.549
0.27
0.487
0.316
0.28
0.69
0.839
0.108
0.298
0.199
0.261
0.699
0.081
0.969
0.831
0.784
0.348
0.702
0.09
0.379
0.538
0.108
0.73
0.497
0.681
0.932
0.278
0.778
0.667
0.975
0.16
0.978
0.288
0.113
0.532
0.137
0.465
0.09
0.283
0.135
0.802
0.484
0.525
0.872
0.536
0.133
0.198
0.531
0.21
0.818
0.824
0.614
0.69
0.869
0.042
0.228
0.455
0.676
0.956
0.326
0.771
0.912
0.981
0.807
0.491
0.562
0.591
0.501
0.485
0.941
0.95
0.712
0.481
0.302
0.547
0.501
0.218
0.983
0.226
0.847
0.223
0.388
0.89
0.452
0.868
0.958
0.845
0.15
0.763
0.614
0.377
0.723
0.084
0.988
0.821
0.286
0.064
0.327
0.619
0.906
0.09
0.386
0.521
0.712
0.025
0.523
0.125
0.923
0.258
0.174
0.019
0.869
0.043
0.447
0.093
0.704
0.026
0.199
0.712
0.664
0.941
0.622
0.548
0.449
0.152
0.269
0.179
0.691
0.654
0.676
0.227
0.372
0.429
0.835
0.781
0.007
0.043
0.847
0.949
0.924
0.313
0.251
0.427
0.891
0.002
0.341
0.678
0.532
0.488
0.706
999
0.22
0.257
0.45
0.724
0.511
0.059
0.1
0.118
0.602
0.023
0.052
0.857
0.491
0.65
0.145
0.994
0.402
0.914
0.123
0.401
0.013
