0.197
0.529
0.472
0.472
0.035
0.279
0.93
0.498
0.293
0.605
0.359
0.915
0.389
0.529
0.107
0.438
0.856
0.228
0.331
0.592
0.791
0.804
0.513
0.765
0.536
0.416
0.773
0.99
0.084
0.946
0.555
0.737
0.71
0.146
0.38
0.22
0.324
0.983
0.756
0.772
0.532
0.139
0.4
0.962
0.548
0.752
0.094
0.65
0.891
0.131
0.708
0.929
0.088
0.045
0.404
0.156
0.038
0.637
0.449
0.781
0.156
0.906
0.807
0.905
0.591
0.72
0.133
0.541
0.881
0.934
0.593
0.481
0.508
0.653
0.923
0.689
0.495
0.125
0.898
0.559
0.268
0.316
0.522
0.919
0.669
0.093
0.244
0.61
0.619
0.321
0.209
0.206
0.407
0.802
0.841
0.853
0.125
0.894
0.112
0.67
0.925
0.207
0.879
0.757
0.437
0.191
0.466
0.582
0.904
0.079
0.178
0.075
0.511
0.531
0.305
0.196
0.77
0.137
0.549
0.746
0.078
0.586
0.596
0.504
0.957
0.416
0.578
0.948
0.359
0.159
0.429
0.852
0.292
0.124
0.597
0.305
0.36
0.021
0.506
0.644
0.84
0.791
0.188
0.087
0.962
0.313
0.404
0.718
0.373
0.074
0.291
0.689
0.904
0.116
0.258
0.588
0.178
0.358
0.195
0.258
0.283
0.693
0.189
0.731
0.903
0.897
0.479
0.96
0.478
0.539
0.847
0.665
0.905
0.17
0.486
0.012
0.518
0.359
0.99
0.153
0.618
0.059
0.505
0.822
0.997
0.853
0.645
0.643
0.311
0.301
0.733
0.056
0.366
0.387
0.695
0.485
0.713
0.309
0.711
0.64
