0.642
0.018
0.711
0.708
0.183
0.784
0.868
0.158
0.234
0.796
0.693
0.787
0.927
0.735
0.497
0.268
0.35
0.219
0.596
0.825
0.907
0.285
0.187
0.106
0.757
0.116
0.348
0.479
0.319
0.858
0.366
0.69
0.187
0.16
0.331
0.059
0.04
0.727
0.938
0.597
0.839
0.532
0.518
999
0.044
0.257
0.198
0.013
0.811
0.969
0.977
0.16
0.477
0.908
0.49
0.738
0.292
0.132
0.954
0.719
0.483
0.106
0.621
0.591
0.2
0.827
0.576
0.072
0.279
0.917
0.227
0.548
0.281
0.699
0.665
0.349
0.656
0.637
0.026
0.533
0.583
0.062
0.682
0.855
0.435
0.689
0.808
0.743
0.975
0.275
0.505
0.399
0.266
0.603
0.564
0.128
0.776
0.74
0.455
0.509
0.902
0.213
0.804
0.24
0.228
0.447
0.307
0.243
0.338
0.649
0.904
0.094
0.369
0.505
0.105
0.044
0.217
0.294
0.911
0.395
0.727
0.245
0.871
0.453
0.399
0.698
0.077
0.865
0.835
0.681
0.972
0.801
0.503
0.14
0.084
0.203
0.992
0.297
0.828
0.412
0.862
0.869
0.744
0.056
0.372
0.181
0.973
0.787
0.79
0.238
0.641
0.935
0.266
0.861
0.477
0.722
0.533
0.892
0.996
0.415
0.27
0.313
0.841
0.775
0.853
0.796
0.747
0.308
0.194
0.644
0.435
0.888
0.62
0.88
0.223
0.247
0.854
0.253
0.408
0.273
0.253
0.131
0.196
0.026
0.972
0.576
0.639
0.127
0.923
0.681
0.388
0.133
0.898
0.166
0.031
0.885
0.388
0.375
0.223
0.761
0.102
0.815
0.128
0.704
0.214
0.411
0.472
0.648
0.575
0.348
0.927
0.514
0.238
0.839
0.485
0.872
0.26
0.333
0.253
0.351
0.374
0.546
0.167
0.603
0.498
0.276
0.7
0.483
0.983
0.301
0.884
0.328
0.818
0.453
0.839
0.638
0.745
0.246
0.76
0.92
0.211
0.321
0.816
0.248
0.482
0.977
0.846
0.734
0.107
0.741
0.292
0.849
0.95
0.638
0.048
0.819
0.931
0.986
0.344
0.297
0.751
0.365
0.879
0.17
0.627
0.351
0.711
0.237
0.804
0.543
0.963
0.188
0.94
0.812
0.684
0.438
0.414
0.736
0.072
0.625
0.499
0.01
0.454
0.941
0.572
0.496
0.382
0.371
0.05
0.235
0.797
0.989
0.746
0.66
0.575
0.107
0.985
0.497
0.636
0.998
999
0.41
0.584
0.259
0.111
0.266
0.05
0.881
0.898
0.801
0.955
0.206
0.239
0.019
0.369
0.859
0.598
0.117
0.035
0.003
0.299
0.717
0.248
0.219
0.845
0.011
0.655
0.581
0.986
0.862
0.35
0.127
0.896
0.91
0.087
0.794
0.27
0.347
0.738
0.889
0.581
0.824
0.247
0.77
0.1
0.258
0.17
0.625
0.289
0.719
0.516
0.755
0.367
0.626
0.786
0.892
0.007
0.454
0.664
0.624
0.222
0.438
0.396
0.291
0.168
0.533
0.157
0.285
0.289
0.663
0.932
0.952
0.265
0.751
0.965
0.903
0.258
0.799
0.519
0.828
0.843
0.196
0.79
0.388
0.209
0.695
0.582
0.235
0.667
0.713
0.216
0.744
0.156
0.299
0.109
0.468
0.131
0.881
0.652
0.075
0.805
0.681
0.319
0.828
0.59
0.098
0.581
0.233
0.093
0.656
0.981
0.047
0.435
0.437
0.032
0.861
0.714
0.363
0.646
0.821
0.432
0.675
0.074
0.382
0.089
0.885
0.001
0.131
0.938
0.804
0.192
0.953
0.811
0.697
0.172
0.018
0.003
0.465
0.194
0.799
0.477
0.124
0.346
0.794
0.04
0.034
0.208
0.067
0.551
0.308
0.08
0.051
0.679
0.211
0.789
0.826
0.999
0.765
0.85
0.167
0.609
0.957
0.315
0.581
0.749
0.224
0.581
0.284
0.133
0.721
0.948
0.596
0.985
0.035
0.701
0.073
0.059
0.958
0.433
0.916
0.018
0.143
0.532
0.856
0.181
0.655
0.077
0.456
0.693
0.422
0.514
0.622
0.935
0.55
0.323
0.416
0.139
0.73
0.902
0.001
0.699
0.052
0.755
0.193
0.826
0.594
0.431
0.801
0.725
0.218
0.03
0.163
0.5
0.051
0.261
0.126
0.769
0.239
0.178
0.185
0.26
0.95
0.56
0.986
0.167
0.102
0.728
0.492
0.539
0.953
0.431
0.897
0.916
0.477
0.934
0.736
0.619
0.815
0.779
0.531
0.055
0.732
0.078
0.031
0.169
0.917
0.15
0.87
0.58
0.877
0.07
0.459
0.459
0.897
0.672
0.611
0.261
0.505
0.693
0.484
0.571
0.164
0.025
0.454
0.775
0.328
0.758
0.531
0.659
0.216
0.311
0.516
0.841
0.76
0.147
0.969
0.634
0.971
0.212
0.442
0.391
1.0
0.908
0.837
0.9
0.462
0.423
0.741
0.003
0.523
0.61
0.348
0.466
0.801
0.64
0.778
0.782
0.354
0.863
0.65
0.63
0.049
0.695
0.68
0.682
0.159
0.39
0.035
0.93
0.854
0.828
0.8
0.033
0.413
0.146
0.539
0.314
0.878
0.672
0.631
0.211
0.884
0.852
0.562
0.926
0.577
0.109
0.883
0.613
999
0.715
0.033
0.104
0.969
0.243
0.151
0.194
0.321
0.695
0.534
0.296
0.987
0.793
0.803
0.573
0.369
0.207
0.37
0.775
0.042
0.855
0.901
0.008
0.106
0.373
0.114
0.48
0.174
0.984
0.221
0.678
0.513
0.241
0.464
0.634
0.796
0.07
0.58
0.341
0.484
0.271
0.014
0.157
0.101
0.072
0.483
0.412
0.156
0.864
0.985
0.019
0.41
0.359
0.829
0.948
0.104
0.73
0.017
0.611
0.917
0.788
0.49
0.935
0.412
0.732
0.014
0.151
0.791
0.848
0.625
0.4
0.383
0.759
0.338
0.472
0.788
0.59
0.42
0.57
0.271
0.742
0.71
0.237
0.858
0.963
0.982
0.076
0.223
0.101
0.471
0.111
0.301
0.421
0.954
0.39
0.801
0.933
0.239
0.501
0.742
0.646
0.816
0.615
0.696
0.87
0.377
0.356
0.776
0.32
0.724
0.033
0.666
0.179
0.281
0.769
0.776
0.4
0.56
0.482
0.803
0.603
0.823
0.015
0.703
0.009
999
0.254
0.59
0.545
0.664
0.856
0.185
0.856
0.566
0.335
0.331
0.677
0.652
999
0.769
0.284
0.709
0.333
0.409
0.316
0.542
0.682
0.21
0.604
0.433
0.562
0.04
0.958
0.676
0.961
0.169
0.266
0.896
0.055
0.687
0.766
0.069
0.875
0.037
0.957
0.635
0.548
0.446
0.464
0.296
999
0.428
0.507
0.106
0.882
0.197
0.605
0.718
0.777
0.138
0.972
0.152
0.9
0.465
0.088
0.055
0.744
0.35
0.864
0.371
0.269
0.892
0.09
0.737
0.109
0.379
0.122
0.334
0.67
0.061
0.786
0.215
0.374
0.142
0.982
0.929
0.422
0.986
0.437
0.547
0.864
0.638
999
0.364
0.833
0.249
0.965
999
0.889
0.977
0.104
0.954
0.302
0.893
0.897
0.315
0.287
0.529
0.066
0.42
0.748
0.605
0.905
0.379
0.595
0.241
0.942
0.182
0.306
0.395
0.83
0.068
0.043
0.724
0.53
0.322
0.553
0.022
0.441
0.631
0.078
0.558
0.235
0.509
0.85
0.334
0.538
0.391
0.634
0.923
0.868
0.061
0.83
0.33
0.319
0.629
0.911
0.597
0.386
0.693
0.513
0.825
0.828
0.046
0.73
0.914
0.152
0.28
0.794
0.427
0.868
0.17
0.702
0.151
0.298
0.645
0.116
0.921
0.851
0.165
0.424
0.205
0.595
0.092
0.642
0.287
0.032
0.241
0.92
0.502
999
0.874
0.318
0.563
0.281
0.616
0.779
0.933
0.159
0.241
0.562
0.647
0.178
0.431
0.599
0.473
0.864
0.559
0.608
0.834
0.542
0.153
0.48
0.644
0.283
0.284
0.521
0.201
0.702
0.765
0.386
0.793
0.524
0.322
0.152
0.805
0.848
0.381
0.756
0.774
0.362
0.564
0.919
0.474
0.165
0.792
0.742
0.614
0.434
0.654
0.992
0.128
0.918
0.226
0.021
0.538
0.444
0.356
0.273
0.353
0.898
0.623
0.195
0.446
0.533
0.275
0.312
0.56
0.988
0.007
