0.907
0.335
0.067
0.088
0.618
0.223
0.372
0.721
0.767
0.032
0.381
0.623
0.724
0.811
0.126
0.824
0.047
0.282
0.913
0.171
0.199
0.284
0.878
0.456
0.761
0.853
0.148
0.683
0.908
0.11
0.88
0.392
0.834
0.664
0.593
0.988
0.629
0.815
0.871
0.389
0.579
0.39
0.11
0.847
0.546
0.29
0.32
0.217
0.264
0.751
0.648
0.257
0.703
0.112
0.63
0.079
0.072
0.734
0.941
0.684
0.035
0.043
0.453
0.634
0.57
0.298
0.849
0.223
0.661
0.839
0.152
0.175
0.785
0.166
0.89
0.768
0.535
0.628
0.428
0.319
0.589
0.127
0.805
0.23
0.293
0.788
0.554
0.242
0.058
0.292
0.359
0.306
0.472
0.497
0.517
0.197
0.577
0.702
0.325
0.568
0.935
0.52
0.627
0.172
0.668
0.804
0.751
0.338
0.712
0.145
0.488
0.6
0.938
0.363
0.5
0.106
0.406
0.047
0.014
0.23
0.739
0.782
0.151
0.815
0.04
0.901
0.436
0.789
0.164
0.142
0.622
0.206
0.483
0.069
0.057
0.877
0.185
0.216
0.552
0.819
0.121
0.491
0.188
0.822
0.192
0.636
0.856
0.22
0.617
0.799
0.845
0.281
0.709
0.047
0.637
0.248
0.038
0.836
0.923
0.023
0.647
0.834
0.275
0.248
0.896
0.005
0.162
0.6
0.674
0.174
0.619
0.219
0.527
0.466
0.491
0.966
0.402
0.78
0.679
0.603
0.304
0.652
0.66
0.076
0.647
0.955
0.097
0.157
0.345
0.456
0.503
0.616
0.658
0.893
0.128
0.539
0.822
0.232
0.938
0.052
