0.229
0.198
0.956
0.822
0.448
0.007
0.782
0.226
0.884
0.784
0.626
0.388
0.26
0.021
0.607
0.949
0.592
0.6
0.164
0.234
0.869
0.599
0.654
0.009
0.777
0.879
0.771
0.434
0.058
0.587
0.522
0.75
0.28
0.118
0.659
0.531
0.39
0.414
0.423
0.125
0.88
0.825
0.243
0.085
0.756
0.595
0.652
0.562
0.354
0.39
0.574
0.608
0.061
0.858
0.819
0.893
0.151
0.679
0.162
0.399
0.23
0.456
0.769
0.806
0.639
0.746
0.121
0.588
0.57
0.503
0.478
0.553
0.433
0.905
0.847
0.492
0.212
0.035
0.194
0.016
0.921
0.277
0.261
0.853
0.528
0.254
0.233
0.125
0.95
0.255
0.916
0.324
0.186
0.78
0.672
0.748
0.573
0.536
0.962
0.959
0.075
0.623
0.431
0.741
0.112
0.461
0.632
0.383
0.003
0.81
0.082
0.115
0.624
0.384
0.596
0.922
0.687
0.234
0.718
0.193
0.323
0.571
0.291
0.346
0.126
0.196
0.589
0.969
0.62
0.305
0.41
0.589
0.699
0.082
0.463
ERROR
0.535
0.486
0.098
0.863
0.704
0.103
0.593
0.184
0.237
0.14
0.77
0.94
0.873
0.862
0.508
0.909
0.266
0.544
0.498
0.017
0.931
0.446
0.514
0.251
0.129
0.859
0.416
0.498
0.148
0.011
ERROR
0.253
0.501
0.929
0.019
0.499
0.854
0.522
0.336
0.453
0.014
0.421
0.399
0.29
0.905
0.897
0.576
0.917
0.255
0.753
0.337
0.037
0.983
0.583
0.584
0.396
0.988
0.417
0.35
0.199
0.391
0.652
0.198
0.408
