0.35
0.909
0.933
0.702
0.966
0.847
0.881
0.607
0.217
0.887
0.017
0.019
0.802
0.426
0.595
0.31
0.153
0.324
0.1
0.912
0.895
0.187
0.138
0.507
0.769
0.664
0.613
0.37
0.219
0.826
0.975
0.897
0.983
0.624
0.992
0.366
0.595
0.426
0.991
0.932
0.768
0.166
0.329
0.924
0.96
0.984
0.33
0.091
0.361
0.555
0.776
0.115
0.177
0.044
0.261
0.206
0.138
0.196
0.445
0.885
0.968
0.51
0.78
0.422
0.226
0.211
0.265
0.349
0.903
0.92
0.929
0.612
0.057
0.959
0.404
0.226
0.999
0.114
0.517
0.582
0.905
0.017
0.583
0.862
0.319
0.026
0.159
0.565
0.343
0.011
0.285
0.361
0.581
0.159
0.274
0.719
0.955
0.282
0.054
0.55
0.654
0.959
0.536
0.589
0.291
0.282
0.647
0.444
0.395
0.107
0.291
0.234
0.637
0.312
0.561
0.506
0.71
0.141
0.755
0.381
0.118
0.224
0.382
0.289
0.241
0.223
0.058
0.06
0.287
0.074
0.357
0.287
0.319
0.7
0.289
0.102
0.307
0.271
0.069
0.274
0.499
0.659
0.131
0.316
0.429
0.335
0.452
0.834
0.221
0.65
0.626
0.204
0.028
0.827
0.149
0.678
0.06
0.293
0.872
0.484
0.359
0.996
0.654
0.117
0.908
0.811
0.814
0.539
0.625
0.196
0.065
0.722
0.332
0.431
0.772
0.196
0.206
0.247
0.129
0.721
0.014
0.713
0.082
0.717
0.34
0.966
0.496
0.155
0.284
0.55
0.79
0.067
0.422
0.039
0.984
0.77
0.873
0.812
0.817
0.635
0.901
0.926
0.649
0.041
0.019
0.389
0.719
0.075
0.371
0.085
0.077
0.253
0.693
0.513
0.541
0.502
0.964
0.078
0.04
0.902
0.897
0.405
0.311
0.755
0.563
0.406
0.553
0.936
0.711
0.116
0.48
0.153
0.973
0.602
0.422
0.427
0.351
0.502
0.24
0.349
0.272
0.076
0.793
0.69
0.396
0.448
0.521
0.924
0.103
0.913
0.405
0.189
0.421
0.669
0.876
0.865
0.754
0.452
0.025
0.809
0.463
0.243
0.824
0.657
0.301
0.565
0.252
0.785
0.831
0.354
0.854
0.571
0.751
0.141
0.789
0.415
0.398
0.18
0.953
0.008
0.986
0.944
0.71
0.912
0.667
0.904
0.857
0.556
0.043
0.091
0.725
0.117
0.803
0.426
0.682
0.418
0.986
0.573
0.937
0.115
0.821
0.084
0.519
0.088
0.245
0.086
0.433
0.848
0.919
0.056
0.898
0.39
0.64
0.391
0.278
0.582
0.21
0.738
0.091
0.391
0.533
0.615
0.776
0.379
0.551
0.793
0.989
0.1
0.772
0.435
0.705
0.791
0.943
0.847
0.988
0.514
0.211
0.71
0.765
0.729
0.654
0.887
0.485
0.068
0.283
0.371
0.388
0.441
0.738
0.515
0.132
0.139
0.711
0.942
0.194
0.352
0.313
0.014
0.572
0.278
0.271
0.926
0.206
0.792
0.346
0.429
0.758
0.564
0.98
0.492
0.613
0.717
0.974
0.758
0.411
0.436
0.422
0.602
0.166
0.369
0.863
0.581
0.573
0.048
0.669
0.193
0.882
0.251
0.886
0.479
0.102
0.538
0.794
0.867
0.995
0.835
0.724
0.11
0.208
0.837
0.907
0.137
0.807
0.09
0.506
0.777
0.82
0.212
0.969
0.092
0.303
0.801
0.739
0.237
0.468
0.546
0.939
0.453
0.172
0.546
0.145
0.641
0.949
0.713
0.019
0.649
0.964
0.108
0.919
0.557
0.689
0.275
0.599
0.314
0.123
0.581
0.884
0.585
0.092
0.635
0.137
0.261
0.467
0.895
0.441
0.266
0.015
0.793
0.255
0.192
999
0.374
0.652
0.394
0.93
0.932
0.045
0.89
0.25
0.739
0.967
0.352
0.333
0.544
0.09
0.209
0.5
0.339
0.286
0.453
0.804
0.809
0.529
0.211
0.19
0.302
0.114
0.149
0.142
0.429
0.412
0.315
0.837
0.67
0.194
0.962
0.633
0.528
0.991
0.274
0.297
0.135
0.743
0.005
0.16
0.694
0.874
0.755
0.655
0.405
0.05
0.063
0.45
0.805
0.347
0.666
0.222
0.905
0.565
0.193
0.141
0.165
0.036
0.942
0.311
0.68
0.493
0.007
0.31
0.929
0.751
0.817
0.108
0.392
0.215
0.078
0.132
0.327
0.955
0.51
0.494
0.064
0.682
0.708
0.817
0.362
0.747
0.426
0.704
0.91
0.545
0.767
0.929
0.57
0.224
0.189
0.05
0.278
0.712
0.895
0.062
0.118
0.729
0.47
0.215
0.002
0.765
0.979
0.444
0.716
0.605
0.987
0.188
0.262
0.128
0.925
0.405
0.924
0.286
0.9
0.216
0.965
0.112
0.708
0.727
0.634
0.588
0.759
0.39
0.455
0.256
0.662
0.816
0.375
0.049
0.126
0.207
0.826
0.121
0.701
0.417
0.644
0.659
0.755
0.783
0.255
0.535
0.904
0.112
0.733
0.258
0.837
0.612
0.904
0.715
0.728
0.52
0.16
0.146
0.364
0.316
0.623
0.275
0.636
0.483
0.273
0.136
0.515
0.79
0.738
0.109
0.846
0.32
0.437
0.272
0.507
0.146
0.216
0.572
0.721
0.951
0.985
0.133
0.094
0.457
0.016
0.014
0.922
0.49
0.559
0.511
0.673
0.004
0.333
0.882
0.484
0.229
0.308
0.765
0.481
0.662
0.334
0.334
0.943
0.442
0.261
0.28
0.409
0.548
0.452
0.741
0.636
0.752
0.423
0.763
0.705
0.054
0.137
0.715
0.599
0.255
0.463
0.588
0.646
0.404
0.22
0.493
0.155
0.151
0.301
0.258
0.865
0.165
0.703
0.636
0.836
0.733
0.738
0.872
0.327
0.099
0.084
0.783
0.471
0.185
0.835
0.735
0.322
0.013
0.222
0.559
0.177
0.011
0.047
0.489
0.313
0.153
0.997
0.2
0.797
0.756
0.149
0.469
0.917
0.983
0.771
0.066
0.509
0.719
0.826
0.846
0.789
0.523
0.79
0.341
0.786
0.434
0.882
0.351
0.612
0.147
0.766
0.829
0.213
0.919
0.413
0.441
0.199
0.498
0.548
0.937
0.064
0.745
0.455
0.448
0.144
0.088
0.221
0.068
0.883
0.022
0.91
0.38
0.148
0.752
0.002
0.649
0.5
0.414
0.84
0.524
0.871
0.743
0.594
0.762
0.3
0.345
0.076
0.16
0.957
0.107
0.184
0.922
0.242
0.18
0.916
0.391
0.155
0.807
0.327
0.807
0.699
0.604
0.245
0.632
0.088
0.643
0.774
0.781
0.675
0.104
0.071
0.673
0.089
0.894
0.476
0.444
0.201
0.356
0.44
0.426
0.41
0.933
0.742
0.806
0.993
0.261
0.259
0.354
0.388
0.798
0.854
0.357
0.402
0.741
0.301
0.586
0.679
0.009
0.811
0.93
0.344
0.631
0.306
0.97
0.326
0.123
0.775
0.011
0.514
0.414
0.963
0.483
0.811
0.922
0.077
0.568
0.029
0.127
0.309
0.668
0.338
0.094
0.988
0.756
0.988
0.107
0.314
0.942
0.013
0.161
0.501
0.769
0.111
0.543
0.208
0.188
0.109
0.475
0.481
0.793
0.068
0.061
0.627
0.91
0.406
0.817
0.261
0.725
0.405
0.907
0.99
0.157
0.278
0.158
0.141
0.246
0.702
0.085
0.492
0.651
0.472
0.668
0.404
0.95
0.43
0.653
0.75
0.164
0.354
0.644
0.85
0.432
0.327
0.928
0.241
0.761
0.839
0.104
0.792
0.202
0.426
0.033
0.812
0.17
0.927
0.982
0.541
0.895
0.864
0.769
0.388
0.523
0.995
0.8
0.043
0.708
0.084
0.208
0.252
0.624
0.534
0.413
0.97
0.686
0.53
0.871
0.988
0.052
0.025
0.33
0.429
0.094
0.553
0.188
0.222
0.525
0.679
0.937
0.581
0.301
0.037
0.138
0.732
0.671
0.083
0.886
0.892
0.617
0.353
0.955
0.563
0.688
0.215
0.965
0.005
0.068
0.014
0.346
0.413
0.81
0.758
0.595
0.715
0.069
0.537
0.765
0.555
0.096
0.007
0.826
0.622
0.357
0.996
0.399
0.097
0.506
0.096
0.973
0.28
0.912
0.042
0.131
0.452
0.971
0.18
0.253
0.185
0.668
0.414
0.244
0.318
0.116
0.774
0.181
0.871
0.339
0.843
0.701
0.784
