0.303
0.926
0.2
0.795
0.647
0.999
0.958
0.365
0.011
0.233
0.295
0.74
0.781
0.123
0.869
0.733
0.565
0.739
0.142
0.454
0.375
0.455
0.241
0.231
0.95
0.378
0.695
0.118
0.111
0.287
0.954
0.775
0.81
0.37
0.31
0.198
0.524
0.24
0.059
0.125
0.28
0.104
0.297
0.768
0.285
0.508
0.947
0.849
0.63
0.524
999
0.098
0.618
0.031
0.133
0.95
0.706
0.674
0.013
0.755
0.345
0.153
0.271
0.314
0.243
0.505
0.368
0.806
0.545
0.462
0.326
0.263
0.971
0.687
0.123
0.184
0.268
0.754
0.944
0.547
0.753
0.733
0.368
0.523
0.696
0.092
0.507
0.031
0.491
0.893
0.754
0.857
0.714
0.339
0.57
0.251
0.203
0.77
0.084
0.115
0.967
0.241
0.639
0.266
0.998
0.227
0.365
0.273
0.643
0.09
0.347
0.52
0.126
0.045
0.182
0.028
0.305
0.317
0.462
0.255
0.729
0.355
0.745
0.378
0.927
0.646
0.978
0.06
0.794
0.592
0.179
0.013
0.876
0.782
0.518
0.071
0.943
0.727
0.155
0.03
0.469
0.891
0.42
0.918
0.583
0.95
0.192
0.859
0.307
0.345
0.709
0.067
0.499
0.364
0.951
0.739
0.583
0.121
0.505
0.747
0.087
0.723
0.736
0.719
0.739
0.662
0.949
0.813
0.513
0.47
0.385
0.231
0.667
0.039
0.379
999
0.915
0.731
0.138
0.585
0.053
0.336
0.632
0.194
0.448
0.931
0.584
0.563
0.163
0.199
0.327
0.578
0.715
0.397
0.331
0.95
0.888
0.036
0.128
0.444
0.03
0.132
0.91
0.904
0.339
0.525
0.397
0.744
0.118
0.729
0.826
0.254
0.942
0.388
0.211
0.259
0.985
0.985
0.616
0.747
0.432
0.789
0.239
0.582
0.329
0.753
0.948
0.861
0.967
0.602
0.265
0.023
0.094
0.443
0.591
0.473
0.484
0.446
0.893
0.148
0.173
0.252
0.004
0.99
0.426
0.448
0.63
0.548
0.855
0.203
0.083
0.974
0.738
0.468
0.414
0.937
0.137
0.484
0.043
0.519
0.805
0.284
0.191
0.435
0.407
0.436
0.542
0.928
0.409
0.899
0.797
0.156
0.615
0.481
0.473
0.186
0.502
0.506
0.934
0.5
0.963
0.555
0.958
0.473
0.386
0.954
0.447
0.472
0.41
0.421
0.182
0.146
0.425
0.093
0.198
0.691
0.899
0.082
0.313
0.02
0.244
0.83
0.19
0.731
0.33
0.221
0.346
0.801
0.623
0.659
0.036
0.205
0.073
0.183
0.321
0.364
0.524
0.649
0.33
0.541
0.455
0.475
0.832
0.911
0.208
0.188
0.371
0.761
0.129
0.147
0.529
0.197
0.465
0.411
0.536
0.62
0.232
0.586
0.093
0.986
0.595
0.815
0.938
0.366
0.723
0.584
0.9
0.301
0.374
0.847
0.421
0.087
0.123
0.248
0.374
0.984
0.271
0.46
0.64
0.125
0.949
1.0
0.457
0.695
0.858
0.635
0.283
0.294
0.121
0.841
0.359
0.26
0.37
0.158
0.079
0.604
0.054
0.194
0.182
0.869
0.58
0.174
0.011
0.681
0.066
0.009
0.121
0.735
0.835
0.384
0.838
0.512
0.338
0.507
0.268
0.544
0.179
0.517
0.024
0.396
0.847
0.835
0.634
0.44
0.496
0.335
0.389
0.328
0.463
0.293
0.579
0.508
0.154
0.49
0.606
0.574
0.969
0.734
0.074
0.831
0.64
0.525
0.037
0.103
0.882
0.951
0.28
0.606
0.583
0.403
999
0.792
0.404
0.937
0.999
0.814
0.709
0.308
0.135
0.832
0.905
0.423
0.439
0.768
0.935
0.432
0.974
0.689
0.273
0.828
0.591
0.528
0.17
0.437
0.482
0.276
0.595
0.931
0.429
0.473
0.277
0.053
0.124
0.16
0.587
0.504
0.081
0.434
0.246
0.65
0.33
0.692
0.271
0.126
0.984
0.646
0.874
0.435
0.04
0.872
0.36
0.93
0.395
0.963
0.132
0.781
0.12
0.726
0.277
0.113
0.938
0.816
0.992
0.442
0.527
0.382
0.992
0.632
0.599
0.69
0.585
0.576
0.252
0.571
0.792
0.355
0.719
0.997
0.159
0.676
0.231
0.788
0.53
0.442
0.582
0.709
0.368
0.798
0.107
0.748
0.631
0.871
0.535
0.803
0.909
0.928
0.951
0.206
0.688
0.688
0.76
0.366
0.015
0.629
0.399
0.693
0.353
0.083
0.305
0.968
0.011
0.86
0.72
0.931
0.869
0.436
0.052
0.774
0.325
0.274
0.156
0.987
0.671
0.865
0.2
0.582
0.564
0.362
0.113
0.485
0.985
0.451
0.532
0.248
0.374
0.144
0.138
0.148
0.941
0.446
0.806
0.29
0.133
0.031
0.627
0.625
0.475
0.485
0.764
0.859
0.102
0.436
0.795
0.064
0.229
0.224
0.556
0.736
0.511
0.403
0.63
0.045
0.219
0.144
0.603
0.277
0.358
0.386
0.16
0.239
0.254
0.184
0.131
0.598
0.086
0.179
0.572
0.589
0.507
0.414
0.084
0.094
0.584
0.91
0.971
0.597
0.209
0.33
0.661
0.611
0.963
0.435
0.731
0.95
0.927
0.65
0.788
0.694
0.614
0.678
0.738
0.231
0.57
0.96
0.581
0.683
0.08
0.148
0.824
0.38
0.454
0.052
0.132
0.625
0.759
0.839
0.135
0.056
0.612
0.368
0.317
0.982
0.438
0.849
0.239
0.028
0.228
0.948
0.04
0.537
0.81
0.504
0.397
0.13
0.649
0.236
0.204
0.772
0.238
0.131
0.102
0.963
0.152
0.097
0.73
0.388
0.306
0.667
0.806
0.709
0.273
0.043
0.59
0.125
0.345
0.944
0.426
0.61
0.455
0.805
0.109
0.852
0.475
0.23
0.951
0.092
0.167
0.483
0.1
0.578
0.867
0.609
0.559
0.165
0.96
0.092
0.971
0.906
0.786
0.835
0.747
0.923
0.015
0.789
0.099
0.649
0.324
0.576
0.28
0.836
0.876
0.507
0.901
0.836
0.561
0.464
0.55
0.265
0.028
0.276
0.158
0.329
0.294
0.391
0.418
0.82
0.575
0.35
0.262
0.231
0.484
0.779
0.396
0.862
0.034
0.335
0.796
0.96
0.995
0.356
0.482
0.231
0.304
0.287
0.823
0.444
0.279
0.258
0.215
999
0.021
0.688
0.513
0.723
0.614
0.488
0.715
0.016
0.939
0.533
0.436
0.846
0.842
0.773
0.121
0.24
0.631
0.663
0.635
0.777
0.168
0.685
0.066
0.039
0.31
0.452
0.859
0.715
0.492
0.444
0.708
0.878
0.867
0.28
0.962
0.538
0.094
0.361
0.472
0.639
0.38
0.153
0.66
0.89
0.773
0.692
0.522
0.577
0.063
0.076
0.325
0.29
0.776
0.833
0.258
0.786
0.371
0.489
0.788
0.77
0.425
0.186
0.911
0.231
0.127
0.531
0.918
0.756
0.799
0.696
0.326
0.819
0.445
0.139
0.379
0.731
0.237
0.629
0.074
0.348
0.988
0.27
0.141
0.196
0.187
0.524
0.035
0.512
0.581
0.436
0.703
0.221
0.245
0.359
0.845
0.184
0.153
0.632
0.366
0.372
0.815
0.469
0.83
0.722
0.616
0.703
0.967
0.771
0.532
0.011
0.597
0.623
0.756
0.796
0.997
0.506
0.253
0.588
0.53
0.223
0.349
0.134
0.814
0.083
0.61
0.934
1.0
0.653
0.726
0.309
0.659
0.099
0.81
0.173
0.906
0.014
0.809
0.647
0.156
0.647
0.352
0.38
0.813
0.387
0.504
0.87
0.649
0.626
0.452
0.571
0.476
0.18
0.728
0.65
0.568
0.143
0.158
0.116
0.587
0.858
0.441
0.809
0.43
0.588
0.867
0.268
0.006
0.41
0.41
0.011
0.576
0.327
0.457
0.984
0.71
0.552
0.381
0.461
0.731
0.732
0.902
0.837
0.126
0.154
0.501
0.273
0.568
0.586
0.797
0.369
0.734
0.502
0.308
0.902
0.97
0.488
0.195
0.929
0.589
0.702
0.878
0.702
0.185
0.697
0.302
0.814
0.875
0.059
0.077
0.749
0.696
0.607
0.137
0.479
0.539
0.723
0.89
0.516
0.894
0.12
0.469
0.867
0.528
0.547
0.237
0.94
0.284
0.394
0.379
0.992
0.512
0.775
0.267
0.593
0.113
0.124
999
0.208
0.255
0.246
