0.234
0.68
0.073
0.667
0.761
0.908
0.418
0.773
0.921
0.908
0.586
0.964
0.216
0.354
0.124
0.36
0.07
0.769
0.574
0.412
0.968
0.096
0.029
0.687
0.822
0.548
0.597
0.96
0.033
0.154
0.78
0.396
0.302
0.235
0.324
0.166
0.33
0.849
0.756
0.334
0.651
0.991
0.369
0.99
0.633
0.213
0.568
0.617
0.893
0.638
0.509
0.717
0.07
0.006
0.476
0.057
0.19
0.303
0.232
0.715
0.719
0.35
0.959
0.589
0.429
0.166
0.255
0.017
0.373
0.285
0.635
0.27
0.146
0.331
0.443
0.018
0.797
0.102
0.666
0.367
0.891
0.15
0.495
0.236
0.023
0.905
0.792
0.736
0.183
0.504
0.638
0.783
0.792
0.179
0.939
0.145
0.694
0.506
0.004
0.217
0.623
0.299
0.464
0.869
0.415
0.974
0.791
0.538
0.912
0.029
0.837
0.556
0.51
0.982
0.746
0.828
0.136
0.743
0.476
0.401
0.824
0.952
0.086
0.391
0.375
0.174
0.148
0.219
0.416
0.846
0.253
0.604
0.392
0.044
0.851
0.95
0.435
0.825
0.224
0.492
0.703
0.635
0.14
0.986
0.467
0.013
0.74
0.895
0.963
0.804
0.856
0.45
0.187
0.349
0.477
0.547
0.491
0.243
0.646
0.751
0.721
0.802
0.479
0.873
0.812
0.598
0.345
0.985
0.375
0.075
0.197
0.124
0.751
0.327
0.589
0.15
0.575
0.817
0.395
0.053
0.416
0.38
0.618
0.648
0.278
0.824
0.139
0.073
0.602
0.57
0.451
0.619
0.988
0.659
0.34
0.936
0.248
0.838
0.136
0.196
