0.033
0.973
0.796
0.318
0.057
0.914
0.793
0.779
0.414
0.357
0.185
0.039
0.635
0.318
0.395
0.683
0.828
0.393
0.176
0.067
0.538
0.686
0.194
0.388
0.375
0.878
0.104
0.876
0.977
0.224
0.515
0.922
0.626
0.396
0.329
0.022
0.585
0.378
0.813
0.441
0.928
0.289
0.288
0.355
0.978
0.759
0.512
0.359
0.455
0.381
0.966
0.01
0.04
0.585
0.778
0.193
0.24
0.667
0.794
0.405
0.794
0.475
0.206
0.771
0.11
0.878
0.232
0.22
0.193
0.336
0.556
0.691
0.388
0.273
0.928
0.895
0.766
0.532
0.682
0.067
0.262
0.168
0.185
0.507
0.794
0.653
0.465
0.253
0.598
0.58
0.677
0.936
0.019
0.379
0.478
0.41
0.323
0.188
0.041
0.959
0.906
0.303
0.974
0.531
0.577
0.925
0.122
0.183
0.923
0.5
0.022
0.34
0.351
0.65
0.627
0.501
0.059
0.689
0.088
0.827
0.908
0.25
0.289
0.018
0.961
0.845
0.372
0.912
0.172
0.725
0.598
0.036
0.966
0.605
0.642
0.764
0.991
0.901
0.541
0.797
0.732
0.077
0.938
0.114
0.792
0.86
0.782
0.31
0.396
0.062
0.416
0.691
0.55
0.236
0.831
0.17
0.212
0.359
0.057
0.073
0.618
0.042
0.827
0.864
0.662
0.452
0.678
0.097
0.849
0.401
0.7
0.89
0.317
0.604
0.942
0.77
0.89
0.789
0.981
0.761
0.511
0.108
0.174
0.507
0.661
0.274
0.153
0.72
0.819
0.999
0.262
0.995
0.533
0.713
0.56
0.91
0.96
0.105
0.738
0.577
