0.214
0.0
0.094
0.146
0.93
0.034
0.854
0.091
0.338
0.852
0.08
0.944
0.315
0.275
0.874
0.464
0.174
0.011
0.16
0.65
0.574
0.29
0.44
0.376
0.712
0.541
0.624
0.324
0.122
0.855
0.269
0.336
0.121
0.823
0.132
0.064
0.472
0.558
0.103
0.301
0.022
0.082
0.719
0.472
0.443
0.24
0.037
0.006
0.469
0.616
0.056
0.414
0.249
0.893
0.467
0.183
0.783
0.072
0.596
0.519
0.56
0.804
0.867
0.206
0.629
0.876
0.502
0.457
0.363
0.408
0.469
0.651
0.642
0.428
0.516
0.953
0.597
0.802
0.089
0.473
0.582
0.307
0.153
0.634
0.059
0.03
0.314
0.196
0.72
0.807
0.223
0.447
0.94
0.271
0.649
0.166
0.769
0.709
0.92
0.097
0.485
0.649
0.341
0.21
0.869
0.5
0.082
0.522
0.909
0.895
0.009
0.77
0.89
0.939
0.055
0.955
0.013
0.084
0.36
ERROR
0.842
0.99
0.539
0.256
0.366
0.703
0.408
0.403
0.159
0.301
0.469
0.797
0.652
0.123
0.111
0.469
0.252
0.967
0.74
0.225
0.546
0.256
0.571
0.448
0.55
0.679
0.97
0.941
0.655
0.256
0.513
0.549
0.212
0.121
0.31
0.461
0.684
0.921
0.831
0.436
0.603
0.332
0.044
0.741
0.766
0.143
0.569
0.355
0.027
0.641
0.322
0.094
0.683
0.008
0.344
0.698
0.659
0.483
0.778
0.579
0.19
0.762
0.246
0.881
0.234
0.816
0.17
0.645
0.226
0.516
0.617
0.432
0.357
0.047
0.946
0.125
0.761
0.566
0.831
0.176
