0.202
0.847
0.369
0.665
0.852
0.201
0.712
0.094
0.33
0.858
0.28
0.157
0.07
0.497
0.649
0.984
0.5
0.109
0.759
0.422
0.38
0.266
0.459
0.654
0.261
0.185
0.892
0.011
0.907
0.344
0.46
0.022
0.571
0.404
0.893
0.517
0.542
0.37
0.47
0.172
0.762
0.399
0.563
0.9
0.988
0.165
0.203
0.476
0.29
0.497
0.011
0.18
0.788
0.961
0.326
0.31
0.737
0.877
0.521
0.097
ERROR
0.2
0.026
ERROR
0.656
0.287
0.005
0.402
0.006
0.577
0.751
0.729
0.397
0.33
0.41
0.812
0.629
0.507
0.693
0.4
0.194
0.605
0.607
0.639
0.311
0.188
0.761
0.143
0.533
0.371
0.225
0.299
0.623
0.355
0.006
0.619
0.478
0.387
0.639
0.301
0.063
0.087
0.888
0.05
0.818
0.823
0.277
0.26
0.537
0.241
0.115
0.951
0.893
0.965
0.364
0.25
0.553
0.614
0.159
0.316
0.512
0.573
0.253
0.696
0.597
0.589
0.739
0.778
0.975
0.831
0.41
0.557
0.025
0.325
0.739
0.275
0.277
0.896
0.891
0.778
0.299
0.325
0.916
0.544
0.846
0.013
0.353
0.855
0.632
0.723
0.281
0.008
0.12
0.763
0.717
0.692
0.302
0.806
0.997
0.826
0.309
0.796
0.017
0.993
0.244
0.206
0.859
0.075
0.98
0.043
0.95
0.564
0.049
0.242
0.236
0.102
0.004
0.521
0.774
0.573
0.158
0.408
0.915
0.327
0.746
0.451
0.338
0.727
0.107
0.331
0.985
0.158
0.298
0.185
0.611
0.361
0.079
0.283
0.146
0.036
