0.499
0.576
0.133
0.199
0.818
0.777
0.736
0.261
0.021
0.67
0.842
0.896
0.891
0.24
0.149
0.442
0.19
0.519
0.733
0.433
0.215
0.432
0.269
0.542
0.75
0.582
0.501
0.212
0.651
0.126
0.188
0.815
0.765
0.836
0.226
0.886
0.352
0.503
0.671
0.465
0.349
0.249
0.612
0.132
0.694
0.34
0.748
0.513
0.192
0.101
0.162
0.598
0.988
0.881
0.015
0.579
0.922
0.427
0.448
0.501
0.161
0.915
0.173
0.863
0.762
0.468
0.296
0.262
0.803
0.851
0.306
0.413
0.259
0.68
0.852
0.246
0.051
0.333
0.564
0.891
0.032
0.672
0.385
0.426
0.652
0.229
0.57
0.728
0.251
0.026
0.508
0.877
0.116
0.726
0.285
0.859
0.247
0.977
0.039
0.645
0.33
0.313
0.127
0.514
0.27
0.458
0.027
0.572
0.816
0.274
0.49
0.852
0.07
0.096
0.574
0.623
0.036
0.122
0.793
0.482
0.618
0.461
0.031
0.204
0.107
0.402
0.084
0.178
0.163
0.388
0.372
0.714
0.744
0.61
0.208
0.595
0.551
0.362
0.337
0.96
0.965
0.944
0.18
0.249
0.016
0.657
0.294
0.027
0.588
0.102
0.888
0.923
0.419
0.202
0.108
0.79
0.488
0.773
0.805
0.281
0.365
0.222
0.302
0.302
0.511
0.584
0.92
0.366
0.87
0.284
0.417
0.881
0.108
0.881
0.192
0.195
0.125
0.919
0.041
0.955
0.401
999
0.922
0.461
0.739
0.413
0.654
0.017
0.402
0.74
0.377
0.848
0.952
0.821
0.01
0.739
0.915
0.164
0.022
0.52
0.279
0.236
0.167
0.916
0.903
0.771
0.268
0.454
0.939
0.032
0.793
0.868
0.881
0.819
0.891
0.551
0.107
0.316
0.503
0.434
0.717
0.105
0.174
0.008
0.063
0.178
0.33
0.103
0.628
0.53
0.347
0.31
0.781
0.349
0.492
0.679
0.674
0.744
0.776
0.106
0.487
0.695
0.424
0.071
0.966
0.202
0.443
0.065
0.919
0.057
0.299
0.354
0.317
0.811
0.659
0.134
0.963
0.045
0.147
0.921
0.573
0.362
0.658
0.872
0.936
0.248
0.471
0.796
0.281
0.827
0.798
0.92
0.542
0.109
0.615
0.14
0.397
0.006
0.012
0.408
0.058
0.19
0.023
0.298
0.572
0.656
0.544
0.519
0.548
999
0.221
0.089
0.389
0.512
0.477
0.482
0.007
0.309
0.573
0.878
0.007
0.387
0.005
0.714
0.116
0.266
0.02
0.753
0.849
0.141
0.39
0.774
0.001
0.399
0.393
0.343
0.667
0.45
0.512
0.61
0.359
0.223
0.681
0.378
0.899
0.742
0.976
0.867
0.164
0.717
0.086
0.954
0.294
0.755
0.803
0.477
0.723
0.674
0.476
0.751
0.728
0.771
0.731
0.645
0.637
0.462
0.644
0.951
0.281
0.13
0.718
0.34
0.023
0.454
0.114
0.236
0.855
0.422
0.251
0.239
0.535
0.564
0.432
0.408
0.84
0.593
0.385
0.216
0.862
0.735
0.279
0.638
0.053
0.158
0.304
0.869
0.591
0.036
0.985
0.312
0.143
0.96
0.361
0.309
0.219
0.247
0.32
0.386
0.528
0.137
0.02
0.257
0.424
0.665
0.472
0.946
0.326
0.106
0.01
0.51
0.89
0.751
0.991
0.926
0.477
0.758
0.931
0.324
0.548
0.203
0.38
0.177
0.42
0.92
0.611
0.268
0.288
0.652
0.479
0.599
0.09
0.092
0.944
0.309
0.324
0.631
0.952
0.067
0.442
0.642
0.378
0.85
0.579
0.695
0.803
0.525
0.606
0.272
0.018
0.569
0.885
0.933
0.558
0.279
0.931
0.488
0.615
0.799
0.692
0.405
0.191
0.89
0.7
0.543
0.927
0.332
0.173
0.41
0.852
0.094
0.662
0.814
0.135
0.067
0.84
0.839
0.782
0.462
0.592
0.492
0.817
0.45
0.77
0.833
0.594
0.246
0.188
0.926
0.165
0.506
0.415
0.829
0.215
0.895
0.508
0.475
0.101
0.245
0.786
0.416
0.731
0.834
0.841
0.825
0.108
0.823
0.158
0.419
0.258
0.335
0.267
0.551
0.108
0.384
0.909
0.525
0.41
0.906
0.328
0.95
0.026
0.8
0.093
0.801
0.27
0.573
0.996
0.57
0.611
0.959
0.812
0.521
0.182
0.362
0.149
0.34
0.587
0.751
0.993
0.895
0.488
0.152
0.57
0.027
0.797
0.66
0.21
0.691
0.558
0.331
0.071
0.361
0.191
0.194
0.484
0.634
0.882
0.35
0.516
0.722
0.179
0.781
0.44
0.241
0.542
0.99
0.869
0.519
0.813
0.914
0.773
0.26
0.327
0.653
0.046
0.338
0.995
0.385
0.422
0.37
0.83
0.602
0.701
0.45
0.532
0.066
0.408
0.404
0.189
0.794
0.396
0.529
0.166
0.043
0.711
0.084
0.719
0.843
0.167
0.365
0.338
0.297
0.25
0.177
0.402
0.293
0.194
0.065
0.78
0.743
0.821
0.619
0.6
0.995
0.689
0.263
0.548
0.384
0.252
0.834
0.966
0.181
0.659
0.336
0.804
0.19
0.529
0.233
0.095
0.702
0.263
0.433
0.101
0.352
0.853
0.306
0.765
0.476
0.046
0.266
0.217
0.98
0.748
0.855
0.938
0.62
0.574
0.976
0.369
0.632
0.335
0.456
0.432
0.831
0.983
0.792
0.795
0.966
0.183
0.477
0.291
0.845
0.524
0.679
0.605
0.509
0.688
0.507
0.687
0.014
0.98
0.841
0.931
0.48
0.591
0.872
0.879
0.942
0.992
0.143
0.128
0.611
0.921
0.558
0.399
0.891
0.089
0.197
0.889
0.401
0.349
0.729
0.452
0.728
0.982
0.769
0.068
0.24
0.222
0.543
0.04
0.314
0.694
0.27
0.704
0.818
0.268
0.844
0.487
0.814
0.232
0.122
0.395
0.798
0.049
0.569
0.882
0.041
0.223
0.031
0.378
0.964
0.779
0.022
0.139
0.508
0.538
0.356
0.762
0.892
0.161
0.503
0.158
0.852
0.784
0.315
0.668
0.475
0.125
0.93
0.583
0.202
0.129
0.463
0.886
0.156
0.606
0.692
0.102
0.24
0.763
0.581
0.723
0.483
0.811
0.137
0.779
0.077
0.763
0.391
0.317
0.888
0.098
0.21
0.902
0.925
0.904
0.273
0.893
0.102
0.858
0.002
0.326
0.874
0.892
0.913
0.068
0.723
0.161
0.42
0.571
0.785
0.353
0.096
0.701
0.258
0.102
0.965
0.416
0.589
0.382
0.61
0.662
0.515
0.143
0.203
0.802
0.763
0.774
0.203
0.941
0.374
0.128
0.364
0.527
0.896
0.622
0.648
0.093
0.407
0.26
0.992
0.482
0.02
0.105
0.451
0.994
0.634
0.476
0.041
0.695
0.312
0.935
0.15
0.415
0.352
0.668
0.317
0.02
0.943
0.278
0.67
0.387
0.994
0.946
0.864
0.919
0.134
0.225
0.935
0.53
0.772
0.146
0.922
0.186
0.591
0.814
0.261
0.948
0.801
0.466
0.672
0.429
0.59
0.415
0.989
0.032
0.573
0.619
0.859
0.108
0.021
0.634
0.967
0.623
0.454
0.244
0.824
0.89
0.472
0.039
0.429
0.598
0.762
0.409
0.443
0.74
0.426
0.184
0.794
0.735
0.932
0.513
0.939
0.626
0.158
0.653
0.144
0.345
0.466
0.923
0.666
0.802
0.593
0.832
0.055
0.444
0.856
0.136
0.319
0.925
0.717
0.856
0.738
0.491
0.072
0.869
0.189
0.678
0.266
0.326
0.2
0.96
0.555
0.755
0.186
0.173
0.818
0.735
0.853
0.301
0.387
0.509
0.819
0.011
0.548
0.627
0.771
0.379
0.936
0.714
0.27
0.244
0.951
0.074
0.923
0.05
0.334
0.576
0.022
0.106
0.548
0.469
0.986
0.738
0.124
0.648
0.288
0.341
0.566
0.851
0.763
0.198
0.329
0.417
0.977
0.662
0.568
0.583
0.577
0.382
0.214
0.002
0.454
0.874
0.823
0.211
0.23
0.476
0.259
0.878
0.312
0.342
0.543
0.568
0.171
0.13
0.951
0.06
0.765
0.197
0.108
0.286
0.535
0.577
0.193
0.099
0.055
0.706
0.687
0.221
0.709
0.862
0.06
0.647
0.07
0.241
0.018
0.091
0.583
0.741
0.862
0.283
0.633
0.241
0.54
0.335
0.816
0.811
0.57
