0.271
0.059
0.901
0.939
0.189
0.274
0.809
0.62
0.634
0.02
0.095
0.133
0.635
0.028
0.344
0.086
0.201
0.818
0.154
0.362
0.845
0.03
0.822
0.257
0.874
0.907
0.049
0.812
0.972
0.311
0.37
0.062
0.542
0.371
0.075
0.621
0.141
0.028
0.808
0.666
0.366
0.956
0.66
0.816
0.689
0.673
0.261
0.996
0.477
0.516
0.911
0.993
0.47
0.616
0.419
0.489
0.62
0.942
0.996
0.637
0.662
0.616
0.528
0.566
0.273
0.365
0.472
0.804
0.457
0.407
0.845
0.325
0.241
0.557
0.465
0.718
0.117
0.302
0.963
0.715
0.909
0.24
0.909
0.375
0.529
0.993
0.379
0.483
0.164
0.357
0.857
0.279
0.923
0.538
0.339
0.668
0.891
0.415
0.238
0.026
0.819
0.342
0.189
0.441
0.877
0.592
0.495
0.3
0.379
0.883
0.016
0.58
0.519
0.773
0.181
0.488
0.008
0.585
0.619
0.72
0.967
0.555
0.536
ERROR
0.337
0.982
0.367
0.455
0.194
0.673
0.481
0.306
0.786
0.991
0.373
0.799
0.116
0.016
0.118
0.726
0.756
0.44
0.914
0.026
0.335
0.643
0.653
0.452
0.528
0.195
0.696
0.51
0.131
0.992
0.623
0.058
0.507
0.381
0.821
0.511
0.616
0.857
0.165
0.933
0.766
0.452
0.209
0.296
0.008
0.551
0.875
0.88
0.532
0.114
0.974
0.715
0.225
0.686
0.845
0.605
0.984
0.43
0.591
0.06
0.599
0.777
0.481
0.74
0.181
0.676
0.894
0.576
0.46
0.85
0.74
0.694
0.837
ERROR
0.511
0.466
