0.032
0.989
0.384
0.658
0.057
0.771
0.124
0.863
0.045
0.409
0.175
0.929
0.786
0.179
0.909
0.514
0.743
0.538
0.437
0.277
0.521
0.506
0.591
0.995
0.185
0.714
0.163
0.658
0.757
0.106
0.374
0.915
0.111
0.367
0.583
0.793
0.285
0.213
0.306
0.904
0.604
0.774
0.693
0.002
0.073
0.925
0.12
0.594
0.604
0.49
0.626
0.773
0.11
0.173
0.542
0.86
0.687
0.243
0.66
0.023
0.9
0.771
0.502
0.315
0.538
0.044
0.861
0.73
0.327
0.267
0.435
0.7
0.038
0.782
0.957
0.531
0.412
0.466
0.945
0.538
0.675
0.144
0.629
0.812
0.694
0.919
0.735
0.886
0.627
0.018
0.193
0.805
0.819
0.246
0.237
0.809
0.489
0.949
0.974
0.06
0.087
0.601
0.435
0.921
0.118
0.662
0.414
0.486
0.591
0.036
0.415
0.444
0.993
0.161
0.527
0.696
0.572
0.968
0.719
0.465
0.363
0.16
0.021
0.905
0.681
0.653
0.287
0.115
0.942
0.745
0.806
0.947
0.56
0.549
0.582
0.69
0.419
0.578
0.691
0.66
0.107
0.039
0.745
0.663
0.386
0.942
0.008
0.744
0.991
0.531
0.295
0.021
0.669
0.7
0.94
0.612
0.478
0.965
0.416
0.143
0.008
0.664
0.725
0.312
0.228
0.291
0.531
0.625
0.211
0.836
0.258
0.64
0.576
0.975
0.485
0.933
0.508
0.622
0.274
0.068
0.979
0.206
0.224
0.416
0.55
0.768
0.412
0.4
0.229
0.249
0.093
0.994
0.87
0.077
0.319
0.683
0.394
0.419
0.736
0.129
0.459
0.985
0.983
0.96
0.402
0.407
0.613
0.263
0.353
0.256
0.099
0.539
0.609
0.546
0.151
0.511
0.093
0.48
0.652
0.68
0.849
0.608
0.343
0.983
0.106
0.248
0.846
0.994
0.554
0.914
0.021
0.001
0.85
0.42
0.863
0.671
0.191
0.346
0.563
0.619
0.799
0.495
0.217
0.287
0.722
0.172
0.708
0.679
0.839
0.453
0.241
0.864
0.513
0.814
0.619
0.211
0.967
0.143
0.824
0.758
0.09
0.074
0.616
0.412
0.378
0.26
0.092
0.308
0.727
0.231
0.875
0.849
0.578
0.573
0.435
999
0.913
0.252
0.339
0.754
0.06
0.011
0.163
0.173
0.493
0.964
0.325
0.781
0.19
0.279
0.643
0.288
0.767
0.274
0.146
0.186
0.413
0.97
0.857
0.644
0.433
0.52
0.366
0.38
0.689
0.066
0.482
0.519
0.139
0.57
0.294
0.81
0.871
0.176
0.323
0.521
0.077
0.978
0.356
0.985
0.244
0.922
0.718
0.083
0.575
0.535
0.573
0.482
0.808
0.312
0.115
0.117
0.892
0.582
0.912
0.531
0.033
0.209
0.511
0.289
0.971
0.115
0.613
0.893
0.498
0.585
0.999
0.464
0.446
0.318
0.086
0.167
0.714
0.912
0.555
0.752
0.838
0.333
0.905
0.018
0.174
0.283
0.991
0.612
0.663
0.76
0.44
0.079
0.394
0.44
0.493
0.734
0.416
0.023
0.348
0.225
0.025
0.952
0.078
0.972
0.605
0.757
0.352
0.966
0.276
0.341
0.983
0.598
0.562
0.873
0.848
0.738
0.89
0.623
0.616
0.564
999
0.515
0.377
0.71
0.057
0.924
0.972
0.529
0.265
0.715
0.979
0.364
0.937
0.289
0.357
0.802
0.405
0.78
0.723
0.599
0.711
0.328
0.328
0.152
0.651
0.882
0.924
0.181
0.999
0.497
0.594
0.397
0.575
0.966
0.389
0.464
0.619
0.909
0.018
0.272
0.34
0.668
0.296
0.99
0.149
0.362
0.097
0.589
0.286
0.456
0.205
0.883
0.234
0.262
0.58
0.704
0.494
0.71
0.972
0.498
0.411
0.792
0.36
0.826
0.339
0.859
0.908
0.547
0.104
0.333
0.679
0.13
0.934
0.21
0.261
0.084
0.091
0.836
0.774
0.749
0.371
0.52
0.413
0.405
0.154
0.648
0.269
0.873
0.316
0.633
0.122
0.077
0.649
0.055
0.487
0.061
0.436
0.212
0.641
0.208
0.301
0.345
0.301
0.135
0.962
0.409
0.935
0.914
0.274
0.458
0.003
0.971
0.437
0.739
0.692
0.127
0.951
0.538
0.82
0.05
0.357
0.913
0.789
0.01
0.446
0.167
0.334
0.93
0.623
0.057
0.845
0.078
0.091
0.989
0.916
0.1
0.058
0.541
0.272
0.387
0.62
0.667
0.423
0.986
0.4
0.782
0.433
0.182
0.039
0.583
0.653
0.294
0.365
0.139
0.408
0.785
0.558
0.283
0.487
0.837
0.557
0.978
0.633
0.318
0.998
0.867
0.919
0.757
0.888
0.986
0.157
0.043
0.271
0.386
0.512
0.586
0.202
0.042
0.477
0.698
0.059
0.113
0.159
0.931
0.232
0.272
0.151
0.316
0.47
0.057
0.414
0.776
0.501
0.583
0.912
0.977
0.232
0.758
0.965
0.071
0.974
0.381
0.342
0.047
0.103
0.304
0.209
0.608
0.676
0.577
0.364
0.182
0.652
0.564
0.658
0.814
0.525
0.323
0.147
0.142
0.528
0.744
0.819
0.174
0.075
0.998
0.754
0.261
0.832
0.873
0.118
0.962
0.239
0.151
0.76
0.71
0.679
0.355
0.997
0.915
0.753
0.456
0.047
0.307
0.694
0.995
0.878
0.394
0.326
0.617
0.553
0.651
0.557
0.055
0.111
0.47
0.161
0.469
0.587
0.101
0.074
0.031
0.664
0.095
0.393
0.268
0.436
0.05
0.969
0.421
0.099
0.127
0.796
0.701
0.07
0.131
0.038
0.93
0.6
0.243
0.883
0.322
0.183
0.777
0.796
0.551
0.846
0.693
0.687
0.871
0.222
0.266
0.997
0.615
0.645
0.233
0.205
0.209
0.238
0.674
0.279
0.205
0.751
0.198
0.892
0.587
0.85
0.726
0.412
0.004
0.988
0.139
0.304
0.46
0.284
0.815
0.933
0.226
0.928
0.446
0.897
0.742
0.772
0.871
0.22
0.785
0.146
0.982
0.274
0.347
0.042
0.366
0.488
0.432
0.955
0.581
0.979
0.479
0.27
0.642
0.083
0.747
0.345
0.101
0.517
0.955
0.932
0.862
0.692
0.403
0.195
0.25
0.623
0.862
0.309
0.491
0.683
0.803
0.096
0.799
0.771
0.358
0.285
0.935
0.232
0.836
0.494
0.078
0.845
0.79
0.281
0.23
0.92
0.986
0.345
0.531
0.041
0.222
0.254
0.657
0.797
0.482
0.57
0.292
0.777
0.826
0.998
0.725
0.141
0.489
0.296
0.163
0.768
0.861
0.294
0.975
0.674
0.871
0.413
0.656
0.693
0.023
0.678
0.748
0.34
0.366
0.07
0.662
0.525
0.732
0.391
0.305
0.981
0.204
0.546
0.077
0.384
0.57
0.026
0.162
0.39
0.297
0.542
0.163
0.233
0.887
0.322
0.432
0.201
0.07
0.35
0.667
0.827
0.359
0.458
0.205
0.042
0.355
0.996
0.766
0.493
0.234
0.445
0.765
0.609
0.596
0.748
0.377
0.386
0.286
0.637
0.147
0.131
0.568
0.427
0.714
0.939
0.97
0.374
0.112
0.795
0.748
0.054
0.613
0.63
0.062
0.064
0.168
0.667
0.171
0.213
0.179
0.432
0.019
0.408
0.187
0.37
0.722
0.937
0.18
0.539
0.838
0.441
0.824
0.398
0.493
0.005
0.418
0.341
0.526
0.216
0.357
0.129
0.739
0.365
0.188
0.393
0.598
0.764
0.989
0.503
0.509
0.508
0.67
0.478
0.123
0.391
0.247
0.561
0.827
0.799
0.962
0.917
0.44
0.225
0.737
0.339
0.907
0.588
0.085
0.428
0.474
0.392
0.584
0.607
0.94
0.376
0.583
0.23
0.232
0.054
0.217
0.031
0.314
0.329
0.632
0.863
0.165
0.368
0.372
0.903
0.92
0.423
0.211
0.485
0.583
0.856
0.906
0.741
0.732
0.735
0.073
0.205
0.513
0.769
0.432
0.681
0.983
0.4
0.901
0.344
0.501
0.208
0.663
0.938
0.696
0.932
0.809
0.82
0.552
0.081
0.835
0.682
0.377
0.092
0.678
0.603
0.704
0.161
0.095
0.821
0.614
0.563
0.61
0.539
0.927
0.229
0.123
0.767
0.042
0.837
0.644
0.548
0.878
0.16
0.574
0.754
0.297
0.78
0.446
0.546
0.388
0.366
0.324
