0.715
0.88
0.025
0.461
0.081
0.01
0.401
0.835
0.421
0.353
0.23
0.112
0.236
0.853
0.248
0.577
0.498
0.363
0.5
0.469
0.664
0.73
0.264
0.833
0.501
0.997
0.807
0.889
0.84
0.042
0.532
0.517
0.092
0.859
0.571
0.128
0.6
0.427
0.187
0.367
0.473
0.928
0.816
0.745
0.584
0.317
0.309
0.026
0.595
0.119
0.95
0.087
0.985
0.445
0.27
0.749
0.6
0.726
0.816
0.976
0.799
0.071
0.131
0.88
0.607
0.887
0.181
0.072
0.022
0.096
0.571
0.655
0.86
0.685
0.578
0.357
0.844
0.372
0.777
0.696
0.845
0.582
0.082
0.754
0.249
0.379
0.04
0.621
0.198
0.824
0.244
0.105
0.445
0.335
0.27
0.582
0.512
0.498
0.552
0.745
0.093
0.261
0.413
0.083
0.442
0.922
0.564
0.329
0.442
0.376
0.928
0.684
0.574
0.499
0.342
0.542
0.25
0.337
0.523
0.274
0.019
0.52
0.186
0.485
0.089
0.696
0.036
0.952
0.975
0.515
0.534
0.036
0.499
0.164
0.244
0.618
0.293
0.523
0.063
0.088
0.702
0.34
0.417
0.578
0.393
0.655
0.86
0.149
0.883
0.509
0.859
0.142
0.306
0.033
0.735
0.885
0.801
0.996
0.319
0.257
0.234
0.914
0.9
0.242
0.268
0.706
0.866
0.7
0.472
0.456
0.985
0.439
0.842
0.93
0.298
0.748
0.973
0.575
0.793
0.429
0.569
0.461
0.532
0.811
0.838
0.216
0.107
0.695
0.155
0.614
0.1
0.818
0.171
0.753
0.691
0.569
0.384
0.953
0.13
0.702
