0.277
0.871
0.276
0.692
0.416
0.971
0.253
0.334
0.547
0.236
0.621
0.903
0.392
0.633
0.08
0.712
0.987
0.473
0.583
0.8
0.838
0.639
0.024
0.714
0.833
0.152
0.571
0.371
0.014
0.662
0.968
0.254
0.464
0.22
0.294
0.433
0.483
0.778
0.212
0.998
0.29
0.451
0.018
0.719
0.261
0.923
0.891
0.561
0.585
0.871
0.165
0.683
0.41
0.27
0.667
0.871
0.853
0.967
0.449
0.424
0.887
0.355
0.29
0.094
0.689
0.79
0.642
0.077
0.848
0.682
0.103
0.05
0.645
0.443
0.188
0.26
0.992
0.727
0.268
0.947
0.596
0.077
0.609
0.341
0.807
0.836
0.216
0.285
0.122
0.367
0.232
0.582
0.182
0.145
0.455
0.54
0.284
0.24
0.491
0.352
0.129
0.71
0.56
0.496
0.05
0.927
0.861
0.391
0.432
0.722
0.345
0.86
0.592
0.294
0.548
0.149
0.259
0.622
0.283
0.917
0.065
0.57
0.786
0.21
0.398
0.796
0.496
0.478
0.348
0.935
0.876
0.125
0.898
0.044
0.152
0.122
0.002
0.096
0.754
0.614
0.263
0.585
0.359
0.575
0.632
0.277
0.426
0.367
0.284
0.434
0.436
0.342
0.217
0.132
0.667
0.88
0.015
0.829
0.67
0.304
0.523
0.957
0.967
0.105
0.857
0.67
0.987
0.111
0.092
0.392
0.064
0.216
0.55
0.566
0.823
0.229
0.372
0.601
0.454
0.014
0.331
0.956
0.074
0.341
0.378
0.774
0.846
0.881
0.245
0.551
0.26
0.52
0.214
0.157
0.045
0.789
0.271
0.225
0.355
0.741
0.836
0.563
0.935
0.789
0.204
0.568
0.239
0.312
0.266
0.978
0.318
0.141
0.702
0.779
0.331
0.858
0.198
0.075
0.364
0.767
0.728
0.353
0.052
0.922
0.826
0.614
0.258
0.146
0.842
0.825
0.462
0.432
0.518
0.052
0.345
0.193
0.883
0.494
0.586
0.156
0.922
0.217
0.87
0.269
0.747
0.192
0.488
0.375
0.138
0.227
0.642
0.624
0.803
0.556
0.97
0.086
0.627
0.325
0.517
0.444
0.423
0.334
0.563
0.117
0.947
0.924
0.547
0.875
0.698
0.781
0.398
0.339
0.569
0.286
0.098
0.737
0.619
0.07
0.177
0.64
0.274
0.636
0.765
0.375
0.804
0.778
0.217
0.619
0.051
0.248
0.884
0.736
0.143
0.654
0.937
0.343
0.374
0.945
0.475
0.746
0.589
0.448
0.056
0.022
0.776
0.719
0.329
0.15
0.861
0.631
0.63
0.549
0.275
0.84
0.385
0.628
0.24
0.056
0.674
0.356
0.261
0.463
0.051
0.151
0.735
0.363
0.568
0.79
0.055
0.633
0.943
0.928
0.755
0.518
0.824
0.893
0.327
0.809
0.883
0.87
0.42
0.991
0.446
0.569
0.806
0.779
0.53
0.054
0.384
0.4
0.074
0.379
0.579
0.641
0.918
0.541
0.312
0.776
0.102
0.986
0.602
0.241
0.684
0.297
0.689
0.84
0.979
0.756
0.423
0.097
0.667
0.667
0.533
0.379
0.97
0.714
0.383
0.525
0.135
0.611
0.329
0.976
0.348
0.989
0.62
0.273
0.818
0.761
0.316
0.779
0.436
0.879
0.282
0.206
0.388
0.133
0.743
0.44
0.141
0.639
0.95
0.53
0.872
0.259
0.57
0.308
0.825
0.771
0.643
0.725
0.396
0.173
0.611
0.703
0.852
0.642
0.117
0.682
0.293
0.703
0.214
0.286
0.206
0.373
0.617
0.954
0.875
0.661
0.347
0.539
0.058
0.14
0.061
0.505
0.157
0.821
0.672
0.602
0.284
0.125
0.417
0.451
0.256
0.286
0.041
0.236
0.766
0.101
0.981
0.559
0.228
0.699
0.517
0.806
0.51
0.143
0.303
0.749
0.762
0.133
0.015
0.274
0.836
0.965
0.157
0.371
0.577
0.416
0.051
0.234
0.423
0.51
0.746
0.865
0.528
0.226
0.497
0.04
0.643
0.883
0.882
0.316
0.612
0.266
0.543
0.059
0.553
0.847
0.069
0.36
0.741
0.861
0.597
0.173
0.59
0.474
0.999
0.23
0.006
0.28
0.824
0.968
0.075
0.498
0.753
0.538
0.463
0.034
0.616
0.919
0.47
0.672
0.399
0.027
0.98
0.067
0.315
0.881
0.359
0.968
0.265
0.664
0.835
0.419
0.91
0.65
0.389
0.272
0.686
0.437
0.242
0.642
0.262
0.776
0.509
0.341
0.707
0.133
0.897
0.012
0.399
0.651
0.895
0.003
0.166
0.337
0.561
0.911
0.315
0.283
0.174
0.683
0.523
0.438
0.842
0.435
0.074
0.245
0.582
0.289
0.766
0.432
0.244
0.42
0.811
0.529
0.762
0.846
0.461
0.611
0.508
0.857
0.405
0.298
0.376
0.985
0.391
0.061
0.448
0.702
0.135
0.428
0.399
0.91
0.759
0.483
0.806
0.061
0.9
0.569
0.191
0.526
0.021
0.252
0.415
0.261
0.124
0.328
0.798
0.619
0.17
0.141
0.169
0.86
0.239
0.553
0.296
0.059
0.024
0.416
0.716
0.72
0.87
0.299
0.659
0.192
0.987
0.591
0.647
0.967
0.992
0.549
0.223
0.757
0.842
0.944
0.116
0.549
0.504
0.806
0.819
0.262
0.084
0.218
0.449
0.689
0.126
0.562
0.361
0.526
0.936
0.439
0.689
0.916
0.433
0.105
0.791
0.682
0.312
0.767
0.803
0.068
0.239
0.804
0.021
0.497
0.668
0.728
0.5
0.974
0.131
0.894
0.431
0.608
0.433
0.379
0.645
0.692
0.094
0.706
0.312
0.803
0.363
0.236
0.365
0.139
0.623
0.263
0.542
0.636
0.449
0.068
0.484
0.051
0.728
0.271
0.805
0.96
0.078
0.972
0.479
0.391
0.228
0.752
0.921
0.958
0.523
0.75
0.764
0.138
0.831
0.662
0.439
0.854
0.902
0.428
0.049
0.83
0.647
0.53
0.713
0.586
0.4
0.447
0.588
0.421
0.342
0.551
0.562
0.765
0.088
0.211
0.672
0.721
0.122
0.02
0.939
0.778
0.62
0.788
0.238
0.746
0.935
0.585
0.708
0.64
0.825
0.525
0.512
0.233
0.974
0.157
0.956
0.241
0.806
999
0.283
0.806
0.978
0.112
0.406
0.117
0.468
0.429
0.998
0.549
0.605
0.135
0.752
0.908
0.071
0.523
0.987
0.653
0.595
0.39
0.071
0.413
0.074
0.938
0.431
0.251
0.203
0.877
0.717
0.369
0.465
0.214
0.071
0.383
0.24
0.825
0.578
0.418
0.51
0.041
0.521
0.477
0.487
0.573
0.51
0.42
0.027
0.527
0.643
0.619
0.243
0.297
0.096
0.105
0.525
0.934
0.024
0.974
0.058
0.812
0.431
0.531
0.074
0.806
0.13
0.813
0.784
0.619
0.019
0.038
0.052
0.767
0.324
0.33
0.358
0.222
0.781
0.681
0.332
0.193
0.29
0.58
0.886
0.726
0.24
0.643
0.891
0.191
0.068
0.22
0.904
0.838
0.272
0.373
0.589
0.829
0.047
0.275
0.442
0.739
0.898
0.92
0.441
0.571
0.161
0.01
0.901
0.23
0.744
0.234
0.983
0.146
0.783
0.657
0.121
0.172
0.302
0.574
0.795
0.317
0.587
0.738
0.871
0.169
0.989
0.254
0.259
0.161
0.142
0.169
0.272
0.783
0.883
0.225
0.923
0.56
0.762
0.542
0.337
0.339
0.296
0.032
0.655
0.656
0.123
0.383
0.549
0.489
0.336
0.961
0.961
0.499
0.623
0.393
0.247
0.371
0.333
0.122
0.263
0.941
0.661
0.207
0.572
0.429
0.715
0.205
0.569
0.773
0.287
0.451
0.008
0.973
0.148
0.667
0.4
0.987
0.326
0.098
0.718
0.518
0.945
0.558
0.74
0.802
0.227
0.04
0.842
0.745
0.385
0.007
0.871
0.629
0.934
0.479
0.088
0.322
0.64
0.935
0.9
0.818
0.262
0.475
0.901
0.88
0.032
0.193
0.066
0.611
0.235
0.81
0.161
0.093
0.27
0.878
0.877
0.184
0.747
0.231
0.295
0.171
0.136
0.528
0.379
0.873
0.419
0.282
0.229
0.38
0.971
0.49
0.36
0.146
0.894
0.568
0.208
0.289
0.12
0.9
0.375
0.191
0.834
0.877
0.781
0.944
0.307
0.056
0.879
0.044
0.625
0.174
0.78
0.671
0.737
0.545
