0.426
0.083
0.522
0.735
0.355
0.092
0.476
0.472
0.772
0.991
0.8
0.576
0.037
0.163
0.175
0.675
0.692
0.582
0.707
0.99
0.561
0.172
0.002
0.725
0.817
0.64
0.936
0.039
0.801
0.434
0.628
0.605
0.263
0.729
0.02
0.327
0.191
0.57
0.491
0.552
0.032
0.824
0.496
0.091
0.604
0.542
0.704
0.7
0.769
0.981
0.861
0.983
0.405
0.356
0.024
0.698
0.518
0.926
0.961
0.301
0.914
0.783
0.533
0.141
0.435
0.956
0.832
0.968
0.912
0.732
0.343
0.647
0.557
0.346
0.802
0.743
0.362
0.479
0.886
0.311
0.596
0.244
0.624
0.908
0.945
0.177
0.296
0.047
0.411
0.738
0.997
0.612
0.169
0.129
0.338
0.307
0.558
0.468
0.405
0.461
0.836
0.292
0.342
0.29
0.444
0.398
0.09
0.976
0.035
0.382
0.425
0.604
0.561
0.971
0.807
0.434
0.779
0.135
0.348
0.868
0.407
0.752
0.412
0.825
0.201
0.05
0.874
0.699
0.173
0.277
0.043
0.074
0.352
0.758
0.484
0.273
0.065
0.937
0.538
0.477
0.924
0.143
0.613
0.818
0.901
0.622
0.834
0.258
0.22
0.021
0.447
0.319
0.977
0.254
0.549
0.544
0.435
0.413
0.854
0.125
0.024
0.571
0.321
0.145
0.623
0.503
0.482
0.142
0.327
0.267
0.877
0.253
0.183
0.554
0.831
0.0
0.87
0.584
0.509
0.384
0.504
0.935
0.531
0.741
0.49
0.418
0.604
0.811
0.483
0.185
0.121
0.078
0.937
0.26
0.367
0.48
0.091
0.622
0.137
0.817
0.251
0.87
0.897
0.415
0.543
0.556
0.416
0.183
0.573
0.9
0.432
0.881
0.683
0.433
0.925
0.99
0.682
0.028
0.54
0.025
0.694
0.447
0.107
0.908
0.81
0.474
0.041
0.687
0.211
0.264
0.707
0.342
0.857
0.89
0.377
0.867
0.199
0.069
0.755
0.77
0.802
0.315
0.259
0.095
0.146
0.846
0.268
0.503
0.386
0.668
0.355
0.165
0.337
0.9
0.328
0.852
0.918
0.743
0.51
0.654
0.973
0.404
0.682
0.332
0.423
0.775
0.639
0.483
0.573
0.284
0.218
0.413
0.574
0.898
0.923
0.699
0.305
0.446
0.022
0.527
0.762
0.083
0.325
0.067
0.58
0.111
0.975
0.053
0.709
0.977
0.629
0.255
0.322
0.962
0.732
0.778
0.221
0.158
0.891
0.352
0.895
999
0.991
0.782
0.816
0.991
0.466
0.39
0.873
0.848
0.111
0.783
0.064
0.537
0.167
0.424
0.469
0.601
0.897
0.193
0.871
0.491
0.923
0.044
0.215
0.427
0.73
0.855
0.096
0.03
0.466
0.74
0.131
0.261
0.099
0.129
0.318
0.81
0.986
0.415
0.035
0.169
0.602
0.492
0.084
0.339
0.907
0.636
0.625
0.612
0.276
0.523
0.143
0.813
0.713
0.475
0.865
0.563
0.731
0.1
0.894
0.264
0.511
0.709
0.352
0.3
0.792
0.704
0.544
0.811
0.76
0.765
0.037
0.038
0.34
0.485
0.876
0.754
0.278
0.78
0.391
0.346
0.149
0.277
0.672
0.706
0.792
0.024
0.224
0.075
0.047
0.725
0.72
0.251
0.127
0.011
0.027
0.719
0.966
0.588
0.263
0.553
0.878
0.277
0.377
0.458
0.95
0.952
0.726
0.575
0.761
0.131
0.391
0.838
0.777
0.776
0.002
0.1
0.78
999
0.849
0.431
0.103
0.819
0.827
999
0.992
0.764
0.948
0.896
0.909
0.213
0.265
0.544
0.164
0.571
0.49
0.886
0.349
0.974
0.648
0.783
0.686
0.826
0.511
0.214
0.462
0.562
0.837
0.13
0.736
0.121
0.29
0.74
0.079
0.31
0.566
0.024
0.823
0.598
0.6
0.984
0.839
0.184
0.243
0.599
0.295
0.547
0.925
0.266
0.449
0.73
0.106
0.778
0.784
0.414
0.412
0.8
0.339
0.698
0.074
0.923
0.677
0.782
0.446
0.188
0.877
0.85
0.322
0.729
0.813
0.875
0.662
0.173
0.457
0.889
0.341
0.429
0.766
0.404
0.904
0.789
0.873
0.748
0.973
0.26
0.917
0.819
0.165
0.612
0.243
0.287
0.61
0.681
0.436
0.692
0.627
0.495
0.394
0.593
0.956
0.337
0.889
0.688
0.333
0.11
0.87
0.43
0.867
0.79
0.659
0.468
0.589
0.564
0.154
0.871
0.926
0.166
0.166
0.273
0.469
0.793
0.203
0.473
0.679
0.198
0.731
0.455
0.278
0.197
0.383
0.488
0.764
0.866
0.909
0.302
0.41
0.168
0.862
0.471
0.906
0.447
0.019
0.722
0.989
0.597
0.661
0.655
0.734
0.607
0.327
0.386
0.062
0.828
0.514
0.979
0.638
0.23
0.202
0.727
0.836
0.913
0.613
0.262
0.398
0.044
0.198
0.032
0.015
0.12
0.689
0.565
0.172
0.505
0.904
0.107
0.117
0.232
0.648
0.373
0.764
0.031
0.385
0.157
0.041
0.829
0.438
0.719
0.152
0.764
0.55
0.198
0.517
0.938
0.608
0.807
0.134
0.646
0.228
0.855
0.842
0.259
0.72
0.645
0.999
0.769
0.453
0.656
0.712
0.208
0.253
0.455
0.271
0.873
0.989
0.7
0.71
0.601
0.673
0.284
0.283
0.053
0.125
0.082
0.857
0.68
0.138
0.779
0.576
0.001
0.863
0.047
0.508
0.674
0.282
0.936
0.502
0.821
0.229
0.938
0.836
0.932
0.965
0.601
0.614
0.537
0.648
0.303
0.462
0.393
0.872
0.481
0.326
0.147
0.896
0.605
0.125
0.407
0.004
0.604
0.721
0.358
0.985
0.858
0.776
0.587
0.129
0.172
0.97
0.188
0.036
0.759
0.049
0.708
0.307
0.393
0.267
0.943
0.292
0.986
0.848
0.503
0.804
0.873
0.996
0.812
0.51
0.924
0.237
0.909
0.01
0.906
0.922
0.871
0.779
0.782
0.861
0.457
0.833
0.454
0.551
0.713
0.792
0.611
0.992
0.945
0.584
0.809
0.02
0.673
0.148
0.167
0.246
0.531
0.844
0.06
0.011
0.647
0.381
0.847
0.672
0.423
0.591
0.779
0.584
0.811
0.543
0.774
0.331
0.32
0.473
0.943
0.066
0.619
0.298
0.264
0.781
0.441
0.542
0.356
0.847
0.633
0.833
0.032
0.609
0.173
0.124
0.415
0.995
0.112
0.256
0.08
0.784
0.207
0.469
0.437
0.831
0.624
0.085
0.265
0.52
0.922
0.143
0.885
0.232
0.565
0.043
0.453
0.952
0.987
0.088
0.415
0.019
0.811
0.626
0.668
0.657
0.292
0.36
0.498
0.816
0.951
0.685
0.088
0.945
0.807
0.375
0.343
0.503
0.223
0.792
0.186
0.55
0.077
0.424
0.754
0.641
0.251
0.128
0.38
0.331
0.444
0.199
0.631
0.597
0.672
0.012
0.863
0.306
0.524
0.954
0.328
0.994
0.697
0.68
0.243
0.44
0.277
0.24
0.504
0.63
0.572
0.715
0.566
0.208
0.67
0.812
0.193
0.03
0.229
0.543
0.901
0.029
0.441
0.949
0.018
0.152
0.775
0.184
0.459
0.389
0.047
0.59
0.902
0.526
0.003
0.407
0.691
0.799
0.298
0.067
0.573
0.836
0.046
0.567
0.355
0.39
0.189
0.192
0.303
0.721
0.774
0.002
0.732
0.912
0.313
0.564
0.568
0.348
0.011
0.613
0.779
0.706
0.56
0.32
0.486
0.694
0.568
0.651
0.962
0.604
0.714
0.727
0.242
0.191
0.883
0.584
0.609
0.36
0.706
0.124
0.443
0.892
0.659
0.265
0.242
0.937
0.812
0.729
0.822
0.644
0.531
0.17
0.921
0.911
0.824
0.149
0.684
0.099
0.182
0.237
0.73
0.889
0.376
0.896
0.623
0.621
0.938
0.697
0.632
0.511
0.865
0.606
0.154
0.097
0.241
0.13
0.998
0.431
0.167
0.224
0.085
0.914
0.607
0.393
0.491
0.559
0.4
0.955
0.375
0.588
0.497
0.0
0.317
0.484
0.791
0.993
0.143
0.434
0.295
0.448
0.623
0.575
0.805
0.291
0.903
0.02
0.393
0.253
0.685
0.771
0.232
0.438
0.786
0.167
0.395
0.651
0.957
0.762
0.385
0.131
0.402
0.454
0.954
0.917
0.899
0.333
0.785
0.802
0.096
