0.136
0.674
0.381
0.294
0.728
0.683
0.262
0.027
0.414
0.121
0.408
0.982
0.275
0.943
0.849
0.729
0.046
0.079
0.348
0.779
0.503
0.012
0.648
0.239
0.524
0.942
0.187
0.47
0.497
0.872
0.394
ERROR
0.875
0.04
0.653
0.346
0.682
0.817
0.641
0.263
0.619
0.687
0.603
0.889
0.022
0.973
0.207
0.273
0.469
0.29
0.429
0.019
0.692
0.175
0.965
0.392
0.676
0.425
0.334
0.317
0.551
0.708
0.657
0.704
0.173
0.966
0.273
0.21
0.897
0.557
0.072
0.519
0.655
0.556
0.117
0.475
0.691
0.967
0.074
0.995
0.499
0.597
0.748
0.412
0.359
0.823
0.252
0.179
0.041
0.46
0.378
0.949
0.005
0.749
0.98
0.376
0.324
0.988
0.112
0.29
0.277
0.008
0.172
0.207
0.994
0.782
0.789
0.936
0.559
0.754
0.987
0.446
0.802
0.191
0.346
0.408
0.485
0.998
0.605
0.261
0.369
0.389
0.921
0.698
0.606
0.18
0.875
0.894
0.049
0.573
0.799
0.553
0.563
0.448
0.727
0.198
0.43
0.809
0.327
0.587
0.219
0.772
0.904
0.84
0.521
0.702
0.379
0.733
0.274
0.457
0.828
0.658
0.789
0.145
0.928
0.937
0.271
0.263
0.041
0.363
0.116
0.369
0.9
0.322
0.602
0.955
0.186
0.747
0.002
0.99
0.028
0.058
0.627
0.189
0.184
0.192
0.842
0.045
0.793
0.388
0.656
0.327
0.099
0.073
0.482
0.636
0.014
0.071
0.351
0.997
0.565
0.554
0.689
0.249
0.297
0.151
0.687
0.118
0.93
0.464
