0.279
0.607
0.441
0.572
0.503
0.323
0.039
0.086
0.738
0.996
0.56
0.797
0.852
0.046
0.591
0.044
0.288
0.373
0.553
0.565
0.543
0.058
0.135
0.129
0.756
0.561
0.896
0.151
0.06
0.948
0.638
0.301
0.203
0.46
0.77
0.82
0.318
0.586
0.496
0.939
0.087
0.976
0.773
0.981
0.879
0.261
0.369
0.56
0.013
0.168
0.403
0.527
0.941
0.808
0.685
0.003
0.863
0.293
0.504
0.844
0.357
0.003
0.295
0.186
0.882
0.775
0.34
0.926
0.391
0.293
0.078
0.591
0.372
0.526
0.416
0.639
0.352
0.06
0.473
0.544
0.31
0.853
0.1
0.314
0.683
0.361
0.16
0.381
0.142
0.057
0.888
0.936
0.683
0.007
0.705
0.734
0.648
0.188
0.886
0.403
0.144
0.885
0.662
0.605
0.07
0.625
0.405
0.212
0.48
0.711
0.915
0.111
0.561
0.121
0.071
0.454
0.114
0.168
0.216
0.593
0.538
0.375
0.291
0.979
0.564
0.676
0.299
0.061
0.936
0.252
0.082
0.182
0.699
0.803
0.365
0.366
0.227
0.085
0.125
0.065
0.656
0.913
0.191
0.079
0.774
0.203
0.127
0.272
0.032
0.01
0.131
0.569
0.018
0.832
0.366
0.988
0.88
0.061
0.294
0.275
0.75
0.159
0.237
0.65
0.928
0.103
0.749
0.41
0.681
0.369
0.162
0.417
0.793
0.762
0.027
0.857
0.116
0.822
0.63
0.319
0.24
0.48
0.082
0.275
0.274
0.535
0.526
0.115
0.064
0.565
0.126
0.69
0.318
0.777
0.626
0.39
0.177
0.188
0.719
0.085
0.029
0.959
0.921
0.038
0.898
0.348
0.117
0.151
0.548
0.232
0.573
0.001
0.434
0.944
0.908
0.779
0.2
0.379
0.63
0.447
0.061
0.723
0.419
0.652
0.578
0.321
0.505
0.631
0.954
0.585
0.345
0.26
0.223
0.53
0.535
0.677
0.492
0.05
0.051
0.581
0.403
0.39
0.448
0.827
0.197
0.791
0.648
0.014
0.931
0.793
0.669
0.697
0.407
0.036
0.01
0.099
0.241
0.512
0.586
0.352
0.009
0.127
0.392
0.986
0.307
999
0.979
0.705
0.449
0.642
0.072
0.887
0.925
0.039
0.403
0.019
0.486
0.03
0.475
0.048
0.457
0.053
0.178
0.759
0.643
0.729
0.52
0.836
0.103
0.276
0.801
0.658
0.82
0.26
0.197
0.297
0.89
0.893
0.438
0.828
0.552
0.563
0.204
0.593
0.148
0.416
0.728
0.225
0.452
0.152
0.236
0.706
0.265
0.33
0.175
0.745
0.78
0.12
0.506
0.685
0.447
0.801
0.278
0.518
0.221
0.314
0.574
0.893
0.974
0.138
0.311
0.262
0.782
0.195
0.594
0.489
0.057
0.674
0.615
0.88
0.085
0.041
0.635
0.344
0.517
0.811
0.756
999
0.364
0.691
0.652
0.706
0.981
0.482
0.023
0.347
0.301
0.503
0.176
0.799
0.551
0.036
0.177
0.492
0.347
0.942
0.72
0.134
0.466
0.519
0.361
0.948
0.852
0.876
0.18
0.975
0.928
0.413
0.931
0.352
0.241
0.896
0.02
0.679
0.905
0.503
0.603
0.427
0.677
0.426
0.041
0.729
0.642
0.556
0.108
0.959
0.667
0.074
0.992
0.37
0.468
0.164
0.563
0.036
0.113
0.448
0.193
0.175
0.22
0.195
0.773
0.776
0.368
0.405
0.906
0.395
0.093
0.213
0.367
0.263
0.228
0.892
0.309
0.503
0.426
0.458
0.855
0.827
0.179
0.737
0.426
0.881
0.75
0.369
0.56
0.355
0.804
0.184
0.876
0.568
0.544
0.225
0.042
0.859
0.339
0.597
0.772
0.217
0.069
0.868
0.246
0.047
0.92
0.002
0.525
0.201
0.181
0.609
0.231
0.043
0.286
0.837
0.373
0.23
0.698
0.503
0.835
0.212
0.417
0.241
0.457
0.856
0.579
0.085
0.424
0.099
0.462
0.742
0.266
0.4
0.078
0.767
0.949
0.312
0.201
0.429
0.223
0.896
0.38
0.73
0.818
0.304
0.413
0.931
0.466
0.984
999
0.52
0.842
0.12
0.597
0.71
0.845
0.635
0.589
0.506
0.251
0.813
0.656
0.388
0.664
0.148
0.198
0.137
0.095
0.79
0.877
0.258
0.736
0.998
0.963
0.413
0.803
0.583
0.582
0.978
0.924
0.475
0.15
0.932
0.832
0.491
0.63
999
0.362
0.759
0.479
0.414
0.737
0.97
0.943
0.072
0.706
0.99
0.755
0.647
0.871
0.093
0.604
0.113
0.804
0.643
0.549
0.65
0.356
0.028
0.9
0.111
0.93
0.27
0.989
0.104
0.775
0.627
0.691
0.39
0.361
0.91
0.372
0.154
0.379
0.58
0.47
0.142
0.369
0.3
0.774
0.243
0.052
0.575
0.428
0.626
0.0
0.529
0.372
0.922
0.647
0.469
0.564
0.973
0.25
0.795
0.007
0.71
0.701
0.977
0.034
0.811
0.724
0.086
0.523
0.717
0.105
0.904
0.342
0.158
0.678
0.038
0.273
0.619
0.598
0.412
0.278
0.163
0.234
0.076
0.731
0.837
0.386
0.958
0.672
0.206
0.727
0.58
0.78
0.881
0.011
0.82
0.627
0.205
0.064
0.366
0.79
0.905
0.624
0.815
0.444
0.44
0.534
0.888
0.614
0.6
0.181
0.48
0.246
999
0.89
0.171
0.588
0.478
0.591
0.957
0.388
0.012
0.091
0.917
0.277
0.639
0.894
0.695
0.187
0.784
0.727
0.915
0.917
0.606
0.031
0.494
0.644
0.459
0.685
0.164
0.676
0.544
0.416
0.709
0.827
0.749
0.112
0.638
0.393
0.199
0.316
0.91
0.338
0.594
0.404
0.193
0.082
0.366
0.924
0.883
0.113
0.812
0.157
0.665
0.599
0.866
0.239
0.977
0.272
0.183
0.55
0.975
0.34
0.728
0.011
0.68
0.804
0.85
0.145
0.229
0.331
0.354
0.593
0.668
0.359
0.49
0.215
0.384
0.244
0.995
0.475
0.936
0.481
0.663
0.669
0.509
0.031
0.091
0.794
0.186
0.591
0.582
0.558
0.099
0.736
0.821
0.742
0.108
0.866
0.224
0.889
0.701
0.225
0.102
0.975
0.378
0.94
0.69
0.597
0.001
0.013
0.764
0.933
999
0.325
0.931
0.299
0.01
0.797
0.397
0.508
0.146
0.332
0.626
0.063
0.891
0.495
0.615
0.421
0.525
0.296
0.249
0.067
0.008
0.436
0.194
0.319
0.536
0.564
0.599
0.012
0.703
0.924
0.265
0.054
0.337
0.364
0.23
0.961
0.858
0.748
0.621
0.029
0.526
0.612
0.991
0.14
0.352
0.734
0.47
0.178
0.076
0.746
0.015
0.286
0.361
0.156
0.944
0.326
0.531
0.153
0.442
0.012
0.015
0.216
0.109
0.615
0.203
0.867
0.321
0.956
0.354
0.136
0.31
0.03
0.165
0.408
0.742
0.151
0.204
0.711
0.271
0.617
0.362
0.811
0.662
0.448
0.77
0.84
0.227
0.831
0.865
0.819
0.052
0.899
0.519
0.594
0.968
0.322
0.437
0.524
999
0.183
0.536
0.359
0.22
0.171
0.215
0.388
0.622
0.317
0.841
0.757
0.358
0.12
0.967
0.388
0.052
0.931
0.997
0.293
0.698
0.037
0.704
0.823
0.888
0.799
0.683
0.98
0.41
0.858
0.777
0.633
0.213
0.567
0.197
0.418
0.192
0.001
0.258
0.242
0.741
0.336
0.608
0.994
0.511
0.464
0.385
0.687
0.231
0.194
0.752
0.428
0.68
0.314
0.899
0.907
0.14
0.749
0.158
0.181
0.465
0.028
0.539
0.296
0.897
0.456
0.742
0.908
0.187
0.28
0.176
0.099
0.112
0.481
0.382
0.095
0.935
0.701
0.333
0.475
0.477
0.106
0.452
0.58
0.067
0.612
0.36
0.719
0.892
0.535
0.65
0.525
0.473
0.379
0.975
0.605
0.959
0.01
0.05
0.763
0.694
0.434
0.212
0.076
0.979
0.572
0.514
0.787
0.024
0.282
0.83
0.66
0.103
0.511
0.033
0.133
0.498
0.256
0.772
0.399
0.125
0.895
0.128
0.245
0.675
0.388
0.885
0.793
0.375
0.594
0.749
0.127
0.205
0.866
0.251
0.425
0.005
0.014
0.887
0.699
0.48
0.773
0.204
0.742
0.83
0.986
0.591
