0.144
0.557
0.162
0.706
0.089
0.77
0.112
0.822
0.852
0.003
0.174
0.57
0.589
0.328
0.128
0.608
0.007
0.57
0.675
0.327
0.175
0.197
0.167
0.038
0.918
0.25
0.551
0.499
0.499
0.91
0.445
0.112
0.193
0.284
0.815
0.212
0.999
0.655
0.239
0.311
0.782
0.858
0.615
0.892
0.575
0.402
0.159
0.244
0.376
0.941
0.51
0.678
0.13
0.614
0.137
0.202
0.702
0.947
0.896
0.9
0.594
0.028
0.579
0.05
0.082
0.867
0.624
0.12
0.216
0.494
0.396
0.775
0.385
0.249
0.958
0.224
0.151
0.08
0.425
0.463
0.209
0.684
0.379
0.161
0.536
0.347
0.34
0.441
0.624
0.306
0.55
0.302
0.539
0.681
0.795
0.828
0.382
0.503
0.961
0.437
0.773
0.773
0.313
0.32
0.432
0.079
0.356
0.384
0.398
0.65
0.875
0.562
0.778
0.639
0.954
0.186
0.4
0.119
0.087
0.573
0.176
0.871
0.872
0.515
0.154
0.772
0.336
0.862
0.937
0.477
0.954
0.829
0.465
0.28
0.653
0.652
0.24
0.587
0.917
0.186
0.06
0.203
0.062
0.066
0.555
0.116
0.708
0.45
0.86
0.256
0.726
0.129
0.966
0.444
0.58
0.737
0.818
0.797
0.08
0.879
0.361
0.528
0.623
0.534
0.225
0.345
0.424
0.149
0.397
0.128
0.675
0.9
0.301
0.029
0.535
0.999
0.393
0.887
0.729
0.003
0.548
0.692
0.852
0.728
0.368
0.374
0.594
0.032
0.111
0.295
0.257
0.436
0.257
0.701
0.09
0.495
0.238
0.318
0.862
0.188
