0.73
0.97
0.782
0.032
0.678
0.082
0.206
0.062
0.397
0.167
0.435
0.446
0.9
0.526
0.89
0.002
0.331
0.284
0.507
0.079
0.213
0.728
0.961
0.412
0.602
0.626
ERROR
0.857
0.503
0.692
0.315
ERROR
0.149
0.204
0.283
0.578
0.335
0.115
0.626
0.34
0.212
0.171
0.772
0.721
0.64
0.095
0.163
0.045
0.903
0.259
0.503
0.673
0.092
0.608
0.048
0.093
0.288
0.768
0.592
0.923
0.76
0.773
0.393
0.873
0.804
0.279
0.099
0.349
0.493
0.203
0.802
0.159
0.396
0.227
0.589
0.095
0.017
0.912
0.285
0.784
0.815
0.39
0.297
0.404
0.316
0.443
0.218
0.882
0.478
0.847
0.96
0.503
0.532
0.908
0.334
0.765
0.709
0.024
0.169
0.62
0.527
0.244
0.875
0.393
0.397
0.703
0.97
0.759
0.902
0.965
0.93
0.752
0.359
0.691
0.737
0.428
0.904
0.854
0.76
0.293
0.896
0.963
0.413
0.99
0.202
0.258
0.821
0.801
0.127
0.143
0.957
0.576
0.481
0.353
0.958
0.81
0.428
0.189
0.262
0.385
0.565
0.625
0.052
0.678
0.487
0.222
0.151
0.775
0.51
0.117
0.6
0.143
0.978
0.894
0.402
0.577
0.4
0.476
0.469
0.196
0.213
0.909
0.417
0.265
0.021
0.204
0.866
0.125
0.234
0.664
0.43
0.575
0.862
0.022
0.339
0.835
0.041
0.667
0.439
0.154
0.286
0.473
0.619
0.832
0.412
0.407
0.258
0.276
0.004
0.733
0.857
0.5
0.264
0.183
0.458
0.876
0.532
0.88
0.68
0.208
