0.552
0.407
0.675
0.804
0.416
0.986
0.235
0.759
0.671
0.701
0.112
0.463
0.555
0.55
0.423
0.726
0.048
0.713
0.789
0.054
0.929
0.861
0.592
0.114
0.865
0.848
0.281
0.356
0.927
0.987
0.281
0.852
0.977
0.059
0.196
0.469
0.663
0.085
0.845
0.356
0.724
0.102
0.206
0.315
0.205
0.563
0.919
0.622
0.926
0.482
0.666
0.162
0.11
0.648
0.182
0.021
0.065
0.235
0.264
0.159
0.367
0.435
0.489
0.243
0.881
0.059
0.058
0.125
0.664
0.083
0.957
0.967
0.481
0.544
0.595
0.388
0.047
0.768
0.161
0.473
0.259
0.86
0.565
0.239
0.605
0.388
0.081
0.534
0.538
0.622
0.996
0.737
0.977
0.746
0.661
0.793
0.525
0.645
0.351
0.681
0.781
0.822
0.151
0.928
0.159
0.598
0.429
0.838
0.918
0.606
0.617
0.152
0.885
0.073
0.365
0.506
0.666
0.726
0.285
0.201
0.169
0.304
0.485
0.632
0.576
0.426
0.307
0.599
0.995
0.516
0.897
0.023
0.156
0.112
0.586
0.998
0.831
0.529
0.77
0.336
0.639
0.538
0.956
0.515
0.061
0.872
0.979
0.309
0.343
0.955
0.352
0.329
0.079
0.268
0.693
0.555
0.475
0.049
0.129
0.195
0.094
0.84
0.657
0.508
0.554
0.604
0.115
0.317
0.856
0.884
0.449
0.321
0.91
0.681
0.422
0.617
0.485
0.351
0.897
0.95
0.202
0.828
0.69
0.574
0.748
0.932
0.519
0.084
0.912
0.809
0.796
0.653
0.936
0.146
0.412
0.009
0.529
0.566
0.189
0.259
0.043
0.024
0.183
0.669
0.588
0.402
0.037
0.651
0.779
0.977
0.726
0.408
0.712
0.609
0.583
0.296
0.289
0.979
0.841
0.973
0.994
0.905
0.499
0.579
0.245
0.334
0.095
0.95
0.15
0.726
0.011
0.572
0.062
0.07
0.218
0.651
0.619
0.01
0.664
0.715
0.718
0.056
0.138
0.668
0.337
0.313
0.546
0.486
0.465
0.723
0.288
0.752
0.463
0.506
0.936
0.274
0.062
0.581
0.879
0.449
0.317
0.362
0.746
0.683
0.308
0.999
0.032
0.29
0.341
0.003
0.1
0.15
0.676
0.387
0.398
0.097
0.07
0.771
0.21
0.183
0.323
0.375
0.282
0.66
0.475
0.241
0.341
0.74
0.598
0.438
0.561
0.355
0.349
0.101
0.499
0.951
0.908
0.777
0.667
0.349
0.735
0.426
0.695
0.619
0.871
0.417
0.984
0.819
0.355
0.134
0.421
0.329
0.38
0.079
0.696
0.375
0.373
0.039
0.66
0.962
0.925
0.158
0.396
0.111
0.798
0.007
0.79
0.183
0.454
0.107
0.19
0.446
0.862
0.82
0.871
0.133
0.59
0.21
0.129
0.052
0.858
0.045
0.316
0.46
0.329
0.405
0.001
0.387
0.581
0.96
0.243
0.762
0.818
0.126
0.495
0.186
0.331
0.794
0.311
0.876
0.704
0.056
0.099
0.021
0.412
0.95
0.434
0.352
0.595
0.824
0.481
0.054
0.336
0.527
0.623
0.886
0.054
0.321
0.364
0.535
0.666
0.295
0.495
0.52
0.938
0.24
0.963
0.856
0.59
0.574
0.368
0.67
0.657
0.753
0.099
0.383
0.219
0.521
0.784
0.297
0.585
0.731
0.593
0.599
0.615
0.005
0.223
0.615
0.11
0.763
0.507
0.915
0.072
0.388
0.181
0.856
0.387
0.94
0.11
0.476
0.831
0.805
0.636
0.668
0.888
0.488
0.652
0.165
0.027
0.206
0.025
0.146
0.905
0.142
0.842
0.944
0.152
0.76
0.749
0.224
0.944
0.001
0.677
0.588
0.119
0.446
0.423
0.349
0.624
0.512
0.969
0.725
0.495
0.762
0.49
0.294
0.275
0.949
0.561
0.366
0.373
0.697
0.83
0.448
0.726
0.222
0.692
0.782
0.675
0.48
0.294
0.147
0.229
0.122
0.94
0.107
0.154
0.411
0.233
0.406
0.443
0.432
0.28
0.184
0.064
0.384
0.104
0.966
0.094
0.425
0.866
0.629
0.548
0.329
0.452
0.175
0.529
0.052
0.87
0.479
0.163
0.972
0.198
0.884
0.51
0.506
0.043
0.025
0.596
0.872
0.991
0.468
0.686
0.607
0.684
0.351
0.758
0.18
0.994
0.009
0.237
0.0
0.278
0.525
0.755
0.622
0.679
0.44
0.765
0.024
0.504
0.115
0.279
0.546
0.958
0.467
0.698
0.094
0.117
0.258
0.209
0.352
0.148
0.459
0.795
0.531
0.381
0.347
0.838
0.56
0.945
0.105
0.854
0.189
0.386
0.781
0.871
0.165
0.636
0.86
0.078
0.576
0.127
0.42
0.707
0.503
0.498
0.66
0.037
0.629
0.091
0.233
0.865
0.498
0.656
0.711
0.336
0.453
0.768
0.623
0.483
0.828
0.65
0.869
0.495
0.216
0.056
0.712
0.288
0.875
0.799
0.643
0.173
0.555
0.514
0.275
0.542
0.439
0.135
0.039
0.822
0.875
0.292
0.344
0.302
0.44
0.483
0.357
0.933
0.436
0.704
0.64
0.304
0.101
0.089
0.21
0.15
0.273
0.356
0.67
0.842
0.536
0.165
0.287
0.213
0.738
0.822
0.579
0.022
0.246
0.903
0.827
0.318
0.588
0.036
0.036
0.475
0.468
0.947
0.24
0.604
0.526
0.196
0.589
0.028
0.922
0.498
0.561
0.505
0.306
0.36
0.609
0.954
0.401
0.713
0.826
0.257
0.372
0.724
0.63
0.381
0.189
0.039
0.71
0.685
0.055
0.843
0.287
0.962
0.017
0.153
0.278
0.968
0.502
0.678
0.316
0.239
0.697
0.869
0.262
0.144
0.492
0.626
0.535
0.35
0.604
0.536
0.443
0.219
0.945
0.949
0.236
0.903
0.062
0.967
0.718
0.042
0.151
0.208
0.32
0.894
0.535
0.566
0.964
0.229
0.508
0.0
0.983
0.009
0.28
0.426
0.926
0.047
0.351
0.935
0.725
0.813
0.055
0.43
0.036
0.711
0.104
0.231
0.121
0.731
0.962
0.388
0.784
0.855
0.888
0.464
0.657
0.434
0.468
0.845
0.281
0.534
0.837
0.458
0.149
0.238
0.414
0.981
0.606
0.484
0.039
0.143
0.213
0.302
0.225
0.085
0.796
0.823
0.43
0.448
0.576
0.056
0.626
0.75
0.05
0.479
0.311
0.049
0.372
0.784
0.82
0.427
0.425
0.884
0.237
0.385
0.192
0.841
0.358
0.121
0.478
0.72
0.855
0.726
0.524
0.137
0.07
0.758
0.357
0.982
0.494
0.788
0.091
0.575
0.287
0.265
0.366
0.668
0.294
0.685
0.72
0.49
0.641
0.062
0.959
0.809
0.828
0.861
0.834
0.746
0.346
0.368
0.624
0.255
0.958
0.251
0.231
0.825
0.937
0.648
0.878
0.31
0.658
0.898
0.392
0.895
0.312
0.223
0.5
0.836
0.168
0.461
0.578
0.552
0.041
0.281
0.315
0.634
0.006
0.46
0.439
0.348
0.073
0.903
0.637
0.227
0.129
0.812
0.703
0.67
0.44
0.378
0.066
0.878
0.577
0.66
0.855
0.796
0.034
0.483
0.074
0.949
0.887
0.316
0.756
0.941
0.752
0.526
0.916
0.139
0.583
0.671
0.177
0.918
0.48
0.742
0.472
0.487
0.775
0.891
0.835
0.33
0.828
0.372
0.118
0.423
0.206
0.749
0.783
0.923
0.702
0.126
0.76
0.048
0.549
0.303
0.382
0.267
0.691
0.002
1.0
0.493
0.304
0.017
0.815
0.043
0.23
0.859
0.646
0.833
0.257
0.776
0.934
0.382
0.375
0.298
0.637
0.144
0.146
0.849
0.171
0.719
0.816
0.146
0.12
0.894
0.787
0.055
0.559
0.715
0.594
0.672
0.302
0.059
0.044
0.381
0.687
0.121
0.295
0.867
0.69
0.939
0.214
0.844
0.521
0.729
0.625
0.522
0.046
0.277
0.485
0.103
0.176
0.315
0.173
0.867
0.431
0.975
0.206
0.261
0.989
0.074
0.035
0.846
0.675
0.518
0.446
0.446
0.886
0.738
0.019
0.675
0.172
0.401
0.092
0.623
0.099
0.721
0.64
0.321
0.58
0.32
0.973
0.361
0.787
0.983
0.183
0.517
0.364
0.974
0.46
0.471
0.117
0.087
0.333
0.87
0.083
0.608
0.394
0.136
0.705
0.714
0.137
0.138
0.064
