0.983
0.636
0.656
0.549
0.549
0.107
0.176
0.791
0.368
0.24
0.303
0.984
0.413
0.932
0.424
0.489
0.434
0.357
0.636
0.591
0.118
0.174
0.451
0.544
0.97
0.642
0.605
0.243
0.108
0.812
0.97
0.431
0.704
0.397
0.869
0.622
0.901
0.572
0.481
0.711
0.966
0.986
0.983
0.639
0.855
0.1
0.557
0.968
0.673
0.181
0.479
0.949
0.566
0.196
0.692
0.152
0.988
0.032
0.129
0.694
0.01
0.237
0.434
0.164
0.332
0.703
0.898
0.839
0.144
0.507
0.4
0.678
0.756
0.865
0.07
0.327
0.707
0.277
0.077
0.029
0.629
0.63
0.932
0.393
0.354
0.534
0.613
0.649
0.334
0.833
0.011
0.754
0.831
0.798
0.133
0.138
0.562
0.127
0.834
0.821
0.43
0.166
0.244
0.97
0.868
0.51
0.772
0.993
0.911
0.83
0.985
0.774
0.484
0.464
0.91
0.46
0.902
0.173
0.966
0.584
0.013
0.176
0.955
0.655
0.128
0.606
0.609
0.107
0.866
0.899
0.621
0.845
0.465
0.822
0.473
0.995
0.114
0.788
0.521
0.76
0.785
0.515
0.548
0.453
0.644
0.387
0.568
0.795
0.578
0.69
0.693
0.799
0.591
0.471
0.585
0.525
0.862
0.302
0.36
0.961
0.792
0.041
0.857
0.019
0.569
0.709
0.577
0.553
0.699
0.888
0.042
0.7
0.066
0.767
0.021
0.28
0.229
0.462
0.784
0.467
0.768
0.225
0.612
0.215
0.917
0.531
0.581
0.562
0.623
0.424
0.227
0.584
0.899
0.025
0.584
0.856
0.292
0.323
0.288
0.998
