0.269
0.867
0.636
0.565
0.856
0.426
0.806
0.422
0.316
0.052
0.406
0.066
0.47
0.533
0.464
0.522
0.934
0.07
0.951
0.981
0.187
0.008
0.477
0.971
0.601
0.346
0.073
0.096
0.626
0.484
0.086
0.607
0.966
0.212
0.912
0.406
0.235
0.946
0.704
0.412
0.916
0.752
0.968
0.68
0.786
0.033
0.435
1.0
0.797
0.833
0.606
0.975
0.279
0.558
0.532
0.497
0.586
0.87
0.791
0.35
0.603
0.86
0.087
0.784
0.704
0.192
0.103
0.512
0.798
0.12
999
0.6
0.398
0.141
0.839
0.477
0.78
0.627
0.551
0.771
0.833
0.522
0.686
0.68
0.401
0.77
0.44
0.986
0.477
0.665
0.522
0.383
0.03
0.675
0.232
0.041
0.202
0.699
0.909
0.239
0.663
0.842
0.921
0.902
0.813
0.289
0.418
0.547
0.54
0.968
0.667
0.53
0.631
0.415
0.446
0.266
0.345
0.324
0.305
0.819
0.673
0.972
0.597
0.685
0.391
0.473
0.724
0.813
0.358
0.88
0.811
0.805
0.955
0.616
0.913
0.755
0.344
0.976
0.433
0.285
0.386
0.022
0.239
0.565
0.804
0.908
0.166
0.703
0.307
0.757
0.477
0.807
0.748
0.74
999
0.868
0.183
0.639
0.41
0.747
0.448
0.742
0.692
0.779
0.13
0.022
0.46
0.874
0.289
0.899
0.481
0.958
0.955
0.565
0.757
0.243
0.675
0.859
0.114
0.871
0.395
0.618
0.391
0.809
0.507
0.649
0.002
0.354
0.208
0.454
0.579
0.374
0.985
0.258
0.135
0.144
0.338
0.086
0.57
0.672
0.557
0.292
0.68
0.704
0.088
0.779
0.648
0.866
0.998
0.017
0.923
0.768
0.769
0.596
0.588
0.908
0.682
0.091
0.475
0.536
0.85
0.365
0.712
0.873
0.554
0.445
0.21
0.378
0.627
0.053
0.963
0.649
1.0
0.802
0.436
0.683
0.11
0.11
0.29
0.586
0.518
0.841
0.844
0.444
0.817
0.243
0.029
0.964
0.076
0.406
0.984
0.986
0.03
0.121
0.704
0.67
0.09
0.514
0.916
0.3
0.28
0.583
0.89
0.424
0.019
0.607
0.173
0.681
0.579
0.248
0.799
0.084
0.282
0.623
0.401
0.787
0.467
0.822
0.171
0.774
0.186
0.434
0.1
0.543
0.601
0.502
0.781
0.768
0.247
0.305
0.535
0.554
0.519
0.471
0.651
0.098
0.881
0.307
0.938
0.279
0.458
0.497
0.984
0.941
0.97
0.163
0.792
0.69
0.165
0.447
0.996
0.436
0.119
0.919
0.312
0.722
0.344
0.541
0.476
0.535
0.529
0.262
0.338
0.502
0.289
0.209
0.206
0.914
0.137
0.042
0.444
0.061
0.961
0.781
0.678
0.192
0.9
0.651
0.241
0.155
0.386
0.629
0.025
0.316
0.334
0.294
0.674
0.112
0.395
0.547
0.551
0.342
0.674
0.164
0.668
0.071
0.224
0.407
0.751
0.171
0.866
0.205
0.213
0.45
0.071
0.267
0.436
0.108
0.08
0.912
0.899
0.271
0.955
0.337
0.982
0.775
0.522
0.609
0.285
0.852
0.297
0.783
0.865
0.912
0.649
0.019
0.143
0.036
0.644
0.985
0.023
0.873
0.232
0.412
0.955
0.451
0.486
0.263
0.62
0.123
0.452
0.428
0.445
0.063
0.267
0.285
0.901
0.692
0.672
0.314
0.753
0.427
0.067
0.603
0.245
0.504
0.975
0.027
0.681
0.095
0.225
0.431
0.856
0.947
0.225
0.968
0.126
0.723
0.206
0.354
0.133
0.561
0.128
0.594
0.57
0.109
0.568
0.534
0.261
0.403
0.719
0.068
0.402
0.383
0.198
0.673
0.432
0.708
0.286
0.396
0.685
0.019
0.248
0.624
0.861
0.81
0.761
0.41
0.791
0.477
0.907
0.274
0.937
0.902
0.665
0.747
0.864
0.289
0.304
0.933
0.026
0.949
0.172
0.494
0.008
0.451
0.286
0.197
0.917
0.993
0.174
0.052
0.576
0.2
0.917
0.674
0.305
0.721
0.599
0.452
0.311
0.255
0.579
0.298
0.802
0.022
0.593
0.542
0.479
0.034
0.826
0.344
0.225
0.478
0.558
0.221
0.56
0.581
0.349
0.969
0.352
0.29
0.659
0.509
0.056
0.655
0.492
0.452
0.663
0.894
0.385
0.489
0.987
0.171
0.768
0.915
0.444
0.996
0.46
0.623
0.013
0.134
0.849
0.752
0.061
0.667
0.708
0.932
0.171
0.106
0.711
0.959
0.801
0.673
0.803
0.81
0.669
0.602
0.392
0.336
0.273
0.524
0.073
0.945
0.201
0.3
0.134
0.661
0.549
0.928
0.623
0.03
0.871
0.049
0.795
0.01
0.695
0.368
0.393
0.968
0.2
0.045
0.839
0.629
0.253
0.682
0.318
0.428
0.068
0.69
0.854
0.427
0.745
0.379
0.218
0.864
0.008
0.052
0.805
0.154
0.249
0.099
0.382
0.133
0.542
0.761
0.18
0.168
0.965
0.21
0.382
0.911
0.049
0.616
0.972
0.337
0.737
0.325
0.307
0.748
0.454
0.3
0.591
0.567
0.635
0.347
0.626
0.334
0.382
0.818
0.989
0.235
0.227
0.028
0.284
0.862
0.037
0.997
0.157
0.722
0.461
0.754
0.209
0.49
0.132
0.187
0.942
0.925
0.917
0.747
0.457
0.174
0.401
0.743
0.61
0.723
0.142
0.377
0.989
0.227
0.65
0.739
0.415
0.448
0.28
0.61
0.708
0.593
0.722
0.119
0.102
0.23
0.952
0.676
0.95
0.043
0.37
0.558
0.296
0.392
0.258
0.955
0.748
0.509
0.846
0.533
0.964
0.493
0.945
0.215
0.928
0.784
0.071
0.935
0.489
0.843
0.165
0.983
0.727
0.136
0.898
0.195
0.342
0.646
0.976
0.764
0.706
0.595
0.843
0.823
0.629
0.7
0.985
0.705
0.333
0.213
0.735
0.19
0.376
0.645
0.306
0.522
0.314
0.725
0.063
0.844
0.605
0.67
0.326
0.101
0.06
0.257
0.039
0.34
0.863
0.119
0.247
0.758
0.641
0.703
0.701
0.347
0.495
0.141
0.684
0.098
0.516
0.974
0.251
0.98
0.257
0.989
0.264
0.267
0.146
0.924
0.208
0.146
0.524
0.163
0.647
0.96
0.648
0.27
0.706
0.619
0.967
0.11
0.535
0.286
0.627
0.674
0.343
0.693
0.044
0.565
0.604
0.451
0.927
0.953
0.174
0.939
0.358
0.061
0.863
0.984
0.841
0.483
0.844
0.576
0.269
0.193
0.541
0.202
0.552
0.456
0.292
0.039
0.797
0.55
0.105
0.042
0.656
0.813
0.336
0.952
0.112
0.584
0.888
0.604
0.657
0.772
0.474
0.862
0.803
0.685
0.6
0.521
0.74
0.438
0.571
0.961
0.177
0.513
0.831
0.3
0.637
0.529
0.047
0.133
0.105
0.471
0.404
0.05
0.414
0.182
0.637
0.237
0.162
0.462
0.641
0.449
0.376
0.665
0.917
0.033
0.062
0.205
0.024
0.254
0.749
0.516
0.112
0.202
0.806
0.999
0.836
0.514
0.875
0.195
0.535
0.52
0.888
0.72
0.994
0.844
0.686
0.685
0.957
0.858
0.556
0.177
0.906
0.385
0.603
0.028
0.756
0.687
0.938
0.159
0.518
0.956
0.99
0.762
0.359
0.407
0.945
0.245
0.963
0.463
0.74
0.424
0.611
0.549
0.067
0.916
0.598
0.524
0.286
0.874
0.908
0.896
0.672
0.269
0.496
0.761
0.045
0.189
0.539
0.643
0.755
0.293
0.965
0.26
0.757
0.584
0.818
0.925
0.962
0.841
0.417
0.362
0.262
0.996
0.339
0.617
0.497
0.921
0.45
0.254
0.695
0.928
0.898
0.325
0.236
0.18
0.088
0.113
0.484
0.669
0.702
0.842
0.142
0.879
0.277
0.365
0.611
0.08
0.935
0.437
0.053
0.526
0.063
0.574
0.181
0.921
0.455
0.673
0.886
0.894
0.487
0.35
0.461
0.803
0.761
0.585
0.69
0.802
0.323
0.544
0.137
0.381
0.114
0.749
0.613
0.262
0.734
0.368
0.722
0.142
0.249
0.701
0.051
0.973
0.053
0.173
0.136
0.047
0.296
0.651
0.592
0.828
0.554
0.951
0.505
0.093
0.173
0.304
0.707
0.693
0.867
0.884
0.055
0.864
0.901
0.726
0.009
0.576
0.336
0.868
