0.279
0.027
0.61
0.695
0.827
0.602
0.47
0.386
0.845
0.811
0.482
0.765
0.276
0.593
0.016
0.2
0.395
0.104
0.141
0.708
0.65
0.009
999
0.304
0.443
0.848
0.159
0.884
0.809
0.475
0.974
0.674
0.152
0.359
0.934
0.179
0.18
0.783
0.772
0.918
0.314
0.884
0.063
0.504
0.688
0.034
0.417
0.005
0.447
0.043
0.186
0.08
0.231
0.07
0.765
0.44
0.311
0.199
0.371
0.795
0.465
0.791
0.737
0.011
0.808
0.392
0.037
0.528
0.493
0.428
0.061
0.571
0.376
0.198
0.328
0.374
0.823
0.12
0.079
0.577
0.808
0.326
0.398
0.941
0.387
0.936
0.264
0.419
0.889
0.235
0.399
0.432
0.891
0.021
0.017
0.867
0.73
0.402
0.555
0.106
0.243
0.484
0.176
0.172
0.121
0.784
0.912
0.446
0.227
0.314
0.383
0.328
0.234
0.877
0.345
0.368
0.075
0.264
0.135
0.362
0.427
0.429
0.088
0.42
0.116
0.564
0.379
0.066
0.875
0.343
0.876
0.753
0.496
0.968
0.525
0.777
0.418
0.034
0.995
0.753
0.305
0.313
0.849
0.81
0.107
0.179
0.804
0.595
0.943
0.176
0.574
0.674
0.825
0.997
0.076
0.782
0.194
0.74
0.696
0.466
0.816
0.321
0.835
0.342
0.003
0.421
0.978
0.116
0.286
0.989
0.171
0.262
0.222
0.493
0.292
0.59
0.67
0.17
0.241
0.383
0.566
0.089
0.857
0.32
0.907
0.282
0.963
0.961
0.092
0.915
0.742
0.382
0.346
0.429
0.406
0.53
0.598
0.922
0.524
0.178
0.135
0.095
0.999
0.234
0.501
0.08
0.118
0.283
0.271
0.03
0.069
0.679
0.898
0.646
0.871
0.861
0.98
0.789
0.966
0.28
0.248
0.395
0.133
0.637
0.764
0.417
0.637
0.998
0.664
0.758
0.653
0.231
0.407
0.533
0.771
0.004
0.65
0.792
0.208
0.023
0.725
0.321
0.791
0.721
0.948
0.815
0.304
0.305
0.644
0.584
0.981
0.427
0.674
0.201
0.314
0.334
0.429
0.215
0.106
0.717
0.098
0.292
0.12
0.711
0.519
0.458
0.495
0.847
0.586
0.255
0.418
0.329
0.054
0.414
0.911
0.749
0.055
0.458
0.044
0.41
0.992
0.868
0.432
0.9
0.289
0.261
0.668
0.433
0.123
0.4
0.235
0.385
0.783
0.44
0.029
0.757
0.494
0.759
0.746
0.779
0.652
0.212
0.964
0.9
0.378
0.512
0.344
0.709
0.046
0.382
0.844
0.619
0.459
0.584
0.109
0.019
0.865
0.464
0.029
0.166
0.731
0.022
0.891
0.707
0.418
0.004
0.069
0.29
0.35
0.881
0.658
0.673
0.83
0.237
0.317
0.694
0.675
0.225
0.098
0.926
0.484
0.469
0.408
0.354
0.93
0.637
0.22
0.615
0.15
0.116
0.855
0.618
0.227
0.354
0.428
0.831
0.679
0.027
0.576
0.806
0.502
0.943
0.609
0.884
0.592
0.008
0.142
0.417
0.136
0.838
0.03
0.267
0.319
0.264
0.318
0.218
0.773
0.421
0.714
0.347
0.584
0.214
0.523
0.607
0.288
0.465
0.196
0.902
0.449
0.924
0.582
0.702
0.095
0.053
0.66
0.439
0.192
0.177
0.44
0.552
0.709
0.063
0.566
0.425
0.709
0.87
0.926
0.635
0.366
0.542
0.031
0.545
0.154
0.584
0.31
0.84
0.506
0.884
0.245
0.509
0.755
0.058
0.351
0.568
0.349
0.353
0.626
0.047
0.581
0.304
0.332
0.963
0.692
0.687
0.76
0.845
0.065
0.186
0.218
0.957
0.383
0.224
0.561
0.147
0.771
0.201
0.338
0.979
0.296
0.804
0.505
0.21
0.002
0.65
0.029
0.119
0.801
0.595
0.266
0.372
0.042
0.82
0.449
0.386
0.814
0.705
0.875
0.61
0.446
0.304
0.545
0.427
0.424
0.862
0.128
0.177
0.548
0.579
0.813
0.895
0.091
0.725
0.548
0.064
0.133
0.219
0.765
0.026
0.236
0.177
0.32
0.394
0.124
0.026
0.508
0.684
0.91
0.381
0.975
0.198
0.421
0.162
0.682
0.052
0.048
0.675
0.402
0.04
0.056
0.05
0.844
0.143
0.827
0.394
0.381
0.063
0.207
0.817
0.451
0.302
0.001
0.134
0.627
0.331
0.886
0.111
0.141
0.595
0.707
0.541
0.525
0.346
0.548
0.895
0.005
0.384
0.156
0.378
999
0.534
0.221
0.482
0.661
0.839
0.21
0.111
0.152
0.87
0.969
0.105
0.922
0.273
0.524
0.885
0.361
0.0
0.298
0.828
0.83
0.607
0.342
0.232
0.555
0.141
0.203
0.051
0.133
0.661
0.91
0.431
0.862
0.043
0.479
0.865
0.114
0.146
0.521
0.905
0.945
0.888
0.687
0.251
0.879
0.365
0.165
0.739
0.849
0.768
0.543
0.882
0.033
0.662
0.999
0.046
0.687
0.223
0.152
0.309
0.324
0.086
0.246
0.558
0.447
0.077
0.496
0.735
0.553
0.277
0.71
0.81
0.424
0.395
0.351
0.568
0.424
0.472
0.101
0.245
0.318
0.549
0.323
0.476
0.747
0.996
0.541
0.113
0.047
0.763
0.677
0.733
0.462
0.432
0.713
0.389
0.937
0.592
0.92
0.597
0.744
0.825
0.592
0.132
0.582
0.85
0.202
0.606
0.732
0.597
0.04
0.259
0.476
0.436
0.797
0.647
0.812
0.767
0.838
0.16
0.294
0.899
0.481
0.566
0.431
0.779
0.089
0.526
0.842
0.192
0.188
0.59
0.193
0.992
0.363
0.047
0.87
0.106
0.42
0.604
0.587
0.165
0.868
0.3
0.721
0.3
0.628
0.825
0.688
0.403
0.877
0.488
0.818
0.64
0.443
0.547
0.903
0.962
0.334
0.216
0.266
0.405
0.568
0.069
0.025
0.822
0.565
0.062
0.101
0.852
0.432
0.304
0.851
0.933
0.057
0.868
0.262
0.538
0.193
0.717
0.6
0.058
0.845
0.047
0.996
0.054
0.497
0.435
0.624
0.465
0.633
0.102
0.376
0.941
0.298
0.458
0.243
0.971
0.211
0.01
0.343
0.42
0.178
0.866
0.808
0.219
0.451
0.17
0.405
0.751
0.49
0.291
0.331
0.764
0.788
0.921
0.497
0.596
0.227
0.025
0.176
0.049
0.411
0.436
0.545
0.121
0.232
0.858
0.311
0.516
0.154
0.357
0.204
0.339
0.822
0.148
0.095
0.854
0.957
0.063
0.036
0.596
0.632
0.236
0.925
0.851
0.968
0.777
0.397
0.053
0.085
0.854
0.048
0.714
0.694
0.933
0.903
0.527
0.583
0.737
0.154
0.612
0.97
0.249
0.952
0.606
0.954
0.58
0.128
0.681
0.418
0.838
0.809
0.311
0.417
0.102
0.416
0.335
0.106
0.866
0.2
0.704
0.527
0.375
0.049
0.971
0.933
0.035
0.354
0.396
0.374
0.533
0.665
0.244
0.892
0.29
0.541
0.101
0.745
0.043
0.524
0.049
0.375
0.149
0.279
0.364
0.896
0.721
0.384
0.384
0.697
0.164
0.319
0.435
0.889
0.121
0.565
0.406
0.999
0.495
0.706
0.832
0.259
0.124
0.449
0.202
0.387
0.112
0.221
0.21
0.77
0.948
0.565
0.336
0.22
0.362
0.731
0.977
0.252
0.468
0.142
0.332
0.582
0.538
0.263
0.402
0.49
0.717
0.27
0.524
0.927
0.554
0.282
0.408
0.539
0.852
0.003
0.58
0.421
0.368
0.965
0.872
0.489
0.224
0.94
0.109
0.621
0.688
0.393
0.199
0.041
0.377
0.799
0.116
0.777
0.719
0.978
0.023
0.274
0.49
0.117
0.322
0.867
0.602
0.296
0.574
0.48
0.969
0.791
0.932
0.253
0.064
0.418
0.762
0.084
0.241
0.461
0.787
0.717
0.242
0.769
0.912
0.243
0.454
0.693
0.871
0.592
0.044
0.526
0.319
0.254
0.155
0.946
0.557
0.571
0.86
0.596
0.196
0.56
0.81
0.407
0.489
0.746
0.284
0.979
0.103
0.005
0.172
0.272
0.453
0.251
0.476
0.154
0.487
0.341
0.669
0.777
0.557
0.681
0.113
0.701
0.499
0.67
0.793
0.017
0.794
0.174
0.214
0.704
0.773
0.581
0.085
0.407
0.028
0.314
0.818
0.957
0.374
0.349
0.799
0.51
0.606
