0.958
0.289
0.607
0.796
0.923
0.228
0.213
0.717
0.849
1.0
0.879
0.367
0.627
0.539
0.839
0.561
0.951
0.311
0.692
0.754
0.216
0.814
0.112
0.945
0.309
0.264
0.222
0.455
0.365
0.332
0.351
0.182
0.971
0.778
0.631
0.679
0.328
0.205
0.224
0.894
0.688
0.122
0.63
0.641
0.981
0.385
0.331
0.632
0.709
0.808
0.163
0.716
0.273
0.248
0.268
0.978
0.743
0.528
0.138
0.272
0.541
0.551
0.876
0.028
0.414
0.058
0.202
0.338
0.91
0.012
0.682
0.726
0.261
0.813
0.106
0.919
0.294
0.446
0.43
0.778
0.995
0.16
0.118
0.446
0.327
0.863
0.835
0.116
0.1
0.395
0.275
0.984
0.773
0.183
0.834
0.185
0.664
0.127
0.884
0.115
0.079
0.316
0.654
0.38
0.133
0.787
0.026
0.805
0.32
0.441
0.152
0.124
0.433
0.326
0.009
0.868
0.877
0.317
0.664
0.615
0.053
0.532
0.513
0.357
0.535
0.936
0.941
0.389
0.522
0.379
0.817
0.643
0.088
0.359
0.65
0.614
0.3
0.182
0.224
0.095
0.688
0.577
0.14
0.935
0.579
0.591
0.243
0.406
0.43
0.939
0.088
0.361
0.599
0.998
0.858
0.523
0.71
0.742
0.299
0.705
0.737
0.28
0.943
0.392
0.483
0.422
0.785
0.203
0.062
0.875
0.466
0.931
0.13
0.412
0.962
0.949
0.709
0.989
0.838
0.657
0.807
0.025
0.196
0.036
0.839
0.004
0.494
0.535
0.69
0.56
0.002
0.196
0.163
999
0.269
0.89
0.63
0.279
0.181
0.963
0.701
0.773
0.729
0.726
0.182
0.131
0.088
0.875
0.843
0.434
0.739
0.27
0.547
0.356
0.752
0.43
0.661
0.998
0.407
0.778
0.532
0.376
0.856
0.847
0.271
0.182
0.864
0.634
0.444
0.274
0.745
0.879
0.055
0.876
0.936
0.72
0.251
0.24
0.668
0.796
0.241
0.898
0.631
0.146
0.546
0.03
0.669
0.18
0.413
0.802
0.677
0.258
0.219
0.776
0.112
0.278
0.061
0.639
0.842
0.449
999
0.877
0.216
0.548
0.502
0.559
0.798
0.596
0.651
0.364
0.945
0.726
0.331
0.843
0.775
0.291
0.946
0.854
0.94
0.267
0.757
0.861
0.225
0.019
0.548
0.433
0.762
0.616
0.597
0.263
0.016
0.806
0.971
0.344
0.675
0.023
0.07
0.738
0.733
0.771
0.846
0.43
0.241
0.473
0.598
0.36
0.055
0.577
0.626
0.321
0.871
0.51
0.168
0.918
0.997
0.391
0.71
0.947
0.545
0.727
0.104
0.588
0.781
0.46
0.124
0.429
0.509
0.546
0.93
0.088
0.361
0.018
0.874
0.536
0.187
0.074
0.611
0.12
0.179
0.455
0.105
0.865
0.094
0.9
0.947
0.87
0.723
0.633
0.254
0.362
0.178
0.669
0.323
0.776
0.786
0.486
0.198
0.723
0.99
0.084
0.508
0.78
0.48
0.984
0.033
0.199
0.701
0.566
0.674
0.953
0.924
0.139
0.825
0.708
0.26
0.944
0.904
0.334
0.8
0.365
0.396
0.015
0.504
0.802
0.633
0.855
0.286
0.752
0.268
0.759
0.257
0.819
0.94
0.323
0.77
0.057
0.093
0.971
0.9
0.6
0.204
0.16
0.322
0.338
0.061
0.088
0.694
0.409
0.376
0.103
0.316
0.554
0.418
0.77
0.434
0.506
0.142
0.323
0.487
0.709
0.476
0.668
0.117
0.808
0.481
0.846
0.861
0.982
0.644
0.157
0.736
0.826
0.959
0.112
0.689
0.679
0.406
0.111
0.797
0.608
0.229
0.785
0.957
0.018
0.908
0.314
0.208
0.744
0.73
0.996
0.953
0.002
0.568
0.907
0.58
0.093
0.878
0.933
0.776
0.068
0.859
0.682
0.533
0.907
0.701
0.468
0.933
0.316
0.427
0.437
0.539
0.251
0.998
0.986
0.244
0.048
0.068
0.666
0.918
0.978
0.625
0.745
0.748
0.749
0.551
0.314
0.839
0.81
0.663
0.929
0.272
0.817
0.102
0.881
0.935
0.479
0.533
0.846
0.519
0.042
0.985
0.717
0.085
0.144
0.143
0.409
0.11
0.442
0.143
0.277
0.127
0.257
0.56
0.146
0.945
0.009
0.962
0.992
0.384
0.628
0.13
0.91
0.344
0.261
0.938
0.315
0.261
0.601
0.826
0.643
0.466
0.357
0.135
0.88
0.687
0.141
0.235
0.485
0.622
0.228
0.528
0.753
0.414
0.418
0.334
0.238
0.961
0.311
0.677
0.475
0.822
0.463
0.844
0.978
0.92
0.474
0.018
0.585
0.866
0.627
0.831
0.816
0.791
0.89
0.962
0.421
0.238
0.394
0.055
0.713
0.369
0.388
0.937
0.233
0.246
0.781
0.428
0.552
0.777
0.681
0.331
0.71
0.339
0.333
0.598
0.043
0.413
0.875
0.865
0.559
0.196
0.014
0.164
0.749
0.248
0.614
0.381
0.202
0.503
0.393
0.594
0.668
0.704
0.519
0.455
0.297
0.735
0.477
0.181
0.289
0.064
0.521
0.928
0.243
0.857
0.642
0.785
0.046
0.968
0.25
0.073
0.711
0.86
0.569
0.42
0.236
0.622
0.159
0.071
0.944
0.016
0.556
0.824
0.315
0.405
0.49
0.006
0.61
0.058
0.6
0.779
0.16
0.699
0.421
0.199
0.109
0.702
0.374
0.03
0.602
0.392
0.105
0.046
0.234
0.174
0.551
0.296
0.547
0.03
0.952
0.308
0.061
0.694
0.677
0.136
0.407
0.975
0.625
0.957
0.367
0.892
0.02
0.742
0.416
0.037
0.391
0.106
0.168
0.784
0.68
0.478
0.208
0.073
0.118
0.324
0.317
0.833
0.286
0.552
0.394
0.991
0.806
0.481
0.471
0.649
0.247
0.392
0.808
0.304
0.715
0.35
0.175
0.496
0.646
0.678
0.566
0.885
0.974
0.719
0.899
0.488
0.609
0.681
0.275
0.361
0.341
0.342
0.17
0.366
0.402
0.633
0.887
0.168
0.97
0.82
0.328
0.806
0.629
0.972
0.813
0.673
0.235
0.921
0.832
0.721
0.418
0.414
0.717
0.264
0.471
0.336
0.795
0.493
0.836
0.602
0.358
0.067
0.361
0.382
0.25
0.096
0.97
0.164
0.909
0.303
0.514
0.768
0.042
0.045
0.247
0.779
0.68
0.646
0.918
0.533
0.446
0.433
0.428
0.749
0.757
0.655
0.832
0.117
0.917
0.559
0.789
0.204
0.947
0.149
0.046
0.188
0.938
0.316
0.907
0.975
0.931
0.512
0.063
0.951
0.954
0.413
0.339
0.895
0.071
0.025
0.222
0.133
0.62
0.759
0.318
0.861
0.918
0.727
0.892
0.132
0.498
0.151
0.336
0.69
0.5
0.048
0.563
0.225
0.728
0.39
0.006
0.236
0.532
0.803
0.885
0.931
0.937
0.662
0.714
0.45
0.099
0.933
0.754
0.011
0.124
0.879
0.983
0.708
0.682
0.462
0.575
0.358
0.81
0.845
0.661
0.51
0.078
0.066
0.596
0.008
0.821
0.364
0.896
0.244
0.852
0.812
0.088
0.741
0.965
0.913
0.104
0.05
0.406
0.877
0.816
0.411
0.464
0.015
0.763
0.512
0.442
0.873
0.045
0.49
0.843
0.49
0.286
0.079
0.255
0.633
0.01
0.181
0.497
0.273
0.911
0.093
0.411
0.239
0.025
0.017
0.224
0.153
0.71
0.523
0.601
0.712
0.453
0.554
0.905
0.574
0.915
0.379
0.774
0.191
0.046
0.566
0.145
0.302
0.055
0.022
0.996
0.725
0.917
0.491
0.804
0.755
0.776
0.149
0.898
0.401
0.256
0.731
0.489
0.484
0.164
0.129
0.173
0.122
0.587
0.26
0.066
0.024
0.543
0.101
0.5
0.825
0.979
0.861
0.149
0.025
0.805
0.62
0.318
0.753
0.239
0.25
0.984
0.363
0.139
0.549
0.597
0.154
0.589
0.475
0.341
0.309
0.281
0.691
0.115
0.939
0.374
0.777
0.973
0.188
0.924
0.711
0.038
0.695
0.043
0.052
0.022
0.266
0.55
0.768
0.474
0.758
0.484
0.576
0.354
0.008
0.72
0.436
0.84
0.281
0.698
0.73
0.999
0.475
0.313
0.076
0.009
0.466
0.978
0.495
0.77
0.601
0.264
0.888
0.982
0.156
0.531
0.519
0.453
0.174
0.848
