0.683
0.525
0.07
0.013
0.606
0.14
0.456
0.385
0.607
0.694
0.062
0.82
0.349
0.028
0.569
0.81
0.173
0.164
0.636
0.832
0.102
0.02
0.544
0.107
0.276
0.773
0.699
0.37
0.57
0.008
0.774
0.968
0.362
0.526
0.818
0.789
0.246
0.6
0.416
0.425
0.784
0.554
0.499
0.028
0.149
0.912
0.084
0.21
0.177
0.836
0.31
0.354
0.335
0.585
0.615
0.878
0.762
0.609
0.688
0.533
0.138
0.838
0.359
0.7
0.452
0.924
0.268
0.999
0.928
0.66
0.173
0.58
0.072
0.946
0.206
0.623
0.404
0.71
0.924
0.616
0.217
0.764
0.56
0.671
0.602
0.01
0.64
0.213
0.557
0.648
0.673
0.777
0.97
0.45
0.092
0.856
0.273
0.548
0.124
0.228
0.975
0.604
0.587
0.383
0.62
0.49
0.613
0.09
0.563
0.917
0.509
0.276
0.302
0.528
0.444
0.002
0.176
0.303
0.003
0.766
0.369
0.928
0.207
0.85
0.095
0.443
0.222
0.993
0.935
0.737
0.146
0.757
0.875
0.504
0.189
0.824
0.416
0.207
0.387
0.17
0.88
0.951
0.836
0.069
0.181
0.993
0.824
0.337
0.378
0.246
0.225
0.441
0.436
0.99
0.728
0.902
0.055
0.903
0.127
0.51
0.049
0.981
0.781
0.256
0.123
0.652
0.535
0.336
0.432
0.907
0.981
0.494
0.108
0.293
0.992
0.996
0.524
0.627
0.699
0.815
0.713
0.609
0.388
0.328
0.483
0.616
0.177
0.24
0.871
0.657
0.257
0.36
0.042
0.38
0.734
0.818
0.859
0.049
0.328
0.102
0.485
0.018
0.428
0.21
0.939
0.583
0.937
0.84
0.412
0.971
0.859
0.185
0.9
0.349
0.901
0.821
0.314
0.292
0.602
0.135
0.608
0.277
0.095
0.524
0.418
0.506
0.818
0.504
0.294
0.169
0.497
0.693
0.417
0.586
0.864
0.59
0.907
0.44
0.217
0.285
0.122
0.279
0.503
0.663
0.868
0.83
0.24
0.172
0.456
0.698
0.829
0.929
0.754
0.374
0.384
0.663
0.198
0.178
0.714
0.955
0.615
0.145
0.049
0.584
0.18
0.833
0.986
0.78
0.462
0.613
0.292
0.342
0.645
0.581
0.393
0.798
0.417
0.185
0.416
0.104
0.125
0.104
0.061
0.086
0.893
0.141
0.453
0.848
0.732
0.914
0.256
0.812
0.861
0.818
0.517
0.116
0.765
0.269
0.301
0.378
0.526
0.727
0.456
0.815
0.096
0.309
0.16
0.372
0.137
0.919
0.721
0.179
0.251
0.433
0.504
0.562
0.581
0.314
0.529
0.657
0.33
0.804
0.979
0.024
0.038
0.313
0.221
0.576
0.737
0.538
0.267
0.373
0.488
0.804
0.034
0.846
0.328
0.166
0.596
0.313
0.863
0.381
0.966
0.816
0.384
0.41
0.157
0.887
0.418
0.68
0.034
0.803
0.401
0.214
0.943
0.967
0.065
0.289
0.165
0.902
0.002
0.213
0.674
0.188
0.662
0.067
0.738
0.692
0.66
0.781
0.328
0.455
0.063
0.652
0.592
0.61
0.537
0.719
0.89
0.093
0.201
0.008
0.684
0.464
0.053
0.276
0.488
0.245
0.978
0.899
0.814
0.134
0.983
0.927
0.699
0.748
0.465
0.396
0.765
0.957
0.066
0.003
0.782
0.738
0.169
0.156
0.592
0.903
0.355
0.13
0.813
0.903
0.353
0.319
0.304
0.775
0.266
0.272
0.931
0.648
0.291
0.625
0.665
0.61
0.585
0.369
0.943
0.675
0.607
0.199
0.82
0.936
0.571
0.74
0.644
0.21
0.13
0.604
0.393
0.778
0.485
0.617
0.134
0.53
0.2
0.126
0.655
0.956
0.893
0.277
0.92
0.965
0.517
0.595
0.352
0.679
0.954
0.044
0.59
0.971
0.41
0.367
0.274
0.348
0.249
0.425
0.98
0.132
0.475
0.891
0.245
0.814
0.858
0.43
0.863
0.069
0.063
0.382
0.961
0.076
0.794
0.184
0.935
0.68
0.97
0.814
0.31
0.834
0.295
0.096
0.18
0.895
0.888
0.379
0.106
0.29
0.363
0.69
0.05
0.63
0.158
0.914
0.541
0.036
0.22
0.876
0.823
0.914
0.61
0.843
0.141
0.663
0.288
0.91
0.904
0.444
0.072
0.91
0.082
0.346
0.216
0.151
0.411
0.357
0.33
0.222
0.012
0.906
0.195
0.566
0.946
0.418
0.038
0.097
0.782
0.41
0.888
0.602
0.546
0.604
0.9
999
0.594
0.079
0.265
0.664
0.726
0.467
0.635
0.934
0.926
0.808
0.358
0.198
0.112
0.932
0.263
0.476
0.796
0.41
0.604
0.242
0.033
0.06
0.897
0.883
0.657
0.204
0.18
0.859
0.43
0.297
0.713
0.224
0.479
0.64
0.907
0.018
0.619
0.279
0.288
0.971
0.888
0.625
0.753
0.032
0.856
0.246
0.168
0.103
0.664
0.864
0.277
0.601
0.059
0.592
0.326
0.624
0.28
0.086
0.211
0.151
0.948
0.945
0.688
0.256
0.552
0.302
0.105
0.466
0.099
0.014
0.321
0.653
0.809
0.744
0.743
0.488
0.557
0.683
0.044
0.962
0.564
0.498
0.46
0.493
0.427
0.937
0.338
0.118
0.021
0.116
0.037
0.514
0.833
0.535
0.261
0.012
0.601
0.34
0.092
0.596
0.206
0.775
0.703
0.17
0.052
0.29
0.77
0.474
0.395
0.519
0.488
0.626
0.713
0.413
0.037
0.232
0.537
0.971
0.995
0.859
0.75
0.052
0.575
0.506
0.8
0.401
0.169
0.569
0.841
0.736
0.723
0.735
0.959
0.717
0.149
0.161
0.855
0.624
0.802
0.222
0.96
0.248
0.342
0.11
0.256
0.518
0.833
0.129
0.49
0.278
0.508
0.454
0.232
0.291
0.818
0.911
0.893
0.149
0.354
0.114
0.842
0.431
0.388
0.431
0.625
0.133
0.656
0.221
0.249
0.857
0.255
0.935
0.449
0.055
0.891
0.393
0.154
0.949
0.321
0.947
0.848
0.779
0.235
0.219
0.79
0.357
0.021
0.995
0.386
0.858
0.187
0.357
0.411
0.333
0.764
0.325
0.313
0.518
0.258
0.687
0.982
0.575
0.303
0.588
0.762
0.122
0.992
0.284
0.149
0.167
0.473
0.94
0.379
0.907
0.043
0.666
0.621
0.594
0.933
0.954
0.225
0.529
0.182
0.517
0.833
0.341
0.957
0.833
0.4
0.137
0.057
0.707
0.281
0.05
0.669
0.582
0.572
0.27
0.821
0.534
0.659
0.166
0.902
0.6
0.986
0.409
0.951
0.622
0.812
0.088
0.95
0.336
0.738
0.574
0.179
0.593
0.003
0.178
0.145
0.672
0.798
0.191
0.069
0.293
0.421
0.306
0.38
0.571
0.884
0.983
0.739
0.891
0.25
0.925
0.654
0.022
0.213
0.799
0.301
0.184
0.125
0.312
0.716
0.495
0.07
0.218
0.862
0.221
0.023
0.613
0.751
0.233
0.718
0.481
0.929
0.233
0.699
0.885
0.339
0.33
0.741
0.894
0.101
0.392
0.873
0.044
0.451
0.075
0.004
0.891
0.182
0.729
0.545
0.196
0.845
0.355
0.097
0.862
0.007
0.949
0.567
0.98
0.531
0.704
999
0.11
0.021
0.806
0.868
0.947
0.877
0.908
0.122
0.018
0.181
0.617
0.303
0.478
0.642
0.417
0.012
0.702
0.247
0.522
0.754
0.313
0.511
0.024
0.101
0.28
0.248
0.725
0.256
0.752
0.548
0.821
0.417
0.726
0.649
0.04
0.963
0.261
0.799
0.249
0.918
0.481
0.961
0.576
0.058
0.262
0.72
0.609
0.101
0.33
0.686
0.159
0.784
0.325
0.406
0.32
0.295
0.88
0.205
0.477
0.795
0.979
0.77
0.061
0.351
0.971
0.448
0.765
0.846
0.561
0.787
0.592
0.188
0.918
0.312
0.216
0.594
0.106
0.717
0.715
0.396
0.315
0.799
0.804
0.974
0.656
0.829
0.942
0.971
0.273
0.58
0.313
0.073
0.788
0.307
0.155
0.987
0.196
0.106
0.095
0.677
0.456
0.173
0.121
0.945
0.615
0.709
0.258
0.779
0.82
0.885
0.25
0.895
0.358
0.686
0.93
0.645
0.931
0.676
0.17
0.646
0.472
0.777
0.143
0.545
0.829
0.286
0.776
0.453
0.508
0.035
0.471
0.056
0.589
