0.736
0.289
0.932
0.881
0.656
0.258
0.95
0.014
0.449
0.294
0.901
0.792
0.139
0.989
0.881
0.252
0.576
0.217
0.163
0.196
0.613
0.34
0.18
0.196
0.253
0.55
0.327
0.04
0.117
0.181
0.656
0.957
0.526
0.545
0.724
0.146
0.783
0.626
0.745
0.662
0.873
0.943
0.952
0.696
0.315
0.769
0.974
0.124
0.125
0.265
0.749
0.934
0.918
0.25
0.269
0.407
0.895
0.628
0.612
0.063
0.99
0.393
0.347
0.812
0.575
0.023
0.119
0.344
0.785
0.371
0.084
0.843
0.484
0.486
0.225
0.667
0.495
0.434
0.963
0.544
0.588
0.631
0.289
0.266
0.951
0.21
0.602
0.55
0.989
0.23
0.925
0.886
0.035
0.436
0.564
0.929
0.957
0.02
0.238
0.699
0.34
0.149
0.335
0.117
0.488
0.689
0.163
0.0
0.447
0.652
0.031
0.149
0.372
0.212
0.218
0.888
0.318
0.21
0.293
0.754
0.249
0.682
0.127
0.877
0.366
0.826
0.464
0.472
0.91
0.524
0.008
0.764
0.612
0.04
0.711
0.641
0.595
0.275
0.049
0.01
0.036
0.66
0.12
0.192
0.872
0.899
0.294
0.895
0.572
0.962
0.557
0.772
0.712
0.069
0.48
0.387
0.677
0.549
0.662
0.482
0.895
0.768
0.74
0.787
0.944
0.349
0.054
0.335
0.085
0.463
0.464
0.988
0.186
0.289
0.942
0.42
0.895
0.078
0.483
0.047
0.744
0.279
0.711
0.333
0.939
0.899
0.911
0.062
0.087
0.852
0.261
0.708
0.331
0.883
0.178
0.675
0.523
0.407
0.67
0.162
