0.341
0.525
0.094
0.213
0.076
0.303
0.965
0.693
0.172
0.792
0.488
0.331
0.764
0.295
0.868
0.531
0.855
0.653
0.547
0.034
0.293
0.823
0.418
0.025
0.755
0.154
0.691
0.956
0.674
0.927
0.294
0.212
0.662
0.283
0.808
0.45
0.049
0.458
0.609
0.902
0.83
0.689
0.391
0.896
0.547
0.889
0.637
0.415
0.938
0.767
0.96
0.981
0.014
0.162
0.24
0.077
0.461
0.645
0.645
0.623
0.204
0.252
0.62
0.244
0.835
0.158
0.066
0.919
0.806
0.63
0.578
0.019
0.122
0.5
0.568
0.167
0.862
0.353
0.25
0.272
0.505
0.638
0.378
0.101
0.166
0.291
0.758
0.93
0.044
0.881
0.423
0.714
0.598
0.464
0.287
0.925
0.878
0.048
0.296
0.672
0.466
0.138
0.159
0.936
0.424
0.113
0.44
0.837
0.889
0.935
0.013
0.035
0.956
0.355
0.153
0.888
0.821
0.735
0.006
0.901
0.244
0.429
0.179
0.878
0.722
0.739
0.066
0.695
0.76
0.339
0.559
0.849
0.612
0.485
0.496
0.775
0.05
0.231
0.118
0.028
0.902
0.514
0.043
0.28
0.903
0.15
0.914
0.121
0.352
0.397
0.883
0.747
0.677
0.765
0.929
0.929
0.422
0.399
0.599
0.042
0.004
0.07
0.316
0.689
0.837
0.832
0.294
0.567
0.446
0.893
0.655
0.446
0.442
0.422
0.298
0.265
0.939
0.78
0.913
0.908
0.499
0.723
0.569
0.528
0.973
0.267
0.949
0.614
ERROR
0.609
0.005
0.744
0.496
0.781
0.701
0.244
0.103
0.65
0.065
0.025
