0.303
0.72
0.095
0.343
0.249
0.575
0.397
0.302
0.156
0.011
0.654
0.379
0.206
0.896
0.365
0.143
0.003
0.5
0.11
0.768
0.817
0.047
0.485
0.434
0.344
0.765
0.476
0.356
0.218
0.828
0.538
0.196
0.852
0.078
0.92
0.633
0.067
0.976
0.384
0.79
0.592
0.062
0.735
0.936
0.151
0.023
0.445
0.543
0.987
0.582
0.357
0.93
0.294
0.787
0.739
0.931
0.282
0.308
0.408
0.683
0.947
0.392
0.889
0.235
0.642
0.819
0.746
0.799
0.499
0.961
0.091
0.458
0.054
0.836
0.56
0.444
0.461
0.578
ERROR
0.969
0.952
0.678
0.352
0.444
0.669
0.435
0.47
0.086
0.768
0.421
0.721
0.258
0.053
0.869
0.132
0.074
0.042
0.449
0.678
0.703
0.201
0.695
0.986
0.491
0.089
0.125
0.711
0.672
0.435
0.968
0.855
0.265
0.397
0.662
0.572
0.751
0.079
0.799
0.4
0.721
0.003
0.859
0.262
0.959
0.197
0.831
0.694
0.043
0.19
0.597
0.689
0.466
0.874
0.333
0.019
0.883
0.219
0.694
0.444
0.56
0.616
0.334
0.3
0.819
0.743
0.722
0.265
0.85
0.898
0.944
0.748
0.478
0.292
0.36
0.542
0.092
0.455
0.388
0.075
0.291
0.792
0.867
0.339
0.223
0.433
0.563
0.822
0.481
0.388
0.589
0.774
0.699
0.088
0.722
0.35
0.697
0.498
0.56
0.157
0.934
0.662
0.627
0.916
0.331
0.402
0.516
0.942
0.576
0.58
0.272
0.33
0.6
ERROR
0.763
0.018
0.921
0.034
0.176
0.879
0.41
