0.63
0.313
0.129
0.363
0.505
0.984
0.73
0.079
0.974
0.826
0.769
0.887
0.952
0.489
0.075
0.809
0.047
0.71
0.744
0.182
0.975
0.256
0.283
0.919
0.42
0.909
0.964
0.625
0.163
0.528
0.003
0.325
0.571
0.981
0.583
0.533
0.233
0.902
0.376
0.005
0.05
0.416
0.75
0.212
0.904
0.967
0.485
1.0
0.109
0.084
0.057
0.444
0.108
0.662
0.855
0.478
0.925
0.792
0.499
0.579
0.323
0.529
0.556
0.657
0.208
0.002
0.597
0.648
0.546
0.389
0.495
0.079
0.852
0.23
0.695
0.962
0.303
0.547
0.996
0.812
0.272
0.027
0.239
0.844
0.128
0.905
0.097
0.083
0.424
0.038
0.344
0.128
0.222
0.632
0.171
0.084
0.441
0.863
0.583
0.0
0.19
0.555
0.058
0.808
0.246
0.909
0.257
0.633
0.822
0.459
0.752
0.962
0.375
0.622
0.302
0.597
0.111
0.403
0.013
0.449
0.272
0.831
0.553
0.589
0.206
0.997
0.199
0.094
0.279
0.525
0.724
0.058
0.961
0.76
0.763
0.2
0.108
0.738
0.537
0.47
0.597
0.511
0.696
0.689
0.704
0.298
0.749
0.086
0.17
0.138
0.478
0.022
0.606
0.722
0.802
0.394
0.713
0.772
0.281
0.395
0.192
0.516
0.462
0.938
0.573
0.657
0.833
0.16
0.093
0.902
0.252
0.168
0.339
0.501
0.602
0.887
0.96
0.295
999
0.637
0.961
0.219
0.843
0.386
0.071
0.774
0.41
0.665
0.75
0.815
0.058
0.101
0.998
0.405
0.27
0.292
0.894
0.481
0.432
0.226
0.226
0.918
0.381
0.952
0.438
0.404
0.007
0.38
0.479
0.848
0.642
0.457
0.144
0.073
0.497
0.072
0.543
0.158
0.31
0.224
0.876
0.783
0.062
0.044
0.585
0.623
0.075
0.733
0.679
0.784
0.45
0.451
0.778
0.615
0.071
0.991
0.22
0.965
0.85
0.317
0.714
0.771
0.953
0.671
0.263
999
0.358
0.874
0.871
0.953
0.925
0.951
0.267
0.935
0.964
0.601
0.055
0.304
0.285
0.863
0.497
0.148
0.387
0.573
0.779
0.696
0.729
0.264
0.509
0.457
0.996
0.031
0.894
0.344
0.185
0.534
0.155
0.86
0.031
0.316
0.321
0.806
0.278
0.838
0.72
0.444
0.754
0.517
0.412
0.219
0.12
0.833
0.151
0.687
0.587
0.969
0.032
0.11
0.201
0.027
0.204
0.124
0.215
0.085
0.853
0.423
0.643
0.907
0.822
0.148
0.881
0.016
0.156
0.363
0.878
0.554
0.926
0.328
0.448
0.357
0.351
0.882
0.849
0.786
0.133
0.696
0.921
0.592
0.792
0.326
0.342
0.451
0.217
0.836
0.128
0.965
0.876
0.443
0.544
0.993
0.946
0.138
0.699
0.214
0.702
0.779
0.158
0.877
0.562
0.775
0.02
0.36
0.9
0.484
0.049
0.864
0.782
0.516
0.093
0.391
0.137
0.74
0.324
0.432
0.547
0.513
0.506
0.024
0.457
0.876
0.981
0.351
0.478
0.775
0.716
0.709
0.629
0.886
0.641
0.579
0.1
0.648
0.099
0.557
0.812
0.379
0.645
0.593
0.888
0.371
0.718
0.538
0.153
0.604
0.244
0.215
0.651
0.421
0.646
0.503
0.464
0.476
0.88
0.821
0.937
0.595
0.212
0.367
0.884
0.67
0.86
0.117
0.625
0.639
0.305
0.366
0.099
0.235
0.816
0.667
0.675
0.272
0.701
0.53
0.295
0.082
0.328
0.759
0.316
0.184
0.975
0.7
0.157
0.862
0.042
0.264
0.478
0.79
0.356
0.203
0.57
0.587
0.532
0.127
0.735
0.761
0.215
0.417
0.465
0.547
0.726
0.469
0.56
0.997
0.272
0.25
0.599
0.087
0.244
0.376
0.525
0.546
0.674
0.982
0.23
0.232
0.327
0.61
0.212
0.766
0.052
0.112
0.05
0.246
0.777
0.196
0.293
0.947
0.441
0.228
0.825
0.694
0.202
0.956
0.241
0.389
0.226
0.492
0.844
0.646
0.592
0.537
0.73
0.421
0.226
0.062
0.858
0.518
0.491
0.464
0.467
0.067
0.982
0.169
0.518
0.078
0.62
0.796
0.556
0.693
0.167
0.511
0.536
0.793
0.118
0.333
0.937
0.102
0.819
0.483
0.876
0.448
0.289
0.31
0.503
0.234
0.316
0.415
0.542
0.309
0.156
0.223
0.315
0.293
0.465
0.549
0.676
0.843
0.449
0.022
0.297
0.673
0.879
0.212
0.449
0.523
0.675
0.055
0.045
0.047
0.086
0.213
0.708
0.373
0.588
0.756
0.416
0.727
0.754
0.982
0.104
0.875
0.17
0.44
0.109
0.662
0.696
0.35
0.3
0.882
0.991
0.953
0.816
0.813
0.743
0.517
0.016
0.27
0.536
0.133
0.346
0.841
0.762
0.637
0.813
0.026
0.391
0.386
0.919
0.886
0.543
0.364
0.175
0.369
0.779
0.525
0.481
999
0.183
0.748
0.561
0.886
0.17
0.184
0.066
0.826
0.932
0.266
0.66
0.725
0.816
0.84
0.215
0.512
0.247
0.389
0.49
0.769
0.472
0.729
0.005
0.73
0.86
0.987
0.235
0.142
0.163
0.429
0.933
0.407
0.386
0.588
999
0.337
0.227
0.262
0.48
0.314
0.121
0.933
0.03
0.902
0.962
0.835
0.505
0.951
0.141
0.102
0.107
0.557
0.368
0.954
0.261
0.642
0.399
0.115
0.634
0.699
0.481
0.589
0.552
0.535
0.178
0.218
0.898
0.037
0.74
0.732
0.935
0.298
0.628
0.14
0.568
0.421
0.539
0.785
0.148
0.264
0.876
0.319
0.064
0.773
0.171
0.046
0.558
0.52
0.909
0.188
0.477
0.409
0.396
0.191
0.16
0.684
0.467
0.373
0.241
0.661
0.308
0.592
0.706
0.5
0.411
0.877
0.937
0.294
0.564
0.642
0.411
0.052
0.708
0.051
0.925
0.244
0.417
0.374
0.288
0.174
0.187
0.082
0.246
0.37
0.8
0.187
0.028
0.404
0.635
0.966
0.752
0.413
0.344
0.204
0.056
0.311
0.319
0.07
0.157
0.688
0.076
0.458
0.183
0.869
0.579
0.294
0.829
0.934
0.976
0.049
0.103
0.434
0.121
0.776
0.584
0.009
0.799
0.641
0.982
0.467
0.074
0.808
0.289
0.757
0.524
0.612
0.763
0.007
0.443
0.714
0.25
0.75
0.817
0.22
0.008
0.45
0.105
0.699
0.985
0.306
0.65
999
0.867
0.136
0.897
0.93
0.95
0.734
0.06
0.228
0.363
0.168
0.769
0.046
0.48
0.609
0.561
0.204
0.271
0.57
0.289
0.092
0.552
0.95
0.386
0.472
0.193
0.25
0.147
0.378
0.624
0.802
0.295
0.178
0.179
0.045
0.281
0.097
0.1
0.694
0.182
0.161
0.817
0.102
0.836
0.01
0.087
0.609
0.966
0.783
0.629
0.677
0.969
0.464
0.076
0.694
0.08
0.451
0.983
0.126
0.279
0.408
0.379
0.46
0.641
0.445
0.617
0.143
0.264
0.941
0.665
0.172
0.9
0.396
0.178
0.115
0.979
0.258
0.653
0.474
0.867
0.058
0.859
0.273
0.375
0.06
0.631
0.816
0.056
0.226
0.519
0.17
0.6
0.758
0.734
0.958
999
0.868
0.071
0.319
0.923
0.373
0.269
0.647
0.151
0.508
0.72
0.307
0.914
0.464
0.371
0.989
0.594
0.998
0.535
0.638
0.323
0.227
0.944
0.64
0.171
0.275
0.304
0.907
0.558
0.244
0.814
0.862
0.854
0.671
0.144
0.903
0.17
0.659
0.004
0.695
0.49
0.284
0.777
0.35
0.897
0.797
0.338
0.965
0.335
0.019
0.864
0.409
0.42
0.787
0.731
0.917
0.403
0.825
0.018
0.151
0.234
0.195
0.26
0.038
0.183
0.47
0.925
0.987
0.664
0.641
0.785
0.542
0.097
0.249
0.061
0.523
0.909
0.495
0.412
0.664
0.398
0.062
0.155
0.878
0.329
0.368
0.489
0.613
0.744
0.211
0.079
0.646
0.778
0.087
0.491
0.23
0.298
0.584
0.01
0.266
0.782
0.607
0.254
0.92
0.879
0.866
0.267
0.114
0.243
0.27
0.66
0.679
0.536
0.954
0.506
0.333
0.454
0.957
0.964
0.58
0.81
0.781
0.982
0.772
0.638
0.041
