0.498
0.873
0.31
0.138
0.616
0.218
0.001
0.71
0.364
0.658
0.529
0.676
0.317
0.09
0.787
0.04
0.481
0.587
0.683
0.792
0.06
0.225
0.345
0.515
0.873
0.185
0.098
0.203
0.84
0.756
0.414
0.512
0.012
0.54
0.896
0.772
0.745
0.386
0.518
0.563
0.378
0.838
0.374
0.71
0.793
0.494
0.529
0.181
0.151
0.855
0.065
0.144
0.885
0.489
0.425
0.037
0.328
0.827
0.283
0.285
0.971
0.418
0.735
0.125
0.983
0.173
0.457
0.741
0.126
0.323
0.346
0.891
0.989
0.732
0.902
0.94
0.075
0.594
0.863
0.304
0.703
0.146
0.103
0.453
0.035
0.422
0.78
0.03
0.679
0.81
0.124
0.066
0.805
0.909
0.329
0.195
0.253
0.341
0.153
0.184
0.783
0.562
0.517
0.562
0.199
0.434
0.385
0.745
0.676
0.837
0.115
0.421
0.515
0.74
0.436
0.095
0.786
0.866
0.601
0.186
0.687
0.69
0.475
0.513
0.724
0.371
0.87
0.477
0.943
0.391
0.007
0.026
0.539
0.865
0.944
0.862
0.957
0.069
0.836
0.859
0.688
0.563
0.359
0.216
0.306
0.197
0.937
0.257
0.376
0.14
0.409
0.845
0.706
0.865
0.695
0.137
0.065
0.603
0.313
0.047
0.784
0.669
0.707
0.103
0.582
0.451
0.141
0.512
0.474
0.855
0.338
0.724
0.765
0.798
0.428
0.726
0.583
0.945
0.314
0.352
0.269
0.159
0.253
0.484
0.858
0.363
0.98
0.316
0.305
0.234
0.616
0.556
0.151
0.038
0.386
0.826
0.172
0.658
0.584
0.628
