0.33
0.648
0.975
0.805
0.969
0.423
0.208
0.117
0.264
0.482
0.726
0.288
0.519
0.044
0.371
0.277
0.416
0.926
0.498
0.508
0.421
0.018
0.236
0.032
0.08
0.135
0.035
0.448
0.604
0.258
0.587
0.446
0.443
0.998
0.48
0.439
0.263
0.98
0.265
0.794
0.012
0.967
0.982
0.093
0.791
0.279
0.972
0.968
0.829
0.806
0.518
0.897
0.94
0.095
0.839
0.402
0.237
0.707
0.37
0.032
0.038
0.619
0.064
0.465
0.776
0.651
0.331
0.898
0.529
0.309
0.362
0.332
0.141
0.768
0.865
0.213
0.907
0.776
0.811
0.034
0.397
0.171
0.196
0.487
0.097
0.192
0.91
0.321
0.567
0.165
0.393
0.041
0.826
0.241
0.01
0.496
0.165
0.3
0.626
0.507
0.17
0.174
0.213
0.358
0.628
0.145
0.862
0.967
0.03
0.546
0.021
0.263
0.528
0.092
0.023
0.693
0.652
0.565
0.423
0.416
0.107
0.443
0.792
0.845
0.72
0.411
0.64
0.13
0.577
0.436
0.947
0.352
0.723
0.675
0.674
0.682
0.732
0.939
0.577
0.686
0.243
0.583
0.38
0.036
0.679
0.31
0.697
0.964
0.754
0.095
0.538
0.423
0.579
0.774
0.201
0.982
0.788
0.413
0.0
0.399
0.144
0.355
0.947
0.399
0.169
0.206
0.451
0.631
0.879
0.484
0.471
0.784
0.92
0.154
0.584
0.752
0.42
0.334
0.147
0.937
0.311
0.255
0.294
0.289
0.21
0.529
0.474
0.436
0.162
0.803
0.304
0.396
0.412
0.595
0.886
0.193
0.225
0.964
0.94
0.173
