0.815
0.578
0.622
0.009
0.218
0.084
0.233
0.625
0.903
0.982
0.317
0.318
0.768
0.838
0.367
0.481
0.45
0.764
0.15
0.92
0.174
0.906
0.088
0.128
0.321
0.11
0.052
0.882
0.563
0.803
0.298
0.467
0.177
0.039
0.356
0.659
0.456
0.276
0.751
0.065
0.438
0.177
0.53
0.459
0.86
0.367
0.478
0.689
0.85
0.873
0.926
0.981
0.651
0.544
0.623
0.801
0.492
0.99
0.039
0.459
0.497
0.56
0.459
0.357
0.29
0.786
0.642
0.334
0.026
0.761
0.813
0.971
0.813
0.626
0.41
0.153
0.714
0.401
0.156
0.718
0.23
0.672
0.36
0.068
0.005
0.296
0.954
0.866
0.576
0.863
0.973
0.573
0.053
0.075
0.644
0.553
999
0.45
0.604
0.035
0.599
0.808
0.45
0.037
0.549
0.13
0.192
0.404
0.998
0.073
0.729
0.949
0.798
0.075
0.595
0.77
0.91
0.809
0.494
0.316
0.241
0.432
0.555
0.745
0.683
999
0.394
0.365
0.294
0.431
0.122
0.847
0.629
0.835
0.365
0.778
0.174
0.237
0.101
0.489
0.618
0.846
0.88
0.493
0.314
0.054
0.372
0.11
0.54
0.72
0.83
0.671
0.75
0.633
0.078
0.63
0.003
0.005
0.905
0.521
0.304
0.128
0.156
0.043
0.604
0.278
0.122
0.251
0.705
0.389
0.04
0.646
0.862
0.68
0.141
0.974
0.269
0.125
0.435
0.924
0.19
0.079
0.233
0.371
0.656
999
0.063
0.662
0.0
0.689
0.151
0.771
0.703
0.983
0.399
0.413
0.982
0.421
0.303
0.855
0.824
0.375
0.805
0.911
0.705
0.597
0.822
0.959
0.82
0.088
0.617
0.715
0.599
0.976
0.259
0.473
0.59
0.624
0.499
0.997
0.339
0.038
0.35
0.681
0.323
0.597
0.388
0.728
0.705
0.28
0.044
0.238
0.105
0.664
0.574
0.218
0.863
0.658
999
0.56
0.271
0.272
0.259
0.355
0.474
0.108
0.901
0.858
0.047
0.518
0.053
0.834
0.332
0.583
0.942
0.882
0.601
0.428
0.582
0.226
0.682
0.019
0.593
0.285
0.099
0.104
0.77
0.172
0.031
0.387
0.459
0.621
0.863
0.782
0.982
0.489
0.013
0.905
0.619
0.478
0.029
0.158
0.714
0.45
0.368
0.323
0.473
0.781
0.719
0.589
0.725
999
0.326
0.951
0.044
0.161
0.539
0.841
0.397
0.322
0.359
0.05
0.969
0.506
0.387
0.303
0.158
0.787
0.122
0.989
0.873
0.487
0.108
0.073
0.045
0.903
0.1
0.549
0.705
0.625
0.579
0.501
0.075
0.406
0.671
0.92
0.695
0.887
0.562
0.659
0.232
0.606
0.069
0.267
0.348
0.436
0.747
0.613
0.421
0.011
0.522
0.037
0.621
0.576
0.491
0.797
0.704
0.441
0.053
0.524
0.848
0.338
0.274
0.29
0.174
0.999
0.495
0.719
0.274
0.898
0.37
0.167
0.851
0.824
0.98
0.994
0.981
0.852
0.38
0.816
0.988
0.359
0.798
0.252
0.678
0.457
0.488
0.463
0.345
0.535
0.931
0.534
0.726
0.39
0.565
0.019
0.095
0.558
0.929
0.183
0.32
0.277
0.873
0.059
0.185
0.702
0.604
0.71
0.599
0.256
0.696
0.219
0.438
0.836
0.446
0.219
0.651
0.764
0.582
0.087
0.295
0.349
0.098
0.726
0.63
0.916
0.704
0.336
0.465
0.564
0.196
0.167
0.708
0.321
0.487
0.83
0.356
0.753
0.375
0.334
0.493
0.856
0.072
0.119
0.911
0.394
0.632
0.153
0.575
0.424
0.439
0.45
0.064
0.547
0.565
0.601
0.032
0.724
0.295
0.443
0.262
0.057
0.098
0.867
0.23
0.305
0.502
0.792
0.719
0.709
0.222
0.663
0.739
0.509
0.475
0.706
0.311
0.195
0.257
0.736
0.008
0.326
0.566
0.299
0.549
0.759
0.86
0.43
0.66
0.703
0.201
0.207
0.179
0.374
0.178
0.868
0.74
0.108
0.165
0.941
0.603
0.647
0.471
0.505
0.276
0.251
0.272
0.429
0.171
0.179
0.898
0.234
0.601
0.747
0.144
0.538
0.569
0.717
0.498
0.775
0.334
0.751
0.377
0.948
0.391
0.984
0.905
0.122
0.18
0.844
0.834
0.871
0.975
0.009
0.399
0.54
0.888
0.379
0.438
0.281
0.962
0.841
0.083
0.218
0.571
0.562
0.607
0.983
0.278
999
0.971
0.016
0.045
0.913
0.626
0.588
0.019
0.516
0.17
0.511
0.805
0.222
0.049
0.472
0.29
0.369
0.817
0.213
0.146
0.532
0.589
0.185
0.539
0.169
0.958
0.493
0.846
0.651
0.897
0.67
0.86
0.855
0.591
0.762
0.033
0.123
0.61
0.397
0.533
0.929
0.386
0.074
0.758
0.164
0.756
0.15
0.814
0.353
0.231
0.983
0.224
0.268
0.473
0.754
0.492
0.083
0.04
0.766
0.654
0.712
0.96
0.558
0.322
0.423
0.052
0.225
0.509
0.241
0.137
0.339
0.435
0.809
0.46
0.785
0.536
0.223
0.69
0.293
0.024
0.913
0.161
0.975
0.807
0.235
0.737
0.886
0.018
0.35
0.769
0.467
0.36
0.082
0.046
0.331
0.173
0.728
0.06
0.279
0.54
0.609
0.29
0.626
0.806
0.996
0.34
0.851
0.575
0.941
0.426
0.365
0.529
0.412
0.629
0.908
0.266
0.825
0.129
0.414
0.286
0.291
0.457
0.77
0.144
0.013
0.031
0.361
0.963
0.992
0.089
0.397
0.735
0.091
0.64
0.121
0.731
0.793
0.53
0.568
0.871
0.542
0.224
0.071
0.902
0.575
0.065
0.059
0.516
0.115
0.061
0.198
0.913
0.13
0.056
0.731
0.593
0.814
0.111
0.85
0.534
0.519
0.477
0.015
0.28
0.325
0.103
0.627
0.911
0.298
0.895
0.912
0.864
0.684
0.138
0.615
0.805
0.294
0.212
0.594
0.898
0.376
0.244
0.992
0.201
0.607
0.994
0.124
0.924
0.916
0.069
0.548
999
0.509
0.695
0.533
0.082
0.608
0.665
0.721
0.278
0.737
0.548
0.603
0.263
0.932
0.966
0.255
0.43
0.927
0.729
0.052
0.796
0.263
0.298
0.468
0.425
0.926
0.107
0.375
0.949
0.513
0.98
0.651
0.15
0.011
0.232
0.818
0.205
0.336
0.16
0.961
0.642
0.985
0.364
0.031
0.568
0.488
0.216
0.456
0.122
0.484
0.432
0.439
0.74
0.751
0.602
0.314
0.407
0.953
0.271
0.794
0.266
0.044
0.273
0.202
0.468
0.143
0.151
0.679
0.318
0.841
0.901
0.446
0.071
0.802
0.279
0.181
0.216
0.456
0.495
0.1
0.926
0.12
0.621
0.949
0.557
0.717
0.123
0.839
0.813
0.635
0.935
0.304
0.677
0.227
0.985
0.209
0.489
0.54
0.242
0.241
0.238
0.459
0.137
0.484
0.035
0.99
0.076
0.891
0.849
0.415
0.478
0.308
0.639
0.913
0.065
0.621
0.484
0.635
0.325
0.341
0.696
0.139
0.501
0.008
0.625
0.665
0.309
0.548
0.346
0.814
0.748
0.964
0.243
0.744
0.036
0.078
0.578
0.33
0.79
0.81
0.358
0.939
0.228
0.81
0.158
0.17
0.146
0.369
0.539
0.287
0.935
0.48
0.521
0.061
0.42
0.956
0.892
0.287
0.64
0.93
0.864
0.753
0.539
0.086
0.517
0.751
0.151
0.176
0.748
0.953
0.932
0.743
0.477
0.773
0.114
0.466
0.487
0.741
0.815
0.047
0.985
0.909
0.565
0.256
0.18
0.456
0.05
0.464
0.049
0.086
0.473
0.898
0.8
0.138
0.756
0.828
0.125
0.454
0.149
0.452
0.069
0.599
0.403
0.698
0.751
0.934
0.598
0.788
0.801
0.594
0.921
0.325
0.203
0.024
0.71
0.124
0.755
0.803
0.554
0.025
0.84
0.933
0.968
0.403
0.464
0.288
0.833
0.363
0.155
0.717
0.41
0.185
0.441
0.435
0.295
0.31
0.731
0.721
0.932
0.988
0.048
0.412
0.606
0.97
0.841
0.585
0.349
0.741
0.417
0.975
0.916
0.172
0.083
0.594
0.416
0.049
0.743
999
0.559
0.648
0.253
0.478
0.396
0.171
0.503
0.291
0.374
0.773
0.324
0.363
