0.546
0.914
0.96
0.271
0.242
0.485
0.688
0.853
0.418
0.756
0.957
0.684
0.012
0.411
0.361
0.101
0.801
0.537
0.181
0.952
0.887
0.291
0.89
0.712
0.71
0.215
0.382
0.938
0.078
0.799
0.687
0.455
0.017
0.756
0.191
0.817
0.235
0.748
0.126
0.483
0.254
0.057
0.196
0.77
0.529
0.946
0.451
0.21
0.547
0.014
0.91
0.919
0.455
0.633
0.534
0.32
0.262
0.849
0.84
0.404
0.592
0.615
0.316
0.021
0.116
0.545
0.742
0.049
0.065
0.738
0.571
0.633
0.637
0.572
0.01
0.076
0.536
0.279
0.601
0.252
0.212
0.712
0.682
0.966
0.787
0.377
0.127
0.915
0.35
0.076
0.661
0.71
0.996
0.636
0.308
0.431
0.919
0.579
0.841
0.841
0.975
0.09
0.361
0.53
0.722
0.222
0.39
0.836
0.26
0.104
0.868
0.025
0.5
0.633
0.827
0.912
0.989
0.852
0.931
0.975
0.118
0.641
0.852
0.037
0.339
0.103
0.073
0.265
0.214
0.707
0.232
0.316
0.574
0.044
0.545
0.966
0.547
0.275
0.994
0.151
0.093
0.923
0.172
0.941
0.16
0.157
0.298
0.101
0.195
0.263
0.894
0.365
0.926
0.026
0.771
0.777
0.457
0.711
0.269
0.243
0.838
0.673
0.943
0.046
0.277
0.802
0.933
0.546
0.751
0.815
0.927
0.388
0.604
0.218
0.437
0.175
0.595
0.07
0.469
0.058
0.481
0.379
0.103
0.307
0.89
0.621
0.827
0.431
0.642
0.909
0.769
0.381
0.174
0.305
0.817
0.172
0.861
0.392
0.227
0.25
