0.387
0.496
0.489
0.059
0.895
0.834
0.88
0.328
0.07
0.286
0.306
0.023
0.818
0.544
0.185
0.493
0.722
0.384
0.467
0.461
0.228
0.282
0.217
0.987
0.361
0.417
0.495
0.309
0.527
0.78
0.259
0.306
0.359
0.083
0.376
0.064
0.674
0.693
0.919
0.367
0.133
0.31
0.565
0.061
0.756
0.463
0.224
0.926
0.755
0.45
0.541
0.709
0.466
0.685
0.035
0.418
0.176
0.073
0.379
0.946
0.563
0.933
0.474
0.245
0.714
0.958
0.047
0.873
0.524
0.955
0.699
0.336
0.802
0.194
0.73
0.403
0.249
0.977
0.058
0.429
0.779
0.057
0.222
0.147
0.597
0.302
0.887
0.589
0.092
0.492
0.484
0.727
0.413
0.537
0.386
0.328
0.961
0.833
0.299
0.497
0.239
0.62
0.849
0.371
0.222
0.868
0.709
0.538
0.075
0.03
0.324
0.506
0.828
0.163
0.713
0.46
0.903
0.448
0.989
0.97
0.205
0.664
0.341
0.054
0.478
0.758
0.605
0.49
0.835
0.57
0.413
0.996
0.899
0.895
0.627
0.708
0.986
0.216
0.475
0.148
0.95
0.34
0.176
0.684
0.139
0.578
0.921
0.197
0.082
0.401
0.474
0.555
0.103
0.173
0.547
0.697
0.585
0.495
0.688
0.603
0.499
0.44
0.623
0.337
0.98
0.577
0.234
0.692
0.844
0.622
0.148
0.084
0.217
0.602
0.24
0.762
0.338
0.242
0.163
0.511
0.977
0.917
0.033
0.888
0.294
0.747
0.68
0.203
0.433
0.415
0.011
0.11
0.066
0.455
0.987
0.556
0.008
0.647
0.077
0.669
