0.528
0.565
0.671
0.449
0.342
0.142
0.157
0.556
0.828
0.516
0.688
0.471
0.173
0.023
0.676
0.878
0.798
0.993
0.231
0.613
0.187
0.595
0.613
0.637
0.097
0.611
0.933
0.575
0.265
0.717
0.343
0.074
0.944
0.92
0.869
0.276
0.578
0.995
0.347
0.389
0.948
0.197
0.702
0.566
0.922
0.594
0.357
0.575
0.561
0.815
0.012
0.571
0.437
0.122
0.854
0.651
0.731
0.401
0.849
0.302
0.527
0.936
0.801
0.423
0.1
0.713
0.067
0.843
0.734
0.897
0.703
0.363
0.523
0.709
0.965
0.839
0.054
0.12
0.133
0.521
0.358
0.205
0.766
0.691
0.363
0.743
0.681
0.614
0.003
0.125
0.16
0.683
0.455
0.279
0.052
0.233
0.039
0.88
0.178
0.853
0.553
0.589
0.125
0.023
0.449
0.23
0.385
0.32
0.107
0.854
0.763
0.997
0.234
0.42
0.177
0.113
0.326
0.781
0.889
0.927
0.752
0.41
0.881
0.104
0.713
0.438
0.71
0.02
0.955
0.724
0.811
0.146
0.547
0.49
0.302
0.602
0.503
0.825
0.344
0.485
0.459
0.705
0.078
0.418
0.864
0.372
0.217
0.446
0.696
0.597
0.598
0.089
0.801
0.769
0.169
0.494
0.24
0.044
0.179
0.723
0.512
0.276
0.807
0.465
0.513
0.021
0.863
0.022
0.217
0.069
0.126
0.582
0.099
0.099
0.86
0.592
0.864
0.807
0.49
0.486
0.253
0.435
0.947
0.523
0.785
0.898
0.154
0.263
0.686
0.975
0.945
0.918
0.556
0.14
0.41
0.311
0.817
0.963
0.873
0.179
0.909
0.609
0.485
0.917
0.788
0.08
0.648
0.151
0.201
0.302
0.788
0.192
0.642
0.362
0.545
0.717
0.922
0.372
0.302
0.62
0.383
0.315
0.694
0.06
0.926
0.709
0.824
0.636
0.628
0.206
0.603
0.486
0.226
0.183
0.661
0.211
0.487
0.041
0.067
0.304
0.445
0.779
0.781
0.771
0.85
0.901
0.456
0.926
0.255
0.96
0.709
0.867
0.212
0.692
0.617
0.027
0.875
0.489
0.1
0.707
0.074
0.306
0.189
0.507
0.973
0.009
0.59
0.842
0.147
0.895
0.909
0.617
0.414
0.393
0.883
0.814
0.72
0.519
0.12
0.713
0.721
0.206
0.597
0.166
0.017
0.64
0.268
0.066
0.839
0.944
0.104
0.967
0.967
0.517
0.882
0.59
0.931
0.931
0.153
0.174
0.968
0.39
0.181
0.574
0.003
0.622
0.367
0.856
0.611
0.646
0.681
0.998
0.338
0.791
0.456
0.471
0.049
0.555
0.994
0.115
0.448
0.293
0.653
0.966
0.831
0.446
0.874
0.142
0.143
0.879
0.866
0.763
0.996
0.172
0.557
0.54
0.43
0.468
0.267
0.796
0.813
0.402
0.85
0.584
999
0.464
0.545
0.578
0.63
0.255
0.884
0.227
0.707
0.464
0.515
0.558
0.541
0.405
0.584
0.859
0.73
0.775
0.661
0.281
0.267
0.95
0.542
0.93
0.079
0.523
0.141
0.501
0.164
0.501
0.077
0.893
0.986
0.626
0.06
0.81
0.551
0.275
0.916
0.539
0.726
0.138
0.95
0.593
0.283
0.467
0.934
0.599
0.89
0.426
0.034
0.967
0.237
0.005
0.243
0.817
0.035
0.098
0.181
0.144
0.708
0.204
0.202
999
0.151
0.088
0.949
0.989
0.839
0.755
0.562
0.235
0.144
0.642
0.161
0.144
0.947
0.629
0.981
0.988
0.284
0.269
0.275
0.062
0.7
0.812
0.206
0.075
0.618
0.276
0.184
0.19
0.441
0.761
0.42
0.473
0.265
0.195
0.173
0.031
0.591
0.254
0.226
0.823
0.654
0.704
0.579
0.401
0.955
0.817
0.176
0.251
0.847
0.509
0.2
0.363
0.289
0.538
0.088
0.266
0.774
0.197
0.998
0.075
0.739
0.417
0.09
0.802
0.679
0.128
0.934
0.973
0.879
0.401
0.491
0.545
0.441
0.843
0.973
0.221
0.903
0.017
0.684
0.377
0.472
0.33
0.309
0.061
0.93
0.612
0.725
0.258
0.808
0.1
0.915
0.978
0.43
0.33
0.87
0.689
0.625
0.985
0.056
0.424
0.087
0.845
0.911
0.82
0.345
0.085
0.933
0.298
0.027
0.565
0.171
0.006
0.575
0.572
0.955
0.669
0.59
0.924
0.254
0.431
0.764
0.319
0.799
0.884
0.158
0.985
0.479
0.718
0.118
0.378
0.03
0.176
0.689
0.342
0.298
0.441
0.941
0.119
0.239
0.841
0.598
0.734
0.489
0.832
0.768
0.565
0.309
0.121
0.204
0.814
0.593
0.962
0.469
0.17
0.927
0.961
999
0.423
0.498
0.139
0.537
0.291
0.951
0.561
0.824
0.204
0.13
0.991
0.401
0.617
0.638
0.786
0.519
0.691
0.275
0.032
0.974
0.562
0.908
0.784
0.107
0.08
0.451
0.985
0.411
0.908
0.958
0.659
0.007
0.307
0.726
0.811
0.61
0.707
0.092
0.575
0.387
0.247
0.623
0.117
0.396
0.564
0.714
0.988
0.196
0.446
0.8
0.612
0.635
0.078
0.299
999
0.938
0.952
0.388
0.65
0.203
0.175
0.631
0.449
0.958
0.682
0.753
0.888
0.737
0.913
0.3
0.925
0.957
0.883
0.366
0.304
0.592
0.311
0.347
0.553
0.802
0.346
0.11
0.778
0.525
0.778
0.121
0.853
0.726
0.827
0.741
0.936
0.798
0.362
0.373
0.205
0.736
0.997
0.772
0.058
0.762
0.699
0.748
0.394
0.733
0.678
0.275
0.79
0.672
0.608
0.909
0.931
0.124
0.262
0.121
0.32
0.204
0.818
0.421
0.825
0.55
0.08
0.155
0.799
0.485
0.809
0.444
0.799
0.089
0.252
0.527
0.129
0.07
0.378
0.042
0.177
0.323
0.592
0.422
0.761
0.176
0.722
0.753
0.659
0.0
0.737
0.416
0.224
0.703
0.517
0.559
0.905
0.485
0.493
0.074
0.409
0.809
0.965
999
0.694
0.628
0.156
0.027
0.127
0.371
0.384
0.16
0.353
0.863
0.445
0.718
0.979
0.131
0.742
0.027
0.314
0.525
0.084
0.252
0.504
0.985
0.583
0.272
0.493
0.346
0.818
0.237
0.482
0.97
0.272
0.878
0.874
0.919
0.645
0.325
0.461
0.507
0.134
0.69
1.0
0.089
0.428
0.903
0.753
0.176
0.918
0.635
0.389
0.969
0.204
0.606
0.642
0.251
0.946
0.749
0.402
0.78
0.545
0.987
0.703
0.467
0.002
0.797
0.943
0.985
0.121
0.863
0.531
0.065
0.581
0.728
0.043
0.39
0.811
0.365
0.977
0.121
0.929
0.304
0.526
0.22
0.473
0.359
0.533
0.012
0.584
0.526
0.684
0.041
0.981
0.224
0.277
0.996
0.093
0.527
999
0.208
0.992
0.349
0.619
0.153
0.254
0.196
0.299
0.285
0.916
0.556
0.631
0.067
0.428
0.944
0.179
0.184
0.376
0.971
0.268
0.979
0.246
0.21
0.464
0.744
0.585
0.691
0.563
0.825
0.626
0.906
0.23
0.144
0.812
0.469
0.49
0.876
0.22
0.989
0.075
0.834
0.945
0.844
0.821
0.813
0.415
0.82
0.165
0.11
0.699
0.264
0.353
0.809
0.222
0.5
0.355
0.898
0.466
0.011
0.162
0.706
0.937
0.675
0.54
0.928
0.06
0.025
0.931
0.924
0.57
0.155
0.899
0.776
0.953
0.237
0.292
0.262
0.369
0.829
0.627
0.972
0.684
0.948
0.628
999
0.568
0.984
0.757
0.934
0.416
0.426
0.511
0.002
0.791
0.446
0.62
0.927
0.292
0.112
0.781
0.93
0.626
0.546
0.53
0.317
0.402
0.133
0.673
0.681
0.735
0.998
0.979
0.809
0.989
0.63
0.031
0.29
0.786
1.0
0.353
0.718
0.391
0.184
0.81
0.934
0.49
0.164
0.093
0.669
0.781
0.905
0.347
0.901
0.268
0.088
0.831
0.964
0.615
0.346
0.178
0.082
0.028
0.431
0.451
0.199
0.35
0.024
0.159
0.843
0.823
0.669
0.766
0.413
0.353
0.533
0.384
0.169
0.267
0.261
0.426
0.263
0.982
0.799
0.507
0.171
0.345
0.539
0.536
0.9
0.705
0.103
0.127
0.303
0.344
0.365
0.359
0.902
0.999
0.144
0.262
