0.721
0.488
0.646
0.612
0.462
0.245
0.569
0.728
0.191
0.194
0.867
0.254
0.101
0.156
0.458
0.783
0.617
0.874
0.466
0.324
0.186
0.806
0.561
0.56
0.768
0.523
0.539
0.047
0.372
0.406
0.385
0.769
1.0
0.64
0.933
0.816
0.194
0.76
0.218
0.454
0.401
0.302
0.504
0.353
0.89
0.929
0.009
0.874
0.352
0.804
0.689
0.316
0.754
0.915
0.203
ERROR
0.74
0.3
0.626
0.108
0.437
0.254
0.442
0.797
0.125
0.156
0.373
0.888
0.731
0.454
0.654
0.023
0.378
0.866
0.299
0.058
0.818
0.444
0.821
0.933
0.81
0.974
0.386
0.757
0.081
0.072
0.479
0.893
0.05
0.07
0.361
0.256
0.649
0.69
0.345
0.465
0.495
0.713
0.689
0.044
0.924
0.385
0.153
0.078
0.807
0.408
0.375
0.35
0.413
0.832
0.034
0.605
0.394
0.095
0.366
0.627
0.333
0.473
0.597
0.064
0.732
0.39
0.43
0.775
0.284
0.014
0.083
0.34
0.141
0.377
0.908
0.292
0.022
0.462
0.016
0.54
0.667
0.728
0.668
0.397
0.048
0.008
0.628
0.234
0.524
0.581
0.764
0.066
0.232
0.397
0.73
0.686
0.872
0.319
0.435
0.289
0.665
0.859
0.619
0.159
0.731
0.45
0.553
0.075
0.572
0.679
0.763
0.89
0.192
0.797
0.735
0.573
0.525
0.188
0.147
0.214
0.933
0.072
0.63
0.963
0.596
0.291
0.083
0.848
0.494
0.476
0.052
0.202
0.781
0.326
0.114
0.376
0.253
0.886
0.562
0.551
0.107
0.67
0.889
0.436
