0.619
0.005
0.674
0.947
0.949
0.292
0.361
0.311
0.717
0.083
0.302
0.519
0.414
0.251
0.461
0.165
0.345
0.715
0.95
0.133
0.915
0.081
0.604
0.651
0.278
0.742
0.377
0.925
0.402
0.639
0.51
0.835
0.265
0.271
0.699
0.849
0.082
0.985
0.716
0.783
0.84
0.527
0.622
0.392
0.779
0.95
0.96
0.97
0.355
0.101
0.547
0.399
0.376
0.471
0.061
0.511
0.837
0.723
0.102
0.731
0.231
0.748
0.791
0.204
0.527
0.971
0.998
0.73
0.846
0.43
0.756
0.573
0.526
0.067
0.599
0.844
0.289
0.948
0.435
0.667
0.897
0.703
0.355
0.817
0.595
0.504
0.889
0.767
0.623
0.634
0.225
0.125
0.1
0.919
0.746
0.308
0.001
0.37
0.914
0.871
0.313
0.629
0.624
0.007
0.585
0.22
0.741
0.432
0.826
0.813
0.978
0.077
0.669
0.748
0.764
0.97
0.114
0.917
0.289
0.103
0.742
0.421
0.483
0.037
0.703
0.505
0.648
0.074
0.127
0.1
0.892
0.13
0.025
0.974
0.809
0.296
0.595
0.924
0.159
0.353
0.112
0.691
0.658
ERROR
0.728
0.951
0.62
0.481
0.133
0.189
0.904
0.424
0.707
0.274
0.271
0.891
0.667
0.07
0.159
0.315
0.682
0.126
0.826
0.258
0.625
0.527
0.354
0.491
0.051
0.244
0.974
0.498
0.134
0.749
0.922
0.272
0.117
0.282
0.5
0.051
0.103
0.336
0.167
0.273
0.604
0.332
0.553
0.843
0.648
0.536
0.514
0.133
0.392
0.142
0.816
0.619
0.853
0.219
0.516
0.353
