0.778
0.356
0.685
0.126
0.492
0.32
0.398
0.814
0.162
0.819
0.537
0.369
0.393
0.3
0.29
0.078
0.469
0.839
0.205
0.564
0.176
0.961
0.235
0.671
0.393
0.977
0.453
0.428
0.578
0.288
0.003
0.684
0.155
0.894
0.217
0.516
0.145
0.689
0.266
0.889
0.831
0.411
0.367
0.904
0.175
0.816
0.886
0.77
0.85
0.284
0.835
0.92
0.863
0.052
0.791
0.147
0.354
0.375
0.712
0.314
0.416
0.981
0.398
0.52
0.922
0.921
0.899
0.989
0.365
0.572
0.077
999
0.734
0.632
0.629
0.272
0.212
0.467
0.091
0.114
0.165
0.768
0.454
0.131
0.27
0.612
0.036
0.319
0.177
0.654
0.144
0.157
0.117
0.361
0.578
0.92
0.349
0.705
0.577
0.455
0.703
0.252
0.25
0.131
0.346
0.667
0.616
0.482
0.846
0.139
0.221
0.161
0.38
0.749
0.517
0.527
0.918
0.243
0.317
0.835
0.047
0.105
0.896
0.538
0.801
0.111
0.69
0.043
0.356
0.891
0.089
0.344
0.459
0.051
0.512
0.274
0.196
0.983
0.857
0.792
0.847
0.647
0.07
0.63
0.691
0.874
0.567
0.978
0.442
0.629
0.377
0.689
0.288
0.534
0.823
0.976
0.14
0.523
0.459
0.465
0.78
0.857
0.926
0.255
0.446
0.157
0.788
0.168
0.796
0.94
0.922
0.103
0.685
0.608
0.651
0.359
0.901
0.288
0.872
0.155
0.217
0.998
0.407
0.608
0.491
0.551
0.527
0.282
0.1
0.053
0.762
0.361
0.543
0.316
0.018
0.162
0.244
0.632
0.959
0.433
0.592
0.237
0.482
0.401
0.778
0.857
0.446
0.06
0.92
0.174
0.282
0.887
0.283
0.048
0.929
0.588
0.288
0.689
0.547
0.318
0.64
0.582
0.237
0.79
0.827
0.788
0.85
0.67
0.742
0.76
0.231
0.683
0.152
0.684
0.497
0.592
0.461
0.494
0.238
0.494
0.32
0.345
0.47
0.537
0.532
0.941
0.984
0.342
0.39
0.362
0.095
0.376
0.584
0.067
0.529
0.066
0.063
0.081
0.078
0.128
0.826
1.0
0.376
0.492
0.577
0.132
0.152
0.694
0.276
0.533
0.231
0.195
0.261
0.363
0.086
0.526
0.975
0.028
0.021
0.65
0.022
0.165
0.283
0.264
0.646
0.657
0.719
0.59
0.874
0.695
0.12
0.098
0.159
0.667
0.107
0.854
0.102
0.91
0.232
0.221
0.005
0.301
0.866
0.869
0.271
0.016
0.568
0.05
0.729
0.453
0.184
0.476
0.725
0.856
0.825
0.718
0.956
0.911
0.365
0.4
0.439
0.829
0.871
0.852
0.358
0.603
0.968
0.383
0.528
0.992
0.796
0.162
0.312
0.662
0.976
0.905
0.152
0.638
0.524
0.969
0.239
0.366
0.397
0.181
0.653
0.549
0.896
0.525
0.694
0.745
0.541
0.965
0.721
0.678
0.41
0.98
0.02
0.244
0.663
0.426
0.266
0.022
0.934
0.666
0.642
0.108
0.683
0.74
0.366
0.546
0.984
0.263
0.516
0.464
0.372
0.093
0.736
0.344
0.949
0.157
0.929
0.706
0.773
0.156
0.517
0.821
0.584
0.632
0.006
0.116
0.415
0.697
0.915
0.839
0.939
0.993
0.004
0.265
0.367
0.807
0.582
0.63
0.441
0.602
0.983
0.197
0.794
0.634
0.144
0.791
0.431
0.073
0.001
0.875
0.363
0.263
0.534
0.083
0.946
0.935
0.442
0.267
0.72
0.943
0.244
0.154
0.253
0.634
0.041
0.802
0.536
0.307
0.688
0.811
0.564
0.764
0.635
0.667
0.87
0.198
0.468
0.296
0.887
0.792
0.946
0.051
0.165
0.938
0.292
0.52
0.623
0.449
0.222
0.689
0.699
0.011
0.285
0.204
0.955
0.374
0.73
0.465
0.779
0.129
0.295
999
0.585
0.539
0.592
0.941
0.385
0.848
0.489
0.984
0.436
0.989
0.225
0.275
0.622
0.421
0.715
0.05
0.517
0.476
0.273
0.344
0.994
0.28
0.848
0.659
0.411
0.897
0.806
0.469
0.962
0.169
0.654
0.252
0.445
0.689
0.783
0.474
0.961
0.585
0.756
0.958
0.072
0.51
0.209
0.986
0.394
0.357
0.618
0.935
0.057
0.465
0.439
0.69
0.651
0.344
0.806
0.384
0.542
0.391
0.662
0.064
0.139
0.477
0.865
0.645
0.729
0.58
0.613
0.65
0.769
0.998
0.941
0.839
0.741
0.655
0.715
0.895
0.542
0.259
0.52
0.005
0.622
0.387
0.2
0.841
0.175
0.709
0.851
0.856
0.741
0.299
0.952
0.005
0.025
0.513
0.784
0.809
0.464
0.065
0.219
0.482
0.805
0.251
0.224
0.549
0.132
0.927
0.412
0.247
0.387
0.037
0.25
0.962
0.006
0.811
0.071
0.346
0.8
0.514
0.261
0.286
0.794
0.077
0.808
0.782
0.872
0.387
0.023
0.605
0.583
0.458
0.574
0.955
0.734
0.127
0.813
0.156
0.501
0.645
0.765
0.836
0.404
0.362
0.349
0.134
0.838
0.245
0.662
0.666
0.751
0.819
0.869
0.427
0.029
0.37
0.637
0.098
0.436
0.866
0.692
0.765
0.506
0.405
0.658
0.639
0.958
0.353
0.45
0.817
0.178
0.833
0.162
0.084
0.696
0.014
0.504
0.389
0.993
0.364
0.272
0.489
0.658
0.955
0.776
0.338
0.834
0.282
0.835
0.758
0.036
0.333
0.32
0.565
0.021
0.966
0.69
0.511
0.926
0.175
0.53
0.387
0.617
0.997
0.463
0.739
0.551
0.012
0.099
0.593
0.606
0.769
0.086
0.434
0.544
0.06
0.119
0.466
0.977
0.811
0.594
0.705
0.547
0.082
0.223
0.12
0.834
0.385
0.995
0.08
0.834
0.83
0.362
0.443
0.209
0.147
0.119
0.665
0.821
0.674
0.835
0.813
0.418
0.141
0.828
0.648
0.701
0.158
0.577
0.683
0.42
0.169
0.548
0.769
0.991
0.412
0.306
0.175
0.496
0.082
0.309
0.992
0.258
0.64
0.357
0.377
0.132
0.152
0.072
0.657
0.199
0.22
0.846
0.95
0.803
0.982
0.787
0.104
0.999
0.04
0.718
0.43
0.241
0.926
0.492
0.718
0.543
0.597
0.286
0.545
0.935
0.877
0.217
0.578
0.719
0.158
0.189
0.514
0.985
0.581
0.635
0.716
0.429
0.005
0.623
0.436
0.923
0.097
0.677
0.778
0.19
0.935
0.43
0.603
0.415
0.24
0.931
0.461
0.475
0.699
0.382
0.66
0.711
0.637
0.529
0.542
0.965
0.447
0.807
0.321
0.158
0.394
0.333
0.082
0.05
0.836
0.379
0.948
0.033
0.046
0.502
0.515
0.724
0.586
0.467
0.571
0.823
0.246
0.851
0.805
0.487
0.884
0.834
0.774
0.636
0.874
0.587
0.746
0.107
0.199
0.791
0.238
0.31
0.993
0.792
0.018
0.286
0.315
0.338
0.499
0.471
0.064
0.102
0.206
0.214
0.538
0.247
0.797
0.608
0.6
0.074
0.494
0.123
0.461
0.287
0.327
0.603
0.103
0.454
0.054
0.966
0.9
0.404
0.257
0.165
0.87
0.37
0.978
0.336
0.774
0.002
0.658
0.031
0.063
0.373
0.625
0.873
0.123
0.667
0.879
0.547
0.102
0.927
0.058
0.108
0.145
0.162
0.928
0.492
0.494
0.349
0.577
0.719
0.85
0.546
0.783
0.783
0.39
0.998
0.779
0.682
0.202
0.953
0.731
0.66
0.575
0.831
0.76
0.007
0.072
0.768
0.479
0.148
0.854
0.419
0.498
0.171
0.907
0.427
0.959
0.39
0.968
0.256
0.349
0.332
0.146
0.948
0.171
0.507
0.779
0.931
0.498
0.619
0.464
0.83
0.983
0.601
0.744
0.651
0.124
0.677
0.015
0.975
0.122
0.196
0.955
0.803
0.116
0.418
0.83
0.03
0.142
0.357
0.867
0.652
0.42
0.005
0.692
0.841
0.847
0.721
0.061
0.295
0.298
0.714
0.218
0.012
0.022
0.428
0.376
0.214
0.678
0.895
0.686
0.221
0.751
0.199
0.024
0.987
0.211
0.272
0.871
0.509
0.682
0.04
0.627
0.748
0.453
0.127
0.916
0.492
0.744
0.044
0.954
0.742
0.15
0.198
0.033
0.939
0.826
0.127
0.418
0.993
0.054
0.524
0.102
