0.408
0.713
0.249
0.68
0.669
0.598
0.139
0.799
0.366
0.698
0.066
0.735
0.652
0.105
0.031
0.795
0.141
0.369
0.802
0.743
0.263
0.189
0.739
0.961
0.008
0.943
0.448
0.49
0.418
0.609
0.634
0.463
0.395
0.218
0.233
0.089
0.946
0.452
0.142
0.456
0.854
0.98
0.878
0.001
0.96
0.396
0.79
0.191
0.656
0.802
0.652
0.526
0.062
0.272
0.094
0.452
0.121
0.665
0.923
0.33
0.503
0.76
0.244
0.295
0.503
0.94
0.701
0.968
0.966
0.271
0.136
0.305
0.135
0.648
0.162
0.726
0.633
0.609
0.971
0.465
0.961
0.25
0.538
0.126
0.785
0.158
0.392
0.226
0.39
0.618
0.298
0.936
0.915
0.97
0.507
0.499
0.076
0.061
0.147
0.402
0.263
0.148
0.143
0.16
0.879
0.708
0.274
0.93
0.352
0.766
0.467
0.878
0.621
0.763
0.591
0.099
0.942
0.205
0.733
0.482
0.085
0.141
0.122
0.815
0.502
0.814
0.51
0.297
0.735
0.942
0.394
0.102
0.017
0.084
0.705
0.422
0.677
0.663
0.644
0.502
0.401
0.268
0.124
0.674
0.833
0.647
0.16
0.279
0.456
0.835
0.758
0.053
0.183
0.229
0.727
0.616
0.905
0.669
0.181
0.666
0.267
0.096
0.586
0.61
0.864
0.142
0.348
0.309
0.825
0.348
0.349
0.384
0.287
0.571
0.691
0.159
0.146
0.918
0.458
0.81
0.757
0.44
0.294
0.849
0.962
0.794
0.011
0.885
0.981
0.017
0.642
0.01
0.517
0.37
0.263
0.769
0.879
0.999
0.506
0.089
