0.462
0.241
0.056
0.907
0.133
0.372
0.556
0.246
0.854
0.188
0.804
0.152
0.751
0.805
0.745
0.331
0.477
0.171
0.002
0.323
0.959
0.605
0.308
0.27
0.32
0.399
0.486
0.626
0.37
0.722
0.352
0.918
0.429
0.866
0.938
0.216
0.897
0.589
0.39
0.262
0.565
0.457
0.803
0.8
0.195
0.224
0.01
0.809
0.368
0.52
0.821
0.778
0.096
0.352
0.385
0.917
0.551
0.537
0.557
0.859
0.71
0.117
0.833
0.412
0.316
0.296
0.545
0.771
0.239
0.565
0.682
0.685
0.971
0.277
0.365
0.995
0.803
0.398
0.525
0.612
0.221
0.937
0.695
0.23
0.072
0.733
0.033
0.043
0.898
0.966
0.754
0.066
0.613
0.239
0.639
0.186
0.487
0.889
0.194
0.91
0.358
0.223
0.526
0.862
0.712
0.41
0.373
0.739
0.197
0.035
0.8
0.64
0.042
0.903
0.853
0.201
0.734
0.474
0.715
0.889
0.162
0.234
0.759
0.61
0.205
0.665
0.469
0.343
0.883
0.135
0.22
0.621
0.217
0.275
0.579
0.051
0.6
0.114
0.109
0.076
0.952
0.208
0.383
0.042
0.992
0.689
0.217
0.948
0.821
0.382
0.687
0.285
0.471
0.833
0.035
0.019
0.813
0.196
0.787
0.298
0.529
0.937
0.086
0.244
0.296
0.09
0.883
0.346
0.104
0.228
0.801
0.043
0.685
0.045
0.913
0.534
0.251
0.816
0.608
0.007
0.945
0.061
0.818
0.39
0.468
0.68
0.378
0.523
0.067
0.714
0.58
0.531
0.317
0.614
0.716
0.526
0.11
0.154
0.133
0.134
