0.492
0.872
0.313
0.11
0.297
0.772
0.907
0.615
0.754
0.897
0.967
0.594
0.025
0.665
0.259
0.311
0.808
0.026
0.312
0.823
0.379
0.545
0.895
0.39
0.366
0.422
0.949
0.028
0.42
0.672
0.646
0.67
0.835
0.424
0.458
0.014
0.894
0.816
0.816
0.455
0.348
0.361
0.899
0.307
0.802
0.807
0.115
0.868
0.628
0.852
0.519
0.091
0.25
0.792
0.802
0.772
0.772
0.273
0.755
0.911
0.616
0.196
0.064
0.178
0.729
0.297
0.249
0.324
0.946
0.558
0.934
0.276
0.134
0.017
0.236
0.058
0.51
0.389
0.643
0.823
0.621
0.6
0.872
0.547
0.711
0.412
0.112
0.027
0.533
0.839
0.322
0.4
0.157
0.073
0.874
0.275
0.403
0.599
0.732
0.116
0.34
0.228
0.033
0.455
0.981
0.526
0.71
0.225
0.489
0.334
0.622
0.09
0.479
0.037
0.109
0.136
0.654
0.969
0.143
0.251
0.617
0.669
0.992
0.872
0.946
0.54
0.277
0.544
0.917
0.064
0.554
0.416
0.49
0.281
0.961
0.565
0.681
0.522
0.235
0.639
0.469
0.162
0.545
0.561
0.317
0.541
0.491
ERROR
0.936
0.586
0.683
0.709
0.678
0.836
0.592
0.272
0.637
0.052
0.619
0.442
0.794
0.462
0.239
0.036
0.897
0.346
0.029
0.062
0.418
0.978
0.095
0.805
0.572
0.189
0.508
ERROR
0.766
0.273
0.187
0.266
0.82
0.854
0.339
0.079
0.468
0.907
0.126
0.019
0.413
0.836
0.391
0.701
0.166
0.768
0.927
0.875
0.891
0.14
0.159
0.396
