0.449
0.053
0.341
0.428
0.689
0.847
0.152
0.459
0.261
ERROR
0.617
0.405
0.029
0.432
0.267
0.997
0.725
0.346
0.399
0.152
0.877
0.545
0.666
0.852
0.585
0.515
0.843
0.129
0.803
0.383
0.322
0.205
0.157
0.176
0.876
0.599
0.098
0.376
0.116
0.99
0.687
0.858
0.497
0.992
0.492
0.984
0.958
0.425
0.114
0.529
0.104
0.407
0.791
0.663
0.897
0.966
0.78
0.465
0.291
0.697
0.581
0.11
0.382
0.722
0.544
0.512
0.296
0.796
0.369
0.527
0.321
0.616
0.737
0.887
0.14
0.237
0.829
0.843
0.035
0.856
0.635
0.557
0.846
0.72
0.208
0.569
0.67
0.797
0.469
0.715
0.757
0.684
0.047
0.334
0.949
0.249
0.014
0.646
0.014
0.038
0.306
0.891
0.377
0.426
0.052
0.135
0.021
0.279
0.691
0.554
0.778
0.881
0.1
0.895
0.486
0.752
0.366
0.867
0.496
0.054
0.764
0.637
0.399
0.391
0.224
0.615
0.156
0.244
0.131
0.633
0.49
0.754
0.002
0.859
0.199
0.053
0.854
0.487
0.374
0.85
0.287
0.205
0.679
0.733
0.827
0.77
0.419
0.616
0.947
0.888
0.82
0.327
0.916
0.531
0.131
0.986
0.464
0.981
0.297
0.471
0.491
0.015
0.287
0.472
0.194
0.808
0.263
0.058
0.388
0.405
0.291
0.476
0.247
1.0
0.281
0.14
0.015
0.091
0.405
0.853
0.97
0.707
0.033
0.319
0.974
0.726
0.315
0.755
0.2
0.842
0.364
0.641
0.617
0.563
0.066
0.158
0.351
0.402
0.388
0.726
