0.382
0.45
0.699
0.025
0.137
0.494
0.045
0.169
0.193
0.418
0.27
0.885
0.21
0.18
0.086
0.876
0.403
0.243
0.599
0.777
0.871
0.195
0.508
0.236
0.463
0.938
0.947
0.38
0.719
0.168
0.206
0.149
0.478
0.518
0.85
0.124
0.788
0.561
0.796
0.872
0.001
0.484
0.656
0.218
0.618
0.539
0.868
0.372
0.698
0.382
0.626
0.14
0.72
0.348
0.72
0.381
0.043
0.818
0.768
0.125
0.795
0.027
0.727
0.352
0.146
0.123
0.445
0.874
0.15
0.75
0.676
0.828
0.627
0.964
0.768
0.896
0.791
0.722
0.75
0.426
0.468
0.256
0.511
0.435
0.257
0.539
0.554
0.939
0.874
0.048
0.997
0.934
0.98
0.68
0.111
0.451
0.905
0.48
0.652
0.066
0.841
0.882
0.398
0.814
0.035
0.533
0.845
0.711
0.837
0.426
0.074
0.718
0.328
0.574
0.909
0.723
0.423
0.495
0.148
0.954
0.635
0.81
0.381
0.923
0.24
0.218
0.793
0.307
0.494
0.805
0.883
0.702
0.937
0.211
0.835
0.919
0.039
0.159
0.198
0.105
0.804
0.104
999
0.454
0.741
0.922
0.627
0.798
0.222
0.46
0.78
0.621
0.442
0.526
0.335
0.498
0.164
0.542
0.15
0.635
0.473
0.255
0.275
0.246
0.44
0.835
0.535
0.782
0.664
0.374
0.046
0.674
0.066
0.671
0.186
0.496
0.725
0.386
0.035
0.298
0.582
0.76
0.491
0.915
0.067
0.35
0.885
0.546
0.114
0.311
0.85
0.091
0.114
0.856
0.331
0.302
0.723
0.413
0.338
0.648
0.59
0.756
0.696
0.44
0.061
0.766
0.249
0.695
0.455
0.571
0.418
0.821
0.256
0.016
0.526
0.798
0.0
0.236
0.746
0.761
0.351
0.066
0.719
0.367
0.61
0.868
0.655
0.84
0.322
0.086
0.604
0.964
0.004
0.412
0.585
0.599
0.901
0.403
0.404
0.989
0.655
0.045
0.205
0.298
0.254
0.799
0.914
0.243
0.613
0.278
0.592
0.608
0.934
0.216
0.083
0.41
0.882
0.754
0.272
0.117
0.287
0.4
0.717
0.089
0.98
0.946
0.038
0.733
0.251
0.324
0.093
0.185
0.658
0.354
0.705
0.648
0.864
0.879
0.042
0.881
0.592
0.828
0.236
0.987
0.53
0.404
0.231
0.928
0.483
0.695
0.359
0.628
0.512
0.431
0.698
0.345
0.226
0.854
0.193
0.049
0.3
0.314
0.977
0.254
0.492
0.193
0.685
0.878
0.792
0.61
0.768
0.444
0.755
0.017
0.633
0.391
0.179
0.148
1.0
0.233
0.699
0.981
0.617
0.699
0.335
0.422
0.539
0.014
0.473
0.346
0.642
0.609
0.213
0.535
0.063
0.683
0.307
0.36
0.498
0.033
0.759
0.567
0.909
0.747
0.68
0.53
0.992
0.364
0.421
0.875
0.869
0.553
0.17
0.604
0.674
0.268
0.852
0.703
0.349
0.994
0.357
0.027
0.294
0.981
0.867
0.876
0.222
0.333
0.088
0.645
0.737
0.525
0.222
0.311
0.487
0.153
0.951
0.002
0.118
0.881
0.766
0.398
0.115
0.504
0.231
0.443
0.862
0.549
0.243
0.321
0.249
0.098
0.967
0.596
0.892
0.011
0.7
0.121
0.174
0.022
0.656
0.396
0.023
0.941
0.631
0.572
0.05
0.251
0.93
0.96
0.045
0.123
0.293
0.721
0.887
0.145
0.943
0.33
0.56
0.912
0.639
0.131
0.484
999
0.63
0.839
0.435
0.105
999
0.925
0.479
0.933
0.113
0.594
0.38
0.848
0.307
0.985
0.592
0.626
0.444
0.816
0.556
0.264
0.272
0.129
0.668
0.562
999
0.733
0.485
0.097
0.507
0.94
0.352
0.481
0.611
0.144
0.405
0.489
0.816
0.153
0.961
0.502
0.71
0.906
0.54
0.261
0.51
0.082
0.278
0.869
0.297
0.278
0.036
0.919
0.198
0.039
0.958
0.396
0.56
0.941
0.067
0.685
0.262
0.961
0.184
0.435
0.827
0.685
0.533
0.419
0.643
0.314
0.622
0.179
0.151
0.546
0.398
0.063
0.361
0.841
0.359
0.083
0.242
0.592
0.073
0.038
999
0.208
0.252
0.646
0.429
0.986
0.984
0.435
0.974
0.398
0.53
0.477
0.793
0.08
0.783
0.128
0.613
0.95
0.491
0.668
0.901
0.125
0.816
0.045
0.451
0.651
0.613
0.539
0.414
0.965
0.41
0.149
0.535
0.692
0.4
0.774
0.87
0.757
0.674
0.924
0.789
0.787
0.433
0.706
0.987
0.407
0.522
0.929
0.808
0.564
0.303
0.079
0.589
0.461
0.074
0.048
0.781
0.642
0.39
0.959
0.897
0.11
0.05
0.014
0.096
0.571
0.373
0.165
0.203
0.869
0.061
0.581
0.384
0.222
0.142
0.761
0.343
0.622
0.571
0.24
0.602
0.125
0.731
0.221
0.023
0.939
0.381
0.427
0.752
0.817
0.211
0.365
0.524
0.037
0.674
0.799
0.412
0.151
0.603
0.563
0.394
0.418
0.754
0.67
0.187
0.908
0.569
0.878
0.157
0.934
0.682
0.495
0.704
0.664
0.79
0.275
0.651
0.951
0.175
0.217
0.507
0.377
0.15
0.342
0.192
0.473
0.203
0.493
0.311
0.842
0.004
0.104
0.561
0.412
0.84
0.708
0.321
0.849
0.354
0.421
0.764
0.01
0.108
0.93
0.217
0.165
0.881
0.918
0.08
0.659
0.669
0.195
0.647
0.411
0.052
0.637
0.678
0.311
0.094
0.16
0.332
0.466
0.954
0.145
0.127
0.228
0.203
0.07
0.647
0.428
0.533
0.278
0.352
0.189
0.028
0.254
0.634
0.822
0.391
0.64
0.745
0.771
0.321
0.609
0.832
0.808
0.611
0.281
0.782
0.586
0.849
0.543
0.685
0.676
0.691
0.895
0.295
0.469
0.168
0.251
0.222
0.669
0.16
0.349
0.87
0.323
0.256
0.568
0.992
0.214
0.494
0.504
0.292
0.15
0.95
0.945
0.721
0.041
0.651
0.966
0.563
0.854
0.347
0.592
0.572
0.024
0.48
0.503
0.665
0.709
0.391
0.173
0.141
0.107
0.218
0.91
0.204
0.622
0.304
0.664
0.565
0.869
999
0.708
0.392
0.306
0.195
0.198
0.044
0.516
0.648
0.855
0.635
0.968
0.127
0.02
0.124
0.105
0.844
0.296
0.553
0.12
0.658
0.216
0.44
0.587
0.552
0.955
0.272
0.776
0.592
0.21
0.619
0.758
0.92
0.674
0.704
0.547
0.08
0.937
0.589
0.07
0.781
0.774
0.788
0.945
0.467
0.963
0.451
0.106
0.556
0.349
0.582
0.528
0.919
0.315
0.558
0.916
0.809
0.013
0.037
0.46
0.609
0.202
0.496
0.594
0.033
0.035
0.84
0.446
0.07
0.712
0.707
0.753
0.178
0.017
0.787
0.334
0.476
0.445
0.422
0.99
0.482
0.363
0.326
0.172
0.179
0.508
0.227
0.287
0.646
0.517
0.486
0.555
0.18
0.061
0.687
0.837
0.323
0.871
0.269
0.119
0.285
0.186
0.045
0.41
0.398
0.645
0.704
0.27
0.744
0.261
0.674
0.448
0.501
0.318
0.945
0.442
0.693
0.647
0.138
0.714
0.365
0.409
0.099
0.188
0.386
0.437
0.541
0.623
0.245
0.79
0.847
0.821
0.388
0.537
0.212
0.121
0.301
0.331
0.86
0.963
0.139
0.193
0.293
0.852
0.25
0.283
0.04
0.569
0.657
0.444
0.888
0.876
0.512
0.76
0.119
0.095
0.456
0.98
0.038
0.782
0.349
0.358
0.336
0.655
0.885
0.815
0.907
0.569
0.166
0.044
0.03
0.873
0.763
0.085
0.016
0.344
0.934
0.831
0.815
0.386
0.799
0.52
0.262
0.526
0.944
0.938
0.721
999
0.761
0.83
0.091
0.019
0.854
0.457
0.942
0.083
0.581
0.666
0.973
0.285
0.514
0.443
0.439
0.498
0.969
0.49
0.782
0.187
0.087
0.107
0.13
0.113
0.753
0.762
0.213
0.484
0.962
0.118
0.532
0.611
0.597
0.056
0.322
0.567
0.717
0.069
0.146
0.851
0.339
0.865
0.676
0.528
0.306
0.758
0.714
0.36
0.894
0.602
0.149
0.788
0.029
0.602
0.001
0.788
0.086
0.322
0.424
0.308
0.995
0.585
