0.099
0.624
0.899
0.558
0.424
0.287
0.249
0.578
0.846
0.922
0.03
0.276
0.089
0.222
0.547
0.663
0.714
0.302
0.471
0.29
0.284
0.783
0.959
0.079
0.955
0.728
0.96
0.47
0.434
0.88
0.199
0.542
0.204
0.414
0.65
ERROR
0.572
0.571
0.605
0.947
0.306
0.611
0.856
0.788
0.351
0.137
0.571
0.672
0.919
0.003
0.51
0.238
0.599
0.408
0.97
0.35
0.197
0.483
0.642
0.351
0.233
0.042
0.866
0.504
0.745
0.731
0.826
0.468
0.243
0.846
0.413
0.481
0.893
0.883
0.199
0.401
0.932
0.916
0.656
0.999
0.579
0.204
0.908
0.755
0.272
0.806
0.197
0.557
0.28
0.218
0.959
0.288
0.481
0.436
0.015
0.953
0.208
0.729
0.753
0.819
0.997
0.808
0.392
0.532
0.015
0.203
0.858
0.22
0.677
0.748
0.076
0.699
0.603
0.86
0.538
0.064
0.301
0.127
0.737
0.321
0.59
0.506
0.413
0.79
0.474
0.746
0.204
0.317
0.321
0.188
0.278
0.486
0.64
0.27
0.956
0.288
0.538
0.883
0.952
0.182
0.161
0.058
0.374
0.19
0.808
0.793
0.414
0.224
0.068
0.552
0.454
0.198
0.676
0.02
0.227
0.286
0.639
0.378
0.724
0.368
0.89
0.678
0.168
ERROR
0.352
0.608
0.394
0.491
0.547
0.728
0.45
0.926
0.863
0.298
0.887
0.453
0.13
0.478
0.649
0.103
0.29
0.176
0.869
0.221
0.921
0.595
0.53
0.247
0.688
0.752
0.746
0.012
0.633
0.459
0.069
0.305
0.154
0.847
0.831
0.66
