0.991
0.14
0.679
0.893
0.28
0.494
0.599
0.534
0.745
0.722
0.627
0.286
0.505
0.299
0.146
0.072
0.317
0.642
0.972
0.33
0.255
0.511
0.763
0.037
0.028
0.519
0.279
0.835
0.482
0.662
0.838
0.986
0.266
0.907
0.966
0.746
0.882
0.278
0.64
0.428
0.676
0.863
0.064
0.237
0.585
0.741
0.808
0.177
0.773
0.538
0.532
0.096
0.605
0.257
0.983
0.765
0.413
0.54
0.917
0.854
0.693
0.835
0.775
ERROR
0.38
0.019
0.823
0.769
0.883
0.97
0.373
0.656
0.396
0.713
0.315
0.385
0.989
0.961
0.057
0.767
0.288
0.473
0.018
0.906
0.139
0.221
0.348
0.154
0.524
0.948
0.833
0.759
0.303
0.399
0.433
0.851
0.757
0.242
0.683
0.039
0.035
0.745
0.303
0.074
0.407
0.058
0.138
0.55
0.705
0.852
0.197
0.098
0.569
0.571
0.619
0.043
0.907
0.216
0.083
0.477
0.351
0.487
0.895
0.102
0.311
0.027
0.324
0.972
0.465
0.634
0.028
0.864
0.97
0.369
0.978
0.232
0.707
0.768
0.511
0.804
0.754
0.648
0.204
0.865
0.133
0.186
0.258
0.698
0.9
0.278
0.822
0.829
0.919
0.929
0.781
0.74
0.426
0.809
0.769
0.144
0.656
0.204
0.861
0.132
0.474
0.133
0.143
0.854
0.393
0.076
0.663
0.694
0.555
0.425
0.423
0.421
0.897
0.762
0.096
0.977
0.425
0.747
0.094
0.031
0.985
0.239
0.996
0.009
0.046
0.125
0.194
0.498
0.848
0.463
0.026
0.137
0.183
0.412
0.011
0.134
