0.343
0.85
0.537
0.422
0.156
0.208
0.314
0.332
0.737
999
0.49
0.419
0.686
0.237
0.965
0.519
0.441
0.495
0.383
0.054
0.543
0.429
0.947
0.502
0.926
0.433
0.318
0.657
0.862
0.174
0.085
0.057
0.19
0.555
999
0.571
0.727
0.915
0.686
0.544
0.681
0.545
0.37
0.617
0.834
0.703
0.457
0.391
0.84
0.766
0.206
0.356
0.276
0.306
0.793
0.476
0.662
0.074
0.019
0.263
0.964
0.974
0.516
0.8
0.352
0.194
0.369
0.527
999
0.492
0.858
0.098
0.362
0.604
0.054
0.169
0.482
0.533
0.461
0.125
0.421
0.425
0.152
0.778
0.306
0.436
0.52
0.283
0.671
0.849
0.253
0.838
0.45
0.838
0.89
0.936
0.096
0.878
0.137
0.512
0.008
0.445
0.14
0.059
0.665
0.597
0.582
0.874
0.791
0.179
0.061
0.85
0.082
0.82
0.535
0.05
0.186
0.5
0.884
0.235
0.633
0.544
0.486
0.703
0.347
0.696
0.533
0.6
999
0.896
0.081
0.625
0.006
0.82
0.871
0.993
0.33
0.299
0.564
0.567
0.877
0.542
0.955
0.685
0.001
0.729
0.149
0.15
0.258
0.043
0.543
0.564
0.081
0.021
0.291
0.943
0.397
0.411
0.631
0.014
0.602
0.77
0.729
0.485
0.724
0.365
0.334
0.091
0.724
0.527
0.154
0.958
0.132
0.399
0.344
0.243
0.992
0.766
0.846
0.401
0.196
0.692
0.964
0.244
0.377
0.453
0.251
0.691
0.39
0.713
0.964
0.834
0.411
0.738
0.921
0.958
0.37
0.795
0.732
0.945
0.544
0.404
0.901
0.88
0.088
0.842
0.824
0.112
0.364
0.937
0.212
0.006
0.118
0.33
0.459
0.751
0.528
0.536
0.487
0.579
0.329
0.757
0.712
0.259
0.201
0.375
0.547
0.718
0.877
0.981
0.876
0.49
0.787
0.377
0.931
0.845
0.21
0.876
0.081
0.123
0.64
0.5
0.311
0.571
0.373
0.038
0.626
0.629
0.552
0.866
0.437
0.793
0.99
0.468
0.777
0.499
0.086
0.128
0.804
0.183
0.528
0.951
0.695
0.32
0.49
0.049
0.135
0.141
0.303
0.747
0.991
0.026
0.99
0.09
0.237
0.595
0.711
0.195
0.135
0.936
0.356
0.884
0.69
0.654
0.839
0.414
0.22
0.691
0.206
0.706
0.417
0.269
0.768
0.239
0.087
0.466
0.363
0.492
0.571
0.92
0.636
0.075
0.936
0.224
0.333
0.342
0.797
0.42
0.866
0.19
0.507
0.914
0.376
0.119
0.245
0.532
0.101
0.587
0.93
0.018
0.046
0.541
0.197
0.217
0.939
0.548
0.981
0.274
0.159
0.577
0.125
0.571
0.785
0.774
0.444
0.872
0.788
0.605
0.582
0.844
0.223
0.74
0.759
0.228
0.199
0.009
0.12
0.097
0.325
0.945
0.312
0.449
0.294
0.353
0.815
0.486
0.914
0.38
0.494
0.95
0.963
0.931
0.73
0.875
0.641
0.231
0.405
0.814
0.755
0.697
0.375
0.65
0.48
0.758
0.232
0.68
0.897
0.132
0.151
0.654
0.012
0.028
0.775
0.719
0.491
0.645
0.851
0.184
0.34
0.743
0.655
0.438
0.692
0.606
0.429
0.884
0.839
0.625
0.572
0.257
0.763
0.996
0.8
0.999
0.59
0.157
0.876
0.533
0.953
0.395
0.579
0.606
0.194
0.309
0.522
0.105
0.627
0.426
0.139
0.163
0.741
0.09
0.463
0.644
0.563
0.61
0.535
0.331
0.52
0.215
0.326
0.587
0.994
0.843
0.93
0.92
0.475
0.089
0.789
0.009
0.772
0.111
0.416
0.978
0.777
0.802
0.393
0.743
0.129
0.217
0.337
0.303
0.25
0.875
999
0.629
999
0.156
0.51
0.991
0.43
0.62
0.595
0.814
0.549
0.394
0.982
0.341
0.514
0.911
0.43
0.405
0.748
0.044
0.421
0.531
0.063
0.092
0.965
0.115
0.789
0.798
0.066
0.372
0.558
0.249
0.511
0.238
0.926
0.741
0.191
0.264
0.87
0.785
0.558
0.563
0.669
0.407
0.873
0.545
0.225
0.593
0.339
0.561
0.947
0.46
0.181
0.001
0.16
0.587
0.726
0.676
0.055
0.263
0.082
0.846
0.799
0.129
0.195
0.237
0.386
0.425
0.123
0.87
0.073
0.327
0.765
0.302
0.897
0.539
0.049
0.764
0.419
0.823
0.172
0.476
0.052
0.4
0.038
0.889
0.787
0.666
0.027
0.208
0.89
0.535
0.271
0.159
0.227
0.29
0.731
0.699
0.771
0.566
0.143
0.806
0.955
0.792
0.223
0.32
0.854
0.438
0.063
0.305
0.101
0.516
0.324
0.338
0.829
0.11
0.748
0.428
0.682
999
0.503
0.627
0.408
0.768
0.257
0.624
0.724
0.52
0.601
0.193
0.647
0.562
0.369
0.263
0.276
0.353
0.32
0.563
0.293
0.449
0.068
0.613
0.393
0.967
0.059
0.018
0.739
0.92
0.447
0.835
0.7
0.422
0.882
0.61
0.409
0.948
0.271
0.318
0.695
0.047
0.554
0.243
0.94
0.671
0.28
0.629
0.239
0.512
0.521
0.883
0.169
0.008
0.388
0.902
0.672
0.614
0.559
0.401
0.108
0.866
0.266
0.999
0.63
0.996
0.662
0.142
0.129
0.696
0.566
0.161
0.754
0.027
0.792
0.279
0.976
0.767
0.916
0.861
0.469
0.223
0.897
0.092
0.284
0.288
0.751
0.707
0.61
0.141
0.164
0.238
0.78
0.319
0.238
0.636
0.459
0.948
0.053
0.787
0.903
0.464
0.571
0.671
0.899
0.781
0.186
0.197
0.683
0.61
0.274
0.626
0.041
0.335
0.399
0.651
0.671
0.601
0.489
0.968
0.39
0.326
0.624
0.713
0.787
0.053
0.471
0.662
0.708
0.858
0.972
0.72
0.616
0.531
0.274
0.865
0.769
0.554
0.161
0.295
0.037
0.443
0.804
0.849
0.291
0.478
0.932
0.152
0.802
0.072
0.275
0.719
0.582
0.325
0.196
0.548
0.624
0.424
0.274
0.429
0.97
0.749
0.767
0.446
0.558
0.684
0.431
0.26
0.615
0.065
0.758
0.926
0.23
0.761
0.502
0.501
0.015
0.072
0.693
0.341
0.79
0.188
0.186
0.571
0.407
0.998
0.271
0.254
0.159
0.131
0.199
0.859
0.088
0.084
0.702
0.116
0.98
0.592
0.118
1.0
0.57
0.497
0.954
0.276
0.377
0.36
0.102
0.811
0.936
0.6
0.789
0.243
0.858
0.034
0.202
0.86
0.746
0.201
0.424
0.728
0.241
0.163
0.467
0.291
0.567
0.578
0.759
0.679
0.22
0.655
0.361
0.443
0.181
0.679
0.91
0.748
0.766
0.711
0.472
0.191
0.313
0.223
0.842
0.708
0.427
0.939
0.623
0.342
0.122
0.443
0.7
0.132
0.758
0.428
0.519
0.259
0.614
0.933
0.275
0.056
0.066
0.133
0.578
0.447
0.994
0.212
0.745
0.082
0.119
0.912
0.419
0.658
0.566
0.898
0.423
0.966
0.014
0.263
0.229
0.162
0.982
0.16
0.661
0.401
0.642
0.534
0.784
0.678
0.723
0.21
0.455
0.827
0.779
0.255
0.843
0.608
0.313
0.675
0.471
0.274
0.674
0.175
0.953
0.562
0.091
0.529
0.503
0.481
0.585
0.984
0.173
0.51
0.597
0.904
0.114
0.546
0.439
0.236
0.303
0.792
0.046
0.353
0.105
0.524
0.726
0.016
0.339
0.056
0.913
0.729
0.705
0.65
0.753
0.737
0.257
0.823
0.018
0.735
999
0.212
0.382
0.888
0.236
0.825
0.768
0.243
0.014
0.943
0.765
0.584
0.618
0.404
0.311
0.489
0.348
0.27
0.76
0.181
0.9
0.111
0.646
0.933
0.198
0.346
0.443
0.968
0.023
0.457
0.02
0.007
0.452
0.522
0.151
0.608
0.186
0.536
0.389
0.281
0.575
0.551
0.629
0.978
0.032
0.948
0.816
0.794
0.963
0.1
0.003
0.852
0.365
0.091
0.047
0.804
0.163
0.989
0.362
0.833
0.946
0.688
0.89
0.77
0.714
0.543
0.407
0.372
0.027
0.375
0.186
0.781
0.34
0.104
0.908
0.052
0.451
0.563
0.429
0.152
0.593
0.619
0.928
0.421
0.687
0.113
0.918
0.924
0.487
0.351
