0.681
0.995
0.32
0.73
0.649
0.707
0.118
0.387
0.896
0.549
0.661
0.014
0.184
0.034
0.839
0.311
0.201
0.847
0.299
0.824
0.869
0.861
0.736
0.659
0.705
0.554
0.947
0.246
0.347
0.076
0.749
0.538
0.759
0.942
0.674
0.438
0.267
0.805
0.249
0.442
0.894
0.646
0.306
0.982
0.356
0.484
0.629
0.506
0.179
0.494
0.259
0.026
0.189
0.986
0.742
0.493
0.052
0.443
0.565
0.086
0.145
0.775
0.5
0.425
0.981
0.146
0.419
0.505
0.355
0.473
0.574
0.866
0.246
0.565
0.821
0.671
0.079
0.855
0.282
0.419
0.778
0.328
0.896
0.726
0.084
0.874
0.843
0.463
0.415
0.035
0.333
0.94
0.554
0.96
0.573
0.191
0.231
0.464
0.447
0.543
0.334
0.382
0.926
0.441
0.455
0.81
0.905
0.865
0.411
0.953
0.442
0.605
0.349
0.901
0.213
0.854
0.09
0.195
0.409
0.844
0.707
0.867
0.609
0.094
0.789
0.41
0.157
0.011
0.502
0.976
0.51
0.508
0.98
0.983
0.187
0.84
0.684
0.941
0.718
0.287
0.914
0.673
0.712
0.404
0.776
0.499
0.268
0.584
0.442
0.229
0.906
0.948
0.773
0.691
0.447
0.081
0.907
0.736
0.018
0.061
0.725
0.394
0.661
0.649
0.818
0.435
0.338
0.49
0.697
0.457
0.483
0.549
0.14
0.328
0.828
0.064
0.54
0.628
0.016
0.229
0.939
0.311
0.781
0.146
0.15
0.9
0.63
0.894
0.481
0.606
0.534
0.583
0.835
0.575
0.416
0.57
0.132
0.389
0.661
0.049
