0.562
0.002
0.262
0.944
0.696
0.688
0.248
0.288
0.349
0.678
0.261
0.524
0.555
0.663
0.545
0.176
0.566
0.151
0.573
0.221
0.766
0.408
0.558
0.939
0.17
0.067
0.222
0.157
0.316
0.534
0.23
0.717
0.287
0.955
0.027
0.063
0.552
0.137
0.203
0.375
0.128
0.692
0.096
0.832
0.536
0.271
0.892
0.986
0.628
0.407
0.514
0.155
0.083
0.497
0.437
0.174
0.299
0.616
0.159
0.124
0.901
0.69
0.675
0.81
0.953
0.84
0.168
0.808
0.623
0.428
0.977
0.258
0.453
0.151
0.675
0.271
0.211
0.358
0.257
0.6
0.828
0.613
0.955
0.404
0.828
0.757
0.933
0.326
0.968
0.896
0.155
0.499
0.069
0.847
0.975
0.974
0.325
0.283
0.032
0.683
0.601
0.851
0.916
0.86
0.729
0.628
0.784
0.868
0.812
0.689
0.543
0.438
0.291
0.302
0.02
0.064
0.513
0.639
0.651
0.879
0.978
0.835
0.265
0.191
0.636
0.147
0.676
0.21
0.564
0.277
0.089
0.105
0.476
0.199
0.353
0.081
ERROR
0.008
0.115
0.637
0.537
0.317
0.126
0.452
0.1
0.101
0.024
0.144
0.812
0.188
0.332
0.177
0.25
0.41
0.319
0.761
0.227
0.954
0.15
0.182
0.449
0.863
0.797
0.91
0.881
0.699
0.71
0.641
0.2
0.958
0.892
0.252
0.333
0.063
0.291
0.341
0.585
0.149
0.086
0.784
0.031
0.428
0.557
0.503
0.567
0.713
0.966
0.918
0.26
0.182
0.16
0.846
0.508
0.559
ERROR
0.635
0.033
0.735
0.957
0.992
