0.138
0.63
0.572
0.035
0.067
0.052
0.042
0.07
0.099
0.836
0.696
0.858
0.15
0.048
0.113
0.903
0.081
0.632
0.204
0.207
0.223
0.954
0.247
0.825
0.206
0.459
0.96
0.73
0.042
0.119
0.3
0.079
0.063
0.823
0.618
0.093
0.858
0.104
0.556
0.607
0.634
0.488
0.114
0.83
0.499
0.615
0.779
0.628
0.801
0.776
0.664
0.083
0.057
0.964
0.865
0.238
0.568
0.029
0.806
0.619
0.166
0.001
0.929
0.045
0.508
0.302
0.008
0.652
0.896
0.935
0.696
0.562
0.248
0.421
0.284
0.245
0.381
0.143
0.918
0.902
0.449
0.089
0.4
0.045
0.49
0.541
0.512
0.361
0.923
0.573
0.892
0.046
0.128
0.198
0.01
0.809
0.927
0.503
0.812
0.687
0.769
0.003
0.208
0.436
0.233
0.39
0.625
0.557
0.119
0.455
0.001
0.951
0.519
0.362
0.042
0.601
0.458
0.635
0.993
0.559
0.402
0.788
0.813
0.241
0.644
0.966
0.317
0.482
0.557
0.713
0.888
0.522
0.791
0.957
0.984
0.697
0.372
0.496
0.584
0.756
0.141
0.208
0.078
0.544
0.799
0.022
0.951
0.22
0.265
0.313
0.688
ERROR
0.312
0.468
0.669
0.634
0.147
0.857
0.638
0.756
0.554
0.725
ERROR
0.426
0.444
0.12
0.579
0.045
0.751
0.646
0.791
0.97
0.81
0.701
0.152
0.272
0.675
0.975
0.349
0.594
0.372
0.821
0.755
0.339
0.093
0.324
0.406
0.25
0.751
0.412
0.508
0.518
0.745
0.688
0.509
0.947
0.891
0.455
0.131
0.181
