0.179
0.64
0.337
0.109
0.317
0.361
0.438
0.661
0.876
0.406
0.167
0.523
0.406
0.372
0.723
0.666
0.36
0.899
0.482
0.701
0.294
0.906
0.531
0.975
0.672
0.853
0.054
0.654
0.706
0.626
0.037
0.839
0.984
0.307
0.505
0.964
0.381
0.953
0.878
0.19
0.808
0.974
0.583
0.493
0.597
0.411
0.058
0.773
0.682
0.529
0.4
0.058
0.11
0.511
0.652
0.172
0.689
0.389
0.458
0.859
0.174
0.97
999
0.88
0.027
0.38
0.418
0.617
0.054
0.223
0.647
0.703
0.916
0.197
0.384
0.686
0.355
0.429
0.412
0.81
0.677
0.451
0.615
0.898
0.707
0.126
0.415
0.903
0.334
0.116
0.304
0.827
0.445
0.101
0.371
0.223
0.59
0.61
0.111
0.615
0.307
0.162
0.235
0.585
0.512
0.791
0.567
0.702
0.183
0.273
0.81
0.082
0.288
0.994
0.272
0.452
0.233
0.644
0.689
0.412
0.547
0.576
0.951
0.587
0.173
0.562
0.524
0.911
0.134
0.391
0.954
0.443
0.356
0.157
0.165
0.564
0.894
0.689
0.637
0.852
0.762
0.05
0.568
0.966
0.632
0.356
0.086
0.8
0.797
0.851
0.695
0.358
0.897
0.399
0.712
0.797
0.119
0.585
0.793
0.722
0.128
0.323
0.97
0.87
0.487
0.295
0.814
0.563
0.995
999
0.287
0.98
0.072
0.988
0.522
0.551
0.397
0.689
0.149
0.937
0.915
0.832
0.875
0.154
999
0.889
0.07
0.126
0.9
0.639
0.082
0.912
0.701
0.249
0.62
0.149
0.755
0.27
0.394
0.693
0.893
0.695
0.257
0.117
0.687
0.42
0.641
0.561
0.209
0.91
0.225
0.332
999
0.027
0.718
0.164
0.502
0.091
0.856
0.074
0.473
0.32
0.81
0.095
0.42
0.833
0.348
0.754
0.041
0.799
0.546
0.817
0.82
0.921
0.919
0.29
0.641
0.03
0.219
0.93
0.185
0.627
0.429
0.791
0.215
0.995
0.646
0.705
0.402
0.453
0.002
0.532
0.31
0.734
0.826
0.122
0.53
0.945
0.377
0.244
0.015
0.333
0.461
0.735
0.959
0.807
0.373
0.719
0.928
0.28
0.71
999
0.689
0.164
0.841
0.922
0.959
0.861
0.202
0.309
0.346
0.075
0.686
0.772
0.783
0.59
0.817
0.509
0.53
0.959
0.93
0.001
0.22
0.612
0.065
0.173
0.867
0.568
0.497
0.119
0.055
0.838
0.95
0.513
0.14
0.641
0.746
0.343
0.167
0.236
0.682
0.991
0.783
0.889
0.927
0.748
0.357
0.094
0.686
0.24
0.447
0.102
0.833
0.636
0.708
0.09
0.837
0.517
0.908
0.495
0.976
0.748
0.41
0.099
0.964
999
0.018
0.767
0.464
0.265
0.911
0.238
0.862
0.048
0.782
0.536
0.22
0.878
0.071
0.242
0.564
0.442
0.865
0.457
0.118
0.049
0.479
0.696
0.931
0.487
0.061
0.949
0.161
0.156
0.115
0.072
0.952
0.859
0.801
0.702
0.304
0.155
0.864
0.565
0.444
0.003
0.257
0.493
0.22
0.87
0.156
0.479
0.296
0.144
0.226
0.863
0.393
0.081
0.968
0.941
999
0.363
0.27
0.639
0.59
0.948
0.337
0.788
0.791
0.66
0.468
0.323
0.015
0.559
0.735
0.821
0.826
0.295
0.137
0.758
0.864
0.067
0.313
0.343
0.242
0.791
0.586
999
0.265
0.798
0.732
0.349
0.407
0.392
0.758
0.973
0.671
0.466
0.838
0.679
0.383
0.427
0.47
0.439
0.295
0.367
0.683
0.027
0.714
0.108
0.912
0.659
0.272
0.397
0.177
0.801
0.267
0.963
0.324
0.209
0.11
0.735
0.394
0.735
0.518
0.798
0.824
0.347
0.765
0.525
0.163
0.987
0.901
0.056
0.854
0.342
0.382
0.793
0.877
0.137
0.513
0.696
0.507
0.623
0.626
0.717
0.674
0.035
0.808
0.552
0.2
0.774
0.579
0.797
0.709
0.574
0.447
0.333
0.628
0.866
0.12
0.304
0.062
0.363
0.11
0.667
0.288
0.26
0.843
0.26
0.305
0.677
0.38
0.359
0.085
0.822
0.218
0.313
0.012
0.076
0.551
0.319
0.688
0.219
0.118
0.175
0.848
0.907
0.443
0.007
0.75
0.992
0.379
0.789
0.848
0.925
0.801
0.902
0.929
0.551
0.33
0.332
0.982
0.356
0.591
0.753
0.354
0.847
0.205
0.03
0.37
0.57
0.085
0.625
0.852
0.134
0.493
0.832
0.823
0.14
0.94
0.777
0.299
0.266
0.033
0.669
0.569
0.115
0.278
0.755
0.655
999
0.921
0.359
0.686
0.134
0.729
0.382
0.26
0.353
0.36
0.284
0.396
0.177
0.036
0.609
0.837
0.393
0.759
0.746
0.02
0.55
0.196
0.844
0.733
0.682
0.933
0.519
0.615
0.358
0.686
0.785
0.147
0.091
0.232
0.753
0.746
0.427
0.423
0.764
0.51
0.959
0.02
0.808
0.256
0.078
0.6
0.139
0.64
0.159
0.654
0.895
0.634
0.766
0.619
0.326
0.461
0.208
0.507
0.509
0.883
0.179
0.011
0.747
0.113
0.332
0.355
0.989
0.619
0.9
0.54
0.55
0.188
0.916
0.141
0.221
0.915
0.038
0.322
0.926
0.935
0.917
0.516
0.772
0.214
0.949
0.784
0.816
0.143
0.955
0.601
0.624
0.249
0.628
0.814
0.206
0.526
0.53
0.6
0.094
0.855
0.27
0.943
0.701
0.372
0.751
0.006
0.146
0.19
0.879
0.338
0.34
0.053
0.564
0.514
0.336
0.866
0.317
0.452
0.218
0.773
0.299
0.828
0.53
0.549
0.923
0.169
0.896
0.344
0.049
0.702
0.903
0.856
0.304
0.163
0.774
0.429
0.974
0.727
0.405
0.25
0.51
0.039
0.412
0.289
0.131
0.021
0.48
0.332
0.405
0.045
0.291
0.727
0.359
0.748
0.605
0.482
0.909
0.218
0.972
0.819
0.165
0.996
0.51
0.987
0.292
0.227
0.226
0.126
0.458
0.102
0.373
0.381
0.23
0.977
0.742
0.603
0.023
0.358
0.926
0.514
0.457
0.44
0.061
0.543
0.5
0.266
0.126
0.874
0.286
0.824
0.604
0.98
0.398
0.206
0.094
0.675
0.887
0.417
0.55
0.282
0.694
0.616
0.861
0.208
0.843
0.225
0.172
0.837
0.912
0.089
0.423
0.48
0.828
0.339
0.535
0.617
0.076
0.215
0.769
0.175
0.965
0.059
0.563
0.695
0.601
0.965
0.968
0.608
0.72
0.641
0.618
0.832
0.777
0.996
0.558
0.792
0.872
0.466
0.489
0.36
0.097
0.678
0.992
0.029
0.353
0.854
0.876
0.498
0.618
0.214
0.089
0.544
0.723
0.203
0.976
0.28
0.796
0.794
0.609
0.925
0.251
0.824
0.548
0.845
0.19
0.053
0.248
0.35
0.195
0.649
0.811
0.69
0.246
0.146
0.41
0.978
0.81
0.549
0.361
0.676
0.71
0.395
0.041
0.239
0.023
0.078
0.282
0.007
0.683
0.685
0.282
0.452
0.477
0.559
0.612
0.042
0.387
0.217
0.847
0.219
0.554
0.81
0.585
0.752
0.584
0.758
0.241
0.605
0.417
0.334
0.191
0.162
0.593
0.369
0.549
0.06
0.631
0.629
0.152
0.675
0.64
0.781
0.024
0.125
0.293
0.47
0.823
0.789
0.307
0.8
0.929
0.094
0.15
0.879
0.461
0.149
0.989
0.35
0.348
0.483
0.985
0.812
0.892
0.076
0.082
0.309
0.329
0.362
0.821
0.958
0.55
0.565
0.374
0.413
0.994
0.902
0.265
0.119
0.168
0.355
0.648
0.7
0.437
0.876
0.697
0.231
0.625
0.414
0.602
0.95
0.883
0.283
0.464
0.515
0.655
0.501
0.807
0.225
0.063
0.849
0.337
0.103
0.006
0.341
0.532
0.382
0.827
0.573
0.048
0.32
0.687
0.149
0.197
0.264
0.791
0.649
0.992
0.353
0.169
0.031
0.825
0.161
0.819
0.395
0.081
0.439
0.617
0.115
0.182
0.645
0.232
0.227
0.097
0.573
0.082
0.116
0.17
0.197
0.422
0.419
0.843
0.648
0.429
0.399
0.441
0.297
0.091
0.172
0.527
0.125
0.587
0.537
0.695
0.267
0.406
0.825
0.85
0.901
0.299
