0.782
0.154
0.548
0.6
0.276
0.313
0.829
0.272
0.166
0.405
0.939
0.819
0.013
0.286
0.449
0.22
0.771
0.685
0.971
0.245
0.62
0.339
0.508
0.46
0.135
0.133
0.279
0.436
0.799
0.538
0.335
0.66
0.138
0.167
0.975
0.724
0.717
0.131
0.424
0.261
0.731
0.902
ERROR
0.656
0.997
0.517
0.627
0.143
0.754
0.446
0.15
0.046
0.932
0.792
0.814
0.816
0.816
0.759
0.128
0.961
0.16
0.075
0.591
0.268
0.069
0.287
0.244
0.164
0.869
0.655
0.204
0.267
0.698
0.767
0.005
0.384
0.338
0.703
0.912
0.946
0.116
0.607
0.911
0.938
0.375
0.504
0.773
0.552
0.831
0.475
0.379
0.607
0.397
0.781
0.994
0.139
0.087
0.52
0.909
0.813
0.947
0.197
0.68
0.727
0.53
0.799
0.955
0.304
0.582
0.082
0.311
0.271
0.961
0.754
0.998
0.439
0.322
0.121
0.887
0.546
0.609
0.155
0.06
0.818
0.308
0.102
0.6
0.697
0.585
0.524
0.905
0.505
0.628
0.01
0.937
0.274
0.033
0.061
0.587
0.046
0.684
0.93
0.905
0.401
0.677
0.592
0.444
0.236
0.439
0.826
0.905
0.702
0.937
0.159
0.55
0.748
0.803
0.735
0.391
0.274
0.578
0.513
0.348
0.91
0.206
0.329
0.398
0.788
0.25
0.55
0.452
0.936
0.612
0.009
0.363
0.942
0.086
0.491
0.526
0.888
0.603
0.949
0.767
0.807
0.439
0.523
0.121
0.446
0.519
0.228
0.852
0.39
0.677
0.303
0.506
0.875
0.85
0.718
0.201
0.767
