0.243
0.277
0.997
0.884
0.104
0.855
0.202
0.226
0.662
0.946
0.157
0.884
0.994
0.893
0.339
0.468
0.139
0.337
0.786
0.198
0.034
0.48
0.353
0.036
0.216
0.67
0.815
0.197
0.009
0.97
0.563
0.253
0.996
0.388
0.403
0.838
0.811
0.792
0.24
0.881
0.806
0.207
0.679
0.714
0.562
0.341
0.653
0.94
0.936
0.131
0.402
0.242
0.681
0.857
0.459
0.401
0.615
0.74
0.562
0.567
0.364
0.414
0.33
0.013
0.422
0.524
0.11
0.531
0.75
0.366
0.367
0.211
0.163
0.597
0.653
0.641
0.38
0.195
0.718
0.832
0.706
0.917
0.335
0.479
0.025
0.278
0.895
0.911
0.145
0.9
0.896
0.962
0.17
0.043
0.981
0.169
0.711
0.661
0.684
0.05
0.985
0.653
0.578
0.247
0.522
0.504
0.978
0.441
0.714
0.639
0.587
0.526
0.519
0.828
0.059
0.087
0.338
0.462
0.477
0.265
0.96
0.646
0.619
0.13
0.858
0.679
0.928
0.562
0.258
0.767
0.025
0.717
0.824
0.615
0.237
0.314
0.21
0.551
0.842
0.757
0.989
0.749
0.122
0.514
0.615
0.953
0.608
0.763
ERROR
0.074
0.245
0.815
0.831
0.93
0.441
0.948
0.278
0.955
0.33
0.705
0.907
0.399
0.139
0.868
0.185
0.245
0.144
0.97
0.313
0.795
0.619
0.342
0.466
0.707
0.025
0.56
0.193
0.711
0.585
0.527
0.215
0.151
0.658
0.354
0.459
0.706
0.286
0.907
0.731
0.011
0.569
0.063
0.284
0.903
0.67
0.454
0.414
0.886
0.474
0.777
