0.052
0.687
0.819
0.491
0.501
0.844
0.509
0.423
0.378
0.866
0.317
0.757
0.017
0.333
0.395
0.844
0.382
0.554
0.903
0.69
0.549
0.93
0.023
0.489
0.746
0.318
0.527
0.687
0.702
0.236
0.454
0.907
0.779
0.554
0.229
0.517
0.128
0.346
0.886
0.654
0.775
0.218
0.76
0.168
0.453
0.972
0.033
0.424
0.147
0.225
0.995
0.814
0.744
0.673
0.362
0.599
0.609
0.045
0.241
0.783
0.909
0.538
0.25
0.796
0.56
0.374
0.769
0.172
0.659
0.536
0.545
0.883
0.223
0.75
0.375
0.83
0.573
0.118
0.264
0.859
0.978
0.452
0.435
0.646
0.629
0.226
0.541
0.094
0.973
0.168
0.791
0.314
0.313
0.759
0.999
0.755
0.698
0.66
0.055
0.676
0.594
0.23
0.2
0.361
0.891
0.586
0.781
0.177
0.873
0.086
0.47
0.574
0.266
0.047
0.861
0.071
0.968
0.111
0.017
0.673
0.604
0.619
0.467
0.722
0.557
0.896
0.401
0.4
0.166
0.374
0.217
0.341
0.214
0.911
0.823
0.999
0.068
0.04
0.33
0.951
0.429
0.496
0.253
0.7
0.103
0.52
0.995
0.522
0.136
0.246
0.777
0.379
0.316
0.331
0.889
0.273
0.924
0.719
0.428
0.222
0.754
0.364
0.651
0.355
0.491
0.877
0.037
0.971
0.912
0.793
0.046
0.741
0.798
0.786
0.058
0.562
0.281
0.101
0.408
0.641
0.264
0.167
0.628
0.907
0.318
0.595
0.456
0.869
0.686
0.031
0.751
0.462
0.221
0.134
0.976
0.714
0.401
0.091
0.58
0.524
0.27
0.116
0.219
0.022
0.604
0.816
0.979
0.802
0.698
0.21
0.639
0.923
0.986
0.048
0.195
0.858
0.395
0.556
0.561
0.503
0.549
0.626
0.36
0.798
0.162
0.051
0.399
0.794
0.87
0.128
0.242
0.688
0.046
0.334
0.711
0.996
0.907
0.739
0.534
0.554
0.282
0.919
0.603
0.23
0.575
0.035
0.285
0.063
0.955
0.459
0.543
0.503
0.657
0.839
0.06
0.148
0.394
0.166
0.251
0.236
0.737
0.587
0.368
0.503
0.801
0.204
0.949
0.483
0.702
0.865
0.044
0.619
0.136
0.531
0.591
0.183
0.37
0.692
0.455
0.973
0.515
0.652
0.909
0.516
0.056
0.62
0.286
0.868
0.684
0.496
0.476
0.625
0.825
0.661
0.417
0.346
0.983
0.069
0.27
0.195
0.076
0.122
0.645
0.834
0.328
0.34
0.425
0.7
0.154
0.627
0.605
0.461
0.803
0.617
0.954
0.643
0.557
0.841
0.54
0.958
0.97
0.416
0.876
0.151
0.86
0.556
0.755
0.161
0.491
0.956
0.044
0.344
0.205
0.156
0.052
0.57
0.802
0.257
0.183
0.086
0.344
0.396
0.88
0.927
0.949
0.51
0.434
0.693
0.647
0.165
0.43
0.948
0.401
0.861
0.285
0.841
0.957
0.892
0.635
0.65
0.25
0.094
0.99
0.057
0.312
0.018
0.15
0.626
0.433
0.57
0.885
0.168
0.896
0.574
0.738
0.927
0.561
0.225
0.301
0.556
0.813
0.86
0.128
0.705
0.402
0.552
0.086
0.911
0.504
0.308
0.475
0.572
0.401
0.214
0.193
0.15
0.424
0.296
0.245
0.46
0.692
0.979
0.494
0.458
0.916
0.949
0.387
0.517
0.333
0.872
0.177
0.832
0.494
0.101
0.281
0.436
0.689
0.06
0.08
0.413
0.863
0.579
0.222
0.443
0.756
0.425
0.479
0.59
0.639
0.668
0.0
0.005
0.794
0.562
0.185
0.754
0.392
0.108
0.949
0.429
0.05
0.279
0.344
0.38
0.245
0.365
0.62
0.758
0.072
0.436
0.777
0.592
0.715
0.297
0.675
0.241
0.41
0.749
0.401
0.827
0.941
0.668
0.898
0.051
0.668
0.905
0.427
0.448
0.754
0.132
0.139
0.776
0.124
0.315
0.863
0.115
0.919
0.794
0.023
0.228
0.988
0.204
0.107
0.643
0.792
0.363
0.161
0.648
0.252
0.317
0.2
0.817
0.785
0.578
0.246
0.926
0.235
0.667
0.6
0.286
0.06
0.721
0.332
0.588
0.21
0.66
0.46
0.948
0.719
0.219
0.124
0.019
0.002
0.806
0.891
0.149
0.455
0.71
0.481
0.217
0.286
0.487
0.195
0.713
0.761
0.815
0.126
0.661
0.619
0.234
0.446
0.693
0.79
0.402
0.172
0.868
0.488
0.726
0.661
0.359
0.549
0.661
0.385
0.434
0.405
0.597
0.986
0.175
0.076
0.635
0.386
0.369
0.156
0.471
0.297
0.156
0.488
0.679
0.73
0.939
0.503
0.691
0.924
0.157
0.099
0.633
0.145
0.315
0.748
999
0.411
0.574
0.848
0.374
0.397
0.286
0.719
0.531
0.944
0.097
0.068
0.745
0.643
0.892
0.802
0.968
0.853
0.866
0.145
0.352
0.119
0.579
0.737
0.504
0.697
0.832
0.027
0.091
0.056
0.23
0.218
0.127
0.223
0.204
0.47
0.136
0.568
0.514
0.917
0.764
0.683
0.343
0.755
0.283
0.834
0.776
0.973
0.446
0.105
0.744
0.251
0.063
0.749
0.167
0.734
0.518
0.801
0.943
0.2
0.152
0.626
0.344
0.394
0.734
0.317
0.653
0.693
0.148
0.691
0.241
0.273
0.507
0.526
0.311
0.446
0.626
0.039
0.363
0.456
0.171
0.813
0.222
0.618
0.143
0.413
0.441
0.615
0.727
0.406
0.397
0.94
0.555
0.795
0.434
0.062
0.415
0.411
0.514
0.822
0.319
0.916
0.212
0.392
0.008
0.96
0.372
0.485
0.198
0.858
0.098
0.17
0.223
0.432
0.998
0.092
0.674
0.145
0.209
0.991
0.824
0.571
0.762
0.522
0.001
0.503
0.188
0.989
0.2
0.801
0.884
0.56
0.452
0.323
0.185
0.33
0.346
0.942
0.052
0.015
0.438
0.523
0.007
0.321
0.542
0.671
0.433
0.536
0.147
0.07
0.201
0.003
0.184
0.71
0.96
0.187
0.598
0.719
0.919
0.526
0.747
0.617
0.567
0.191
0.252
0.144
0.776
0.357
0.456
0.437
0.54
0.496
0.733
0.058
0.039
0.574
0.417
0.521
0.249
0.74
0.23
0.339
0.371
0.286
0.968
0.238
0.208
0.4
0.279
0.328
0.023
0.925
0.595
0.04
0.784
0.417
0.167
0.669
0.916
0.455
0.101
0.947
0.097
0.282
0.686
0.775
0.63
0.212
0.254
0.023
0.994
0.78
0.014
0.061
0.638
0.191
0.916
0.85
0.925
0.759
0.441
0.473
0.021
0.627
0.967
0.769
0.63
0.485
0.668
0.094
0.992
0.685
0.038
0.534
0.839
0.409
0.763
0.972
0.398
0.453
0.189
0.684
0.139
0.158
0.496
0.112
0.55
0.354
0.572
0.016
0.575
0.251
0.236
0.949
0.456
0.594
0.202
0.835
0.348
0.591
0.033
0.519
0.097
0.023
0.292
0.213
0.725
0.831
0.106
0.934
0.58
0.227
0.611
0.735
0.438
0.738
0.608
0.304
0.47
0.662
0.942
0.046
0.199
0.738
0.358
0.387
0.019
0.31
0.046
0.917
0.214
0.17
0.136
0.008
0.205
0.288
0.651
0.484
0.124
0.697
0.142
0.65
0.754
0.281
0.843
0.041
0.42
0.844
0.888
0.812
0.32
0.901
0.722
0.213
0.489
0.277
0.148
0.128
0.843
0.86
0.88
0.074
0.475
0.228
0.789
0.675
0.676
0.203
0.277
0.106
0.204
0.451
0.781
0.791
0.214
0.488
0.629
0.247
0.253
0.515
0.111
0.272
0.736
0.973
0.936
0.316
0.727
0.246
0.006
0.898
0.044
0.976
0.79
0.59
0.225
0.224
0.202
0.425
0.327
0.099
0.981
0.829
0.76
0.099
0.559
0.525
0.887
0.877
0.969
0.706
0.103
0.947
0.888
0.272
0.865
0.076
0.411
0.098
0.241
0.736
0.461
0.729
0.842
0.931
0.191
0.358
0.271
0.838
0.475
0.474
0.74
0.674
0.614
0.113
0.653
0.183
0.885
0.711
0.711
0.198
0.071
0.897
0.96
0.628
0.22
0.313
0.09
0.281
0.827
0.812
0.234
0.396
0.683
0.788
0.469
0.642
0.063
0.001
0.252
0.272
0.827
0.292
0.45
0.91
0.048
0.614
0.652
0.904
0.608
1.0
0.184
