0.642
0.033
0.73
0.227
0.628
0.98
0.827
0.832
0.514
0.783
0.553
0.689
0.274
0.89
0.935
0.711
0.666
0.677
0.914
0.837
0.682
0.115
0.247
0.09
0.974
0.511
0.675
0.373
0.684
0.632
0.859
0.035
0.883
0.361
0.345
0.983
0.694
0.725
0.822
0.758
0.267
0.801
0.901
0.495
0.593
0.718
0.615
0.339
0.365
0.958
0.784
0.195
0.751
0.577
0.649
0.624
0.195
0.055
0.057
0.082
0.395
0.821
0.985
0.662
0.111
0.58
0.222
0.025
0.71
0.265
0.052
0.273
0.902
0.023
0.785
0.546
0.027
0.366
0.229
0.003
0.442
0.992
0.661
0.309
0.142
0.556
0.259
0.028
0.044
0.715
0.232
0.371
0.129
0.473
0.045
0.384
0.49
0.102
0.576
0.102
0.475
0.187
0.481
0.419
0.612
0.555
0.475
0.953
0.645
0.513
0.177
0.059
0.434
0.325
0.512
0.719
0.38
0.448
0.17
0.126
0.064
0.729
0.375
0.796
0.042
0.387
0.484
0.401
0.878
0.854
0.475
0.854
0.604
0.68
0.458
0.737
0.489
0.403
0.041
0.339
0.516
0.562
0.132
0.119
0.657
0.294
0.311
0.906
0.034
0.195
0.773
0.797
0.083
0.179
0.507
0.79
0.049
0.472
0.705
0.213
0.296
0.1
0.824
0.426
0.989
0.796
0.146
0.278
0.391
0.721
0.586
0.726
0.131
0.741
0.838
0.042
0.621
0.767
0.079
0.109
0.549
0.795
0.019
0.468
0.387
0.02
0.203
0.064
0.963
0.688
0.51
0.676
0.51
0.058
0.589
0.287
0.69
0.2
0.197
0.126
