0.105
0.164
0.865
0.579
0.046
0.576
0.594
0.746
0.946
0.683
0.69
0.397
0.823
0.811
0.907
0.581
0.64
0.492
0.26
0.248
0.398
0.198
0.834
0.002
0.612
0.614
0.019
0.837
0.651
0.942
0.682
0.763
0.62
0.146
0.384
0.02
0.322
0.91
0.471
0.303
0.315
0.239
0.403
0.745
0.854
0.31
0.803
0.98
0.819
0.555
0.153
0.11
0.879
0.308
0.635
0.178
0.034
0.795
0.78
0.503
0.258
0.916
0.101
0.198
0.995
0.918
0.582
0.194
0.779
0.293
0.638
0.458
0.991
0.362
0.494
0.114
0.445
0.995
0.404
0.892
0.716
0.205
0.612
0.558
0.15
0.242
0.183
0.13
0.889
0.996
0.3
0.147
0.822
0.432
0.625
0.164
0.267
0.399
0.087
0.918
0.94
0.141
0.917
0.245
0.046
0.026
0.519
0.087
0.765
0.548
0.013
0.206
0.717
0.501
0.099
0.661
0.336
0.503
0.56
0.547
0.406
0.722
0.981
0.978
0.16
0.018
0.934
0.986
0.658
0.855
0.584
0.375
0.005
ERROR
0.618
0.206
0.866
0.621
0.606
0.744
0.593
0.098
0.345
0.617
0.721
0.794
0.481
0.188
0.371
0.136
0.305
0.113
0.836
0.839
0.672
0.663
0.11
0.446
0.315
0.639
0.133
0.3
0.031
0.016
0.311
0.857
0.707
0.381
0.23
0.517
0.1
0.567
0.736
0.043
0.638
0.885
0.247
0.031
0.106
0.852
0.974
0.366
0.453
0.655
0.031
0.901
0.151
0.25
0.257
0.594
0.576
0.055
0.215
0.644
0.338
0.665
0.132
0.461
0.708
0.936
