0.575
0.552
0.079
0.81
0.1
0.976
0.196
0.025
0.611
0.352
0.741
0.823
0.686
0.417
0.919
0.526
0.683
0.783
0.623
0.21
0.804
0.287
0.833
0.077
0.393
0.019
0.144
0.211
0.841
0.612
0.883
0.234
0.543
0.826
0.7
0.101
0.772
0.873
0.167
0.147
0.567
0.387
0.522
0.686
0.741
0.412
0.015
0.904
0.655
0.42
0.184
0.71
0.425
0.927
0.291
0.034
0.354
0.762
0.058
0.906
0.338
0.479
0.163
0.433
0.324
0.435
0.025
0.958
0.025
0.324
0.183
0.8
0.008
0.489
0.41
0.699
0.329
0.866
0.319
0.219
0.392
0.088
0.884
0.299
0.245
0.99
0.059
0.907
0.225
0.077
0.136
0.903
0.568
0.673
0.979
0.684
0.063
0.434
0.797
0.094
0.091
0.864
0.179
0.797
0.348
0.69
0.076
0.356
0.521
0.898
0.406
999
0.29
0.087
0.763
0.975
0.51
0.063
0.223
0.532
0.288
0.722
0.649
0.41
0.76
0.078
0.95
0.6
0.114
999
0.494
0.344
0.847
0.905
0.434
0.847
0.843
0.757
0.491
0.899
0.347
0.318
0.168
0.723
0.039
0.925
0.578
0.732
0.007
0.245
0.214
0.966
0.297
0.088
0.78
0.803
0.444
0.386
0.071
0.081
0.665
0.242
0.701
0.841
0.961
0.754
0.762
0.137
0.883
0.744
0.154
0.388
0.507
0.627
0.74
0.134
0.272
0.217
0.941
0.756
0.856
0.867
0.474
0.375
0.022
0.489
0.34
0.507
0.192
0.999
0.539
0.298
0.53
0.425
0.066
0.145
0.815
0.048
0.729
0.167
0.361
0.528
0.677
0.487
0.021
0.369
0.835
0.088
0.121
0.752
0.989
0.247
0.892
0.024
0.699
0.546
0.613
0.191
0.282
0.243
0.114
0.63
0.639
0.383
0.587
0.67
0.009
0.433
0.284
0.577
0.556
0.357
0.348
0.208
0.011
0.09
0.4
0.131
0.485
0.209
0.892
0.834
0.832
0.22
0.734
0.291
0.443
0.9
0.896
0.785
0.756
0.522
0.253
0.212
0.154
0.609
0.142
0.43
0.206
0.127
0.855
0.76
0.924
0.924
0.37
0.225
0.085
0.243
0.529
0.859
0.845
0.211
0.59
0.222
0.377
0.662
0.743
0.962
0.208
0.153
0.424
0.872
0.081
0.536
0.099
0.488
0.878
0.372
0.08
0.247
0.033
0.187
0.93
0.512
0.357
0.371
0.157
0.803
0.453
0.198
0.632
0.268
0.016
0.478
0.687
0.035
0.302
0.442
0.039
0.833
0.549
0.919
0.479
0.927
0.389
0.8
0.525
0.593
0.16
0.072
0.323
0.665
0.358
0.278
0.843
0.716
0.951
0.747
0.495
0.298
0.437
0.989
0.785
0.79
0.413
0.864
0.731
0.401
0.237
0.343
0.454
0.629
0.867
0.182
0.459
0.467
0.394
0.761
0.893
0.474
0.817
0.596
0.825
0.749
0.759
0.014
0.726
0.357
0.689
0.889
0.121
0.942
0.45
0.888
0.197
0.393
0.94
0.982
0.474
0.902
0.039
0.984
0.725
0.657
0.036
0.427
0.613
0.915
0.204
0.054
0.86
0.183
0.007
0.816
0.18
0.443
0.367
0.98
0.258
0.041
0.687
0.4
0.071
0.53
0.744
0.986
0.33
0.733
0.056
0.129
0.018
0.675
0.996
0.672
0.682
0.563
0.327
0.181
0.136
0.91
0.944
0.227
0.123
0.586
0.18
0.566
0.371
0.428
0.972
0.473
0.179
0.523
0.014
0.531
0.673
0.095
0.176
0.311
0.682
0.527
0.43
0.744
0.412
0.463
0.242
0.632
0.549
0.011
0.766
0.912
0.801
0.82
0.382
0.725
0.013
0.735
0.954
0.075
0.097
0.606
0.968
0.924
0.898
0.187
0.431
0.751
0.779
0.478
0.135
0.398
0.709
0.423
0.431
0.416
0.823
0.597
0.148
0.656
0.158
0.701
0.876
0.88
0.518
0.751
0.098
0.345
0.941
0.208
0.571
0.23
0.337
0.846
0.508
0.682
0.549
0.277
0.141
0.767
0.495
0.02
0.574
0.791
0.934
0.807
0.53
0.249
0.092
0.867
0.358
0.887
0.188
0.046
0.88
0.351
0.177
0.102
0.387
0.751
0.699
0.084
0.239
0.395
0.986
0.17
0.354
0.567
0.197
0.979
0.372
0.042
0.045
0.052
0.264
0.585
0.967
0.968
0.528
0.732
0.203
0.303
0.999
0.045
0.961
0.431
0.889
0.771
0.958
0.693
0.529
0.475
0.027
0.446
0.53
0.94
0.926
0.813
0.436
0.247
0.621
0.265
0.527
0.721
0.568
0.108
0.996
0.182
0.447
0.741
0.771
0.624
0.065
0.47
0.163
0.426
0.61
0.664
0.598
0.121
0.662
0.891
0.712
0.373
0.893
0.529
0.634
0.057
0.007
0.045
0.318
0.182
0.157
0.15
0.589
0.761
0.89
0.625
0.203
0.45
0.68
0.896
0.477
0.032
0.117
0.251
0.936
0.667
0.647
0.593
0.322
0.993
0.007
0.538
0.737
0.889
0.205
0.189
0.732
0.385
0.638
0.473
0.571
0.798
0.184
0.481
0.136
0.439
0.876
0.122
0.086
0.234
0.818
0.893
0.713
0.213
0.559
0.972
0.62
0.918
0.961
0.264
0.533
0.135
0.539
0.627
0.153
0.083
0.29
0.639
0.47
0.03
0.381
0.012
0.008
0.697
0.749
0.444
0.081
0.587
0.72
0.697
0.545
0.785
0.628
0.999
0.433
0.703
0.747
0.851
0.426
0.51
0.531
0.629
0.385
0.343
0.568
0.379
0.327
0.419
0.677
0.362
0.043
0.723
0.2
0.606
0.961
0.154
0.892
0.448
0.344
0.55
0.602
0.355
0.03
0.805
0.326
0.918
0.788
0.851
0.298
0.433
0.066
0.993
0.874
0.711
0.265
0.549
0.244
0.936
0.232
0.255
0.932
0.204
0.826
0.67
0.3
0.8
0.296
0.253
0.693
0.1
0.845
0.394
0.861
0.062
0.407
0.057
0.714
0.65
0.312
0.458
0.08
0.962
0.582
0.511
0.206
0.788
0.782
0.381
0.78
0.065
0.638
0.373
0.204
0.152
0.129
0.047
0.247
0.347
0.871
0.544
0.607
0.958
0.089
0.311
0.069
0.412
0.143
0.094
0.212
0.196
0.616
0.912
0.046
0.932
0.062
0.764
0.84
0.261
0.259
0.828
0.259
0.034
0.127
0.084
0.729
0.501
0.025
0.261
0.35
0.228
0.76
0.753
0.158
0.642
0.548
999
0.942
0.213
0.782
0.316
0.582
0.238
0.88
0.299
0.547
0.015
0.738
0.183
0.572
0.494
0.719
0.278
0.686
0.352
0.878
0.074
0.697
0.161
0.705
0.961
0.426
0.821
0.664
0.624
0.319
0.998
0.622
0.967
0.438
0.409
0.234
0.964
0.938
0.231
0.657
0.893
0.64
0.023
0.576
0.525
0.336
0.364
0.013
0.875
0.603
0.705
0.247
0.199
0.34
0.862
0.791
0.123
0.905
0.263
0.992
0.062
0.268
0.876
0.29
0.329
0.96
0.361
0.541
0.961
0.259
0.47
0.319
0.752
0.969
999
0.549
0.083
0.807
0.829
0.912
0.993
0.417
0.794
0.912
0.374
0.182
0.995
0.292
0.588
0.421
0.635
0.538
0.883
0.655
0.352
0.38
0.868
0.896
0.597
0.621
0.22
0.383
0.494
999
0.075
0.941
0.288
0.553
0.979
0.034
0.029
0.055
0.352
0.297
0.355
0.722
0.484
0.388
0.946
0.512
0.447
0.176
0.117
0.441
0.299
0.401
0.46
0.362
0.728
0.365
0.264
0.529
0.188
0.681
0.976
0.441
0.394
999
0.361
0.506
0.42
0.488
0.437
0.418
0.617
0.486
0.068
0.258
0.724
0.196
0.492
0.982
0.114
0.9
0.549
0.999
0.445
0.74
0.856
0.78
0.614
0.622
0.697
0.694
0.425
0.745
0.706
0.715
0.688
0.356
0.442
0.18
0.89
0.484
0.985
0.499
0.364
0.172
0.786
0.516
0.715
0.34
0.805
0.265
0.76
0.734
0.741
0.648
0.086
0.786
0.659
0.456
0.233
0.655
0.005
0.777
0.151
0.63
0.688
0.313
0.217
0.953
0.285
0.189
0.396
0.017
0.594
0.119
0.157
0.5
0.025
0.605
0.847
0.735
0.61
0.979
0.772
0.133
0.829
0.196
0.03
0.882
0.822
0.391
0.707
