0.866
0.837
0.885
0.881
0.245
0.321
0.627
0.249
0.521
0.642
0.008
0.421
0.015
0.489
0.658
0.106
0.505
0.792
0.321
0.808
0.447
0.909
0.706
0.461
0.036
0.533
0.818
0.814
0.497
0.706
0.838
0.593
0.176
0.281
0.686
0.196
0.317
0.036
0.007
0.594
0.117
0.904
0.382
0.373
0.166
0.225
0.045
0.418
0.995
0.741
0.984
0.702
0.78
0.86
0.098
0.07
0.055
0.838
0.622
0.959
0.115
0.693
0.337
0.36
0.166
0.713
0.536
0.793
0.287
0.454
0.792
0.36
0.696
0.658
0.795
0.659
0.885
0.987
0.761
0.684
0.067
0.702
0.496
0.164
0.374
0.395
0.612
0.738
0.291
0.925
0.375
0.259
0.348
0.591
0.507
0.151
0.015
0.471
0.195
0.852
0.038
0.777
0.854
0.193
0.807
0.96
0.425
0.793
0.528
0.085
0.048
0.784
0.894
0.433
0.221
0.143
0.654
0.552
0.953
0.065
0.826
0.928
0.627
0.031
0.44
0.107
0.143
0.933
0.647
0.458
0.593
0.744
0.215
0.243
0.587
0.332
0.506
0.769
0.979
0.706
0.03
0.595
0.453
0.487
0.748
0.521
0.37
0.282
0.795
0.4
0.433
0.831
0.36
0.405
0.167
0.601
0.104
0.716
0.249
0.123
0.523
0.726
0.683
0.393
0.395
0.497
0.503
0.842
0.031
0.599
0.742
0.278
0.843
0.777
0.108
0.924
0.801
0.552
0.798
0.037
0.085
0.405
0.658
0.936
0.458
0.83
0.501
0.59
0.163
0.975
0.813
0.339
0.261
0.521
0.747
0.037
0.806
0.367
0.564
0.614
