0.245
0.189
0.028
0.762
0.294
0.817
0.365
0.021
0.157
0.993
0.475
0.675
0.288
0.375
0.275
0.892
0.236
0.79
0.778
0.274
0.452
0.159
0.893
0.118
0.332
0.017
0.689
0.754
0.989
0.575
0.365
0.696
0.136
0.139
0.997
0.85
0.62
0.913
0.954
0.753
0.894
0.187
0.059
0.632
0.697
0.606
0.327
0.704
0.237
0.802
0.982
0.553
0.554
0.203
0.686
0.266
0.516
0.68
0.738
0.126
0.402
0.506
0.182
0.521
0.909
0.539
0.834
0.945
0.163
0.986
0.073
0.917
0.122
0.323
0.293
0.784
0.177
0.309
0.514
0.234
0.052
0.08
0.434
0.719
0.148
0.626
0.117
0.921
0.795
0.156
0.997
0.851
0.8
0.821
0.802
0.185
0.455
0.882
0.852
0.486
0.003
0.48
0.746
0.937
0.89
0.992
0.401
0.653
0.204
0.696
0.475
0.166
0.782
0.801
0.313
0.443
0.79
0.389
0.42
0.904
0.043
0.588
0.847
0.388
0.82
0.158
0.132
0.614
0.425
0.283
0.585
0.716
0.372
0.6
0.613
0.4
0.541
0.261
0.337
0.038
0.47
0.982
0.971
0.903
0.965
0.713
0.438
0.779
0.288
0.186
0.972
0.885
0.717
0.336
0.338
0.879
0.644
0.078
0.113
0.803
0.147
0.793
0.325
0.299
0.74
0.905
0.493
0.867
0.361
0.735
0.184
0.555
0.455
0.041
0.826
0.729
0.498
0.252
0.658
0.485
0.28
0.934
0.629
0.894
0.595
0.062
0.65
0.685
0.166
0.557
0.807
0.815
0.768
0.683
0.608
0.24
0.7
0.746
0.404
0.307
0.369
0.964
0.174
0.199
0.174
0.132
0.832
0.684
0.635
0.965
0.469
0.597
0.105
0.274
0.373
0.432
0.07
0.102
0.742
0.683
0.7
0.061
0.601
0.166
0.431
0.015
0.425
0.555
0.77
0.771
0.301
0.439
0.304
0.879
0.348
0.267
0.546
0.003
0.157
0.692
0.776
0.644
0.099
0.807
0.986
0.328
0.579
0.455
0.715
0.236
0.031
0.855
0.844
0.46
0.243
0.166
0.697
0.766
0.89
0.824
0.391
0.425
0.134
0.121
0.356
0.712
0.114
0.736
0.754
0.227
0.585
0.655
0.248
0.737
0.313
0.654
0.256
0.893
0.114
0.03
0.841
0.77
0.925
0.976
0.423
0.92
0.682
0.829
0.339
0.408
0.15
0.726
0.826
0.35
0.858
0.908
0.865
0.167
0.861
0.515
0.799
0.715
0.745
0.515
0.834
0.748
0.973
0.117
0.044
0.302
0.171
0.421
0.274
0.141
0.49
0.273
0.473
0.47
0.071
0.918
0.305
0.82
0.089
0.488
0.464
0.751
0.559
0.681
0.034
0.43
0.301
0.761
0.532
0.135
0.546
0.164
0.352
0.45
0.828
0.795
0.955
0.84
0.717
0.351
0.101
0.182
0.328
0.817
0.978
0.593
0.646
0.783
0.347
0.689
0.057
0.187
0.779
0.669
0.016
0.17
0.051
0.276
0.548
0.755
0.02
0.42
0.749
0.944
0.973
0.068
0.463
0.487
0.535
0.428
0.164
0.135
0.957
0.111
0.477
0.604
0.897
0.892
0.531
0.056
0.697
0.509
0.564
0.633
0.278
0.649
0.074
0.607
0.319
0.298
0.858
0.709
0.482
0.635
0.042
0.918
0.662
0.311
0.358
0.707
0.765
0.125
0.164
0.389
0.481
0.777
0.016
0.534
0.315
0.749
0.429
0.043
0.993
0.528
0.231
0.16
0.422
0.566
0.299
0.438
0.435
0.16
0.528
0.265
0.946
0.109
0.024
0.003
0.275
0.359
0.312
0.438
0.84
0.554
0.211
0.836
0.648
0.118
0.678
0.314
0.298
0.384
0.481
0.756
0.531
0.03
0.411
0.652
0.409
0.227
0.246
0.356
0.298
0.273
0.159
0.634
0.853
0.191
0.63
0.631
0.491
0.752
0.47
0.639
0.77
0.057
0.231
0.755
0.459
0.686
0.054
0.724
0.949
0.412
0.41
0.271
0.239
0.734
0.256
0.015
0.861
0.173
0.549
0.654
0.341
0.252
0.186
0.92
0.562
0.407
0.881
0.214
0.418
0.811
0.584
0.199
0.201
0.12
0.557
0.639
0.693
0.332
0.461
0.416
0.752
0.756
0.887
0.631
0.892
0.664
0.932
0.046
0.131
0.097
0.823
0.073
0.402
0.054
0.788
0.115
0.574
0.538
0.231
0.626
0.602
0.637
0.96
0.752
0.519
0.276
0.928
0.276
0.529
0.268
0.699
0.685
0.117
0.959
0.736
0.693
0.848
0.864
0.858
0.386
0.14
0.205
0.255
0.839
0.988
0.673
0.541
0.606
0.152
0.642
0.72
0.752
0.388
0.037
0.44
0.642
0.481
0.239
0.127
0.289
0.317
0.696
0.978
0.37
0.074
0.493
0.119
0.12
0.948
0.179
0.316
0.245
0.24
0.075
0.219
0.249
0.002
0.827
0.416
0.126
0.044
0.807
0.882
0.287
0.207
0.716
0.996
0.779
0.955
0.515
0.997
0.533
0.329
0.164
0.874
0.096
0.831
0.753
0.504
0.661
0.026
0.535
0.466
0.446
0.596
0.909
0.322
0.956
0.51
0.157
0.793
0.85
0.319
0.228
0.232
0.965
0.052
0.678
0.621
0.841
0.015
0.368
0.525
0.709
0.523
0.835
0.917
0.295
0.152
0.99
0.925
0.864
0.896
0.825
0.349
0.303
0.088
0.352
0.988
0.426
0.753
0.462
0.097
0.259
0.2
0.255
0.197
0.875
0.468
0.205
0.931
0.071
0.2
0.393
0.354
0.039
0.992
0.619
0.841
0.163
0.718
0.214
0.733
0.711
0.021
0.999
0.919
0.943
0.021
0.549
0.857
0.923
0.149
0.327
0.305
0.187
0.575
0.887
0.108
0.28
0.891
0.796
999
0.453
0.801
0.459
0.737
0.325
0.206
0.081
0.537
0.713
0.608
0.194
0.964
0.642
0.023
0.98
0.425
0.585
0.29
0.341
0.519
0.635
0.813
0.283
0.562
0.994
0.181
0.388
0.763
0.3
0.734
0.617
0.301
0.016
0.968
0.686
0.931
0.544
0.25
0.243
0.248
0.403
0.979
0.812
0.792
0.508
0.89
0.395
0.127
0.406
0.613
0.864
0.332
0.709
0.562
0.61
0.384
0.515
0.451
0.986
0.382
0.818
0.8
0.103
0.457
0.447
0.066
0.918
0.111
0.644
0.235
0.954
0.359
0.817
0.265
0.833
0.17
0.04
0.027
0.084
0.526
0.747
0.278
0.894
0.608
0.682
0.392
0.301
0.028
0.006
0.627
0.338
0.755
0.091
0.933
0.094
0.33
0.745
0.806
0.044
0.249
0.017
0.595
0.578
0.579
0.715
0.649
0.39
0.143
0.217
0.607
0.474
0.947
0.858
0.816
0.959
0.841
0.992
0.232
0.27
0.694
0.264
0.705
0.594
0.114
0.57
0.5
0.666
0.819
0.206
0.398
0.959
0.394
0.298
0.444
0.975
0.271
0.805
0.12
0.114
0.284
0.461
0.862
0.833
0.775
0.189
0.819
0.481
0.742
0.488
0.859
0.551
0.083
0.417
0.791
0.806
0.695
0.88
0.968
0.668
0.466
0.665
0.888
0.011
0.037
0.248
0.936
0.87
0.163
0.996
0.55
0.052
0.78
0.674
0.918
0.32
0.323
0.149
0.225
0.334
0.44
0.218
0.729
0.669
0.065
0.948
0.997
0.414
0.481
0.857
0.681
0.416
0.721
0.128
0.362
0.742
0.395
0.205
0.483
0.895
0.984
0.976
0.929
0.746
0.603
0.349
0.277
0.003
0.256
0.241
0.785
0.943
0.736
0.672
0.876
0.42
0.856
0.95
0.286
0.732
0.376
0.711
0.428
0.964
0.132
0.696
0.692
0.037
0.585
0.412
0.494
0.215
0.251
0.716
0.576
0.073
0.801
0.789
0.598
0.056
0.926
0.332
0.351
0.802
0.65
0.994
0.088
0.77
0.754
0.3
0.424
0.904
0.899
0.961
0.607
0.322
0.747
0.784
0.635
0.491
0.557
0.06
0.786
0.364
0.034
0.778
0.303
0.358
0.878
0.929
0.735
0.094
0.529
0.605
0.633
0.771
0.636
0.204
0.111
0.128
0.463
0.589
0.196
0.114
0.662
0.567
0.022
0.67
0.209
0.118
0.343
0.772
0.943
0.06
0.062
0.785
0.872
0.083
0.375
0.121
0.578
0.818
0.957
0.389
0.03
0.434
0.143
0.188
0.758
0.072
