0.131
0.095
0.946
0.565
0.064
0.474
0.635
0.517
0.147
0.67
0.389
0.322
0.014
0.241
0.565
0.863
0.302
0.009
0.741
0.186
0.188
0.523
0.926
0.487
0.565
0.64
0.976
0.696
0.874
0.099
0.15
0.649
0.298
0.39
0.915
0.834
0.413
0.14
0.375
0.847
0.25
0.42
0.265
0.623
0.063
0.489
0.945
0.323
0.086
0.139
0.349
0.624
0.366
0.065
0.461
0.33
0.57
0.766
0.454
0.657
0.751
0.65
0.821
0.508
0.113
0.28
0.518
0.901
0.515
0.813
0.926
0.41
0.255
0.619
0.461
0.45
0.289
0.466
0.057
0.253
0.87
0.156
0.161
0.119
0.904
0.756
0.612
0.018
0.888
0.143
0.135
0.803
0.32
0.931
0.631
0.935
0.181
0.739
0.64
0.669
0.14
0.174
0.949
0.021
0.594
0.675
0.156
0.874
0.42
0.165
0.636
0.469
0.79
0.916
0.058
0.105
0.322
0.463
0.821
0.406
0.528
0.34
0.213
0.527
0.915
0.769
0.244
0.436
0.798
0.552
0.814
0.879
0.944
0.824
0.016
0.901
0.536
0.703
0.369
0.969
0.718
0.756
0.676
0.081
0.48
0.432
0.849
0.052
0.823
0.8
0.804
0.13
0.415
0.928
0.395
0.837
0.867
0.484
0.271
0.726
0.467
0.512
0.766
0.726
0.114
0.702
0.263
0.556
0.747
0.032
0.757
0.07
0.305
0.797
0.459
0.675
0.085
0.691
0.746
0.245
0.246
0.318
0.524
0.452
0.109
0.471
0.276
0.373
0.051
0.402
0.291
0.674
0.373
0.252
0.144
0.288
0.202
0.212
0.293
0.903
