0.482
0.963
0.277
0.568
0.22
0.477
0.14
0.689
0.667
0.021
0.404
0.453
0.622
0.58
0.641
0.37
0.11
0.605
0.102
0.607
0.79
0.162
0.627
0.889
0.456
0.027
0.396
0.474
0.735
0.796
0.682
0.403
0.313
0.721
0.986
0.243
0.42
0.244
0.467
0.429
0.921
0.293
0.698
0.24
0.495
0.486
0.476
0.227
0.504
0.313
0.478
0.028
0.79
0.851
0.41
0.118
0.679
0.935
0.655
0.566
0.245
0.753
0.637
0.424
0.292
0.961
0.646
0.202
0.977
0.576
0.809
0.237
0.715
0.809
0.587
0.989
0.937
0.308
0.621
0.208
0.23
0.207
0.916
0.345
0.963
0.012
0.753
0.865
0.147
0.456
0.821
0.717
0.95
0.204
0.402
0.314
0.084
0.226
0.95
0.139
0.248
0.749
0.13
0.428
0.313
0.775
0.694
0.764
0.549
0.04
0.359
0.893
0.947
0.381
0.012
0.229
0.435
0.659
0.688
0.276
0.034
0.912
0.808
0.141
0.161
0.125
0.495
0.294
0.04
0.209
0.281
0.82
0.414
0.781
0.824
0.438
0.975
0.624
0.382
0.408
0.317
0.682
0.15
0.139
0.881
0.087
0.159
0.948
0.395
0.776
0.653
0.206
0.521
0.988
0.527
0.743
0.137
0.464
0.692
0.363
0.809
0.95
0.447
0.191
0.114
0.972
0.985
0.041
0.427
0.091
0.629
0.587
0.014
0.477
0.677
0.926
0.503
0.965
0.6
0.478
0.452
0.297
0.817
0.727
0.181
0.831
0.05
0.227
0.768
0.678
0.479
0.339
0.937
0.055
0.98
0.143
0.3
0.734
0.345
0.408
0.75
0.72
0.403
0.462
0.672
0.307
0.206
0.577
0.798
0.356
0.569
0.818
0.871
0.338
0.895
0.471
0.799
0.825
0.872
0.692
0.129
0.825
0.239
0.139
0.598
0.872
0.849
0.125
0.471
0.753
0.036
0.634
0.906
0.603
0.335
0.897
0.605
0.673
0.634
0.1
0.721
0.397
0.176
0.381
0.093
0.613
0.639
0.365
0.564
0.317
0.941
0.729
0.477
0.974
0.591
0.898
0.301
0.089
0.903
0.316
0.84
0.538
0.763
0.613
0.354
0.3
0.071
0.189
0.049
0.208
0.99
0.781
0.734
0.682
0.326
0.666
0.252
0.038
0.765
0.771
0.211
0.498
0.698
0.88
0.397
0.095
0.356
0.365
0.433
0.24
0.871
0.277
0.897
0.824
0.607
0.589
0.072
0.078
0.884
0.543
0.867
0.979
0.951
0.549
0.869
0.553
0.25
0.32
0.745
0.307
0.582
0.487
0.405
0.864
0.004
0.002
0.93
0.076
0.055
0.058
0.407
0.51
1.0
0.91
0.983
0.316
0.225
0.676
0.951
0.241
0.141
0.022
0.777
0.39
0.133
0.175
0.687
0.924
0.577
0.703
0.57
0.907
0.622
0.916
0.326
0.618
0.645
0.473
0.136
0.647
0.028
0.113
0.47
0.961
0.144
0.788
0.259
0.517
0.556
0.372
0.494
0.762
0.729
0.987
0.483
0.953
0.512
0.795
0.695
0.503
0.229
0.364
0.68
0.172
0.658
0.763
0.77
0.208
0.855
0.027
0.562
0.56
0.641
0.221
0.468
0.726
0.653
0.553
0.091
0.761
0.871
0.459
0.214
0.29
0.886
0.283
0.733
0.912
0.763
0.136
0.14
0.111
0.093
0.641
0.324
0.605
0.317
0.133
0.286
0.745
0.911
0.321
0.458
0.387
0.086
0.642
0.175
0.647
0.142
0.04
0.13
0.206
0.929
0.069
0.047
0.448
0.862
0.908
0.001
0.28
0.751
0.527
0.267
0.428
0.241
0.229
0.261
0.057
0.276
0.957
0.042
0.461
0.426
0.619
0.223
0.888
0.241
0.298
0.476
0.526
0.063
0.713
0.631
0.499
0.858
0.18
0.113
0.04
0.011
0.364
0.394
0.77
0.695
0.163
0.066
0.165
0.355
0.371
0.329
0.339
0.437
0.204
0.646
0.221
0.592
0.83
0.756
0.97
0.442
0.683
0.11
0.486
0.706
0.467
0.213
0.189
0.632
0.042
0.175
0.159
0.716
0.509
0.271
0.743
0.641
0.578
0.874
0.292
0.141
0.582
0.138
0.94
0.282
0.653
0.031
0.355
0.727
0.167
0.199
0.654
0.66
0.529
0.841
0.631
0.584
0.133
0.07
0.953
0.649
0.755
0.297
0.862
0.24
0.989
0.493
0.779
0.789
0.903
0.047
0.046
0.952
0.68
0.411
0.928
0.236
0.28
0.554
0.004
0.019
0.885
0.389
0.665
0.296
0.327
0.532
0.741
0.325
0.839
0.452
0.232
0.553
0.04
0.134
0.538
0.514
0.262
0.741
0.232
0.003
0.762
0.051
0.106
0.307
0.481
0.564
0.159
0.772
0.816
0.896
0.785
0.511
0.722
0.31
0.817
0.496
0.354
0.606
0.891
0.528
0.365
0.286
0.456
0.17
0.565
0.141
0.949
0.095
0.187
0.325
0.243
0.2
0.314
0.823
0.054
0.545
0.9
0.926
0.774
0.776
0.669
0.707
0.809
0.799
0.02
0.445
0.281
0.191
0.299
0.585
0.568
0.576
0.889
0.275
0.105
0.068
0.5
0.866
0.152
0.191
0.686
0.957
0.702
0.88
0.951
0.856
0.132
0.414
0.941
0.741
0.048
999
0.745
1.0
0.298
0.025
0.094
0.62
0.873
0.194
0.493
0.754
0.41
0.866
0.226
0.327
0.766
0.86
0.63
0.811
0.345
0.708
0.522
0.607
0.86
0.242
0.097
0.486
0.448
0.416
0.088
0.26
0.033
0.786
0.168
0.878
0.241
0.425
0.406
0.029
0.166
0.235
0.831
0.129
0.188
0.172
0.441
0.94
0.978
0.069
0.831
0.679
0.469
0.405
0.144
0.097
0.024
0.158
0.122
0.715
0.615
0.862
0.297
0.003
0.066
0.919
0.231
0.074
0.304
0.94
0.742
0.153
0.724
0.154
0.239
0.722
0.166
0.2
0.368
0.502
0.644
0.353
0.204
0.382
0.29
0.519
0.326
0.257
0.048
0.018
0.316
0.129
0.085
0.462
0.419
0.319
0.898
0.373
0.394
0.08
0.68
0.074
0.056
0.023
0.315
0.981
0.037
0.967
0.78
0.895
0.812
0.797
0.881
0.388
0.962
0.209
0.884
0.595
0.947
0.395
0.336
0.638
0.632
0.734
0.292
0.365
0.0
0.056
0.238
0.407
0.33
0.187
0.056
0.479
0.014
0.159
0.507
0.185
0.634
0.137
0.407
0.425
0.501
0.543
0.595
0.635
0.781
0.596
0.584
0.051
0.968
0.642
0.978
0.121
0.01
0.831
0.113
999
0.466
0.25
0.92
0.819
0.916
0.006
0.114
0.229
0.891
0.131
0.757
0.45
0.225
0.68
0.818
0.805
0.527
0.489
0.848
0.526
0.355
0.912
0.065
0.525
0.69
0.164
0.344
0.723
0.232
0.459
0.994
0.264
0.147
0.255
0.792
0.386
0.353
0.457
0.749
0.587
0.505
0.41
0.389
0.873
0.369
0.654
0.666
0.157
0.662
0.827
0.086
0.065
0.598
0.099
0.5
0.223
0.571
0.683
0.158
0.093
0.292
0.902
0.108
0.848
0.757
0.879
0.437
0.313
0.142
0.143
0.825
0.599
0.462
0.042
0.717
0.728
0.367
0.503
0.782
0.086
0.93
0.243
0.651
0.912
0.534
0.918
0.916
0.123
0.514
0.019
0.579
0.935
0.364
0.407
0.882
0.16
0.463
0.809
0.832
0.413
0.636
0.035
0.773
0.4
0.237
0.909
0.745
0.318
0.832
0.842
0.749
0.089
0.148
0.783
0.884
0.976
0.436
0.118
0.345
0.188
0.047
0.06
0.028
0.155
0.734
0.497
0.6
0.61
0.704
0.526
0.193
0.783
0.199
0.422
0.317
0.104
0.882
0.616
0.784
0.755
0.692
0.047
0.276
0.261
0.708
0.034
0.975
0.235
0.089
0.868
0.41
0.691
0.064
0.493
0.31
0.271
0.232
0.649
0.088
999
0.349
0.108
0.165
0.436
0.138
0.117
0.512
0.239
0.013
0.559
0.157
0.868
0.204
0.002
0.979
0.626
0.735
0.526
0.057
0.78
0.417
0.119
0.206
0.796
0.607
0.971
0.893
0.209
0.869
0.172
0.515
0.086
0.968
0.656
0.297
0.15
0.693
0.41
0.2
0.438
0.078
0.911
999
0.74
0.631
0.993
0.31
0.271
0.433
0.788
0.509
0.295
0.235
