0.628
0.249
0.757
0.063
0.136
0.219
0.39
0.111
0.17
0.042
0.312
0.068
0.271
0.57
0.982
0.396
0.215
0.155
0.039
0.039
0.614
0.45
0.861
0.519
0.445
0.378
0.99
0.428
0.563
0.975
0.026
0.761
0.915
0.87
0.358
0.553
0.026
0.279
0.62
0.833
0.004
0.241
0.234
0.366
0.31
0.858
0.404
0.671
0.264
0.381
0.944
0.519
0.276
0.28
0.584
0.618
ERROR
0.478
0.453
0.014
0.193
0.76
0.689
0.896
0.194
0.95
0.483
0.304
0.187
0.539
0.787
0.967
0.541
0.908
0.433
0.363
0.155
0.989
0.351
0.721
0.632
0.838
0.561
0.054
0.873
0.918
0.602
0.175
0.603
0.849
0.821
0.825
0.715
0.504
0.505
0.637
0.705
0.86
0.385
0.033
0.734
0.174
0.766
0.707
0.74
0.659
0.481
0.885
0.634
ERROR
0.672
0.865
0.799
0.657
0.1
0.509
0.41
0.971
0.863
0.434
0.526
0.381
0.892
0.606
0.461
0.943
0.903
0.029
0.193
0.883
0.58
0.697
0.246
0.381
0.913
0.35
0.811
0.145
0.931
0.98
0.051
0.324
0.812
0.519
0.933
0.227
0.989
0.795
0.542
0.773
0.387
0.736
0.173
0.497
0.932
0.772
0.851
0.15
0.268
0.719
0.161
0.26
0.606
0.59
0.6
0.856
0.996
0.615
0.354
0.028
0.259
0.231
0.82
0.022
0.523
0.543
0.229
0.496
0.275
0.738
0.98
0.521
0.268
0.042
0.792
0.612
0.412
0.307
0.42
0.525
0.124
0.455
0.802
0.17
0.391
0.53
0.712
0.234
0.009
0.614
