0.144
0.776
0.115
0.258
0.295
0.897
0.922
0.352
0.444
0.137
0.621
0.697
0.53
0.866
0.012
0.763
0.556
0.091
0.495
0.914
0.717
0.069
0.718
0.71
0.786
0.038
0.039
0.48
0.84
0.864
0.845
0.191
0.276
0.453
0.617
0.254
0.964
0.511
0.104
0.406
0.558
0.935
0.218
0.005
0.491
0.657
0.877
0.853
0.779
0.954
0.89
0.401
0.598
0.542
0.59
0.898
0.482
0.36
0.313
0.68
0.919
0.752
0.555
0.519
0.504
0.539
0.304
0.345
0.827
0.982
0.386
0.438
0.693
0.69
0.111
0.241
0.975
0.596
0.167
0.109
0.417
0.244
0.574
0.925
0.016
0.865
0.737
0.665
0.094
0.187
0.574
0.956
0.225
0.221
0.166
0.687
0.214
0.914
0.448
0.185
0.904
0.889
0.495
0.092
0.268
0.653
0.283
0.027
0.371
0.369
0.908
0.436
0.575
0.194
0.428
0.684
0.625
0.713
0.772
0.729
0.643
0.009
0.111
0.424
0.351
0.477
0.114
0.322
0.918
0.419
0.307
0.174
0.907
0.902
0.96
0.079
0.674
0.544
0.518
0.177
0.727
0.353
0.029
0.587
0.765
0.459
0.414
0.699
0.62
0.006
0.946
0.785
0.839
0.445
0.838
0.359
0.356
0.904
0.732
0.619
0.093
0.009
0.6
0.838
0.109
0.217
0.404
0.952
0.833
0.244
0.225
0.302
0.523
0.459
0.582
0.584
0.647
0.862
0.639
0.05
0.519
0.62
0.644
0.394
0.574
0.712
0.909
0.634
0.564
0.711
0.799
0.705
0.295
0.075
0.633
0.559
0.07
0.608
0.704
0.442
