0.03
0.207
0.966
0.923
0.589
0.602
0.03
0.876
0.439
0.653
0.178
0.732
0.091
0.345
0.106
0.401
0.839
0.06
0.473
0.639
0.968
0.423
0.248
0.506
0.022
0.874
0.629
0.559
0.935
0.522
0.256
0.205
0.165
0.271
0.409
0.419
0.006
0.97
0.404
0.342
0.268
0.607
0.083
0.76
0.561
0.059
0.708
0.657
0.313
0.132
0.23
0.053
0.329
0.753
0.458
0.581
0.558
0.933
0.75
0.583
0.363
0.638
0.712
0.036
0.078
0.735
0.367
0.214
0.075
0.552
0.654
0.266
0.67
0.475
0.202
0.048
0.723
0.067
0.972
0.663
0.891
0.251
0.149
0.161
0.048
0.473
0.183
0.477
0.353
0.987
0.596
0.543
0.617
0.301
0.91
0.975
0.988
0.414
0.811
0.549
0.343
0.121
0.115
0.157
0.085
0.637
0.59
0.044
0.136
0.252
0.926
0.046
0.145
0.116
0.74
0.452
0.956
0.253
0.75
0.785
0.782
0.859
0.958
0.478
0.351
0.334
0.033
0.141
0.39
0.632
0.276
0.188
0.506
0.165
0.464
0.586
0.824
0.558
0.85
0.061
0.075
0.943
0.513
0.583
0.797
0.086
0.743
0.046
0.457
0.515
0.69
0.268
0.164
0.154
0.584
0.919
0.871
0.168
0.097
0.778
0.997
0.264
0.602
0.109
0.058
0.152
0.327
0.852
0.341
0.121
0.705
0.564
0.466
0.758
0.892
0.448
0.751
0.601
0.129
0.501
0.398
0.28
0.28
0.22
0.29
0.963
0.452
0.812
0.035
0.561
0.842
0.247
0.03
0.288
0.051
0.166
0.608
0.206
0.927
0.932
