0.254
0.496
0.231
0.116
0.705
0.412
0.526
0.566
0.909
0.692
0.829
0.287
0.762
0.315
0.224
0.548
0.553
0.29
0.689
0.585
0.591
0.314
0.985
0.85
0.413
0.843
0.876
0.983
0.09
0.549
0.901
0.226
0.79
0.128
0.132
0.539
0.932
0.892
0.425
0.535
0.198
0.709
0.584
0.108
0.202
0.239
0.928
0.482
0.945
0.609
0.679
0.548
0.394
0.596
0.687
0.282
0.645
0.359
0.909
0.727
0.723
0.685
0.564
0.776
0.805
0.578
0.294
0.504
0.18
0.666
0.134
0.062
0.613
0.949
0.033
0.041
0.499
0.764
0.236
0.339
0.91
0.398
0.473
0.139
0.639
0.06
0.505
0.146
0.113
0.732
0.138
0.967
0.989
0.171
0.272
0.156
0.283
0.954
0.576
0.788
0.131
0.712
0.027
0.041
0.135
0.939
0.699
0.251
0.438
0.033
0.665
0.046
0.012
0.434
0.349
0.193
0.082
0.812
0.819
0.618
0.818
0.004
0.32
0.675
0.433
0.645
0.159
0.994
0.166
0.528
0.506
0.371
0.234
0.255
0.347
0.52
ERROR
0.71
0.351
0.934
0.032
0.178
0.239
0.814
0.874
0.989
0.381
0.764
0.319
0.735
0.14
0.413
0.165
0.933
0.806
0.205
0.114
0.305
0.123
0.733
0.881
0.999
0.239
0.529
0.03
0.283
0.611
0.228
0.482
0.436
0.624
0.104
0.676
0.901
0.668
0.486
0.473
0.675
0.325
0.069
0.277
0.912
0.796
0.573
0.913
0.278
0.676
0.094
0.935
0.63
0.712
0.054
0.876
0.784
0.821
0.478
0.601
0.991
0.007
0.12
