0.017
0.172
0.5
0.984
0.59
0.859
0.969
0.264
0.562
0.302
0.125
0.554
0.774
0.864
0.854
0.466
0.35
0.677
0.368
0.225
0.194
0.064
0.273
0.424
0.955
0.172
0.336
0.392
0.387
0.978
0.125
0.958
0.123
0.183
0.353
0.457
0.679
0.98
0.56
0.37
0.294
0.607
0.342
0.916
0.699
0.733
0.817
0.075
0.254
0.368
0.931
0.847
0.397
0.549
0.895
0.079
0.036
0.728
0.899
0.744
0.003
0.853
0.576
0.371
0.821
0.401
0.749
0.491
0.185
0.443
0.62
0.991
0.396
0.358
0.209
0.684
0.712
0.829
0.425
0.014
0.291
0.817
0.445
0.398
0.273
0.494
0.585
0.998
0.101
0.353
0.833
0.121
0.091
0.613
0.803
0.542
0.744
0.023
0.419
0.148
0.416
0.389
0.402
0.141
0.594
0.077
0.014
0.34
0.735
0.001
0.31
0.012
0.527
0.452
0.728
0.955
0.834
0.246
0.789
0.765
0.15
ERROR
0.135
0.283
0.626
0.969
0.647
0.41
0.579
0.866
0.736
0.396
0.913
0.192
0.828
0.438
0.643
0.122
0.67
0.434
0.082
0.85
0.713
0.515
0.011
0.732
0.845
0.514
0.857
0.792
0.462
0.689
0.596
0.449
0.904
0.654
0.529
0.845
0.432
0.806
0.594
0.859
0.607
0.495
0.836
0.426
0.799
0.524
0.674
0.382
0.153
0.236
0.907
0.056
0.269
0.634
0.739
0.257
0.054
0.464
0.275
0.826
0.176
0.634
0.229
0.221
0.804
0.438
0.575
0.427
0.736
0.453
0.76
0.9
0.854
0.199
0.523
0.104
0.373
0.352
