0.915
0.198
0.443
0.477
0.043
0.953
0.367
0.437
0.734
0.508
0.264
0.607
0.676
0.098
0.975
0.552
0.548
0.364
0.614
0.005
0.816
0.021
0.168
0.303
0.606
0.776
0.569
0.879
0.387
0.579
0.773
0.267
0.835
0.522
0.042
0.846
0.891
0.059
0.528
0.366
0.363
0.767
0.22
0.372
0.236
0.685
0.414
0.303
0.858
0.534
0.84
0.838
0.619
0.819
0.1
0.773
0.293
0.85
0.769
0.85
0.963
0.197
0.012
0.003
0.067
0.939
0.566
0.313
0.663
0.268
0.534
0.627
0.454
0.993
0.859
0.243
0.716
0.694
0.026
0.687
0.853
0.119
0.364
0.942
0.254
0.927
0.467
0.347
0.184
0.503
0.852
0.734
0.02
0.096
0.535
0.176
0.862
0.565
0.388
0.602
0.962
0.747
0.288
0.229
0.796
0.446
0.023
0.95
0.419
0.008
0.676
0.573
0.702
0.11
0.301
0.148
0.624
0.45
0.773
0.22
0.716
0.952
0.893
0.302
0.078
0.352
0.929
0.656
0.182
0.71
0.188
0.879
0.779
0.286
0.929
0.406
0.628
0.845
0.901
0.993
0.742
0.414
0.648
0.483
0.995
0.949
0.725
0.838
0.522
0.053
0.795
0.586
0.816
0.383
0.566
0.986
0.093
0.511
0.452
0.125
0.684
0.748
0.875
0.95
0.638
0.667
0.191
0.617
0.19
0.188
0.956
0.246
0.677
0.702
0.766
0.69
0.2
0.585
0.883
0.567
0.051
0.523
0.453
0.412
0.445
0.567
0.524
0.332
0.2
0.509
0.02
0.796
0.342
0.698
0.478
0.232
0.295
0.238
0.254
0.146
