0.124
0.356
0.139
0.959
0.601
0.635
0.199
0.481
0.834
0.47
0.57
0.346
0.795
0.271
0.514
0.769
0.299
0.045
0.749
0.611
0.718
0.785
0.166
0.698
0.686
0.895
0.726
0.832
0.987
0.554
0.343
0.979
0.886
0.06
0.729
0.892
0.17
0.757
0.648
0.039
0.627
0.491
0.116
0.26
0.28
0.061
0.958
0.76
0.405
0.083
0.442
0.764
0.146
0.748
0.902
0.024
0.65
0.799
0.325
0.526
0.996
0.219
0.138
0.998
0.696
0.86
0.984
0.268
0.887
0.58
0.664
0.952
0.593
0.572
0.741
0.309
0.58
0.069
0.658
0.391
0.964
0.459
0.922
0.929
0.631
0.794
0.971
0.37
0.806
0.468
0.39
0.703
0.033
0.251
0.431
0.992
0.351
0.893
0.427
0.939
0.912
0.374
0.555
0.577
0.296
0.902
0.201
0.741
0.292
0.389
0.029
0.898
0.631
0.637
0.102
0.894
0.093
0.251
0.307
0.969
0.954
0.785
0.577
0.364
0.27
0.407
0.062
0.453
0.187
0.153
0.766
0.712
0.228
0.539
0.621
0.24
0.858
0.243
0.763
0.145
0.33
0.824
0.161
0.97
0.816
0.022
0.03
0.328
0.008
0.748
0.682
0.229
0.118
0.256
0.916
0.503
0.297
0.352
0.409
0.356
0.609
0.463
0.396
0.846
0.881
0.631
0.027
0.722
0.845
0.499
0.077
0.963
0.157
0.896
0.429
0.861
0.096
0.06
0.193
0.018
0.887
0.846
0.28
0.507
0.087
0.811
0.551
0.521
0.349
0.528
0.594
0.184
0.863
0.041
0.981
0.876
0.112
0.866
0.229
0.256
