0.462
0.048
0.173
0.51
0.937
0.968
0.292
0.515
0.495
0.67
0.852
0.521
0.818
0.73
0.621
0.905
0.267
0.638
0.206
0.784
0.023
0.396
0.72
0.293
0.78
0.471
0.764
0.832
0.371
0.582
0.957
0.948
0.672
0.213
0.124
0.473
0.865
0.736
0.106
0.096
0.693
0.903
1.0
0.166
0.162
0.885
0.271
0.515
0.269
0.955
0.288
0.304
0.643
0.807
0.991
0.175
0.648
0.741
0.014
0.032
0.669
0.821
0.431
0.698
0.387
0.306
0.0
999
0.577
0.94
0.351
0.288
0.388
0.045
0.056
0.812
0.087
0.345
0.494
0.877
0.247
0.585
0.539
0.445
0.194
0.655
0.022
0.269
0.684
0.288
0.064
0.229
0.856
0.101
0.767
0.247
0.694
0.848
0.162
0.373
0.111
0.283
0.436
0.905
0.388
0.448
0.083
0.543
0.52
0.386
0.927
0.837
0.106
0.849
0.031
0.992
0.683
0.057
0.115
0.062
0.933
0.457
0.067
0.209
0.21
0.161
0.793
0.894
0.972
0.123
0.147
0.529
0.151
0.349
0.098
0.812
0.226
0.832
0.835
0.417
0.878
0.197
0.724
0.989
0.878
0.783
0.082
0.804
0.237
0.109
0.483
0.051
0.404
0.004
0.183
0.012
0.202
0.393
0.644
0.57
0.19
0.518
0.78
0.206
0.315
0.916
0.469
0.835
0.618
0.515
0.86
0.276
0.296
0.192
0.376
0.115
0.113
0.078
0.183
0.663
0.982
0.237
0.582
0.268
0.95
0.951
0.5
0.815
0.394
0.746
0.57
0.616
0.124
0.845
0.6
0.78
0.18
0.662
0.114
0.93
0.919
0.685
0.368
0.146
0.664
0.223
0.221
0.595
0.883
0.978
0.698
0.266
0.076
0.254
0.255
0.263
0.881
0.53
0.19
0.396
0.402
0.629
0.52
0.342
0.29
0.175
0.913
0.1
0.866
0.299
0.509
0.396
0.318
0.463
0.077
0.782
0.591
0.2
0.466
0.538
0.514
0.098
0.203
0.838
0.118
0.903
0.781
0.925
0.22
0.069
0.723
0.618
0.815
0.977
0.091
0.613
0.374
0.41
0.485
0.065
0.224
0.609
0.884
0.505
0.946
0.017
0.457
0.174
0.201
0.346
0.894
0.823
0.994
0.066
0.465
0.461
0.198
0.872
0.286
0.074
0.792
0.165
0.201
0.28
0.472
0.741
0.48
0.459
0.557
0.997
0.407
0.664
0.911
0.756
0.01
0.134
0.75
0.534
0.111
0.344
0.863
0.119
0.749
0.666
0.682
0.213
0.79
0.602
0.647
0.528
0.101
0.8
0.418
0.478
0.326
0.324
0.096
0.211
0.894
0.177
0.413
0.262
0.955
0.342
0.22
0.005
0.502
0.989
0.774
0.273
0.706
0.352
0.887
0.48
0.667
0.54
0.756
0.949
0.781
0.811
0.476
0.79
0.382
0.285
0.354
0.641
0.869
0.134
0.939
0.776
0.028
0.146
0.222
0.08
0.593
0.062
0.095
0.482
0.935
0.149
0.558
0.483
0.055
0.428
0.3
0.891
0.927
0.184
0.055
0.841
0.05
0.834
0.46
0.535
0.852
0.181
0.459
0.893
0.615
0.872
0.825
0.407
0.447
0.323
0.156
0.353
0.518
0.507
0.489
0.466
0.95
0.558
0.929
0.041
0.014
0.571
0.311
0.646
0.435
0.064
0.232
0.697
0.114
0.364
0.039
0.992
0.322
0.083
0.845
0.117
0.298
0.323
0.701
0.053
0.107
0.667
0.453
0.121
0.857
0.896
0.275
0.34
0.127
0.689
0.796
0.249
0.574
0.942
0.99
0.529
0.282
0.905
0.851
0.793
0.967
0.097
0.767
0.35
0.215
0.951
0.209
0.897
0.291
0.482
0.483
0.088
0.629
0.922
0.017
0.325
0.589
0.836
0.033
0.477
0.917
0.681
0.116
0.934
0.424
0.084
0.037
0.654
0.915
0.799
0.572
0.84
0.304
0.992
0.759
0.852
0.653
0.841
0.138
0.681
0.936
0.715
0.73
0.014
0.193
0.025
0.063
0.29
0.834
0.211
0.936
0.811
0.84
0.086
0.072
0.213
0.729
0.06
0.17
0.915
0.132
0.694
0.318
0.314
0.281
0.106
0.283
0.98
0.306
0.447
0.173
0.782
0.461
0.42
0.358
0.164
0.961
0.091
0.498
0.023
0.626
0.178
0.212
0.072
0.529
0.712
0.857
0.205
0.065
0.766
0.08
0.234
0.961
0.014
0.337
0.359
0.628
0.094
0.378
0.682
0.478
0.794
0.678
0.487
0.946
0.628
0.033
0.615
0.46
0.564
0.47
0.586
0.145
0.084
0.853
0.233
0.126
0.181
0.535
0.086
0.871
0.346
0.691
0.027
0.879
0.773
0.823
0.869
0.285
0.455
0.435
0.706
0.949
0.844
0.148
0.458
0.786
0.448
0.181
0.668
0.623
0.391
0.673
0.09
0.172
0.127
0.482
0.287
0.213
0.522
0.827
0.829
0.798
0.385
0.597
0.367
0.587
0.727
0.855
0.094
0.294
0.474
0.356
0.339
0.821
0.107
0.8
0.759
0.181
0.786
0.815
0.429
0.879
0.903
0.86
0.71
0.543
0.264
0.075
0.748
0.856
0.82
0.876
0.151
0.038
0.269
0.945
0.864
0.8
0.563
0.884
0.073
0.967
0.08
0.603
0.2
0.182
0.677
0.176
0.857
0.238
0.185
0.955
0.336
0.414
0.713
0.017
0.922
0.88
999
0.96
0.548
0.897
0.495
0.051
0.454
0.064
0.958
0.274
0.776
0.429
0.358
0.643
0.255
0.413
0.941
0.522
0.733
0.458
999
0.643
0.934
0.605
0.41
0.992
0.51
0.096
0.496
999
0.736
0.453
0.728
0.05
0.35
0.446
0.516
0.571
0.898
0.286
0.136
0.144
0.053
0.86
0.783
0.681
0.563
0.04
0.377
0.699
0.782
0.145
0.617
0.108
0.452
0.178
0.455
0.443
0.083
0.965
0.692
0.378
0.566
0.601
0.265
0.448
0.863
0.934
0.219
0.946
0.858
0.574
0.6
0.855
0.713
0.456
0.517
0.161
0.315
0.741
0.672
0.283
0.718
0.213
0.698
0.877
0.333
0.389
0.372
0.922
0.181
0.113
0.166
0.083
0.349
0.156
0.897
0.63
0.384
0.367
0.604
0.329
0.472
0.665
0.958
0.371
0.735
0.116
0.238
0.508
0.305
0.792
0.063
0.307
0.354
0.377
0.872
0.445
0.488
0.581
0.465
0.109
0.033
0.467
0.689
0.823
0.659
0.515
0.337
0.245
0.535
0.94
0.134
0.044
0.642
0.493
0.579
0.936
0.767
0.121
0.948
0.871
0.178
0.39
0.72
0.298
0.865
0.775
0.16
0.629
0.063
0.638
0.803
0.127
0.775
0.872
0.044
0.94
0.065
0.813
0.471
0.326
0.508
0.764
0.903
0.369
0.137
0.532
0.252
0.21
0.061
0.626
0.7
0.293
0.968
0.404
0.691
0.681
0.968
0.91
0.756
0.929
0.047
0.184
0.209
0.879
0.196
0.005
0.292
0.098
0.313
0.693
0.43
0.691
0.919
0.522
0.214
0.099
0.729
0.537
0.732
0.18
0.733
0.932
0.483
0.45
0.459
0.429
0.859
0.719
0.88
0.789
0.042
0.034
0.666
0.299
0.264
0.399
0.99
0.299
0.368
0.941
0.55
0.271
0.066
0.305
0.614
0.15
0.396
0.311
0.656
0.574
0.482
0.017
0.348
0.081
0.973
0.822
0.966
0.251
0.736
0.993
0.877
0.944
0.658
0.709
0.493
0.884
0.409
0.319
0.215
0.598
0.039
0.212
0.827
0.628
0.132
0.96
0.908
0.505
0.587
0.922
0.958
0.941
0.231
0.063
0.23
0.217
0.983
0.022
0.238
0.388
0.53
0.1
0.676
0.345
0.081
0.04
0.472
0.289
0.765
0.971
0.646
999
0.368
0.146
0.401
0.488
0.934
0.571
0.253
0.878
0.891
0.648
0.197
0.718
0.659
0.091
0.679
0.829
0.524
0.361
0.35
0.822
0.971
0.166
0.268
0.14
0.284
0.377
0.555
0.101
0.439
0.183
0.224
0.349
0.002
0.787
0.534
0.172
0.52
0.898
0.615
0.363
0.177
0.295
0.517
0.799
0.091
0.938
0.048
0.525
0.807
0.515
0.497
0.147
0.05
0.76
999
0.415
0.391
0.967
0.444
0.158
0.08
0.307
0.514
999
0.15
0.592
0.129
0.951
0.725
999
0.691
0.145
999
