0.42
0.993
0.974
0.09
0.735
0.253
0.179
0.108
0.515
0.728
0.161
0.837
0.623
0.003
0.28
0.155
0.399
0.19
0.855
0.185
0.211
0.199
0.946
0.297
0.948
0.397
0.881
0.259
0.133
0.337
0.59
0.0
0.955
0.292
0.441
0.324
0.172
0.979
0.271
0.897
0.246
0.529
0.37
0.926
0.562
0.464
0.705
0.719
0.939
0.593
0.107
0.562
0.431
0.781
0.367
0.237
0.903
0.043
0.219
0.999
0.145
0.605
0.095
0.989
0.175
0.746
0.606
0.47
0.911
0.856
0.953
0.387
0.879
0.235
0.22
0.483
0.94
0.471
0.883
0.212
0.613
0.402
0.329
0.871
0.622
0.011
0.981
0.734
0.104
0.563
0.588
0.811
0.005
0.813
0.599
0.725
0.41
0.627
0.426
0.152
0.627
0.12
0.234
0.913
0.751
0.695
0.003
0.396
0.298
0.464
0.932
0.979
0.701
0.799
0.303
0.335
0.446
0.931
0.211
0.288
0.695
0.687
0.01
0.705
0.648
0.775
0.69
0.978
0.0
0.807
0.961
0.832
0.968
0.359
0.842
0.232
0.258
0.804
0.439
0.718
0.201
0.361
0.847
0.759
0.045
0.094
0.426
999
0.409
0.488
0.92
0.295
0.256
0.196
0.768
0.321
0.439
0.57
0.21
0.054
0.602
0.235
0.545
0.646
0.926
0.639
0.815
0.467
0.472
0.956
0.666
0.463
0.332
0.166
0.49
0.717
0.766
0.608
0.686
0.551
0.646
0.818
0.107
0.834
0.881
0.486
0.403
0.596
0.125
0.117
0.799
0.771
0.336
0.332
0.083
0.611
0.245
0.031
0.228
0.505
0.492
0.716
0.136
0.124
0.112
0.024
0.026
0.703
0.912
0.085
0.365
0.179
0.714
0.392
0.761
0.415
0.745
0.325
0.771
0.745
0.274
0.275
0.811
0.199
0.19
0.133
0.417
0.776
0.03
0.929
999
0.467
0.564
0.328
0.815
0.172
0.391
0.483
0.905
0.332
0.404
0.002
0.21
0.894
0.963
0.995
0.214
0.792
0.495
0.829
0.237
0.931
0.98
0.03
0.998
0.139
0.378
0.724
0.326
0.071
0.44
0.53
0.193
0.357
0.926
0.107
0.959
0.407
0.115
0.133
0.853
0.784
0.055
0.107
0.704
0.855
0.258
0.266
0.774
0.767
0.062
0.922
0.741
0.754
0.009
0.435
0.556
0.766
0.432
0.103
0.82
0.603
0.831
0.0
0.854
0.834
0.154
0.747
0.186
0.681
0.262
0.526
0.679
0.506
0.922
0.522
0.046
0.571
0.109
0.921
0.252
0.529
0.369
0.897
0.661
0.819
0.839
0.375
0.105
0.892
0.876
0.29
0.086
0.411
0.113
0.932
0.135
0.08
0.451
0.701
0.1
0.072
0.595
0.735
0.805
0.153
0.334
0.618
0.572
0.725
0.251
0.353
0.222
0.489
0.712
0.966
0.749
0.671
0.134
0.254
0.353
0.4
0.79
0.613
0.952
0.231
0.969
0.214
0.221
0.623
0.901
0.056
0.184
0.617
0.043
0.057
0.041
0.572
0.936
0.343
0.025
0.426
0.01
0.617
0.684
0.425
0.294
0.777
0.112
0.657
0.755
0.552
0.984
0.359
0.122
0.382
0.279
0.364
0.916
0.171
0.085
0.024
0.581
0.473
0.451
0.77
0.41
0.765
0.738
0.83
0.836
0.667
0.585
0.677
0.557
0.242
0.578
0.312
0.759
0.713
0.723
0.129
0.264
0.021
0.548
0.53
0.13
0.394
0.461
0.464
0.222
0.673
0.252
0.149
0.992
0.278
0.852
0.079
0.896
0.852
0.82
0.74
0.219
0.835
0.298
0.153
0.788
0.157
0.865
0.272
0.177
0.381
0.497
0.839
0.459
0.205
0.466
0.868
0.082
0.62
0.59
0.769
0.099
0.105
0.15
0.548
0.809
0.502
0.316
0.609
0.221
0.062
0.752
0.61
0.444
0.193
0.504
0.765
0.287
0.648
0.928
0.072
0.575
0.713
0.535
0.669
0.693
0.912
0.997
0.908
0.46
0.38
0.662
0.287
0.631
0.678
0.073
0.742
0.94
0.186
0.615
0.832
0.479
0.965
0.473
0.654
0.612
0.327
0.086
0.764
0.175
0.681
0.279
0.379
0.731
0.135
0.961
0.086
0.488
0.657
0.398
0.132
0.817
0.194
0.353
0.754
0.636
0.161
0.869
0.669
0.645
0.615
0.41
0.345
0.805
0.175
0.048
0.63
0.524
0.455
0.957
0.233
0.883
0.87
0.68
0.628
0.353
0.028
0.285
0.931
0.211
0.033
0.324
0.639
0.211
0.069
0.589
0.998
0.804
0.286
0.374
0.264
0.511
0.27
0.907
0.664
0.648
0.404
0.516
0.016
0.625
0.233
0.468
0.322
0.146
0.332
0.7
0.578
0.589
0.305
0.561
0.265
0.715
0.77
0.913
0.629
0.276
0.387
0.533
0.861
0.121
0.171
0.84
0.903
0.926
0.213
0.006
0.933
0.787
0.944
0.559
0.942
0.081
0.837
0.639
0.54
0.306
0.271
0.414
0.964
0.692
0.03
0.733
0.517
0.796
0.462
0.542
0.137
0.364
0.153
0.186
0.805
0.103
0.711
0.456
0.469
0.545
0.662
0.116
0.963
0.356
0.268
0.356
0.559
0.372
0.215
0.959
0.964
0.833
0.381
0.056
0.559
0.731
0.934
0.796
0.32
0.246
0.339
0.536
0.147
0.486
0.926
0.968
0.561
0.146
0.473
0.317
0.118
0.907
0.95
0.496
0.57
0.463
0.039
0.89
0.876
0.793
0.499
0.898
0.683
0.091
0.56
0.029
0.954
0.095
0.127
0.742
0.928
0.875
0.361
0.253
0.562
0.749
0.864
0.194
0.057
0.4
0.572
0.917
0.225
0.625
0.797
0.56
0.049
0.629
0.279
0.063
0.04
0.933
0.174
0.812
0.033
0.459
0.786
0.663
0.458
0.337
0.331
0.05
0.727
0.195
0.947
0.113
0.072
0.429
0.375
0.668
0.883
0.948
0.508
0.931
0.716
0.673
0.837
0.139
0.4
0.815
0.523
0.069
0.305
0.464
0.503
0.948
0.322
0.828
0.879
0.262
0.958
0.896
0.049
0.929
0.383
0.171
0.451
0.636
0.249
0.832
0.326
0.544
0.224
0.693
0.228
0.828
0.533
0.597
0.924
0.869
0.711
0.781
0.375
0.307
0.439
0.525
0.469
0.038
0.535
0.807
0.252
0.905
0.37
999
0.959
0.386
0.545
0.475
0.577
0.712
0.843
0.916
0.726
0.946
0.32
0.354
0.41
0.187
0.493
0.19
0.121
0.963
0.498
0.39
0.075
0.79
0.401
0.352
0.846
0.965
0.647
0.862
0.118
0.649
0.437
0.839
0.567
0.699
0.9
0.852
0.295
0.042
0.452
0.515
0.519
0.986
0.195
0.222
0.584
0.749
0.814
0.025
0.347
0.146
0.205
0.732
0.983
0.25
0.653
0.823
0.432
0.582
0.814
0.004
0.423
0.13
0.432
0.014
0.941
0.76
0.038
0.158
0.179
0.771
0.154
0.782
0.597
0.62
0.708
0.076
0.673
0.19
0.13
0.389
0.663
0.811
0.372
0.891
0.425
0.645
0.641
0.893
0.081
0.581
0.522
0.558
0.681
0.379
0.088
0.208
0.78
0.748
0.276
0.603
0.075
0.623
0.93
0.246
0.843
0.663
0.834
0.323
0.354
0.868
0.832
0.86
0.075
0.045
0.68
0.756
0.19
0.378
0.207
0.663
0.672
0.388
0.192
0.663
0.006
0.21
0.101
0.583
0.11
0.861
0.46
0.315
0.086
0.194
0.091
0.212
0.557
0.912
0.439
0.111
0.924
0.649
0.257
0.922
0.714
0.104
0.45
0.118
0.918
0.088
0.848
0.087
0.736
0.798
0.152
0.748
0.8
0.138
0.704
0.983
0.748
0.811
0.884
0.96
0.3
0.476
0.822
0.33
0.715
999
0.712
0.183
0.108
0.945
0.507
0.074
0.8
0.122
0.381
0.49
0.48
0.102
0.336
0.931
0.522
0.446
0.923
0.084
0.626
0.191
0.783
0.403
0.231
0.704
0.616
0.671
0.15
0.362
0.539
0.373
999
0.488
0.53
0.107
0.597
0.163
0.471
0.38
0.272
0.735
0.787
0.292
0.986
0.156
0.199
0.61
0.737
0.99
0.382
0.855
0.75
0.253
0.244
0.059
0.442
0.772
0.539
0.766
0.092
0.732
0.454
0.107
0.067
0.158
0.105
0.137
0.358
0.177
0.828
