0.95
0.504
0.145
0.745
0.256
0.869
0.345
0.266
0.421
0.126
0.823
0.285
0.436
0.577
0.847
0.936
0.455
0.348
0.613
0.348
0.811
0.115
0.024
0.719
0.443
0.843
0.797
0.46
0.431
0.888
0.008
0.0
0.157
0.952
0.678
0.282
0.069
0.264
0.958
0.913
0.342
0.934
0.62
0.274
0.956
0.081
0.308
0.258
0.153
0.622
0.418
0.979
0.456
0.983
0.793
0.933
0.97
0.998
0.501
0.586
0.756
0.048
0.637
0.67
0.766
0.979
0.287
0.227
0.101
0.984
0.135
0.145
0.922
0.768
0.564
0.922
0.236
0.52
0.787
0.113
0.729
0.448
0.708
0.495
0.11
0.663
0.268
0.827
0.855
0.523
0.238
0.535
0.269
0.421
0.188
0.789
0.521
0.73
0.473
0.335
0.014
0.835
0.292
0.181
0.237
0.356
0.898
0.71
0.365
0.269
0.425
0.29
0.084
0.598
0.99
0.845
0.487
0.32
0.955
0.184
0.539
0.62
0.975
0.309
0.927
0.167
0.939
0.595
0.629
0.666
0.906
0.139
0.175
0.206
0.933
0.196
0.188
0.657
0.734
0.301
0.373
0.313
0.116
0.858
0.744
0.705
0.62
0.765
0.634
0.192
0.326
0.366
0.409
0.621
0.126
0.747
0.58
0.024
0.298
0.51
0.958
0.814
0.45
0.341
0.887
0.566
0.849
0.15
0.269
0.127
0.476
0.368
0.465
0.669
0.033
0.683
0.52
0.06
0.935
0.126
0.314
0.192
0.86
0.661
0.502
0.977
0.341
0.093
0.818
0.977
0.932
0.566
0.245
0.404
0.413
0.252
0.733
0.31
0.394
0.687
