ERROR
0.127
0.379
0.838
0.298
0.384
0.305
0.386
0.953
0.734
0.004
0.816
0.32
0.622
0.178
0.755
0.235
0.036
0.738
0.927
0.181
0.699
0.096
0.137
0.541
0.222
0.346
0.223
0.947
0.754
0.306
0.696
0.097
0.96
0.752
0.563
0.573
0.071
0.372
0.531
0.884
0.189
0.142
0.426
0.394
0.458
0.333
0.554
0.738
0.831
0.029
0.63
0.738
ERROR
0.905
0.441
0.439
0.487
0.223
0.086
0.142
0.594
0.302
0.815
0.316
0.226
0.566
0.035
0.506
0.074
0.35
0.077
0.369
0.456
0.894
0.736
0.276
0.603
0.93
0.494
0.013
0.353
0.465
0.224
0.363
0.363
0.743
0.342
0.046
0.936
0.845
0.891
0.601
0.603
0.793
0.735
0.059
0.363
0.742
0.024
0.337
0.121
0.676
0.394
0.668
0.911
0.927
0.926
0.398
0.075
0.619
0.82
0.389
0.317
0.611
0.239
0.407
0.162
0.785
0.221
0.156
0.031
0.204
0.676
0.145
0.611
0.438
0.815
0.78
0.797
0.561
0.167
0.758
0.217
0.142
0.013
0.44
0.071
0.517
0.418
0.199
0.146
0.67
0.876
0.801
0.267
0.883
0.563
0.203
0.584
0.436
0.359
0.467
0.163
0.367
0.898
0.588
0.048
0.951
0.51
0.899
0.993
0.713
0.565
0.094
0.819
0.84
0.999
0.389
0.837
0.888
0.194
0.519
0.613
0.789
0.596
0.503
0.842
0.68
0.261
0.37
0.452
0.417
0.551
0.182
0.127
0.496
0.246
0.081
0.016
0.596
0.345
0.649
0.366
0.512
0.531
0.391
0.011
0.166
0.465
