0.633
0.792
0.954
0.54
0.401
0.36
0.805
0.602
0.159
0.259
0.353
0.855
0.674
0.04
0.002
0.66
0.867
0.273
0.626
0.696
0.673
0.985
0.574
0.437
0.077
0.457
0.328
0.436
0.169
0.14
0.742
0.073
0.181
0.673
0.434
0.31
0.974
0.557
0.726
0.128
0.751
0.407
0.681
0.832
0.819
0.981
0.084
0.09
0.57
0.86
0.895
0.613
0.346
0.622
0.633
0.406
0.413
0.316
0.409
0.682
0.021
0.111
0.425
0.845
0.493
0.875
0.178
0.431
0.258
0.764
0.891
0.917
0.023
0.374
0.541
0.827
0.546
0.679
0.956
0.789
0.981
0.231
0.242
0.244
0.324
0.917
0.29
0.253
0.953
0.679
0.857
0.108
0.305
0.789
0.192
0.736
0.6
0.805
0.785
0.442
0.283
0.093
0.71
0.289
0.447
0.253
0.71
0.731
0.771
0.413
0.803
0.003
0.803
0.992
0.103
0.572
0.004
0.174
0.044
0.802
0.734
0.1
0.634
0.546
0.039
0.56
0.002
0.922
0.006
0.217
0.722
0.594
0.743
0.28
0.57
0.771
0.624
0.108
0.412
0.656
0.864
0.864
0.291
0.672
0.165
0.006
0.965
0.363
0.612
0.443
0.348
0.625
0.426
0.963
0.051
0.547
0.15
0.511
0.222
0.847
0.09
0.208
0.985
0.879
0.447
0.405
0.393
0.606
0.857
0.602
0.835
0.653
0.009
0.456
0.798
0.407
0.326
0.185
0.601
0.692
0.049
0.098
0.643
0.632
0.64
0.978
0.271
0.397
0.677
0.889
0.027
0.469
0.334
0.059
0.195
0.885
0.052
0.54
0.671
0.615
0.356
0.961
0.613
0.822
0.348
0.847
0.168
0.135
0.406
0.808
0.902
0.429
0.997
0.722
0.626
0.238
0.443
0.554
0.407
0.107
0.214
0.587
0.561
0.748
0.742
0.394
0.066
0.277
0.004
0.822
0.535
0.741
0.045
0.945
0.155
0.902
0.838
0.635
0.377
0.932
0.061
0.655
0.446
0.064
0.276
0.274
0.411
0.537
0.628
0.49
0.964
0.089
0.166
0.378
0.693
0.013
0.068
0.452
0.918
0.104
0.77
0.329
0.589
0.795
0.345
0.295
0.434
0.722
0.089
0.599
0.058
0.143
0.293
0.196
0.358
0.55
0.483
0.789
0.271
0.102
0.242
0.405
0.856
0.592
0.305
0.914
0.52
0.522
0.112
0.857
0.702
0.485
0.806
0.277
0.128
0.276
0.662
0.834
0.113
0.201
0.038
0.593
0.925
0.785
0.535
0.345
0.798
0.129
0.114
0.839
0.554
0.077
0.15
0.579
0.312
0.403
0.18
0.229
0.369
0.826
0.01
0.787
0.7
0.369
0.052
0.602
0.643
0.035
0.883
0.189
0.337
0.133
0.173
0.051
0.429
0.717
0.552
0.74
0.4
0.514
0.756
0.846
0.616
0.958
0.471
0.053
0.843
0.616
0.863
0.405
0.057
0.805
0.573
0.202
0.672
0.593
0.461
0.114
0.081
0.206
0.333
0.09
0.13
0.358
0.733
0.627
0.371
999
0.314
0.436
0.059
0.478
0.173
0.277
0.709
0.956
0.172
0.02
0.763
0.11
0.912
0.126
0.388
0.889
0.828
0.884
0.159
0.048
0.04
0.236
0.563
0.166
0.323
0.514
0.604
0.028
0.977
0.126
0.258
0.264
0.627
0.191
0.093
0.948
0.213
0.05
0.987
0.852
0.586
0.344
0.294
0.189
0.321
0.68
0.245
0.8
0.29
0.555
0.068
0.247
0.899
0.582
0.588
0.033
0.951
0.831
0.458
0.849
0.263
0.595
0.884
0.021
0.044
0.817
0.523
0.919
0.983
0.348
0.523
0.765
0.2
0.851
0.079
0.145
0.918
0.023
0.198
0.057
0.714
0.718
0.924
0.802
0.989
0.476
0.166
0.053
0.945
0.42
0.224
0.918
0.02
0.206
0.398
0.686
0.72
0.818
0.707
0.907
0.271
0.67
0.566
0.253
0.678
0.273
0.969
0.445
0.026
0.457
0.774
0.343
0.089
0.095
0.863
0.522
0.922
0.832
0.218
0.448
0.197
999
0.52
0.779
0.67
0.461
0.017
0.721
0.447
0.701
0.428
0.946
0.341
0.939
0.918
0.804
0.111
0.435
0.018
0.682
0.023
0.114
0.332
0.165
0.23
0.398
0.194
0.256
0.826
0.545
0.469
0.277
0.283
0.787
0.866
0.88
0.001
0.514
0.231
0.041
0.044
0.603
0.541
0.173
0.279
0.982
0.44
0.963
0.211
0.546
0.268
0.416
0.58
0.079
0.493
0.54
0.653
0.237
0.798
0.518
0.662
0.475
0.68
0.497
0.372
0.189
0.145
0.566
0.352
0.654
0.653
0.113
0.856
0.524
0.672
0.628
0.914
0.512
0.616
0.488
0.123
0.378
0.502
0.981
0.699
0.978
0.879
0.171
0.712
0.135
0.215
0.986
0.719
0.676
0.134
0.158
0.326
0.639
0.695
0.079
0.489
0.157
0.947
0.51
0.674
0.854
0.721
0.93
0.06
0.698
0.135
0.832
0.243
0.589
0.87
0.159
0.948
0.666
0.323
0.061
0.028
0.184
0.953
0.959
0.554
0.326
0.602
0.96
0.766
0.198
0.134
0.741
0.759
0.573
0.918
0.045
0.63
0.141
0.897
0.537
0.91
0.438
0.211
0.215
0.504
0.618
0.914
0.704
0.438
0.953
0.206
0.536
0.349
0.709
0.465
0.623
0.012
0.012
0.061
0.255
0.816
0.523
0.248
0.724
0.742
0.977
0.958
0.509
0.568
0.906
0.086
0.598
0.436
0.831
0.442
0.518
0.169
0.933
0.809
0.952
0.038
0.894
0.646
0.272
0.935
0.601
0.77
0.044
0.449
0.623
0.805
0.061
0.703
0.997
0.875
0.17
0.748
0.376
0.836
0.419
0.774
0.325
0.732
0.918
0.143
0.64
0.87
0.079
0.479
0.13
0.538
0.761
0.273
0.838
0.889
0.645
0.767
0.331
0.464
0.781
999
0.846
0.254
0.162
0.076
0.662
0.082
0.164
0.154
0.095
0.175
0.733
0.208
0.639
0.066
0.175
0.935
0.814
0.459
0.591
0.674
0.431
0.511
0.677
0.053
0.887
0.537
0.835
0.381
0.587
0.816
0.956
0.256
0.15
0.258
0.325
0.942
0.096
0.684
0.845
0.121
0.697
0.015
0.388
0.746
0.773
0.164
0.921
0.557
0.054
0.125
0.479
0.355
0.687
0.804
0.513
0.027
0.273
0.513
0.454
0.606
0.849
0.798
0.931
0.539
0.92
0.95
0.196
0.983
0.728
0.341
0.31
0.025
0.75
0.374
0.135
0.932
0.775
0.236
0.215
0.844
0.297
0.885
0.465
0.255
0.099
0.578
0.83
0.058
0.367
0.984
0.761
0.771
0.005
0.869
0.189
0.97
0.747
0.435
0.051
0.121
0.676
0.458
0.482
0.568
0.261
0.204
0.228
0.521
0.44
0.164
0.196
0.768
0.856
0.379
0.936
0.315
0.394
0.256
0.862
0.982
0.592
0.946
0.511
0.237
0.1
0.019
0.468
0.417
0.452
0.769
0.504
0.374
0.896
0.651
0.208
0.853
0.329
0.344
0.991
0.781
0.226
0.884
0.301
0.198
0.128
0.17
0.856
0.53
0.574
0.687
0.055
0.816
0.094
0.566
0.181
0.616
0.257
0.149
0.536
0.465
0.471
0.474
0.776
0.07
0.944
0.039
0.004
0.783
0.622
0.231
0.463
0.718
0.15
0.584
0.982
0.526
0.839
0.612
0.604
0.577
0.878
0.592
0.002
0.393
999
0.431
0.372
0.757
0.337
0.689
0.375
0.951
0.616
0.848
0.393
0.795
0.309
0.401
0.373
0.641
0.672
0.14
0.637
0.726
0.843
0.323
0.673
0.805
0.103
0.176
0.614
0.986
0.726
0.972
0.51
0.162
0.209
0.11
0.517
0.418
0.728
0.726
0.034
0.149
0.112
0.47
0.453
0.579
0.935
0.223
0.453
0.843
0.678
0.072
0.487
0.099
0.406
0.546
0.928
0.582
0.317
0.43
0.188
0.042
0.247
0.754
0.084
0.456
0.556
0.198
0.839
0.706
0.995
0.894
0.757
0.292
0.972
0.888
0.955
0.589
0.994
0.392
0.781
0.107
0.756
0.907
0.127
0.292
0.432
0.346
0.795
0.83
0.559
0.483
0.224
0.469
0.596
0.781
0.722
0.466
0.337
0.991
0.733
0.212
0.657
0.674
0.368
0.605
0.175
0.089
0.744
