0.169
0.082
0.256
0.503
0.193
0.841
0.747
0.473
0.12
0.661
0.688
0.489
0.163
0.736
0.015
0.025
0.29
0.762
0.168
0.44
0.605
0.748
0.522
0.046
0.368
0.209
0.173
0.01
0.41
0.772
0.795
0.744
0.546
0.062
0.854
0.365
0.939
0.547
0.989
0.249
0.858
0.061
0.216
0.317
0.988
0.033
0.197
0.008
0.446
0.781
0.603
0.466
0.432
0.71
0.933
0.964
0.214
0.387
0.211
0.434
0.093
0.697
0.913
0.982
0.135
0.175
0.136
0.565
0.025
0.691
0.54
0.421
0.196
0.314
0.636
0.906
0.537
0.354
0.633
0.406
0.71
0.005
0.188
0.595
0.394
0.494
0.195
0.041
0.165
0.027
0.908
0.865
0.317
0.164
0.358
0.603
0.718
0.214
0.936
0.896
0.022
0.956
0.872
0.787
0.078
0.804
0.239
0.22
0.718
0.534
0.198
0.686
0.513
0.153
0.553
0.642
0.882
0.346
0.045
0.677
0.505
0.391
0.557
0.665
0.871
0.343
0.873
0.856
0.078
0.933
0.768
0.712
0.457
0.31
0.826
0.536
0.071
0.697
0.263
0.706
0.569
0.927
0.23
0.073
0.104
0.617
0.636
0.196
0.173
0.43
0.335
0.821
0.509
0.563
0.906
0.438
0.252
0.587
0.55
0.576
0.187
0.84
0.525
0.255
0.342
0.197
0.83
0.972
0.702
0.204
0.598
0.604
0.514
0.589
0.183
0.804
0.945
0.879
0.557
0.602
0.039
0.217
0.824
0.615
0.666
0.257
0.408
0.725
0.165
0.691
0.106
0.726
0.991
0.539
0.443
0.078
0.598
0.972
0.651
0.895
0.842
0.0
0.217
0.004
0.2
0.086
0.078
0.762
0.847
0.293
0.558
0.981
0.827
0.727
0.729
0.101
0.75
0.092
0.69
0.876
0.71
0.413
0.196
0.702
0.377
0.549
0.888
0.486
0.495
0.659
0.891
0.904
0.522
0.081
0.159
0.456
0.476
0.628
0.113
0.325
0.206
0.742
0.339
0.539
0.104
0.602
0.224
0.306
0.703
0.614
0.823
0.221
0.877
0.847
0.974
0.589
0.443
0.675
0.429
0.29
0.252
0.139
0.494
0.28
0.505
0.664
999
0.92
0.821
0.043
0.944
0.804
0.942
0.442
0.826
0.466
0.633
0.397
0.697
0.918
0.272
0.19
0.652
0.54
0.853
0.08
0.694
0.08
0.67
0.081
0.835
0.866
0.634
0.019
0.688
0.914
0.084
0.562
0.773
0.144
0.867
0.839
0.432
0.289
0.992
0.078
0.553
0.643
0.724
0.916
0.959
0.01
0.144
0.626
0.936
0.614
0.829
0.722
0.226
0.591
0.865
0.869
0.352
0.923
0.851
0.462
0.196
0.257
0.908
0.218
0.17
0.944
0.273
0.766
0.671
0.226
0.041
0.276
0.246
0.342
0.444
0.106
0.375
0.051
0.299
0.56
0.57
0.74
0.778
0.309
0.906
0.258
0.268
0.783
0.777
0.034
0.754
0.082
0.317
0.935
0.801
0.592
0.475
0.309
0.185
0.882
0.54
0.248
0.81
0.394
0.415
0.981
0.478
0.981
0.561
0.853
0.756
0.806
0.685
0.839
0.584
0.018
0.74
0.643
0.817
0.938
0.848
0.224
0.175
0.871
0.361
0.782
0.702
0.349
0.426
0.802
0.595
0.651
0.902
0.965
0.097
0.349
0.954
0.003
0.975
0.415
0.928
0.125
0.077
0.404
0.622
0.037
0.593
0.265
0.013
0.992
0.79
0.881
0.035
0.289
0.597
0.775
0.466
0.131
0.796
0.923
0.298
0.47
0.82
0.709
0.206
0.161
0.975
0.28
0.794
0.825
0.912
0.386
0.584
0.17
0.674
0.994
0.548
0.774
0.224
0.84
0.057
0.883
0.644
0.389
0.132
0.548
0.278
0.104
0.254
0.955
0.622
0.786
0.37
0.915
0.506
0.219
0.234
0.263
0.002
0.833
0.024
0.111
0.35
0.923
0.273
0.415
0.258
0.137
0.266
0.969
0.758
0.378
0.072
0.533
0.175
999
0.473
0.5
0.785
0.436
0.108
0.006
0.625
0.452
0.381
0.501
0.866
0.731
0.007
0.032
0.338
0.479
0.767
0.062
0.036
0.673
0.16
0.574
0.865
0.186
0.566
0.631
0.153
0.178
0.923
0.574
0.267
0.173
0.39
0.938
0.269
0.861
0.338
0.121
0.106
0.155
0.571
0.044
0.925
999
0.956
0.516
0.162
0.104
0.197
0.832
0.533
0.744
0.528
0.404
0.256
0.737
0.99
0.369
0.847
0.827
0.52
0.88
0.386
0.31
0.741
0.449
0.159
0.292
0.024
0.964
0.172
0.247
0.341
0.852
0.902
0.521
0.639
0.98
0.291
0.259
0.759
0.615
0.306
0.415
0.629
0.792
0.359
0.652
0.229
0.876
0.223
0.461
0.493
0.617
0.38
0.93
0.802
0.501
0.306
0.639
0.659
0.079
0.319
0.963
0.401
0.739
0.226
0.414
0.608
0.688
0.395
0.425
0.382
0.861
0.726
0.029
0.761
0.037
0.444
0.476
0.614
0.261
0.337
0.734
0.046
0.461
0.899
0.275
0.831
0.502
0.836
0.341
0.798
0.804
0.551
0.869
0.525
0.038
0.479
0.105
0.558
0.637
0.418
0.651
0.12
0.426
0.484
0.169
0.458
0.635
0.187
0.881
0.192
0.539
0.664
0.454
0.006
0.369
0.349
0.012
0.711
0.278
0.28
0.965
0.745
0.41
0.709
0.094
0.883
0.421
0.614
0.613
0.874
0.735
0.144
0.099
0.172
0.419
0.314
0.056
0.649
0.012
0.625
0.896
0.24
0.335
0.046
0.777
0.542
0.634
0.217
0.867
0.002
0.553
0.297
0.083
0.135
0.446
0.817
0.291
0.278
0.55
0.784
0.658
0.894
0.046
0.142
0.58
0.409
0.041
0.198
0.829
0.867
0.975
0.821
0.881
0.108
0.3
0.252
0.033
0.454
0.696
0.723
0.747
0.82
0.017
0.617
0.975
0.885
0.362
0.408
0.078
0.877
0.973
0.27
0.175
0.429
0.59
0.373
0.805
0.981
0.38
0.242
0.175
0.836
0.306
0.649
0.502
0.918
0.416
0.279
0.713
0.506
0.091
0.316
0.254
0.428
0.467
0.614
0.704
0.366
0.907
0.878
0.962
0.546
0.199
0.936
0.836
0.45
0.599
0.618
0.68
0.396
0.198
0.611
0.332
0.276
0.2
0.287
0.566
0.388
0.226
0.303
0.033
0.312
0.94
0.884
0.967
0.64
0.028
0.184
0.141
0.943
0.658
0.756
0.82
0.936
0.513
0.738
0.191
0.661
0.283
0.012
0.435
0.034
0.142
0.954
0.213
0.411
0.016
0.542
0.708
0.31
0.979
0.506
0.398
0.277
0.997
0.312
0.792
0.724
0.019
0.268
0.898
0.346
0.147
0.356
0.371
0.914
0.678
0.938
0.413
0.099
0.453
0.051
0.705
0.738
0.468
0.084
0.805
999
0.373
0.197
0.135
0.91
0.607
0.854
0.367
0.867
0.701
0.524
0.389
0.987
0.498
0.949
0.739
0.354
0.802
0.447
0.721
0.745
0.048
0.706
0.546
0.791
0.167
0.495
0.445
0.546
0.739
0.149
0.938
0.787
0.348
0.104
0.686
0.541
0.331
1.0
0.344
0.157
0.197
0.406
0.119
0.019
0.597
0.13
0.609
0.802
0.563
0.447
0.144
0.952
0.08
0.913
0.211
0.592
0.877
0.942
0.844
0.218
0.178
0.529
0.09
0.647
0.091
0.151
0.415
0.531
0.624
0.566
0.12
0.19
0.571
0.559
0.529
0.663
0.973
0.766
0.879
0.01
0.241
0.758
0.516
0.544
0.567
0.822
0.622
0.903
0.93
0.653
0.603
0.001
0.014
0.275
0.758
0.382
0.182
0.171
0.883
0.957
0.74
0.969
0.59
0.264
0.256
0.256
0.593
0.843
0.576
0.078
0.759
0.538
0.364
0.471
0.962
0.599
0.197
0.327
0.676
0.788
0.275
0.554
0.519
0.396
0.589
0.357
0.264
0.42
0.428
0.433
0.12
0.606
0.241
0.5
0.793
0.872
0.211
0.406
0.734
0.608
0.737
0.839
0.979
0.787
0.212
0.547
0.581
0.895
0.733
0.097
0.593
0.762
0.423
0.048
0.567
0.497
0.429
0.778
0.093
0.261
0.993
0.125
0.072
0.435
0.937
0.774
0.572
0.811
0.957
0.229
0.409
0.035
0.093
0.787
0.746
0.431
0.861
