0.908
0.192
0.256
0.088
0.93
0.016
0.633
0.9
0.416
0.323
0.435
0.783
0.932
0.781
0.831
0.957
0.882
0.574
0.932
0.564
0.953
0.019
0.497
0.565
0.632
0.668
0.737
0.864
0.07
0.867
0.436
0.07
0.032
0.587
0.096
0.324
0.935
0.175
0.358
0.889
0.777
0.564
0.919
0.027
0.35
0.069
0.832
0.92
0.325
0.13
0.573
0.321
0.583
0.028
0.535
0.155
0.433
0.181
0.035
0.853
0.37
0.93
0.05
0.996
0.144
0.715
0.466
0.814
0.792
0.384
0.212
0.015
0.012
0.817
0.437
0.137
0.622
0.798
0.813
0.041
0.665
0.97
0.029
0.882
0.152
0.745
0.714
0.853
0.151
0.115
0.086
0.102
0.546
0.873
0.895
0.269
0.5
0.179
0.055
0.155
0.592
0.374
0.848
0.23
0.896
0.484
0.086
0.024
0.524
0.427
0.527
0.956
0.872
0.846
0.747
0.421
0.543
0.874
0.998
0.609
0.369
0.465
0.209
0.908
0.822
0.04
0.869
0.42
0.154
0.292
0.066
0.907
0.384
0.291
0.961
0.129
0.008
0.915
0.034
0.14
0.383
0.199
ERROR
0.811
0.389
0.769
0.297
0.715
0.949
1.0
0.274
0.664
0.02
0.125
0.624
0.595
0.875
0.649
0.458
0.022
0.548
0.675
0.037
0.334
0.94
0.281
0.736
0.03
0.503
0.496
0.73
0.018
0.643
0.516
0.481
0.075
0.901
0.917
0.135
0.126
0.19
0.732
0.855
0.109
0.24
0.29
0.333
0.875
0.58
0.168
0.673
0.503
0.815
0.212
0.714
0.575
0.105
0.688
0.946
0.219
