0.542
0.826
0.762
0.473
0.64
0.493
0.05
0.07
0.704
0.548
0.797
0.488
0.637
0.021
0.606
0.056
0.898
0.731
0.688
0.451
0.398
0.949
0.674
0.41
0.719
0.53
0.877
0.917
0.511
0.39
0.792
0.715
0.135
0.973
0.545
0.252
0.153
0.972
0.451
0.194
0.511
0.822
0.097
0.41
0.777
0.221
0.494
0.093
0.23
0.877
0.249
0.741
0.922
0.928
0.338
0.14
0.551
0.181
0.553
0.681
0.77
0.22
0.155
0.864
0.084
0.175
0.956
0.819
0.592
0.134
0.3
0.793
0.47
0.573
0.149
0.571
0.405
0.278
0.937
0.494
0.027
0.518
0.674
0.073
0.288
0.019
0.872
0.569
0.04
0.119
0.407
0.228
0.526
0.216
0.202
0.826
0.856
0.572
0.494
0.33
0.477
0.748
0.481
0.674
0.773
0.037
0.482
0.229
0.751
0.964
0.243
0.578
0.136
0.372
0.831
0.615
0.74
0.336
0.145
0.285
0.174
0.424
0.421
0.01
0.827
0.669
0.253
0.31
0.104
0.664
0.283
0.381
0.897
0.309
0.028
0.493
0.539
0.823
0.612
0.62
0.65
0.818
0.823
0.648
0.709
0.508
0.809
0.606
0.022
0.685
0.179
0.826
0.573
0.968
0.607
0.599
0.151
0.237
0.481
0.969
0.504
0.371
0.545
0.885
0.346
0.969
0.536
0.529
0.182
0.243
0.267
0.575
0.543
0.206
0.252
0.061
0.143
0.492
0.315
0.678
0.45
0.223
0.954
0.494
0.858
0.683
0.021
0.625
0.009
0.666
0.668
0.634
0.527
0.733
0.155
0.615
0.771
0.841
0.917
0.638
0.695
0.351
0.08
0.74
0.086
0.392
0.287
999
0.336
0.858
0.86
0.873
0.196
0.548
0.671
0.28
0.88
0.478
0.027
0.935
0.889
0.921
0.298
0.315
0.172
0.631
0.648
0.508
0.954
0.547
0.13
0.446
0.227
0.366
0.0
0.348
0.071
0.364
0.847
0.873
0.84
0.315
0.47
0.935
0.282
0.823
999
0.575
0.218
0.299
0.19
0.442
0.082
0.677
0.634
0.131
0.162
0.122
0.994
0.403
0.878
0.085
0.497
0.958
0.771
0.501
0.98
0.784
0.04
0.079
0.302
0.304
0.016
0.219
0.863
0.834
0.339
0.721
0.607
999
0.205
0.729
0.334
0.427
0.262
0.697
0.738
0.057
0.518
0.823
0.616
0.212
0.361
0.342
0.102
0.091
0.131
0.018
0.273
0.001
0.834
0.401
0.865
0.063
0.86
0.615
0.647
0.464
0.491
0.558
0.365
0.659
0.206
0.475
0.018
0.404
0.812
0.784
0.573
0.072
0.303
0.73
0.392
0.419
0.313
0.542
0.66
0.858
0.212
0.192
0.086
0.825
0.735
0.273
0.914
0.134
0.458
0.309
0.685
0.589
0.172
0.008
0.961
0.151
0.151
0.35
0.894
0.145
0.806
0.51
0.464
0.562
0.847
0.337
0.186
0.395
0.125
0.22
0.685
0.517
0.237
0.214
0.514
0.262
0.713
0.97
0.405
0.129
0.777
0.491
0.735
0.739
0.391
0.67
0.775
0.04
0.604
0.091
0.258
0.969
0.397
0.426
0.527
0.18
0.885
0.577
0.673
0.512
0.537
0.32
0.294
0.933
0.788
0.873
0.975
0.369
0.678
0.548
0.544
0.45
0.822
0.142
0.455
0.397
0.936
0.728
0.588
0.812
0.416
0.987
0.704
0.036
0.041
0.633
0.337
0.515
0.788
0.604
0.979
0.833
0.587
0.165
0.84
0.703
0.763
0.095
0.058
0.802
0.72
0.56
0.092
0.955
0.935
0.466
0.508
0.394
0.204
0.984
0.231
0.27
0.019
0.493
0.359
0.526
0.063
0.34
0.382
0.553
0.476
0.644
0.053
0.502
0.364
0.173
0.768
0.016
0.552
0.343
0.664
0.852
0.265
0.501
0.371
0.702
0.547
0.744
0.999
0.736
0.42
0.499
0.977
0.782
0.448
0.136
0.987
0.397
0.764
0.443
0.223
0.565
999
0.543
0.107
0.266
0.205
0.073
0.344
0.462
0.198
0.812
0.764
0.645
0.443
0.222
0.012
0.248
0.748
0.257
0.106
0.201
0.955
0.17
0.754
0.485
0.418
0.666
0.356
0.835
0.904
0.328
0.351
0.656
0.203
0.774
0.934
0.874
0.226
0.19
0.254
0.341
0.848
0.953
0.568
0.584
0.485
0.114
0.097
0.797
0.302
0.797
0.542
0.983
0.265
0.835
0.181
0.052
0.663
0.625
0.403
0.295
0.021
0.047
0.206
0.817
0.929
0.327
0.992
0.365
0.993
0.237
0.234
0.496
0.182
0.732
0.444
0.784
999
0.967
0.756
0.011
0.642
0.348
0.029
0.371
0.277
0.998
0.22
0.597
0.942
0.385
0.478
0.51
0.356
0.36
0.505
0.467
0.916
0.062
0.042
0.853
0.424
0.286
0.124
0.121
0.063
0.546
0.206
0.422
0.8
0.07
0.134
0.917
0.088
0.883
0.399
0.187
0.351
0.049
0.243
0.334
0.959
0.081
0.066
0.031
0.316
0.1
0.863
0.287
0.477
0.588
0.453
0.844
0.975
0.338
0.803
0.589
0.594
0.458
0.135
0.445
0.006
0.309
0.335
0.493
0.239
0.359
0.945
0.106
0.232
0.62
0.42
0.327
0.009
0.767
0.564
0.686
0.788
0.883
0.467
0.205
0.617
0.021
0.133
0.254
0.835
0.433
0.036
0.374
0.487
0.451
0.982
0.316
0.39
0.37
0.998
0.893
0.986
0.089
0.33
0.461
0.739
0.207
0.334
0.855
0.826
0.042
0.653
0.19
0.887
0.401
0.738
0.652
0.004
0.801
0.074
0.868
0.637
0.035
0.816
0.325
0.209
0.03
0.103
0.641
0.165
0.165
0.594
0.897
0.532
0.105
0.04
0.418
0.998
0.067
0.424
0.651
0.985
0.874
0.008
0.731
0.378
0.109
0.72
0.311
0.115
0.84
0.242
0.732
0.897
0.03
0.288
0.182
0.451
0.566
0.441
0.859
0.569
0.352
0.422
0.035
0.752
0.25
0.663
0.811
0.843
0.067
0.574
0.609
0.687
0.448
0.802
0.883
0.413
0.363
0.373
0.176
0.327
0.831
0.699
0.161
0.569
0.188
0.866
0.394
0.802
0.83
0.156
0.926
0.585
0.394
0.867
0.019
0.807
0.534
0.287
0.105
0.185
0.05
0.495
0.482
0.032
0.01
0.829
0.872
0.864
0.119
0.049
0.69
0.811
0.784
0.568
0.656
0.872
0.727
0.522
0.803
0.363
0.067
0.224
0.265
0.885
0.238
0.954
0.824
0.241
0.632
0.826
0.238
0.673
0.374
0.056
0.992
0.526
0.53
0.689
0.379
0.675
0.812
0.019
0.048
0.063
0.133
0.798
0.062
0.265
0.284
0.885
0.535
0.383
0.338
0.018
0.666
0.202
0.431
0.697
0.307
0.836
0.435
0.216
0.072
0.448
0.376
0.612
0.781
0.282
0.712
0.817
0.152
0.147
0.854
0.956
0.752
0.87
0.926
0.697
0.434
0.487
0.423
0.737
0.393
0.925
0.241
0.441
0.525
0.006
0.911
0.78
0.627
0.628
0.222
0.572
0.981
0.024
0.693
0.336
0.059
0.505
0.607
0.234
0.464
0.473
0.431
0.566
0.245
0.42
0.094
0.51
0.274
0.186
0.096
0.777
0.643
0.119
0.499
0.071
0.11
0.618
0.494
0.489
0.668
0.163
0.518
0.222
0.23
0.701
0.072
0.821
0.874
0.614
0.406
0.278
0.507
0.674
0.626
0.454
0.269
0.154
0.993
0.521
0.089
0.821
0.25
0.108
0.036
0.886
0.864
0.727
0.843
0.794
0.562
0.719
0.7
0.436
0.808
0.372
0.916
0.615
0.749
0.173
0.648
0.391
0.023
0.665
0.914
0.109
0.05
0.262
0.519
0.966
0.038
0.915
0.166
0.284
0.436
0.869
0.76
0.348
0.418
0.744
0.874
0.381
0.136
0.472
0.032
0.457
0.164
0.582
0.807
0.599
0.161
0.689
0.934
0.397
0.073
0.262
0.757
0.597
0.835
0.559
0.495
0.827
0.31
0.824
0.446
0.587
0.286
0.885
0.852
0.618
0.235
0.276
0.363
0.054
0.313
0.169
0.817
0.678
0.419
0.289
0.811
0.71
0.547
0.361
0.439
0.21
0.478
0.565
0.898
0.681
0.192
0.223
999
0.036
0.059
0.116
0.65
0.517
0.319
0.182
0.779
