0.049
0.467
0.693
0.343
0.579
0.973
0.988
0.928
0.942
0.58
0.351
0.671
0.922
0.203
0.103
0.231
0.529
0.682
0.567
0.55
0.257
0.939
0.67
0.11
0.181
ERROR
0.887
0.432
0.141
0.959
0.581
0.361
0.334
0.615
0.875
0.452
0.457
0.295
0.882
0.133
0.605
0.306
0.954
0.181
0.316
0.608
0.715
0.945
0.135
0.413
0.223
0.909
0.619
0.019
0.494
0.022
0.181
0.946
0.013
0.106
0.013
0.402
0.011
0.815
0.437
0.774
0.949
0.035
0.718
0.327
0.899
0.181
0.221
0.305
0.37
0.441
0.494
0.46
0.349
0.45
0.229
0.755
0.127
0.42
0.934
0.724
0.064
0.342
0.513
0.859
0.176
0.226
0.595
0.558
0.569
0.712
0.697
0.727
0.377
0.164
0.455
0.318
0.889
0.534
0.677
0.699
0.145
0.106
0.495
0.276
0.0
0.355
0.002
0.734
0.159
0.326
0.712
0.989
0.761
0.866
0.492
0.892
0.161
0.962
0.72
0.909
0.124
0.167
0.978
0.996
0.772
0.339
0.142
0.129
0.831
0.117
0.405
0.283
0.696
0.936
0.271
0.979
0.812
0.448
0.569
0.503
0.305
0.16
0.691
0.084
0.985
0.198
0.939
0.175
0.622
0.096
0.433
0.244
0.439
0.166
0.557
0.54
0.379
0.014
0.679
0.434
0.979
0.551
0.606
0.727
0.246
0.065
0.353
0.593
0.925
0.924
0.245
0.605
0.029
0.913
0.424
0.369
0.255
0.404
0.189
0.674
0.427
0.388
0.861
0.084
0.032
0.54
0.487
0.567
0.031
0.344
0.423
0.569
0.224
0.136
