0.457
0.177
0.387
0.022
0.879
0.48
0.255
0.634
0.958
0.116
0.612
0.146
0.453
0.025
0.671
0.536
0.846
0.828
0.593
0.35
0.642
0.437
0.761
0.128
0.011
0.287
0.406
0.958
0.852
0.532
0.313
0.157
0.917
0.461
0.218
0.529
0.938
0.387
0.625
0.161
0.438
0.148
0.794
0.464
0.668
0.846
0.949
0.796
0.088
0.67
0.717
0.603
0.596
0.686
0.569
0.058
0.92
0.526
0.107
0.776
0.443
0.754
0.46
0.474
0.346
0.651
0.556
0.104
0.103
0.935
0.729
0.114
0.713
0.296
0.357
0.487
0.537
0.922
0.618
0.818
0.431
0.404
0.551
0.927
0.645
0.453
0.212
0.532
0.035
0.629
0.01
0.267
0.044
0.926
0.4
0.585
0.441
0.701
0.594
0.197
0.403
0.791
0.083
0.915
0.901
0.456
0.663
0.279
0.052
0.313
0.761
0.967
0.512
0.664
0.342
0.321
0.346
0.935
0.612
0.607
0.034
0.368
0.532
0.788
0.182
0.93
0.131
0.807
0.139
0.486
0.864
0.691
0.659
0.204
0.982
0.327
0.351
0.633
0.243
0.887
0.435
0.733
0.779
0.172
0.579
0.038
0.817
0.974
0.191
0.449
0.096
0.351
0.902
0.015
0.241
0.612
0.596
0.158
ERROR
0.38
0.614
0.277
0.19
0.382
0.461
0.646
0.799
0.203
0.027
0.055
0.614
0.128
0.374
0.158
0.219
0.792
0.658
0.764
0.991
0.15
0.387
0.609
0.85
0.063
0.078
0.348
0.012
0.893
0.993
0.962
0.955
0.179
0.789
0.608
0.97
0.428
0.323
0.936
0.473
0.14
