0.825
0.185
0.797
0.634
0.836
0.168
0.56
0.066
0.678
0.444
0.552
0.5
0.803
0.507
0.841
0.019
0.195
0.59
0.196
0.917
0.87
0.956
0.746
0.089
0.207
0.78
0.304
0.761
0.596
0.275
0.647
0.053
0.926
0.438
0.777
0.707
0.533
0.775
0.7
0.848
0.947
0.968
0.194
0.888
0.665
0.728
0.713
0.728
0.217
0.591
0.64
0.693
0.617
0.728
0.916
0.38
0.587
0.859
0.872
0.717
0.199
0.14
0.065
0.485
0.002
0.898
0.47
0.399
0.165
0.806
0.512
0.152
0.003
0.754
0.338
0.449
0.405
0.775
0.403
0.161
0.283
0.743
0.273
0.911
0.053
0.887
0.407
0.707
0.308
0.841
0.859
0.347
0.223
0.689
0.261
0.273
0.318
0.101
0.298
0.81
0.792
0.54
0.499
0.336
0.844
0.194
0.858
0.209
0.38
0.594
0.253
0.8
0.287
0.685
0.861
0.433
0.081
0.139
0.721
0.667
0.167
0.244
0.226
0.295
0.069
0.546
0.304
0.753
0.97
0.887
0.941
0.518
0.099
0.464
0.643
0.812
0.882
0.962
0.06
0.688
0.501
0.284
0.856
0.216
0.468
0.961
0.164
0.929
0.614
0.836
0.787
0.839
0.744
0.466
0.84
0.624
0.822
0.024
0.835
999
0.333
0.305
0.18
0.965
0.889
0.24
0.727
0.544
0.073
0.254
0.413
0.366
0.229
0.245
0.795
0.839
0.163
0.715
0.187
0.682
0.265
0.552
0.025
0.9
0.338
0.724
0.166
0.616
0.218
0.261
0.418
0.817
0.793
0.021
0.757
0.22
0.888
0.831
0.574
0.346
0.079
0.813
0.085
0.673
0.257
0.431
0.032
0.554
0.706
0.32
0.851
0.155
0.658
0.009
0.667
0.389
0.867
0.447
0.795
0.539
0.166
0.69
0.276
0.392
0.178
0.702
0.345
0.831
0.09
0.754
0.843
0.275
0.045
0.347
0.58
0.631
0.123
0.573
0.242
0.925
0.864
0.277
0.096
0.144
0.58
0.033
0.534
0.235
0.528
0.817
0.606
0.168
0.15
0.86
0.233
0.097
0.488
0.437
0.798
0.983
0.986
0.455
0.392
0.823
0.257
0.705
0.981
0.724
0.135
0.694
0.626
0.834
0.435
0.818
0.04
0.039
0.617
0.985
0.11
0.53
0.854
0.416
0.572
0.092
0.399
0.694
0.133
0.246
0.447
0.304
0.238
0.15
0.498
0.405
0.081
0.295
0.54
0.126
0.867
0.569
0.308
0.406
0.916
0.095
0.381
0.07
0.699
0.642
0.858
0.678
0.146
0.124
0.847
0.704
0.425
0.636
0.919
0.662
0.342
0.051
0.604
0.289
0.293
0.537
0.108
0.864
0.837
0.266
0.12
0.188
999
0.43
0.069
0.625
0.182
0.056
0.154
0.731
0.75
0.497
0.629
0.763
0.366
0.827
0.007
0.14
0.549
0.504
0.752
0.678
0.208
0.36
0.826
0.838
0.325
0.158
0.93
0.451
0.146
0.734
0.965
0.076
0.24
0.413
0.054
0.654
0.231
0.165
0.161
0.049
0.414
0.489
0.772
0.523
0.048
999
0.944
0.08
0.574
999
0.211
0.222
0.076
0.279
0.633
0.234
0.046
0.353
0.679
0.836
0.811
0.843
0.0
0.227
0.93
0.884
0.803
0.671
0.654
0.911
0.43
0.237
0.528
0.392
0.576
0.101
0.525
0.449
0.139
0.505
0.533
0.36
0.452
0.744
0.773
0.447
0.388
0.11
0.162
0.572
0.435
0.672
0.776
0.066
0.526
0.716
0.766
0.391
0.674
0.01
0.373
0.787
0.488
0.852
0.859
0.116
0.336
0.173
0.138
0.327
0.235
0.705
0.53
0.06
0.69
0.579
0.673
0.207
0.193
0.055
0.139
0.194
0.819
0.056
0.76
0.39
0.171
0.162
0.889
0.927
0.301
0.014
0.814
0.093
0.584
0.665
0.786
0.912
0.914
0.124
0.962
0.72
0.453
0.514
0.17
0.713
0.011
0.031
0.766
0.727
0.444
0.277
0.305
0.177
0.402
0.532
0.323
0.424
0.348
0.992
0.638
0.461
0.717
0.534
0.003
0.297
0.285
0.361
0.674
0.624
0.754
0.077
0.758
0.708
0.016
0.965
0.837
0.95
0.448
0.542
0.267
0.04
0.135
0.271
0.95
0.031
0.586
0.0
0.748
0.042
0.02
0.589
0.487
0.857
0.674
0.075
0.99
0.522
0.785
0.149
0.004
0.105
0.507
0.322
0.872
0.232
0.19
0.545
0.049
0.134
0.385
0.518
0.642
0.887
0.896
0.401
0.267
0.441
0.277
0.576
0.555
0.234
0.722
0.783
0.138
0.547
0.97
0.446
0.64
0.061
0.957
0.781
0.907
0.237
0.279
0.345
0.448
0.147
0.019
0.193
0.566
0.737
0.964
0.778
0.621
0.42
0.175
0.245
0.831
0.43
0.533
0.888
0.183
0.887
0.832
0.146
0.841
0.87
0.051
0.342
0.026
0.715
0.745
0.068
0.555
0.053
0.179
0.335
0.389
0.974
0.362
0.805
0.977
0.146
0.356
0.958
0.233
0.179
0.756
0.556
0.781
0.163
0.285
0.681
0.235
0.208
0.306
0.81
0.822
0.316
0.52
0.302
0.292
0.239
0.727
0.482
0.757
0.562
0.192
0.995
0.794
0.032
0.574
0.885
0.559
999
0.966
0.401
0.446
0.239
0.121
0.247
0.727
0.446
0.6
0.913
0.371
0.324
0.814
0.862
0.648
0.035
0.179
0.763
0.714
0.91
0.137
0.78
0.696
0.176
0.33
0.314
0.282
0.892
0.935
0.52
0.43
0.43
0.809
0.177
0.678
0.096
0.778
0.869
0.081
0.285
0.686
0.657
0.367
0.148
0.804
0.819
0.502
0.208
0.651
0.17
0.479
0.378
0.362
0.354
0.776
0.483
0.381
0.381
0.745
0.059
0.416
0.937
0.777
0.368
0.36
0.152
0.325
0.537
0.422
0.652
0.505
0.288
0.345
0.086
0.016
0.059
0.765
0.513
0.959
0.756
0.852
0.046
0.866
0.894
0.742
0.982
0.743
0.72
0.139
0.701
0.854
0.626
0.081
0.352
0.297
0.207
0.571
0.513
0.119
0.133
0.566
0.485
0.777
0.263
0.682
0.832
0.876
0.759
0.322
0.457
0.692
0.371
0.486
0.204
0.193
0.205
0.155
0.728
0.714
0.413
0.345
0.529
0.422
0.755
0.231
0.447
0.147
0.74
0.996
0.564
0.249
0.258
0.626
0.155
0.688
0.135
0.414
0.929
0.939
0.96
0.074
0.54
0.01
0.624
0.327
0.412
0.871
0.239
0.772
0.038
0.037
0.404
0.598
0.834
0.035
0.502
0.724
0.781
0.729
0.892
0.853
0.667
0.971
0.449
0.145
0.968
0.118
0.466
0.848
0.22
0.816
0.1
0.348
0.813
0.728
0.175
0.097
0.271
0.222
0.442
0.76
0.249
0.837
0.836
0.473
0.602
0.849
0.19
0.976
0.654
0.731
0.626
0.59
0.814
0.867
0.148
0.791
0.285
0.363
0.212
0.477
0.602
0.522
0.868
0.18
0.723
0.981
0.474
0.224
0.685
0.237
0.011
0.66
0.299
0.745
0.5
0.615
0.323
0.015
0.297
0.557
0.596
0.233
0.226
0.439
0.965
0.011
0.54
0.174
0.873
0.377
0.458
0.59
0.911
0.559
0.596
0.449
0.047
0.182
0.823
0.041
0.413
0.771
0.586
0.115
0.145
0.074
0.622
0.914
0.963
0.966
0.407
0.418
0.416
0.872
0.267
0.196
0.824
0.157
0.881
0.417
0.287
0.596
0.477
0.041
0.904
0.937
0.057
0.146
0.182
0.969
0.138
0.345
0.684
0.486
0.093
0.241
0.464
0.508
0.956
0.632
0.713
0.653
0.964
0.74
0.721
0.635
0.544
0.737
0.234
0.307
999
0.802
0.083
0.822
0.838
0.547
0.389
1.0
0.105
0.998
0.82
0.403
0.889
0.567
0.411
0.672
0.686
0.313
0.971
0.881
0.536
0.09
999
0.616
0.892
0.322
0.899
0.95
0.226
0.651
0.97
0.419
0.475
0.244
0.549
0.483
0.312
0.786
0.26
0.02
0.064
0.402
0.503
0.493
0.093
0.405
0.876
0.316
0.62
0.993
0.143
0.437
0.538
0.685
0.84
0.096
0.245
0.133
0.489
0.368
0.929
0.024
0.165
0.593
0.021
999
0.273
0.698
0.008
0.926
0.378
0.409
0.395
