0.741
0.074
0.845
0.707
0.714
0.094
0.289
0.291
0.133
0.392
0.528
0.757
0.098
0.906
0.84
0.817
0.263
0.832
0.137
0.625
0.257
0.347
0.989
0.462
0.187
0.099
0.512
0.21
0.1
0.011
0.241
0.343
0.072
0.58
0.334
0.979
0.958
0.787
0.931
0.037
0.822
0.955
0.324
0.303
0.849
0.929
0.552
0.033
0.411
0.407
0.275
0.88
0.859
0.494
0.68
0.174
0.856
0.878
0.714
0.76
0.982
0.353
0.386
0.921
0.524
0.829
0.638
0.763
0.356
0.117
0.628
0.01
0.929
0.746
0.237
0.381
0.388
0.105
0.096
0.897
0.012
0.015
0.531
0.015
0.304
0.355
0.934
0.938
0.562
0.9
0.165
0.307
0.108
0.298
0.551
0.157
0.668
0.33
0.497
0.915
0.18
0.424
0.23
0.933
0.324
0.1
0.176
0.682
0.219
0.432
0.309
0.689
0.203
0.787
0.748
0.732
0.69
0.177
0.779
0.639
0.308
0.087
999
0.808
0.222
0.73
0.632
0.548
0.019
0.335
0.28
0.724
0.462
0.835
0.873
0.81
0.457
0.556
0.94
0.225
0.654
0.066
0.431
0.032
0.881
0.461
0.167
0.842
0.741
0.324
0.439
0.126
0.124
0.98
0.505
0.669
0.226
0.397
0.0
0.766
0.008
0.079
0.245
0.287
0.386
0.715
0.41
0.869
0.589
0.477
0.751
0.59
0.876
0.205
0.604
0.255
0.872
0.434
0.777
0.802
0.015
0.171
0.531
0.036
0.199
0.299
0.674
0.778
0.876
0.036
0.11
0.672
0.863
0.819
0.124
0.123
0.064
0.197
0.779
0.654
0.204
0.479
0.069
0.011
0.55
0.299
0.822
0.185
0.089
0.764
0.727
0.689
0.147
0.934
0.3
0.801
0.277
0.135
0.236
0.954
0.305
0.591
0.393
0.206
0.982
0.266
0.312
0.528
0.617
0.553
0.99
0.453
0.812
0.365
0.434
0.253
0.959
0.277
0.051
0.319
0.533
0.616
0.284
0.372
0.504
0.777
0.645
0.337
0.033
0.919
0.001
0.001
0.519
0.086
0.958
0.166
0.944
0.326
0.551
0.945
0.714
0.956
0.391
0.387
0.729
0.579
0.576
0.274
0.413
0.852
0.175
0.493
0.758
0.73
0.531
0.939
0.907
0.704
0.717
0.269
0.71
0.452
0.754
0.883
0.526
0.937
0.115
0.775
0.55
0.626
0.269
0.53
0.4
0.049
0.871
0.791
0.972
0.796
0.724
0.76
0.596
0.436
0.756
0.867
0.871
0.754
0.054
0.299
0.132
0.587
0.215
0.973
0.861
0.306
0.395
0.684
0.438
0.362
0.133
0.151
0.343
0.738
0.582
0.474
0.88
0.697
0.381
0.177
999
0.092
0.713
0.38
0.811
0.606
0.594
0.927
0.969
0.777
0.289
0.878
0.167
0.421
0.58
0.479
0.324
0.574
0.669
0.548
0.713
0.817
0.535
0.299
0.177
0.974
0.473
0.298
0.351
0.139
0.993
0.636
0.452
0.883
0.839
0.995
0.812
0.755
0.012
0.901
0.851
0.135
0.982
0.651
0.664
0.83
0.01
0.764
0.127
0.16
0.897
0.339
0.875
0.531
0.956
0.718
0.677
0.629
0.643
0.938
0.805
0.125
0.309
0.692
0.137
0.788
0.266
0.265
0.149
0.713
0.581
0.455
0.888
0.917
0.567
0.346
0.707
0.057
0.746
0.569
0.024
0.182
0.665
0.96
0.085
0.023
0.736
0.98
0.593
0.824
0.658
0.522
0.047
0.55
0.312
0.744
0.013
0.531
0.661
0.636
0.768
0.245
0.152
0.712
0.501
0.991
0.943
0.124
0.3
0.554
0.868
0.793
0.869
0.915
0.691
0.623
0.739
0.333
0.644
0.28
0.08
0.217
0.83
0.484
0.089
0.719
0.828
0.35
0.956
0.937
0.881
0.877
0.498
0.435
0.213
0.577
0.251
0.161
0.925
0.585
0.658
0.302
0.808
0.827
0.999
0.171
0.965
999
0.43
0.642
0.982
0.739
0.635
0.462
0.573
0.067
0.441
0.032
0.746
0.56
0.741
0.108
0.226
0.363
0.024
0.605
0.255
0.705
0.178
0.213
0.296
0.353
0.686
0.568
0.376
0.853
0.258
0.62
0.905
0.365
0.049
0.428
0.326
0.742
0.011
0.658
0.594
999
0.008
0.872
0.929
0.196
0.264
0.121
0.416
0.695
0.713
0.671
0.948
0.78
0.313
0.748
0.838
0.545
0.128
0.092
0.007
0.419
0.355
0.604
0.501
0.679
0.293
0.998
0.015
0.967
0.075
0.718
0.007
0.461
0.633
0.017
0.407
0.605
0.802
0.233
0.671
0.42
0.636
0.809
0.18
0.788
0.835
0.463
0.027
0.738
0.139
0.335
0.209
0.917
0.192
0.036
0.202
0.213
0.977
0.79
0.7
0.553
0.919
0.293
0.853
0.123
0.458
0.999
0.706
0.393
0.748
0.575
0.099
0.834
0.537
0.231
0.639
0.841
0.927
0.784
0.017
0.213
0.021
0.602
0.758
0.496
0.344
0.141
0.052
0.593
0.679
0.673
0.82
0.511
0.514
0.218
0.044
0.423
0.192
0.3
0.664
0.415
0.717
0.353
0.043
0.817
0.822
0.225
0.715
0.014
0.805
0.945
0.648
0.793
0.333
0.492
0.764
0.025
0.698
0.605
0.966
0.256
0.163
0.455
0.95
0.558
0.192
0.197
0.492
0.971
0.159
0.942
0.133
0.377
0.442
0.56
0.485
0.066
0.255
0.832
0.682
0.347
0.171
0.603
0.073
0.006
0.516
999
0.307
0.99
0.464
0.396
0.432
0.295
0.964
0.463
0.339
0.036
0.834
0.36
0.931
0.348
0.441
0.469
0.422
0.037
0.702
0.076
0.319
0.828
0.052
0.928
0.127
0.608
0.237
0.916
0.838
0.661
0.928
0.539
0.433
0.78
0.661
0.663
0.384
0.356
0.606
0.247
0.384
0.17
0.95
0.759
0.66
0.5
999
0.669
0.607
0.504
0.392
0.158
0.725
0.335
0.818
0.614
0.266
0.877
0.701
999
0.023
0.226
0.945
0.979
0.446
0.443
0.415
0.283
0.256
0.594
0.917
0.106
0.253
0.416
0.05
0.339
0.174
0.753
999
0.703
0.608
0.1
0.713
0.089
0.937
0.923
0.043
0.126
0.384
0.546
0.712
0.466
0.818
0.709
0.794
0.046
0.485
0.226
0.9
0.941
0.039
0.611
0.984
0.69
0.418
0.045
0.804
0.64
0.141
0.565
999
0.137
0.965
0.857
0.433
0.769
0.574
0.135
0.321
0.414
0.284
0.788
0.254
0.501
0.666
0.28
0.586
0.324
0.914
0.805
0.621
0.401
0.139
0.922
0.29
0.488
0.065
0.708
0.65
0.838
0.968
0.985
0.194
0.215
0.695
0.24
0.153
0.969
0.76
0.508
0.02
0.833
0.023
0.635
0.5
0.525
0.864
0.786
0.235
0.017
0.404
0.253
0.014
0.906
0.075
0.654
0.774
0.049
0.784
0.686
0.672
0.71
0.36
0.393
0.573
0.308
0.194
0.142
0.177
0.321
0.04
0.061
0.883
0.853
0.567
0.467
0.651
0.731
0.704
0.334
0.335
0.798
0.599
0.799
0.571
0.917
0.186
0.399
0.272
0.602
0.243
0.049
0.777
0.217
0.78
0.406
0.951
0.421
0.204
0.866
0.026
0.216
0.976
0.884
0.453
0.177
0.272
0.213
0.719
0.424
0.256
0.169
0.598
0.238
0.86
0.879
0.076
0.964
0.346
0.958
0.515
0.773
0.085
0.264
0.419
0.791
0.146
0.331
0.025
0.977
0.463
0.456
0.132
0.063
0.115
0.157
0.25
0.388
0.747
0.204
0.271
0.57
0.898
0.424
0.678
0.989
0.465
0.437
0.497
0.849
0.242
0.034
0.98
0.724
0.519
0.797
0.781
0.716
0.091
0.108
0.825
0.929
0.649
0.34
0.148
0.586
0.46
0.134
0.274
0.207
0.343
0.596
0.11
0.586
0.944
0.592
0.811
0.049
0.455
0.128
0.844
0.662
0.688
0.284
0.036
0.404
0.812
0.34
0.603
0.568
0.461
0.208
0.043
0.157
0.364
0.993
0.743
0.261
0.693
0.057
0.635
0.724
0.862
0.948
0.214
0.702
0.821
0.362
0.176
0.394
0.304
0.722
0.615
0.76
0.441
0.839
0.459
0.828
0.567
0.344
0.401
0.172
0.527
0.943
0.972
0.108
0.541
0.006
