0.541
0.866
0.457
0.653
0.033
0.534
0.067
0.665
0.468
0.724
0.494
0.182
0.965
0.352
0.561
0.095
0.27
0.017
0.217
0.994
0.258
0.214
0.756
0.897
0.546
0.89
0.662
0.152
0.642
0.048
0.178
0.941
0.084
0.182
0.943
0.751
0.831
0.396
0.768
0.504
0.012
0.746
0.863
0.532
0.771
0.533
0.53
0.404
0.737
0.6
0.597
0.961
0.464
0.493
0.534
0.236
0.278
0.767
0.446
0.874
0.201
0.486
0.203
0.302
0.51
0.616
0.442
0.204
0.058
0.99
0.337
0.73
0.502
0.361
0.924
0.082
0.394
0.351
0.174
0.673
0.061
0.867
0.667
0.687
0.578
0.831
0.819
0.203
0.811
0.492
0.347
0.859
0.883
0.721
0.616
0.28
0.614
0.963
0.997
0.355
0.219
0.669
0.59
0.719
0.353
0.518
0.841
0.664
0.558
0.464
0.667
0.079
0.407
0.642
0.349
0.952
0.948
0.339
0.417
0.654
0.393
0.657
0.374
0.962
0.847
0.341
0.882
0.849
0.654
0.104
0.108
0.285
0.62
0.294
0.044
0.579
0.998
0.609
0.698
0.109
0.937
0.801
0.022
0.92
0.55
0.867
0.699
0.67
0.425
0.302
0.693
0.893
0.161
0.145
0.742
0.883
0.193
0.165
0.456
0.533
0.668
0.747
0.359
0.139
0.244
0.83
0.391
0.113
0.284
0.86
0.112
0.005
0.599
0.801
0.223
0.44
0.807
0.343
0.181
0.049
0.12
0.688
0.785
0.438
0.641
0.719
0.533
0.156
0.544
0.104
0.844
0.15
0.837
0.585
0.966
0.351
0.587
0.724
0.107
0.969
