0.59
0.006
0.906
0.35
0.498
0.494
0.252
0.732
0.587
0.507
0.414
0.964
0.376
0.753
0.113
999
0.996
0.645
0.205
0.224
0.402
0.601
0.578
0.712
0.962
0.349
0.472
0.216
0.152
0.543
0.824
0.185
0.695
0.715
0.373
0.718
0.16
0.98
0.066
0.074
0.242
0.192
0.091
0.677
0.077
0.608
0.158
0.525
0.56
0.594
0.377
0.52
0.477
0.109
0.724
0.158
0.058
0.03
0.987
0.498
0.811
0.345
0.756
0.422
0.23
0.473
0.634
0.292
0.882
0.439
0.752
0.921
0.168
0.557
0.493
0.596
0.596
0.452
0.486
0.023
0.008
0.533
0.495
0.805
0.099
0.531
0.426
0.205
0.384
0.975
0.079
0.471
0.354
0.25
0.327
0.879
0.299
0.623
0.793
0.144
0.161
0.794
0.046
0.856
0.635
0.67
0.61
0.961
0.349
0.43
0.163
0.835
0.739
0.853
0.772
0.279
0.107
0.319
0.012
0.044
0.618
0.574
0.544
0.68
0.016
0.843
0.791
0.342
0.067
0.857
0.076
0.101
0.184
0.683
0.682
0.533
0.585
0.926
0.511
0.924
0.343
0.391
0.582
0.931
0.51
0.193
0.675
0.263
0.182
0.001
0.139
0.601
0.461
0.564
0.371
0.673
0.711
0.055
0.532
0.891
0.712
0.215
0.263
0.026
0.877
0.428
0.285
0.988
0.523
0.499
0.089
0.383
0.763
0.556
0.951
0.046
0.798
0.953
0.956
0.873
0.957
0.642
0.019
0.302
0.706
0.993
0.463
0.963
0.367
0.537
0.019
0.801
0.427
0.324
0.941
0.804
0.559
0.814
0.986
0.149
0.07
0.178
0.522
0.672
0.148
0.385
0.745
0.119
0.428
0.836
0.042
0.307
0.499
0.029
0.249
0.06
0.29
0.823
0.246
0.932
0.693
0.457
0.618
0.969
0.595
0.415
0.275
0.404
0.009
0.198
0.096
0.408
0.638
0.513
0.125
0.272
0.554
0.325
0.042
0.524
0.299
0.368
0.38
0.605
0.54
0.372
0.949
0.996
0.077
0.986
0.998
0.513
0.758
0.85
0.032
0.882
0.799
0.179
0.716
0.249
0.721
0.114
0.287
0.145
0.739
0.618
0.461
0.426
0.595
0.083
0.499
0.047
0.351
0.657
0.657
0.471
0.243
0.207
0.445
0.85
0.868
0.812
0.791
0.518
0.013
0.366
0.678
0.946
0.507
0.339
0.432
0.401
0.881
0.021
0.376
0.308
0.174
0.032
0.391
0.477
0.165
0.73
0.399
0.082
0.763
0.637
0.867
0.161
0.563
0.92
0.103
0.878
0.184
0.564
0.06
0.922
0.212
0.103
0.283
0.623
0.44
0.449
0.502
0.976
0.504
0.459
0.366
0.983
0.919
0.576
0.911
0.376
0.002
0.689
0.369
0.116
0.565
0.121
0.034
0.754
0.03
0.531
0.567
0.283
0.908
0.984
0.84
0.887
0.79
0.326
0.155
0.615
0.899
0.404
0.05
0.507
0.957
0.385
0.277
0.459
0.578
0.583
0.99
0.699
0.249
0.583
0.561
0.301
0.734
0.995
0.949
0.002
0.596
0.201
0.515
0.248
0.096
0.904
0.851
0.915
0.187
0.106
0.788
0.478
0.88
0.617
0.728
0.52
0.386
0.923
0.678
0.01
0.945
0.685
0.149
0.489
0.185
0.889
0.748
0.222
0.165
0.264
0.304
0.715
0.131
0.504
0.157
0.325
0.928
0.282
0.78
0.726
0.984
0.994
0.784
0.184
0.165
0.802
0.824
0.792
0.297
0.957
0.364
0.93
0.413
0.532
0.952
0.282
0.332
0.48
0.022
0.728
0.903
0.021
0.369
0.754
0.314
0.165
0.577
0.139
0.233
0.091
0.308
0.701
0.295
0.31
0.979
0.865
0.208
0.947
0.415
0.513
0.566
0.105
0.205
0.499
0.433
0.611
0.901
0.878
0.954
0.51
0.449
0.023
0.082
0.755
0.781
0.629
0.953
0.364
0.872
0.929
0.118
0.119
0.934
0.03
0.408
0.984
0.775
0.482
0.263
0.467
0.264
0.274
0.895
0.359
0.697
0.029
0.32
0.793
0.293
0.982
0.122
0.609
0.385
0.133
0.437
0.292
0.036
0.51
0.865
0.869
0.143
0.119
0.507
0.363
0.484
0.067
0.944
0.847
0.848
0.816
0.404
0.295
0.522
0.53
0.731
0.829
0.723
0.324
0.96
0.746
0.022
0.521
0.465
0.776
0.485
0.723
0.639
0.332
0.084
0.293
0.604
0.511
0.394
0.899
0.595
0.753
0.102
0.171
0.261
0.127
0.736
0.264
0.847
0.778
0.799
0.127
0.293
0.754
0.6
0.547
0.274
0.281
0.939
0.143
0.541
0.401
0.734
0.805
0.986
0.27
0.539
0.136
0.954
0.249
0.13
0.65
0.356
0.33
0.132
0.439
0.025
0.665
0.563
0.231
0.066
0.44
0.708
0.537
0.57
0.136
0.277
0.319
0.211
0.832
0.723
0.451
0.981
0.832
0.32
0.101
0.024
0.812
0.502
0.695
0.335
0.661
0.64
0.353
0.028
0.94
0.789
0.74
0.224
0.497
0.018
0.467
0.895
0.194
0.263
0.271
0.256
0.85
0.682
0.386
0.098
0.966
0.142
0.01
0.931
0.785
0.361
0.909
0.798
0.087
0.291
0.283
0.164
0.894
0.939
0.257
0.453
0.576
0.986
0.416
0.766
0.766
0.487
0.18
0.688
0.391
0.595
0.611
0.861
0.287
0.997
0.615
0.32
0.372
0.709
0.655
0.686
0.125
0.785
0.934
0.175
0.678
0.297
0.731
0.571
0.075
0.173
0.564
0.251
0.972
0.462
0.796
0.971
0.01
0.74
0.568
0.865
0.944
0.46
0.625
0.514
0.177
0.502
0.794
0.152
0.459
0.497
0.381
0.61
0.011
0.8
0.103
0.412
0.506
0.218
0.697
0.257
0.626
0.963
0.706
0.424
0.13
0.003
0.501
0.58
0.475
0.303
0.713
0.592
0.285
0.563
0.178
0.589
0.866
0.03
0.467
0.435
0.16
0.222
0.697
0.453
0.477
0.475
0.359
0.938
0.499
0.956
0.037
0.073
0.089
0.933
0.21
0.164
0.865
0.567
0.796
0.758
0.722
0.986
0.122
0.216
0.999
0.098
0.578
0.352
0.5
0.849
0.426
0.658
0.648
0.264
0.673
0.549
0.812
0.449
0.101
0.945
0.078
0.117
0.646
0.201
0.504
0.455
0.207
0.501
0.838
0.665
0.837
0.363
0.892
0.589
0.541
0.862
0.963
0.708
0.138
0.751
0.316
0.233
0.93
0.365
0.228
0.057
0.76
0.688
0.893
0.585
0.942
0.59
0.061
0.995
0.14
0.183
0.28
0.24
0.56
0.599
0.949
0.8
0.277
0.168
0.13
0.52
0.723
0.442
0.287
0.611
0.743
0.191
0.104
0.27
0.251
0.965
0.506
0.333
0.1
0.857
0.777
0.233
0.017
0.045
0.191
0.144
0.551
0.407
0.579
0.75
0.514
0.665
0.614
0.061
0.322
0.242
0.479
0.041
0.553
0.945
0.814
0.318
0.219
0.97
0.602
999
0.046
0.785
0.596
0.322
0.703
0.908
0.479
0.707
0.946
0.715
0.981
0.282
0.571
0.439
0.899
0.348
0.678
0.092
0.956
0.895
0.673
0.878
0.379
0.924
0.572
0.837
0.813
0.447
0.081
0.533
0.891
0.701
0.947
0.423
0.876
0.096
0.001
0.498
0.457
0.64
0.104
0.24
0.244
0.382
0.151
0.892
0.906
0.593
0.262
0.332
0.184
0.038
0.992
0.45
0.888
0.396
0.578
0.332
0.132
0.616
0.582
0.557
0.148
0.846
0.593
0.655
0.823
0.395
0.557
0.859
0.471
0.156
0.606
0.592
0.652
0.005
0.494
0.225
0.79
0.341
0.727
0.769
0.383
0.176
0.798
0.039
0.631
0.453
0.688
0.409
0.375
0.319
0.151
0.256
0.609
0.978
0.878
0.327
0.852
0.554
0.036
0.086
0.66
0.678
0.714
0.237
0.557
0.99
0.043
0.322
999
999
0.802
0.514
0.071
0.374
0.023
0.122
0.985
0.626
0.809
0.803
0.176
0.226
0.401
0.543
0.071
0.529
0.027
0.079
0.63
0.898
0.953
0.463
0.844
0.987
0.506
0.073
0.576
0.701
0.567
0.575
0.942
0.672
0.935
0.751
0.241
0.629
0.128
0.699
0.963
0.724
0.094
0.873
0.086
0.367
0.653
0.646
0.778
0.463
0.22
