0.232
0.733
0.376
0.477
0.058
0.588
0.698
0.063
0.588
0.034
0.446
0.105
0.169
0.056
0.587
999
0.297
0.46
0.196
0.258
0.429
0.148
0.691
0.838
0.135
0.282
0.036
0.984
0.115
0.09
0.733
0.885
0.464
0.587
0.395
0.2
0.189
0.039
0.998
0.032
0.071
0.112
0.749
0.348
0.988
0.568
0.627
0.76
0.201
0.745
0.958
0.216
0.698
0.623
0.584
0.872
0.539
0.584
0.067
0.143
0.657
0.026
0.53
0.829
0.14
0.249
0.391
0.965
0.521
0.513
0.72
0.504
0.006
0.948
0.888
0.82
0.933
0.616
0.913
0.005
0.436
0.184
0.016
0.094
0.602
0.782
0.261
0.222
0.065
0.888
0.624
0.159
0.678
0.975
0.206
0.987
0.149
0.03
0.032
0.787
0.437
0.141
0.025
0.593
0.876
0.153
0.999
0.134
0.539
0.055
0.758
0.101
0.647
0.579
999
0.758
0.795
0.087
0.069
0.436
0.645
0.855
0.011
0.372
0.635
0.491
0.333
0.986
0.891
0.414
0.396
0.488
0.286
0.225
0.162
0.711
0.081
0.54
0.088
0.817
0.536
0.081
0.546
0.56
0.574
0.635
0.72
0.375
0.187
0.601
0.463
0.88
0.827
0.374
0.833
0.49
0.02
0.998
0.262
0.284
0.154
0.746
0.135
0.26
0.052
0.36
0.262
0.932
0.295
0.16
0.797
0.268
0.644
0.9
0.652
0.212
0.155
0.362
0.631
0.495
0.936
0.551
0.911
0.067
0.22
0.135
0.859
0.17
0.852
0.944
0.763
0.683
0.855
0.583
999
0.383
0.185
0.441
0.18
0.937
0.863
0.206
0.637
0.729
0.879
0.604
0.241
0.919
0.989
0.249
0.23
0.514
0.053
0.344
0.296
0.002
0.953
0.502
0.756
0.542
0.906
0.732
0.227
0.546
0.978
0.56
0.6
0.359
0.587
0.182
0.372
0.386
0.222
0.376
0.109
0.08
0.153
0.819
0.83
0.182
0.414
0.4
0.456
0.639
0.612
0.746
0.373
0.721
0.55
0.635
0.943
0.604
0.966
0.077
0.641
0.29
0.414
999
0.086
0.866
0.18
0.831
0.344
0.161
0.319
0.008
0.979
0.145
0.584
0.486
0.684
0.217
0.963
0.804
0.339
0.252
0.005
0.429
0.196
0.893
0.13
0.168
0.871
0.898
0.941
0.52
0.315
0.467
0.542
0.779
0.03
0.735
0.662
0.342
0.845
0.887
0.683
0.155
0.175
0.677
0.706
0.536
0.884
0.598
0.177
0.777
0.957
0.961
0.558
0.901
0.128
0.284
0.767
0.851
0.797
0.541
0.653
0.775
0.818
0.007
0.931
0.307
0.221
0.906
0.51
0.646
0.517
0.591
0.938
0.511
0.035
0.441
0.69
0.483
0.478
0.766
0.902
0.18
0.434
0.8
0.027
0.729
0.671
0.115
0.225
0.888
0.74
0.835
0.42
0.528
0.546
0.359
0.862
0.044
0.38
0.445
0.019
0.203
0.568
0.222
0.036
0.068
0.269
0.153
0.156
0.28
0.8
0.031
0.947
0.659
0.731
0.214
0.839
0.491
0.615
0.431
0.562
0.724
0.762
0.638
0.34
0.67
0.041
0.59
0.12
0.316
0.1
0.919
0.004
0.739
0.606
0.407
0.227
0.613
0.479
0.379
0.02
0.257
0.453
0.612
0.074
0.671
0.76
0.092
0.729
0.399
999
0.079
0.295
0.168
0.004
0.44
0.662
0.534
0.068
0.437
0.252
0.333
0.789
0.174
0.433
0.091
0.215
0.311
0.971
0.612
0.09
0.838
0.3
0.518
0.719
0.2
0.446
0.704
0.041
0.664
0.191
0.17
0.776
0.762
0.739
0.031
0.818
0.556
0.216
0.299
0.089
0.432
0.482
0.205
0.519
0.8
0.982
0.5
0.909
0.139
0.701
0.147
0.278
0.53
0.717
0.507
0.466
0.633
0.148
0.92
0.685
0.114
0.245
0.852
0.66
0.531
0.932
0.263
0.064
0.173
0.646
0.266
0.529
0.502
0.863
0.502
0.764
0.551
0.951
0.37
0.964
0.83
0.691
0.031
0.172
0.461
0.08
0.019
0.117
0.016
0.973
0.561
0.003
0.981
0.68
0.517
0.282
0.13
0.925
0.485
0.891
0.99
0.038
0.383
0.007
0.276
0.905
0.503
0.725
0.436
0.386
0.067
0.425
0.347
0.751
0.467
0.855
0.965
0.838
0.861
0.612
0.544
0.805
0.659
0.332
0.068
0.679
0.987
0.404
0.751
0.399
0.593
0.283
0.371
0.999
0.098
0.89
0.29
0.224
0.898
0.165
0.349
0.394
0.204
0.347
0.798
0.327
0.915
0.638
0.066
0.672
0.288
0.654
0.361
0.872
0.63
0.333
0.989
0.213
0.955
0.153
0.801
0.485
0.772
0.31
0.417
0.077
0.71
0.279
0.541
0.957
0.169
0.852
0.091
0.843
0.301
0.47
0.341
0.979
0.03
0.143
0.041
0.451
0.012
0.786
0.371
0.687
0.71
0.673
0.751
0.389
0.436
0.665
0.873
0.128
0.707
999
0.287
0.772
0.1
0.218
0.48
0.972
0.706
0.681
0.745
0.603
0.983
0.871
0.078
0.562
0.553
0.247
0.421
0.42
0.863
0.92
0.591
0.902
0.41
0.013
0.28
0.724
0.138
0.184
0.239
0.216
0.889
0.657
0.036
0.357
0.581
0.673
0.857
0.44
0.995
0.591
0.828
0.41
0.012
0.138
0.396
0.585
0.75
0.061
0.98
0.805
0.233
0.694
0.03
0.746
0.46
0.805
0.987
0.133
0.346
0.973
0.431
0.308
0.318
0.415
0.093
0.837
0.889
0.908
0.23
0.76
0.045
0.519
0.032
0.869
0.442
0.135
0.368
0.699
0.7
0.554
0.214
0.218
0.222
0.358
0.488
0.496
0.657
0.509
0.493
0.773
0.444
0.493
0.634
0.867
0.738
0.459
0.372
0.932
0.622
0.76
0.017
0.104
0.467
0.245
0.31
0.72
0.747
0.26
0.087
0.589
0.409
0.43
0.386
0.498
0.109
0.526
0.786
0.97
0.069
0.648
0.869
0.404
0.432
0.059
0.788
0.761
0.091
0.642
0.066
0.802
0.243
0.302
0.356
0.924
0.171
0.278
0.039
0.869
0.438
0.978
0.206
0.544
0.255
0.135
0.004
0.779
0.926
0.327
0.12
0.285
0.353
0.432
0.511
0.368
0.501
0.539
0.394
0.132
0.283
0.689
0.412
0.039
0.01
0.999
0.074
0.588
0.573
0.556
0.662
0.073
0.72
0.694
0.732
0.358
0.484
0.128
0.641
0.655
0.563
0.875
0.531
0.208
0.477
0.35
0.413
0.928
0.207
0.094
0.165
0.696
0.131
0.97
0.096
0.271
0.144
0.636
0.299
0.78
0.825
0.177
0.366
0.805
0.568
0.832
0.596
0.648
0.205
0.312
0.133
0.861
0.067
0.987
0.531
0.849
0.436
0.383
0.386
0.55
0.998
0.91
0.745
0.102
0.993
0.853
0.105
0.756
0.23
0.577
0.786
0.645
0.183
0.42
0.954
0.99
0.055
0.633
0.259
0.294
0.27
0.434
0.036
0.906
0.769
0.791
0.235
0.094
0.261
0.264
0.73
0.92
0.051
0.356
0.909
0.312
0.598
0.955
0.733
0.835
0.81
0.633
0.855
0.582
0.254
0.667
0.689
0.902
0.234
0.572
0.054
0.474
0.073
0.141
0.828
0.133
0.534
0.317
0.241
0.917
0.693
0.051
0.292
0.177
0.099
0.014
0.333
0.521
0.075
0.809
0.742
0.326
0.815
0.892
0.746
0.002
0.846
0.026
0.164
0.516
0.616
0.815
0.906
0.515
0.18
0.875
0.668
0.604
0.979
0.548
0.29
0.379
0.678
0.451
0.443
0.437
0.219
0.702
0.691
0.344
0.535
0.113
0.284
0.157
0.355
0.954
0.69
0.95
0.258
0.888
0.587
0.456
0.291
0.861
0.397
0.792
0.152
0.241
0.642
0.527
0.754
0.451
0.434
0.514
0.178
0.507
0.319
0.641
0.66
0.762
0.421
0.503
0.355
0.63
0.329
0.772
0.21
0.759
0.709
0.73
0.749
0.688
0.469
0.016
0.84
0.778
0.134
0.583
0.66
0.929
0.17
0.412
0.394
0.83
0.043
0.287
0.706
0.295
0.607
0.488
0.04
0.21
0.43
0.38
0.64
0.089
0.886
0.405
0.242
0.94
0.847
0.549
0.904
0.683
0.949
0.753
0.61
0.795
0.488
