0.757
0.453
0.417
0.407
0.319
0.705
0.492
0.657
0.516
0.243
0.14
0.841
0.815
0.81
0.982
0.329
0.87
0.014
0.494
0.796
0.272
0.755
0.227
0.349
0.403
0.652
0.65
0.28
0.08
0.751
0.874
0.635
0.197
0.235
0.764
0.289
0.51
0.381
0.239
0.53
0.813
0.216
0.649
0.116
0.628
0.752
0.043
0.856
0.091
0.706
0.573
0.583
0.708
0.041
0.161
0.914
0.2
0.142
0.58
0.532
0.291
0.038
0.287
0.379
0.314
0.682
0.386
0.374
0.865
0.448
0.848
0.625
0.492
0.227
0.768
0.494
0.687
0.674
0.607
0.715
0.321
0.456
0.506
0.335
0.194
0.114
0.096
0.231
0.29
0.344
0.858
0.084
0.03
0.073
0.596
0.993
0.363
0.058
0.657
0.38
0.197
0.478
0.972
0.825
0.52
0.465
0.841
0.954
0.684
0.201
0.031
0.143
0.857
0.593
0.723
0.06
0.296
0.608
0.111
0.8
0.769
0.25
0.752
0.976
0.744
0.204
0.48
0.522
0.824
0.821
0.021
0.5
0.147
0.593
0.598
0.101
0.486
0.655
0.672
0.131
0.366
0.115
0.04
0.182
0.182
0.51
0.729
0.754
0.655
0.462
0.015
0.086
0.041
0.519
0.571
0.837
0.635
0.522
0.988
0.518
0.386
0.44
0.184
0.678
0.949
0.262
0.891
0.545
0.136
0.143
0.513
0.042
0.369
0.083
0.173
0.122
0.125
0.023
0.275
0.543
0.54
0.347
0.396
0.166
0.097
0.661
0.649
0.746
0.381
0.102
0.666
0.162
0.645
0.367
0.251
0.838
0.49
0.248
0.42
0.534
