0.142
0.656
0.679
0.242
0.294
0.864
0.108
0.25
0.757
0.681
0.074
0.519
0.83
0.972
0.674
0.825
0.164
0.558
0.098
0.098
0.047
0.761
0.71
0.507
0.049
0.819
0.536
0.445
0.151
0.682
0.934
0.172
0.832
0.671
0.433
0.217
999
0.287
0.834
0.787
0.231
0.399
0.959
0.798
0.3
0.644
0.883
0.82
0.747
0.769
0.406
0.099
0.386
0.272
0.827
0.39
0.449
0.148
0.079
0.133
0.505
0.832
0.073
0.15
0.589
0.339
0.986
0.302
0.822
0.98
0.963
0.451
0.962
0.795
0.755
0.656
0.09
0.793
0.597
0.149
0.452
0.562
0.453
0.432
0.092
0.185
0.19
0.391
0.109
0.882
0.996
0.1
0.777
0.308
0.617
0.5
0.745
0.354
0.29
0.383
0.898
0.688
0.375
0.914
0.759
0.62
0.424
0.955
0.617
0.269
0.31
0.536
0.155
0.129
0.652
0.615
0.481
0.433
0.331
0.46
0.534
0.285
0.223
0.026
0.192
0.478
0.776
0.098
0.058
0.056
0.696
0.606
0.096
0.461
0.331
0.615
0.145
0.286
0.846
0.767
0.288
0.499
0.41
0.335
0.946
0.888
0.34
0.604
0.411
0.733
0.347
0.171
0.058
0.714
0.769
0.6
0.112
0.144
0.723
0.909
0.402
0.711
0.653
0.923
0.886
0.501
0.847
0.555
0.281
0.006
0.087
0.603
0.054
0.289
0.849
0.744
0.425
0.293
0.076
0.697
0.608
0.395
0.76
0.004
0.595
0.747
0.124
0.958
0.615
0.316
0.888
0.771
0.651
0.851
0.054
0.137
0.944
0.878
0.786
0.657
0.863
0.95
0.943
0.303
0.966
0.984
0.71
0.007
0.739
0.495
0.33
0.271
0.118
0.751
0.35
0.377
0.859
0.642
0.437
0.998
0.605
0.344
0.427
0.372
0.013
0.361
0.117
0.515
0.553
0.932
0.861
0.971
0.176
0.258
0.713
0.831
0.37
0.431
0.813
0.212
0.205
0.113
0.359
0.411
0.623
0.408
0.452
0.002
0.266
0.605
0.155
0.331
0.994
0.038
0.016
0.489
0.583
0.351
0.076
0.931
0.703
0.334
0.833
0.064
0.143
0.312
0.073
0.295
0.227
0.718
0.859
0.101
0.354
0.357
0.959
0.003
0.161
0.226
0.042
0.274
0.276
0.928
0.254
0.982
0.877
0.617
0.859
0.738
0.195
0.537
0.07
0.901
0.656
0.87
0.751
0.729
0.162
0.274
0.369
0.24
0.344
0.914
0.047
0.587
0.095
0.438
0.447
0.104
0.173
0.734
0.035
0.599
0.006
0.07
0.02
0.098
0.068
0.679
0.846
0.235
0.561
0.776
0.564
0.761
0.135
0.31
0.257
0.731
0.87
0.23
0.876
0.63
0.728
0.22
0.647
0.447
0.232
0.358
0.954
0.676
0.099
0.696
0.458
0.627
0.269
0.272
0.83
0.396
0.536
0.822
0.43
0.244
0.248
0.337
0.654
0.31
0.501
0.746
0.204
0.398
0.849
0.746
0.535
0.873
0.873
0.867
0.724
0.247
0.705
0.963
0.354
0.572
0.422
0.679
0.39
0.388
0.533
0.418
0.468
0.218
0.982
0.654
0.676
0.687
0.278
0.366
0.363
0.199
0.475
0.967
0.698
0.496
0.391
0.483
0.395
0.465
0.654
0.808
0.315
0.294
0.999
0.632
0.804
0.735
0.338
0.998
0.879
0.92
0.393
0.023
0.248
0.278
0.066
0.734
0.411
0.772
0.742
0.052
0.874
0.941
0.337
0.249
0.445
0.424
0.998
0.216
0.025
0.425
0.585
0.442
0.774
0.443
0.568
0.078
0.02
0.564
0.829
0.635
0.323
0.889
0.017
0.459
0.78
0.545
0.157
0.976
0.93
0.589
0.036
0.325
0.432
0.449
0.711
0.539
0.789
0.485
0.637
0.499
0.911
0.327
0.183
0.01
0.729
0.362
0.277
0.742
0.221
0.936
0.579
0.425
0.618
0.862
0.094
0.643
0.725
0.318
0.405
0.123
0.039
0.303
0.406
0.495
0.888
0.672
0.741
0.627
0.358
0.581
0.356
0.284
0.892
0.124
0.523
0.875
0.695
0.182
0.329
0.075
0.281
0.415
0.276
0.817
0.681
0.147
0.771
0.849
0.896
0.513
0.99
0.1
0.162
0.272
0.586
0.005
0.623
0.595
0.106
0.431
0.632
0.565
0.67
0.371
0.22
0.066
0.144
0.425
0.567
0.649
0.851
0.417
0.894
0.186
0.513
0.961
0.494
0.348
0.496
0.418
0.077
0.052
0.623
0.61
0.019
0.577
0.84
0.26
0.756
0.57
0.699
0.2
0.808
0.449
0.495
0.683
0.357
0.383
0.705
0.825
0.083
0.367
0.275
0.425
0.109
0.692
0.3
0.721
0.306
0.261
0.211
0.862
0.808
0.282
0.957
0.271
0.635
0.382
0.992
0.955
0.287
0.028
0.931
0.608
0.216
0.088
0.953
0.244
0.196
0.996
0.71
0.975
0.072
0.444
0.465
0.25
0.215
0.169
0.637
0.091
0.972
0.904
0.586
0.345
0.809
0.922
0.746
0.02
0.145
0.409
0.163
0.609
0.905
0.402
0.104
0.765
0.068
0.475
0.623
0.646
0.9
0.931
0.446
0.616
0.878
0.33
0.613
0.22
0.539
0.785
0.978
0.885
0.436
0.54
0.298
0.649
0.594
0.281
0.813
0.621
0.37
0.045
0.549
0.743
0.792
0.261
0.495
0.561
0.167
0.984
0.627
0.51
0.644
0.599
0.612
0.669
0.247
0.198
0.234
0.202
0.254
0.678
0.223
0.71
0.471
0.951
0.297
0.178
0.941
0.129
0.594
0.826
0.856
0.058
0.244
0.594
0.315
0.003
0.498
0.78
0.001
0.08
0.361
0.075
0.799
0.511
0.025
0.47
0.163
0.928
0.278
0.064
0.431
0.498
0.995
0.146
0.692
0.657
0.855
0.411
0.726
0.334
0.902
0.509
0.776
0.307
0.406
0.582
0.021
0.121
0.27
0.597
0.485
0.376
0.185
0.662
0.234
0.292
0.976
999
0.388
0.012
0.221
0.525
0.894
0.135
0.733
0.965
0.087
0.187
0.403
0.102
0.39
0.137
0.584
0.867
0.105
0.488
0.72
0.203
0.276
0.642
0.106
0.734
0.135
0.307
0.254
0.525
0.8
0.584
0.098
0.055
0.767
0.379
0.22
0.151
0.451
0.915
0.586
0.4
0.757
0.406
0.795
0.487
0.187
0.521
0.724
0.343
0.257
0.336
0.16
0.508
0.401
0.558
0.991
0.932
0.59
0.346
0.157
0.942
0.04
0.102
0.231
0.154
0.434
0.18
0.885
0.806
0.146
0.919
0.775
0.674
0.455
0.268
0.116
0.83
0.841
0.914
0.56
0.232
0.56
0.322
0.568
0.782
0.933
0.257
0.013
0.929
0.167
0.853
0.993
0.931
0.445
0.788
0.965
0.45
0.174
0.161
0.593
0.868
0.671
0.707
0.875
0.474
0.065
0.571
0.608
0.462
0.87
0.014
0.841
0.668
0.093
0.26
0.016
0.313
0.689
0.217
0.634
0.593
0.852
0.67
0.229
0.994
0.959
0.799
0.383
0.088
0.937
0.248
0.964
0.101
0.265
0.802
0.208
0.87
0.441
0.548
0.461
0.591
0.942
0.415
0.98
0.637
0.967
0.518
0.117
0.772
0.736
0.238
0.706
0.305
0.147
0.625
0.117
0.452
0.037
0.755
0.622
0.213
0.065
0.295
0.324
0.798
0.513
0.382
0.884
0.435
0.495
0.565
0.362
0.068
0.831
0.473
0.889
0.776
0.832
0.219
0.456
0.809
0.356
0.767
0.217
0.575
0.337
0.998
0.371
0.337
0.643
0.072
0.724
0.957
0.454
0.988
0.386
0.168
0.181
0.886
0.496
0.292
0.738
0.566
0.246
0.587
0.917
0.639
0.812
0.969
0.537
0.299
0.826
0.784
0.176
0.962
0.231
0.023
0.144
0.373
0.382
0.408
0.851
0.428
0.41
0.696
0.827
0.502
0.456
0.997
0.336
0.732
0.53
0.858
0.714
0.247
0.573
0.009
0.369
0.232
0.236
0.79
0.352
0.485
0.445
0.133
0.798
0.399
0.141
0.568
0.59
0.203
0.966
0.665
0.266
0.592
0.417
0.51
0.368
0.559
0.376
0.957
0.022
0.354
0.011
0.64
0.159
0.119
0.164
0.68
0.543
0.78
0.922
0.451
0.471
0.609
0.582
0.543
0.377
0.579
0.528
0.491
0.048
0.372
