0.364
0.276
0.605
0.231
0.2
0.789
0.095
0.019
0.191
0.429
0.519
0.672
0.024
0.861
0.472
0.986
0.554
0.774
0.523
0.041
0.519
0.945
0.592
0.645
0.314
0.991
0.137
0.849
0.883
0.472
0.257
0.5
0.405
0.456
0.242
0.901
0.386
0.723
0.161
0.99
0.393
0.06
0.17
0.063
0.156
0.312
0.68
0.221
0.022
0.415
0.774
0.337
0.536
0.052
0.895
0.007
0.818
0.189
0.535
0.141
0.414
0.34
0.033
0.104
0.473
0.59
0.587
0.994
0.878
0.16
0.326
0.262
0.524
0.416
0.965
0.864
0.961
0.412
0.265
0.022
0.471
0.858
0.641
0.528
0.787
0.183
0.949
0.049
0.479
0.766
0.221
0.833
0.968
0.723
0.605
0.545
0.139
0.94
0.847
0.563
0.134
0.828
0.323
0.375
0.35
0.778
0.133
0.147
0.217
0.561
0.756
0.704
0.309
0.419
0.0
0.004
0.76
0.649
0.366
0.417
0.692
0.443
0.986
0.924
0.796
0.281
0.259
0.696
0.21
0.253
0.916
0.706
0.351
0.964
0.563
0.406
0.87
0.714
0.084
0.592
0.344
0.524
0.342
0.89
0.706
0.84
0.852
0.36
0.506
0.728
0.641
0.417
0.597
0.362
0.397
0.439
0.168
0.929
0.071
0.469
0.007
0.545
0.661
0.608
0.777
0.178
0.556
0.234
0.916
0.813
0.27
0.408
0.552
0.017
0.936
0.203
0.424
0.721
0.696
0.805
0.237
0.181
0.021
0.913
0.322
0.351
0.004
0.03
0.988
0.584
0.068
0.108
0.687
0.641
0.118
0.88
0.524
0.235
0.874
0.443
0.519
0.342
0.482
0.122
0.761
0.103
0.549
0.499
0.277
0.251
0.31
0.768
0.675
0.28
0.613
0.106
0.511
0.416
0.673
0.687
0.64
0.418
0.645
0.711
0.231
0.715
0.595
0.822
0.659
0.684
0.149
0.085
0.176
0.755
0.72
0.552
0.835
0.768
0.093
0.747
0.677
0.991
0.229
0.598
0.324
0.486
0.132
0.197
0.618
0.873
0.123
0.88
0.947
0.392
0.066
0.388
0.869
0.622
0.51
0.41
0.294
0.009
0.019
0.683
0.033
0.128
0.648
0.718
0.227
0.832
0.096
0.177
0.613
0.217
0.72
0.967
0.846
0.403
0.437
0.987
0.338
0.795
0.478
0.474
0.089
0.781
0.025
0.962
0.105
0.757
0.95
0.157
0.082
0.466
0.301
0.314
0.67
0.682
0.99
0.008
0.499
0.741
0.257
0.164
0.473
0.457
0.31
0.812
0.157
0.737
0.798
0.653
0.764
0.145
0.087
0.245
0.96
0.926
0.097
0.29
0.034
0.949
0.432
0.138
0.009
0.301
0.246
0.545
0.483
0.988
0.059
0.585
0.117
0.067
0.686
0.08
0.109
0.209
0.949
0.151
0.747
0.166
0.82
0.613
0.735
0.028
0.761
0.896
0.055
0.355
0.233
0.377
0.108
0.288
0.887
0.72
0.791
0.786
0.436
0.871
0.451
0.853
0.276
0.73
0.658
0.897
0.662
0.573
0.563
0.669
0.667
0.109
0.071
0.472
0.937
0.948
0.201
0.668
0.902
0.947
0.027
0.265
0.136
0.241
0.64
0.077
0.65
0.757
0.332
0.989
0.197
0.851
0.871
0.366
0.588
0.932
0.352
0.848
0.717
0.555
0.748
0.727
0.127
0.23
0.982
0.255
0.195
0.369
0.832
0.461
0.566
0.173
0.055
0.138
0.617
0.304
0.279
0.441
0.164
0.791
0.214
0.202
0.88
0.987
0.59
0.272
0.082
0.231
0.406
0.53
0.086
0.95
0.815
0.625
0.747
0.987
0.846
0.462
0.378
0.547
0.405
0.772
0.531
0.087
0.51
0.453
0.725
0.304
0.443
0.847
0.213
0.932
0.166
0.442
0.469
0.335
0.428
0.929
0.329
0.606
0.384
0.979
0.832
0.895
0.53
0.467
0.022
0.596
0.065
0.842
0.027
0.337
0.837
0.417
0.173
0.838
0.768
0.943
0.994
0.99
0.589
0.488
0.373
0.071
0.499
0.273
0.934
0.983
0.227
0.009
0.083
0.53
0.71
0.73
0.831
0.122
0.245
0.542
0.45
0.936
0.732
0.47
0.443
0.592
0.85
0.424
0.825
0.172
0.449
0.895
0.584
0.923
0.002
0.803
0.614
0.681
0.418
0.121
0.58
0.76
0.832
0.381
0.735
0.177
0.132
0.188
999
0.78
0.708
0.076
0.121
0.949
0.848
0.801
0.111
0.031
0.262
0.736
0.839
0.959
0.548
0.517
999
0.323
0.503
0.387
0.32
0.403
0.961
0.156
0.786
0.443
0.012
0.877
0.723
0.562
0.456
0.586
0.814
0.736
0.219
0.975
0.374
0.679
0.75
0.172
0.653
0.171
0.488
0.931
0.175
0.359
0.191
0.803
0.672
0.851
0.349
0.791
0.652
0.101
0.809
0.015
0.967
0.869
0.682
0.888
0.069
0.495
0.597
0.441
0.323
0.765
0.873
0.884
0.69
0.9
0.47
0.189
0.564
0.88
0.442
0.368
0.925
0.701
0.64
0.21
0.618
0.942
0.671
0.858
0.31
0.91
0.431
0.905
0.973
0.621
0.673
0.113
0.799
0.384
0.751
0.814
0.206
0.449
0.296
0.751
0.912
0.442
0.603
0.87
0.561
0.595
0.25
0.986
0.591
0.331
0.508
0.775
0.502
0.844
0.202
0.372
0.461
0.54
0.837
0.389
0.2
0.701
0.219
0.838
0.086
0.535
0.758
0.304
0.956
0.245
0.177
0.67
0.59
0.064
0.638
0.799
0.361
0.986
0.921
0.399
0.299
0.846
0.213
0.236
0.947
0.304
0.908
0.658
0.066
0.788
0.729
0.265
0.41
0.157
0.275
0.728
0.118
0.663
0.712
0.998
0.364
0.224
0.946
0.417
0.091
0.795
0.253
0.593
0.969
0.352
0.651
0.709
0.772
0.688
0.455
0.493
0.182
0.302
0.213
0.089
0.011
0.908
0.793
0.013
0.269
0.506
0.637
0.383
0.182
0.837
0.866
0.815
0.222
0.918
0.579
0.112
0.853
0.314
0.23
0.923
0.903
0.785
0.1
0.132
0.539
0.344
0.729
0.655
0.096
0.304
0.419
0.108
0.803
0.745
0.91
0.597
0.263
0.034
0.332
0.706
0.706
0.985
0.897
0.062
0.822
0.045
0.954
0.261
0.468
0.846
0.165
0.081
0.385
0.404
0.455
0.891
0.905
0.98
0.252
0.039
0.6
0.44
0.805
0.654
0.027
0.133
0.59
0.555
0.583
0.525
0.95
0.317
0.852
0.966
0.846
0.175
0.058
0.524
0.9
0.363
0.522
0.204
0.369
0.781
0.619
0.08
0.781
0.721
0.74
0.975
0.605
0.875
0.384
0.52
0.949
0.205
0.932
0.269
0.117
0.33
0.621
0.664
0.048
0.215
0.671
0.405
0.828
0.051
0.107
0.441
0.889
0.064
0.736
0.38
0.105
0.51
0.957
0.041
0.714
0.783
0.498
0.373
0.841
0.041
0.811
0.663
0.839
0.538
0.807
0.334
0.382
0.362
0.7
0.492
0.535
0.661
0.053
0.296
0.064
0.931
0.557
0.157
0.214
0.077
0.115
0.779
0.908
0.849
0.059
0.81
0.624
0.505
0.135
0.669
0.555
0.44
0.247
0.72
0.926
0.115
0.716
0.141
0.214
0.263
0.519
0.619
0.221
0.371
0.556
0.119
0.134
0.692
0.989
0.74
0.576
0.751
0.126
0.796
0.816
0.216
0.709
0.793
0.672
0.874
0.618
0.497
0.247
0.65
0.386
0.081
0.938
0.895
0.547
0.956
0.781
0.479
0.9
0.766
0.112
0.608
0.914
0.351
0.499
0.63
0.862
0.908
0.674
0.902
0.376
0.851
0.639
0.006
0.276
0.126
0.38
0.308
0.929
0.778
0.599
0.828
0.041
0.563
0.758
0.642
0.289
0.428
0.057
0.08
0.91
0.784
0.837
0.261
0.403
0.944
0.858
0.61
0.49
0.027
0.376
0.801
0.214
0.699
0.07
0.545
0.62
0.793
0.668
0.457
0.512
999
0.906
0.633
0.599
0.766
0.384
0.032
0.575
0.266
0.798
999
0.187
0.301
0.527
0.636
0.881
0.109
0.507
0.516
0.853
0.063
0.676
0.546
0.674
0.518
0.614
0.622
0.691
0.59
0.612
0.946
0.537
0.638
0.054
0.164
0.356
0.545
0.566
0.717
0.792
999
0.521
0.322
0.509
0.545
