0.769
0.155
0.92
0.56
0.471
0.459
0.567
0.066
0.657
0.559
0.633
0.971
0.131
0.419
0.929
0.867
0.533
0.48
0.171
0.683
0.505
0.792
0.216
0.599
0.461
0.181
0.988
0.189
0.77
0.197
0.685
0.055
0.512
0.08
0.255
0.866
0.623
0.183
0.19
0.2
0.404
0.394
0.384
0.964
0.515
0.926
0.234
0.205
0.01
0.482
0.895
0.641
0.145
0.358
0.281
0.707
0.124
0.205
0.736
0.42
0.245
0.504
0.168
0.485
0.084
0.317
0.402
0.649
0.324
0.753
0.752
0.693
0.444
0.105
0.252
0.674
0.396
0.526
0.027
0.43
0.589
0.784
0.031
0.099
0.957
0.048
0.471
0.023
0.538
0.068
0.452
0.16
0.07
0.578
0.214
0.331
0.702
0.687
0.722
0.906
0.135
0.893
0.47
ERROR
0.713
0.309
0.66
0.782
0.392
0.598
0.255
0.056
0.62
0.078
0.943
0.536
0.295
0.895
0.852
0.489
0.926
0.265
0.701
0.454
0.626
0.066
0.249
0.692
0.234
0.144
0.428
0.315
0.849
0.453
0.243
0.256
0.739
0.33
0.493
0.106
0.935
0.23
0.054
0.3
0.248
0.006
0.721
0.822
0.369
0.176
0.312
0.63
0.095
0.6
0.359
0.43
0.488
0.008
0.52
0.356
0.484
0.523
0.431
0.589
0.884
0.895
0.799
0.274
0.61
0.57
0.53
0.868
0.109
0.659
0.9
0.668
0.656
0.869
0.908
0.518
0.856
0.996
0.291
0.724
0.111
0.949
0.406
0.691
0.51
0.976
0.852
0.638
0.329
0.539
0.739
0.98
0.918
0.168
0.475
0.846
