0.716
0.008
0.807
0.987
0.627
0.735
0.144
0.176
0.314
0.385
0.808
0.701
0.934
0.793
0.645
0.861
0.287
0.24
0.519
0.182
0.87
0.529
0.581
0.775
0.599
0.671
0.499
0.078
0.067
0.498
0.053
0.691
0.386
0.929
0.014
0.457
0.45
0.074
0.875
0.89
0.432
0.385
0.616
0.895
0.717
0.303
0.682
0.066
0.906
0.67
0.813
0.69
0.415
0.706
0.16
0.69
0.744
0.601
0.805
0.363
0.961
0.016
0.752
0.848
0.166
0.322
0.308
0.199
0.769
0.052
0.987
0.961
0.777
0.808
0.587
0.739
0.825
0.833
0.533
0.887
0.684
0.887
0.261
0.375
0.225
0.746
0.419
0.088
0.724
0.588
0.815
0.631
0.653
0.574
0.562
0.189
0.202
0.096
0.259
0.944
0.196
0.011
0.468
0.512
0.936
0.688
0.194
0.007
0.965
0.222
0.606
0.363
0.622
0.022
0.45
0.902
0.303
0.925
0.111
0.256
0.224
0.275
0.835
0.8
0.507
0.936
0.664
0.825
0.049
0.219
0.495
0.453
0.92
0.981
0.958
0.375
0.769
0.986
0.101
0.668
0.504
0.219
0.93
0.84
0.128
0.499
0.342
0.104
0.607
0.436
0.03
0.892
0.41
0.738
0.435
0.265
0.239
0.623
0.524
0.586
0.908
0.667
0.085
0.888
0.831
0.83
0.558
0.336
0.567
0.342
0.6
1.0
0.159
0.015
0.588
0.783
0.446
0.767
0.216
0.925
0.353
0.205
0.235
0.824
0.414
0.615
0.188
0.781
0.963
0.763
0.436
0.032
0.44
0.661
0.984
0.264
0.552
0.143
0.608
0.264
