0.693
0.351
0.576
0.398
0.594
0.714
0.602
0.49
0.35
0.807
0.329
0.179
0.9
0.266
0.556
0.658
0.264
0.588
0.231
0.804
0.633
0.38
0.055
0.538
0.824
0.198
0.049
0.963
0.852
ERROR
0.014
0.766
0.346
0.574
0.818
0.511
0.465
0.083
0.709
0.031
0.32
0.222
0.224
0.761
0.645
0.434
0.563
0.286
0.272
0.735
0.13
0.79
0.808
0.879
0.175
0.024
0.831
0.839
0.53
0.259
0.71
0.238
0.929
0.937
0.927
0.623
0.562
0.854
0.483
0.618
0.02
0.874
0.48
0.861
0.683
0.322
0.239
0.364
0.172
0.067
0.138
0.813
0.973
0.036
0.722
0.472
0.289
0.479
0.59
0.124
0.14
0.752
0.171
0.219
0.991
0.45
0.891
0.666
0.008
0.439
0.456
0.584
0.562
0.143
0.348
0.522
0.459
0.681
0.148
0.105
0.508
0.668
0.812
0.479
0.123
0.87
0.558
0.016
0.224
0.818
0.574
0.882
0.321
0.604
0.877
0.644
0.298
0.877
0.256
0.487
0.001
0.25
0.98
0.741
0.527
0.854
0.857
0.737
0.121
0.31
0.395
0.105
0.612
0.312
0.747
0.308
0.078
0.715
0.475
0.39
0.099
0.927
0.738
0.981
0.942
0.357
0.834
0.931
0.58
0.323
0.163
0.906
0.193
0.032
0.798
0.371
0.244
0.539
0.565
0.057
0.427
0.38
0.349
0.35
0.224
0.533
0.91
0.007
0.656
0.553
0.479
0.467
0.357
0.038
0.915
0.924
0.216
0.778
0.623
0.902
0.178
0.645
0.449
0.094
0.697
0.475
0.269
0.002
0.213
0.924
