0.197
0.614
0.566
0.691
0.202
0.1
0.82
0.022
0.2
0.0
0.458
0.027
0.861
0.897
0.374
0.079
0.602
0.235
0.429
0.718
0.973
0.297
0.084
0.776
0.535
0.024
0.818
0.137
0.377
0.905
0.186
0.149
0.315
0.427
0.203
0.714
0.021
0.526
0.242
0.176
0.184
0.166
0.888
0.365
0.96
0.858
0.067
0.509
0.859
0.336
0.851
0.943
0.03
0.471
0.412
0.474
0.606
0.748
0.039
0.744
0.63
0.652
0.408
0.909
0.138
0.558
0.326
0.306
0.58
0.197
0.541
0.405
0.324
0.809
0.872
0.633
0.633
0.818
0.474
0.988
0.206
0.381
0.403
0.443
0.989
0.123
0.759
0.365
0.077
0.045
0.002
0.273
0.285
0.247
0.951
0.194
0.943
0.99
0.213
0.233
0.791
0.92
0.146
0.072
0.487
0.946
0.285
0.722
0.507
0.371
0.643
0.598
0.635
0.547
0.335
0.288
0.804
0.571
0.457
0.463
0.953
0.006
0.189
0.018
0.776
0.253
0.336
0.222
0.39
0.3
0.645
0.485
0.103
0.542
0.49
0.632
0.706
0.966
0.086
0.666
0.89
0.234
0.119
0.236
0.803
0.777
0.361
0.815
0.87
0.872
0.299
0.982
0.182
0.554
0.043
ERROR
0.241
0.568
0.959
0.544
0.755
0.808
0.692
0.394
0.509
0.576
0.225
0.743
0.548
0.242
0.326
0.566
0.079
0.652
0.756
0.279
0.053
0.382
0.074
0.372
0.776
0.102
0.504
0.587
0.817
0.982
0.496
0.879
0.198
0.465
0.613
0.753
0.98
0.947
0.218
0.026
0.118
0.505
0.736
0.505
