0.453
0.031
0.039
0.918
0.747
0.884
0.806
0.282
0.552
0.527
0.622
0.785
0.287
0.507
0.029
0.499
0.008
0.47
0.24
0.075
0.814
0.035
0.28
0.684
0.609
0.808
0.496
0.545
0.673
0.304
0.242
0.853
0.908
0.937
0.862
0.354
0.502
0.357
0.91
0.716
0.145
0.138
0.878
0.333
0.406
0.632
0.462
0.597
0.887
0.143
0.504
0.961
0.55
0.933
0.213
0.109
0.251
0.49
0.749
0.792
0.981
0.766
0.068
0.897
0.156
0.268
0.551
0.152
0.106
0.798
0.222
0.478
0.116
0.935
0.399
0.218
0.941
0.798
0.152
0.077
0.195
0.2
0.946
0.497
0.625
0.542
0.558
0.786
0.31
0.443
0.235
0.963
0.702
0.34
0.38
0.515
0.722
0.961
0.625
0.239
0.209
0.225
0.973
0.365
0.934
0.123
0.264
0.663
0.096
0.148
0.098
0.732
0.794
0.044
0.877
0.708
0.498
0.834
0.191
0.123
0.014
0.128
0.892
0.421
0.467
0.248
0.314
0.967
0.413
0.44
0.372
0.193
0.16
0.472
0.832
0.964
0.595
0.215
0.03
0.685
0.502
0.152
0.201
0.05
0.346
0.498
0.516
0.852
0.595
0.491
0.802
0.077
0.386
0.321
0.344
0.429
0.637
0.441
0.684
0.809
0.655
0.847
ERROR
0.782
0.75
0.823
0.284
0.435
0.264
0.935
0.315
0.371
0.987
0.985
0.411
0.564
0.985
0.489
0.085
0.416
0.08
0.971
0.972
0.974
0.535
0.287
0.221
0.373
0.556
0.032
0.715
0.009
0.848
0.961
0.739
0.599
0.153
0.657
0.928
0.139
