0.775
0.262
0.349
0.757
0.449
0.973
0.221
0.416
0.573
0.971
0.148
0.97
0.888
0.726
0.924
0.829
0.193
0.763
0.136
0.205
0.789
0.767
0.246
0.254
0.009
0.607
0.134
0.001
0.682
0.87
0.406
0.682
0.404
0.896
0.294
0.85
0.454
0.649
0.83
0.433
0.144
0.451
0.235
0.31
0.729
0.857
0.915
0.637
0.396
0.478
0.065
0.507
0.2
0.993
0.554
0.543
0.768
0.998
0.002
0.21
0.816
0.256
0.451
0.373
0.423
0.542
0.175
0.532
0.54
0.691
0.848
0.068
0.21
0.141
0.213
0.128
0.58
0.855
0.849
0.538
0.864
0.965
0.445
0.209
0.924
0.649
0.967
0.695
0.703
0.304
0.253
0.354
0.903
0.12
0.365
0.512
0.417
0.19
0.73
0.707
0.498
0.807
0.594
0.58
0.127
0.26
0.189
0.111
0.145
0.983
0.368
0.554
0.253
0.167
0.109
0.734
0.798
0.992
0.44
0.636
0.851
0.776
0.415
0.87
0.411
0.208
0.252
0.37
0.26
0.997
0.512
0.41
0.271
0.517
0.79
0.701
0.796
0.545
0.288
0.107
0.588
0.598
0.88
0.764
0.585
0.458
0.851
0.208
0.113
0.923
0.272
0.631
0.761
0.742
0.034
0.084
0.934
0.288
0.361
0.73
0.074
0.82
0.374
0.174
0.867
0.425
0.925
0.664
0.023
0.468
0.947
0.138
0.101
0.701
0.644
0.505
0.298
0.805
0.053
0.222
0.232
0.986
0.709
0.9
0.683
0.931
0.683
0.873
0.247
0.336
0.032
0.641
0.309
0.283
0.834
0.313
0.626
0.546
0.343
0.428
