0.011
0.187
0.713
0.975
0.52
0.814
0.404
0.603
0.534
0.065
0.704
0.973
0.089
0.198
0.775
0.343
0.379
0.794
0.992
0.745
0.54
0.51
0.316
0.524
0.988
0.322
0.009
0.776
0.769
999
0.477
0.734
0.493
0.224
0.154
0.61
0.285
0.89
0.863
0.727
0.464
0.735
0.266
0.337
0.946
0.858
0.07
0.284
0.304
0.59
0.684
0.708
0.592
0.185
0.973
0.4
0.106
0.841
0.822
0.42
0.465
0.436
0.718
0.762
0.601
0.096
0.756
0.596
0.838
0.242
0.906
0.997
0.027
0.67
0.03
0.767
0.053
0.084
0.686
0.453
0.189
0.185
0.559
0.827
0.281
0.445
0.97
0.58
0.445
0.02
0.458
0.244
0.424
0.643
0.465
0.89
0.761
0.21
0.074
0.51
0.374
0.573
0.575
0.463
0.273
0.003
0.938
0.863
0.887
0.725
0.621
0.528
0.799
0.971
0.418
0.188
0.225
0.625
0.631
0.201
0.961
0.291
0.931
0.462
0.823
0.448
0.917
0.4
0.024
0.661
0.32
0.834
0.427
0.422
0.837
0.16
0.924
0.184
0.843
0.078
0.516
0.368
0.33
0.788
0.048
0.783
0.939
0.06
0.962
0.176
0.269
0.21
0.11
0.324
0.561
0.72
0.203
0.515
0.119
0.552
0.531
0.356
0.595
0.291
0.796
0.533
0.408
0.789
0.613
0.773
0.08
0.134
0.878
0.538
0.667
0.639
0.741
0.284
0.752
0.606
0.889
0.657
0.753
0.129
0.735
0.888
0.207
0.972
0.036
0.875
0.064
0.545
0.127
0.722
0.07
0.305
0.886
999
0.013
0.9
0.854
0.906
0.382
0.575
0.709
0.406
0.376
0.019
0.34
0.078
0.607
0.938
0.589
0.669
0.847
0.372
0.424
0.107
0.293
0.323
0.749
0.309
0.037
0.052
999
0.401
0.6
0.747
0.135
0.629
0.212
0.907
0.655
0.882
0.335
0.255
0.185
0.086
0.979
0.895
0.775
0.748
0.115
0.44
0.513
0.398
0.48
1.0
0.107
0.859
0.763
0.472
0.313
0.027
0.583
0.527
0.995
0.085
0.919
0.192
0.944
0.021
0.421
0.484
0.615
0.655
0.853
0.108
0.911
0.499
0.39
0.808
0.065
0.644
0.673
0.072
0.515
0.57
0.561
0.804
0.305
0.817
0.597
0.385
0.056
0.75
0.227
0.286
0.741
0.21
0.714
0.572
0.112
0.853
0.454
0.15
0.573
0.787
0.78
0.764
0.77
0.682
0.805
0.573
0.731
0.335
0.784
0.384
0.6
0.906
0.187
0.518
0.519
0.246
0.483
0.478
0.156
0.777
999
0.459
0.863
0.934
0.731
0.578
0.571
0.319
0.334
0.898
0.283
0.402
0.726
0.855
0.544
0.877
0.15
0.402
0.775
0.707
0.168
0.354
0.646
0.567
0.921
0.455
0.961
0.514
0.031
0.655
0.168
0.138
0.634
0.811
0.001
0.919
0.518
0.293
0.264
0.192
0.043
0.524
0.804
0.999
0.646
0.204
0.269
0.069
0.353
0.201
0.986
0.624
0.808
0.824
0.318
0.259
0.263
0.283
0.807
0.956
0.647
0.414
0.794
0.421
0.641
0.197
0.545
0.661
0.341
0.149
0.92
0.456
0.266
0.244
0.077
0.271
0.285
0.209
0.695
999
0.338
0.84
0.553
0.253
0.456
0.194
0.995
0.593
0.874
0.27
0.16
0.127
0.525
0.871
0.007
0.552
0.771
0.796
0.478
0.418
0.022
0.735
0.095
0.69
0.415
0.132
0.537
0.882
0.908
0.263
0.111
0.705
0.323
0.404
0.43
0.001
0.65
0.916
0.104
0.423
0.579
0.503
0.591
0.377
0.904
0.248
0.922
0.622
0.036
0.4
0.725
0.477
0.737
0.967
0.535
0.463
0.792
0.963
0.15
0.787
0.259
0.009
0.34
0.274
0.005
0.929
0.193
0.67
0.538
0.36
0.024
0.31
0.084
0.794
0.416
0.845
0.721
0.53
0.59
0.064
0.08
0.129
0.229
0.937
0.351
0.823
0.339
0.364
0.612
0.667
0.332
0.921
0.542
0.646
0.659
0.253
0.194
0.687
0.865
0.611
0.415
0.665
0.721
0.767
0.993
0.937
0.868
0.118
0.395
0.512
0.915
0.159
0.242
0.259
0.465
0.388
0.873
0.255
0.535
0.474
0.747
0.809
0.25
0.055
0.07
0.6
0.498
0.334
0.221
0.099
0.896
0.662
0.408
0.364
0.073
0.352
0.054
0.777
0.896
0.958
0.493
0.425
0.492
0.948
0.561
0.356
0.061
0.821
0.98
0.713
0.617
0.318
0.105
0.55
0.852
0.396
0.341
0.793
999
0.249
0.207
0.289
0.999
0.97
0.629
0.082
0.891
0.255
999
0.025
0.115
0.73
0.869
0.959
0.983
0.465
0.992
0.013
0.113
0.206
0.806
0.472
0.651
0.678
0.34
0.572
0.256
0.968
0.989
0.916
0.504
0.925
0.403
0.563
0.545
0.518
0.161
0.57
0.49
999
0.603
0.727
0.784
0.659
0.387
0.18
0.83
0.235
0.279
0.458
0.198
0.5
0.887
0.861
0.996
0.407
0.379
0.846
0.749
0.574
0.29
0.41
0.494
0.232
0.934
0.772
0.077
0.486
0.796
0.942
0.777
0.609
0.918
0.935
0.801
0.531
0.034
0.871
0.788
0.599
0.853
0.063
0.038
0.241
0.087
0.489
0.424
0.922
0.408
0.365
0.037
0.671
0.626
0.411
0.838
0.932
0.134
0.371
0.698
0.644
0.772
0.007
0.432
0.942
0.093
0.236
0.019
0.618
0.068
0.524
0.523
0.889
0.28
0.26
0.038
0.205
0.665
0.845
0.313
0.154
0.368
0.498
0.073
0.717
0.554
0.8
0.329
0.134
0.696
0.181
0.004
0.973
0.994
0.416
0.029
0.462
0.99
0.19
0.857
0.898
0.488
0.913
0.207
0.418
0.704
0.095
0.268
0.376
0.744
0.167
0.081
0.221
0.746
0.165
0.801
0.903
0.414
0.745
0.663
0.742
0.852
0.802
0.523
0.038
0.011
0.262
0.363
0.75
0.767
0.441
0.15
0.475
0.878
0.765
0.319
0.289
0.841
0.24
0.715
0.934
0.412
0.704
0.68
0.142
0.111
0.138
0.206
0.443
0.742
0.351
0.282
0.271
0.196
0.0
0.677
0.041
0.685
0.91
0.375
0.304
0.996
0.552
0.542
0.838
0.588
0.261
0.099
0.193
0.332
0.607
0.285
0.442
0.526
0.657
0.733
0.684
0.279
0.406
0.693
0.929
0.459
0.049
0.276
0.164
0.638
0.222
0.158
0.852
0.976
0.212
0.392
0.835
0.377
0.841
0.558
0.969
0.841
0.151
0.78
0.823
0.145
0.202
0.034
0.856
0.976
0.697
0.401
0.261
0.718
0.223
0.663
0.215
0.053
0.719
0.817
0.198
0.94
0.068
0.491
0.423
0.278
0.211
0.259
0.59
0.199
0.409
0.011
0.299
0.595
0.902
0.366
0.012
0.726
0.389
0.692
0.268
0.728
0.924
0.882
0.123
0.879
0.634
0.047
0.257
0.025
0.98
0.672
0.206
0.238
0.998
0.088
0.096
0.49
0.586
0.782
0.278
0.714
0.494
0.016
0.873
0.876
0.019
0.305
0.906
0.402
0.997
0.613
0.805
0.632
0.138
0.801
0.929
0.394
0.336
0.717
0.144
0.562
0.573
0.599
0.644
0.57
0.857
0.611
0.169
0.855
0.682
0.429
0.277
0.336
0.514
0.128
0.815
0.081
0.147
0.844
0.994
0.282
0.869
0.669
0.144
0.938
0.502
0.802
0.207
0.412
0.604
0.152
0.079
0.285
0.947
0.241
0.469
0.062
0.841
0.381
0.11
0.286
0.789
0.244
0.578
0.132
0.89
0.684
0.797
0.219
0.99
0.407
0.624
0.604
0.038
0.537
0.408
0.847
0.066
0.053
0.307
0.305
0.013
0.518
0.225
0.409
0.283
0.686
0.94
0.476
0.326
0.194
0.445
0.029
0.826
0.027
0.026
0.166
0.332
0.853
0.453
0.561
0.599
0.069
0.131
0.435
0.192
0.003
0.309
0.914
0.89
0.723
0.946
0.177
0.269
0.527
0.759
0.633
0.266
0.187
0.279
0.995
0.913
0.403
0.921
0.766
999
0.736
0.301
0.668
0.513
0.996
0.408
0.292
0.557
0.692
0.712
0.87
0.066
0.25
0.876
0.195
0.878
0.423
0.737
0.182
0.83
