0.511
0.249
0.593
0.287
0.803
0.31
0.083
0.916
0.89
0.416
0.354
0.472
0.939
0.318
0.146
0.99
0.668
0.996
0.882
0.088
0.591
0.61
0.01
0.642
0.539
0.777
0.451
0.808
0.276
0.411
0.098
0.919
0.535
0.458
0.991
0.2
0.964
0.369
0.003
0.594
0.485
0.553
0.379
0.819
0.062
0.359
0.332
0.449
0.898
0.173
0.62
0.998
0.065
0.541
0.273
0.381
0.767
0.174
0.515
0.124
0.454
0.905
0.925
0.988
0.198
0.345
0.845
0.825
0.68
0.974
0.029
0.105
0.255
0.731
0.6
0.014
0.852
0.769
0.265
0.129
0.117
0.675
0.379
0.102
0.323
0.176
0.028
0.892
0.846
0.662
0.101
0.979
0.643
0.014
0.063
0.82
0.278
0.773
0.431
0.126
0.015
0.082
0.992
0.92
0.667
0.439
0.761
0.533
0.145
0.262
0.815
0.059
0.452
0.431
0.473
0.162
0.644
0.308
0.745
0.839
0.772
0.882
0.798
0.153
0.845
0.527
0.191
0.354
0.27
0.627
0.785
0.779
0.817
0.864
0.218
0.877
0.929
0.353
0.68
0.696
0.53
0.112
0.518
0.302
0.483
0.916
0.721
0.986
0.043
0.491
0.413
0.457
0.656
0.713
0.36
0.715
0.075
0.498
0.009
0.225
ERROR
0.288
0.333
0.517
0.887
0.383
0.807
0.422
0.003
0.291
0.314
0.736
0.387
0.311
0.484
0.04
0.955
0.707
0.412
0.69
0.673
0.618
0.179
0.257
0.456
0.062
0.139
0.56
0.273
0.717
0.173
0.37
0.311
0.962
ERROR
0.48
0.51
0.13
0.599
0.673
