0.217
0.417
0.521
0.442
0.426
0.975
0.563
0.683
0.519
0.426
0.102
0.093
0.648
0.028
0.88
0.58
0.466
0.97
0.115
0.18
0.002
0.918
0.059
0.205
0.907
0.889
0.003
0.984
0.64
0.391
0.74
0.622
0.419
0.01
0.426
0.728
0.255
0.859
0.177
0.149
0.885
0.37
0.857
0.737
0.803
0.215
0.175
0.513
0.816
0.718
0.287
0.746
0.841
0.464
0.107
0.494
0.18
0.451
0.555
0.608
0.984
0.881
0.138
0.404
0.547
0.483
0.648
0.598
0.235
0.14
0.947
0.428
0.188
0.352
0.709
0.802
0.196
0.796
0.79
0.643
0.742
0.499
0.88
0.893
0.935
0.865
0.754
0.479
0.446
0.046
0.046
0.746
0.565
0.178
0.664
0.247
0.706
0.938
0.55
0.835
0.56
0.623
0.823
0.251
0.937
0.348
0.849
0.886
0.941
0.275
0.397
0.537
0.382
0.617
0.196
0.336
0.515
0.04
0.187
0.513
0.244
0.098
0.478
0.454
0.201
0.118
0.611
0.456
0.133
0.583
0.718
0.663
0.284
0.71
0.558
0.675
0.027
0.418
0.286
0.644
0.659
0.006
0.612
0.653
0.998
0.091
0.025
0.679
0.927
0.709
0.098
0.1
0.391
0.439
0.591
0.982
0.204
0.009
0.638
0.609
0.747
0.271
0.296
0.155
0.645
0.859
0.217
0.853
0.968
0.525
0.732
0.597
0.08
0.36
0.669
0.648
0.916
0.872
0.429
0.786
0.167
0.759
0.62
0.717
0.875
0.828
0.691
0.627
0.718
0.833
0.307
0.336
0.544
0.556
0.639
0.228
0.724
0.464
0.747
0.675
0.396
0.446
0.789
0.587
0.597
0.859
0.887
0.253
0.045
0.128
0.355
0.867
0.384
0.433
0.421
0.998
0.572
0.921
0.463
0.373
0.757
0.506
0.362
0.966
0.324
0.002
0.168
0.655
0.797
0.768
0.102
0.841
0.904
0.564
0.775
0.067
0.982
0.938
0.278
0.854
0.868
0.353
0.879
0.984
0.371
0.379
0.615
0.774
0.821
0.577
0.063
0.579
0.119
0.912
0.545
0.419
0.99
0.437
0.478
0.645
0.46
0.873
0.544
0.984
0.931
999
0.66
0.606
0.274
0.524
0.009
0.695
0.76
0.5
0.037
0.586
0.856
0.346
0.268
0.84
0.491
0.729
0.361
0.184
0.109
0.604
0.013
0.091
0.92
0.538
0.916
0.014
0.581
0.502
0.129
0.368
0.476
0.033
0.472
0.525
0.808
0.096
0.974
0.866
0.799
0.53
0.046
0.877
0.065
0.709
0.453
0.905
0.915
0.687
0.497
0.369
0.673
0.061
0.906
0.614
0.676
0.044
0.29
0.126
0.175
0.216
0.532
0.296
0.857
0.205
0.752
0.162
0.064
0.37
0.809
0.158
0.251
0.584
0.307
0.105
0.539
0.103
0.301
0.254
0.995
0.32
0.165
0.417
0.282
0.826
0.603
0.198
0.584
0.723
0.384
0.764
0.351
0.01
0.754
0.41
0.092
0.581
0.003
0.729
0.813
0.845
0.508
0.718
0.235
0.293
0.456
0.12
0.142
0.416
0.832
0.779
0.28
0.219
0.708
0.39
0.034
0.448
0.619
0.554
0.419
0.974
0.88
0.04
0.155
0.188
0.439
0.031
0.962
0.315
0.022
0.389
0.307
0.012
0.168
0.698
0.414
0.308
0.664
0.021
0.989
0.167
0.827
0.416
0.976
0.228
0.411
0.833
0.06
0.031
0.077
0.297
0.722
0.68
0.66
0.219
0.4
0.451
0.564
0.309
0.227
0.649
0.512
0.226
0.635
0.645
0.044
0.347
0.344
0.267
0.086
0.156
0.833
0.282
0.652
0.503
0.768
0.797
0.13
0.037
0.321
0.418
0.669
0.608
0.908
0.919
0.87
0.293
0.1
0.549
0.364
0.363
0.042
0.129
0.731
0.887
0.477
0.808
0.287
0.373
0.456
0.932
0.383
0.068
0.726
0.611
0.741
0.021
0.821
0.919
0.795
0.473
0.064
0.069
0.981
0.237
0.525
0.611
0.275
0.107
0.741
0.411
0.079
0.575
0.718
0.337
0.004
0.278
0.821
0.092
0.608
0.607
0.605
0.916
0.905
0.809
0.637
0.173
0.072
0.803
0.01
0.082
0.085
0.68
0.538
0.695
0.323
0.325
0.06
0.845
0.855
0.666
0.326
0.516
0.698
0.196
0.243
0.406
0.828
0.531
0.592
0.775
0.934
0.547
0.351
0.573
0.327
0.019
0.267
0.355
0.129
0.575
0.124
0.078
0.942
0.081
0.678
0.583
0.049
0.339
0.326
0.034
0.544
0.297
0.342
0.556
999
0.228
0.077
0.51
0.039
0.24
0.848
0.871
0.815
0.257
0.222
0.872
0.373
0.652
0.793
0.04
0.458
0.963
0.99
0.613
0.011
0.767
0.208
0.864
0.397
0.003
0.465
0.49
0.994
0.622
0.502
0.246
0.07
0.74
0.49
0.456
0.747
0.452
0.332
0.772
0.655
0.646
0.149
0.228
0.755
0.861
0.665
0.114
0.037
0.069
0.478
0.648
0.873
0.692
0.548
0.184
0.827
0.513
0.661
0.181
0.338
0.078
0.992
0.702
0.575
0.438
0.58
0.893
0.348
0.203
0.802
0.386
0.091
0.011
0.876
0.192
0.017
0.232
0.47
0.662
0.063
0.755
0.982
0.28
0.512
0.854
0.71
0.957
0.064
0.059
0.674
0.191
0.408
0.31
0.03
0.493
0.648
0.531
0.497
0.418
0.887
0.527
0.762
0.376
0.903
0.476
0.629
0.408
0.322
0.473
0.002
0.65
0.641
0.545
0.402
0.805
0.538
0.717
0.923
0.828
0.417
0.606
0.436
0.041
0.983
0.582
0.494
0.365
0.152
0.2
0.383
0.902
0.386
0.826
0.716
0.449
0.331
0.552
0.086
0.156
0.926
0.166
0.035
0.622
0.136
0.662
0.942
0.263
0.843
0.137
0.057
0.291
0.332
0.323
0.351
0.408
0.694
0.378
0.994
0.168
0.848
0.326
0.571
0.227
0.734
0.094
0.868
0.382
0.428
0.48
0.563
0.888
0.014
0.113
0.731
0.944
0.445
0.89
0.123
0.643
0.823
0.337
0.626
0.064
0.217
0.958
0.505
0.971
0.49
0.645
0.596
0.323
0.531
0.357
0.733
0.581
0.028
0.846
0.874
0.706
0.88
0.998
0.684
0.456
0.859
0.401
0.103
0.491
0.304
0.268
0.863
0.555
0.345
0.206
0.035
0.843
0.059
0.39
0.178
0.176
0.208
0.134
0.004
0.445
0.572
0.42
0.078
0.624
0.2
0.232
0.6
0.695
0.18
0.3
0.566
0.812
0.449
0.396
0.716
0.191
0.306
0.976
0.727
0.474
0.624
0.947
0.681
0.86
0.307
0.586
0.474
0.297
0.746
1.0
0.679
0.972
0.84
0.905
0.882
0.67
0.738
0.9
0.189
0.54
0.035
0.635
0.385
0.412
0.462
0.174
0.75
0.068
0.883
0.347
0.692
0.683
0.676
0.767
0.185
0.021
0.919
0.356
0.186
0.953
0.835
0.051
0.272
0.946
0.272
0.581
0.855
0.06
0.648
0.649
0.936
0.411
0.787
0.666
0.6
0.898
0.827
0.438
0.094
0.532
0.556
0.608
0.909
0.981
0.745
0.649
0.999
0.284
0.665
0.582
0.295
0.098
0.244
0.384
0.271
0.43
0.363
0.52
0.127
0.666
0.728
0.955
0.86
0.752
0.968
0.466
0.249
0.285
0.493
0.223
0.01
0.14
0.977
0.656
0.068
0.696
0.657
0.413
0.639
0.259
0.407
0.678
0.73
0.71
0.23
0.409
0.357
0.594
0.519
0.534
0.921
0.593
0.979
0.164
0.673
0.403
0.377
0.379
0.711
0.028
0.399
0.756
0.857
0.795
0.92
0.692
0.849
0.016
0.182
0.484
0.233
0.982
0.506
0.641
0.738
0.29
0.212
0.991
0.043
0.198
0.461
0.153
0.318
0.525
0.959
0.081
0.544
0.08
0.385
0.354
0.556
0.463
0.808
0.188
0.088
0.251
0.254
0.301
0.5
0.69
0.176
0.227
0.545
0.767
0.935
0.481
0.76
0.495
0.762
0.897
0.37
0.35
0.897
0.255
0.815
0.104
0.071
0.317
0.628
0.342
0.826
0.884
0.277
0.822
0.251
0.378
0.181
0.004
0.707
0.993
0.02
0.171
0.622
0.264
0.158
0.681
0.151
0.586
0.54
0.369
0.645
0.206
0.062
0.978
0.943
0.243
