0.187
0.333
0.218
0.813
0.435
0.889
0.698
0.748
0.614
0.271
0.7
0.181
0.285
0.023
0.382
0.942
0.866
0.302
0.888
0.85
0.713
0.271
0.834
0.166
0.051
0.834
0.888
0.065
0.15
0.072
0.303
0.754
0.797
0.016
0.896
0.537
0.734
0.327
0.778
0.588
0.807
0.723
0.626
0.841
0.26
0.081
0.218
0.954
0.592
0.677
0.439
0.98
0.107
0.555
0.609
0.918
0.76
0.475
0.195
0.677
0.813
0.029
0.859
0.774
0.887
0.296
0.806
0.534
0.859
0.682
0.848
0.496
0.316
0.801
0.913
0.99
0.654
0.249
0.589
0.63
0.799
0.225
0.054
0.327
0.234
0.735
0.904
0.804
0.684
0.183
0.343
0.777
0.462
0.014
0.503
0.073
0.251
0.397
0.696
0.58
0.237
0.372
0.982
0.487
0.53
0.208
0.116
0.103
0.303
0.648
0.53
0.8
0.252
0.705
0.479
0.943
0.898
0.645
0.008
0.543
0.355
0.28
0.083
0.023
0.704
0.608
0.213
0.194
0.868
0.251
0.703
0.218
0.187
0.658
0.328
0.153
0.865
0.897
0.023
0.643
0.191
0.509
0.534
0.384
0.351
0.298
0.354
0.86
0.666
0.677
999
0.151
0.364
0.696
0.734
0.725
0.687
0.346
0.361
0.524
0.163
0.425
0.339
0.41
0.217
0.969
0.584
0.354
0.673
0.27
0.362
0.223
0.768
0.76
0.144
0.582
0.48
0.221
0.346
0.862
0.769
0.076
0.543
0.667
0.403
0.041
0.615
0.03
0.476
0.969
0.838
0.285
0.606
0.983
0.79
0.211
0.807
0.567
0.995
0.425
0.592
0.082
0.986
0.457
0.736
0.507
0.829
0.003
0.722
0.79
0.31
0.737
0.72
0.892
0.749
0.001
0.958
0.377
0.522
0.37
0.932
0.693
0.657
0.719
0.191
0.349
0.233
0.495
0.295
0.614
0.81
0.967
0.033
0.437
0.975
0.566
0.759
0.84
0.082
0.219
0.508
0.04
0.795
0.043
0.258
0.184
0.777
0.176
0.888
0.091
0.474
0.25
0.521
0.321
0.842
0.343
0.916
0.213
0.734
0.39
0.252
0.114
0.44
0.719
0.534
0.572
0.129
0.691
0.971
0.976
0.029
0.014
0.738
0.253
0.911
0.769
0.461
0.469
0.408
0.853
0.219
0.566
0.199
0.816
0.723
0.052
0.619
0.143
0.138
0.149
0.706
0.552
0.23
0.55
0.229
0.091
0.502
0.442
0.265
0.157
0.87
0.371
0.581
0.422
0.8
0.828
0.89
0.646
0.793
0.403
0.642
0.823
0.763
0.302
0.122
0.599
0.597
0.349
0.477
0.22
0.455
0.58
0.038
0.494
0.347
0.633
0.563
0.61
0.242
0.81
0.696
0.141
0.117
0.758
0.291
0.645
0.93
0.002
0.727
0.029
0.11
0.018
0.476
0.273
0.713
0.625
0.715
0.284
0.485
0.393
0.54
0.692
0.717
0.839
0.878
0.555
0.072
0.828
0.59
0.709
0.455
0.258
0.246
0.488
0.92
0.718
0.448
0.843
0.495
0.353
0.778
0.917
0.189
0.311
0.748
0.336
0.593
0.278
0.274
0.301
0.363
0.653
0.646
0.008
0.939
0.472
0.161
0.765
0.516
0.956
0.325
0.257
0.756
0.023
0.938
0.579
0.182
0.679
0.561
0.141
0.986
0.506
0.789
0.656
0.185
0.234
0.73
0.731
0.686
0.184
0.234
0.432
0.586
0.962
0.589
0.664
0.932
0.094
0.266
0.183
0.566
0.641
0.441
0.649
0.844
0.973
0.033
0.042
0.087
0.872
0.092
0.21
0.066
0.212
0.73
0.709
0.292
0.855
0.879
0.46
0.846
0.073
0.147
0.06
0.834
0.672
0.007
0.997
0.039
0.507
999
0.39
0.896
0.263
0.107
0.191
0.91
0.289
0.32
0.69
0.959
0.915
0.763
0.714
0.892
0.55
0.871
0.125
0.419
0.722
0.561
0.959
0.292
0.165
0.372
0.197
0.164
0.899
0.55
0.048
0.992
0.602
0.51
0.011
0.966
0.131
0.821
0.458
0.192
0.726
0.443
0.266
0.13
0.829
0.219
0.894
0.632
0.768
0.87
0.543
0.979
0.667
0.387
0.955
0.262
0.172
0.471
0.968
999
0.191
0.38
0.018
0.321
0.958
0.376
0.923
0.147
0.477
0.552
0.494
0.692
0.089
0.388
0.354
0.56
0.554
0.203
0.239
0.809
0.283
0.358
0.435
0.359
0.955
0.97
0.356
0.402
0.2
0.969
0.871
0.278
0.088
0.32
0.258
0.062
0.519
0.716
0.488
0.653
0.697
0.408
0.076
0.862
0.523
0.028
0.309
0.755
0.659
0.523
999
0.11
0.313
0.883
0.915
0.637
0.266
0.622
0.584
0.094
0.173
0.978
0.145
0.012
0.493
0.586
0.288
0.598
0.411
0.899
0.718
0.349
0.063
0.053
0.321
0.784
0.059
0.176
0.678
0.54
0.367
0.303
0.376
0.403
0.715
0.878
0.797
0.448
0.336
0.894
0.39
0.081
0.81
0.94
0.016
0.88
0.304
0.929
0.788
0.047
0.865
0.283
0.174
0.656
0.644
0.027
0.916
0.096
0.164
0.094
0.585
0.143
0.882
0.166
0.818
0.366
0.659
0.319
0.6
0.4
0.41
0.85
0.535
0.484
0.267
0.862
0.703
0.955
0.521
0.486
0.779
0.24
0.906
0.255
0.812
0.029
0.667
0.169
0.89
0.361
0.966
0.111
0.092
0.829
0.199
0.608
0.391
0.09
0.168
0.732
0.515
0.967
0.158
0.84
0.168
0.867
999
0.18
0.413
0.255
0.86
0.35
0.916
0.977
0.058
0.992
0.069
0.531
0.31
0.817
0.534
0.428
0.899
0.637
0.384
0.183
0.158
0.898
0.63
0.205
0.993
0.7
0.25
0.423
0.733
0.827
0.449
0.903
0.575
0.884
0.194
0.665
0.975
0.534
0.694
0.082
0.015
0.356
0.67
0.026
0.224
0.548
0.412
0.583
0.472
0.91
0.8
0.759
0.847
0.436
0.385
0.737
0.773
0.564
0.206
0.126
0.629
0.706
0.755
0.774
0.843
0.723
0.475
0.978
0.808
0.68
0.335
0.526
0.287
0.278
0.643
0.613
0.031
0.515
0.714
0.625
0.127
0.247
0.057
0.441
0.556
0.472
0.745
0.811
0.413
0.618
0.652
0.857
0.78
0.459
0.603
0.245
0.499
0.951
0.925
0.295
0.77
0.097
0.781
0.189
0.789
0.499
0.81
0.697
0.814
0.228
0.634
0.543
0.351
0.233
0.256
0.688
0.152
0.626
0.524
0.785
0.269
0.615
0.534
0.615
0.481
0.945
0.949
0.368
0.493
0.85
0.909
0.06
0.175
0.203
0.411
0.115
0.482
0.541
0.5
0.049
0.658
0.437
999
0.001
0.44
0.092
0.008
0.43
0.104
0.426
0.586
0.985
0.219
0.406
0.038
0.21
0.308
0.432
0.822
0.871
0.448
0.44
0.248
0.309
0.015
0.137
0.771
0.874
0.508
0.155
0.104
0.131
0.016
0.053
0.124
0.093
0.514
0.005
0.632
0.236
0.897
0.105
0.549
0.409
0.511
0.869
0.767
0.626
0.345
0.319
0.18
0.314
0.087
0.767
0.276
0.656
0.03
0.702
0.729
0.39
999
0.121
0.14
0.441
0.971
0.327
0.717
0.253
0.349
0.456
0.4
0.295
0.004
0.044
0.872
0.323
0.494
0.364
0.122
0.8
0.702
0.488
0.351
0.947
0.837
0.317
0.212
0.288
0.71
0.242
0.191
0.755
0.349
0.289
0.961
0.358
0.654
0.749
0.085
0.073
0.742
0.344
0.654
0.991
0.355
0.33
0.621
0.556
0.743
0.684
0.711
0.537
0.572
0.753
0.785
0.739
0.569
0.185
0.396
0.409
0.626
0.852
0.183
0.2
0.632
0.597
0.498
0.01
0.422
0.11
0.27
0.35
0.959
0.61
0.477
0.1
0.373
0.428
0.88
0.496
0.102
0.223
0.057
0.157
0.198
0.806
0.762
0.198
0.959
0.213
0.368
0.174
0.981
0.149
0.758
0.743
0.681
0.07
999
0.226
0.748
0.108
0.414
0.421
0.701
0.882
0.767
0.048
0.527
0.243
0.238
0.079
0.528
0.727
0.878
0.622
0.621
0.449
0.148
0.325
0.561
0.278
0.969
0.604
0.609
0.263
0.735
0.839
0.404
0.149
0.013
0.82
0.156
0.564
0.628
