0.019
0.738
0.465
0.765
0.164
0.5
0.436
0.98
0.126
0.161
0.244
0.703
0.104
0.12
0.757
0.216
0.151
0.61
0.432
0.192
0.004
0.408
0.121
0.072
0.508
0.205
0.825
0.459
0.967
0.696
0.412
0.262
0.448
0.491
0.615
0.201
0.838
0.374
0.555
0.53
0.042
0.463
0.885
0.471
0.878
0.055
0.299
0.635
999
0.438
0.046
0.805
0.183
0.222
0.902
0.073
0.706
0.358
0.995
0.334
0.432
0.235
0.057
0.183
0.365
0.779
0.919
0.516
0.511
0.23
0.014
0.032
0.38
0.312
0.58
0.754
0.949
0.781
0.687
0.317
0.333
0.849
0.842
0.911
0.394
0.21
0.229
0.784
0.741
0.657
0.246
0.006
0.042
0.772
0.312
0.25
0.49
0.357
0.487
0.616
0.767
0.925
0.362
0.325
0.287
0.646
0.712
0.138
0.457
0.735
0.998
0.474
0.88
0.017
0.56
0.147
0.448
0.968
0.689
0.692
0.784
0.077
0.529
0.359
0.333
0.799
0.362
0.285
0.127
0.584
0.826
0.037
0.114
0.746
0.844
0.953
0.513
0.583
0.971
0.554
0.362
0.73
0.018
0.335
0.478
0.351
0.23
0.614
0.964
0.98
0.017
0.894
0.862
0.969
0.555
0.694
0.717
0.872
0.998
0.167
0.658
0.075
0.295
0.069
0.623
0.865
0.117
0.451
0.373
0.018
0.983
0.239
0.601
0.18
0.365
0.355
0.154
0.186
0.009
0.275
0.791
0.418
0.128
0.375
0.2
0.424
0.838
0.807
0.689
0.633
0.51
0.736
0.764
0.592
0.077
0.061
0.888
0.725
0.162
0.467
0.317
0.215
0.74
0.876
0.562
0.351
0.897
0.425
0.759
0.24
0.713
0.736
0.746
0.286
0.828
0.905
0.005
0.88
0.056
0.337
0.054
0.945
0.205
0.141
0.553
0.053
0.392
0.715
0.386
0.154
0.74
0.411
0.306
0.561
0.911
0.121
0.08
0.319
0.012
0.875
0.973
0.226
0.243
0.206
0.475
0.345
0.458
0.852
0.224
0.605
0.005
0.717
0.036
0.892
0.517
0.3
0.293
0.315
0.206
0.766
0.013
0.815
0.4
0.945
0.361
0.638
0.49
0.083
0.455
0.656
0.805
0.813
0.118
0.171
0.625
0.352
0.009
0.794
0.388
0.771
0.576
0.904
0.172
0.335
0.298
0.629
0.769
0.635
0.974
0.833
0.337
0.589
0.66
0.58
0.013
0.97
0.565
0.767
0.431
0.531
0.455
0.24
0.93
0.675
0.278
0.54
0.458
0.417
0.572
0.503
0.282
0.109
0.017
0.019
0.803
0.456
0.638
0.824
0.107
0.478
0.54
0.522
0.807
0.381
0.766
0.345
0.191
0.959
0.085
0.788
0.815
0.241
0.014
0.545
0.051
0.566
0.049
0.606
0.971
0.186
0.405
0.075
0.555
0.864
0.886
0.898
0.096
0.179
0.837
0.848
0.511
0.345
0.602
0.124
0.551
0.18
0.74
0.841
0.847
0.022
0.414
0.58
0.316
0.004
0.295
0.246
0.772
0.386
0.887
0.047
0.171
0.402
0.447
0.569
0.138
0.059
0.841
0.381
0.288
0.891
0.892
0.564
0.463
0.149
0.553
0.178
0.698
0.142
0.699
0.774
0.671
0.239
0.033
0.907
0.844
0.914
0.094
0.754
0.727
0.741
0.009
0.299
0.812
0.632
0.723
0.731
0.609
0.025
999
0.865
0.703
0.985
0.572
0.743
0.18
0.913
0.961
0.029
0.193
0.238
0.134
0.016
0.412
0.448
0.742
0.56
0.065
0.624
0.984
0.258
0.848
0.918
0.591
0.616
0.413
0.045
0.075
0.749
0.212
0.216
0.911
0.067
0.298
0.219
0.38
0.869
0.887
0.571
0.782
0.086
0.364
0.886
0.781
0.552
0.03
0.163
0.268
0.636
0.45
0.362
0.381
0.993
0.079
0.483
0.939
0.22
0.561
0.825
0.601
0.242
0.221
0.288
0.649
0.315
0.865
0.463
0.714
0.943
0.135
0.195
0.21
0.262
0.836
0.38
0.371
0.771
0.637
0.062
0.349
0.361
0.807
0.09
0.775
0.529
0.453
0.132
0.196
0.837
0.012
0.397
0.603
0.378
0.915
0.768
0.736
0.736
0.192
0.15
0.238
0.083
0.505
0.342
0.047
0.485
0.108
0.286
0.293
0.214
0.996
0.589
0.913
0.527
0.649
0.946
0.038
0.78
0.961
0.017
0.994
0.686
0.29
0.918
0.051
0.014
0.191
0.877
0.139
0.186
0.651
0.887
0.338
0.999
0.005
0.136
0.212
0.278
0.064
0.229
0.962
0.473
0.695
0.512
0.73
0.605
0.664
0.761
0.011
0.563
0.895
0.944
0.218
0.162
0.302
0.577
0.996
0.241
0.059
0.985
0.874
0.885
0.409
0.285
0.981
0.488
999
0.055
0.259
0.021
0.816
0.76
0.874
0.076
0.885
0.437
0.045
0.89
0.076
0.745
0.641
0.067
0.615
0.098
0.607
0.042
0.94
0.813
0.085
0.315
0.183
0.143
0.947
0.35
0.093
999
0.801
0.974
0.05
0.103
0.859
0.203
0.471
0.499
0.877
0.618
0.299
0.953
0.272
0.388
0.644
0.867
0.867
0.617
0.06
0.957
0.277
0.067
0.534
0.172
0.51
0.688
0.33
0.843
0.892
0.568
0.216
0.03
0.357
0.707
0.182
0.44
0.169
0.031
0.384
0.008
0.877
0.935
0.335
0.228
0.255
0.845
0.91
0.897
0.259
0.733
0.645
0.681
0.695
0.233
0.577
0.37
0.669
0.264
0.674
0.917
0.281
0.604
0.896
0.829
0.08
0.198
0.362
0.129
0.155
0.981
0.907
0.751
0.004
0.261
0.094
0.271
0.889
0.907
0.028
0.87
0.936
0.655
0.876
0.101
0.88
0.32
0.192
0.215
0.803
0.092
0.661
0.479
0.215
0.753
0.45
0.607
0.586
0.496
0.794
0.659
0.051
0.404
0.961
0.347
0.506
0.022
0.693
0.902
0.913
0.846
0.802
0.539
0.264
0.326
0.759
0.978
0.038
0.608
0.614
0.252
0.481
0.056
0.463
0.915
0.073
0.195
0.255
0.911
0.834
0.037
0.744
0.655
0.615
0.977
0.089
0.356
0.782
0.0
0.346
0.858
0.183
0.854
0.278
0.087
0.741
0.388
0.612
0.503
0.681
0.248
0.494
0.119
0.264
0.663
0.761
0.194
0.587
0.705
0.315
0.422
0.963
0.563
0.503
0.208
0.871
0.877
0.552
0.645
0.38
0.371
0.278
0.755
0.829
0.053
0.038
0.596
0.819
0.772
0.587
0.633
0.722
0.822
0.036
0.338
0.253
0.169
0.553
0.346
0.675
0.973
0.858
0.96
0.303
0.141
0.178
0.735
0.849
0.864
0.56
0.821
0.688
0.966
0.888
0.288
0.34
0.468
0.743
0.097
0.823
0.533
0.171
0.788
0.621
0.226
0.228
0.183
0.449
0.306
0.304
0.701
0.847
0.294
0.673
0.956
0.606
0.397
0.584
0.225
0.962
0.203
0.298
0.383
0.197
0.623
0.612
0.527
0.016
0.061
0.184
0.225
0.464
0.131
0.65
0.592
0.645
0.129
0.751
0.617
0.83
0.158
0.503
0.557
0.153
0.372
0.345
0.132
0.082
0.848
0.486
0.375
0.863
0.838
0.674
0.112
0.783
0.996
0.617
0.091
0.781
0.648
0.667
0.632
0.837
0.499
0.651
0.903
0.738
0.302
0.284
0.681
0.352
0.298
0.264
0.993
0.662
0.216
0.508
0.981
0.654
0.764
0.056
0.226
0.403
0.249
0.653
0.734
0.03
0.75
0.261
0.341
0.824
0.08
0.871
0.511
0.019
0.887
0.024
0.896
0.045
0.68
0.331
0.111
0.624
0.757
0.071
0.794
0.837
0.732
0.99
0.089
0.635
0.378
0.088
0.052
0.847
0.043
0.639
0.072
0.634
0.571
0.962
0.82
0.104
0.039
0.5
0.28
0.209
0.57
0.016
0.932
0.373
0.862
0.81
0.989
0.549
0.697
0.757
0.757
0.976
0.055
0.355
0.032
0.876
0.551
0.34
0.573
0.613
0.379
0.507
0.901
0.46
0.953
0.107
0.656
0.537
0.656
0.592
0.673
0.355
0.49
0.898
0.492
0.385
0.232
0.674
0.49
0.08
0.369
0.213
0.213
0.206
0.411
0.183
0.296
0.591
0.646
0.471
0.76
0.052
0.238
0.447
0.088
0.213
0.732
0.178
0.025
