0.138
0.586
0.359
0.807
0.077
0.693
0.48
0.663
0.285
0.272
0.702
0.952
0.662
0.544
0.934
0.727
0.767
0.015
0.135
0.477
0.011
0.578
0.658
0.732
0.71
0.834
0.179
0.112
0.644
0.746
0.149
999
999
0.748
0.572
0.835
0.932
0.999
0.007
0.329
0.505
0.183
0.192
0.841
0.834
0.904
0.243
0.964
0.047
0.22
0.703
0.604
0.633
0.014
0.401
0.787
0.356
0.659
0.075
0.394
0.547
0.4
0.666
0.002
0.751
0.13
0.398
0.562
0.29
0.02
0.973
0.873
0.402
0.65
0.254
0.833
0.139
0.231
0.191
0.055
0.123
0.837
0.606
0.338
0.577
0.273
0.21
0.804
0.494
0.017
0.814
0.497
0.566
0.621
0.572
0.914
0.896
0.914
0.385
0.994
0.745
0.917
0.715
0.803
0.232
0.671
0.06
0.846
0.299
0.466
0.626
0.502
0.499
0.584
0.661
0.635
0.029
0.82
0.478
0.938
0.999
0.642
0.149
0.011
0.583
0.679
0.906
0.42
0.665
0.817
0.637
0.559
0.995
0.079
0.824
0.143
0.326
0.55
0.878
0.565
0.071
0.998
0.253
0.24
0.414
0.146
999
0.104
0.907
0.324
0.873
0.157
0.654
0.059
0.032
0.923
0.308
0.671
0.874
0.234
999
0.953
0.5
0.89
0.659
0.607
0.433
0.868
0.757
0.535
0.154
0.661
0.301
0.236
0.703
0.423
0.176
0.616
0.716
0.483
0.249
0.237
0.906
0.658
0.468
0.871
0.642
0.227
0.635
0.022
0.703
0.237
0.668
0.601
0.208
0.301
0.79
0.234
0.297
0.891
0.864
0.117
0.204
0.37
0.894
0.655
0.653
0.208
0.422
0.102
0.018
0.871
0.696
0.961
0.684
0.711
0.147
0.107
0.176
0.97
0.06
0.419
0.444
0.22
0.284
0.255
0.921
0.488
0.23
0.851
0.75
0.503
0.019
0.294
0.268
0.411
0.945
0.943
0.504
0.829
0.085
0.678
0.963
0.74
0.849
0.189
0.618
0.143
0.756
999
0.27
0.842
999
0.084
0.882
0.718
0.297
0.025
0.385
0.293
0.943
0.269
0.619
0.162
0.299
0.428
0.506
0.652
0.095
0.871
0.739
0.95
0.765
0.22
0.03
0.596
0.937
0.765
0.859
0.301
0.066
0.396
0.237
0.562
0.117
0.236
0.609
0.61
0.213
0.893
0.934
0.102
0.152
0.261
0.433
0.098
0.95
0.701
0.173
0.43
0.925
0.643
0.289
0.052
0.686
0.471
0.594
0.504
0.021
0.929
0.091
0.248
0.506
0.895
0.809
0.634
0.761
0.19
0.441
0.18
0.552
0.452
0.425
0.394
0.842
0.121
0.302
0.685
0.079
0.344
0.148
0.676
0.218
0.199
0.625
0.362
0.496
0.484
0.118
0.991
0.432
0.169
0.001
0.035
0.612
0.428
999
0.604
0.856
0.708
0.23
0.239
0.542
0.322
0.892
0.652
0.792
0.151
0.167
0.327
0.314
0.539
0.309
0.852
0.167
0.697
0.006
0.48
0.446
0.839
0.102
0.77
0.216
0.078
0.559
0.76
0.349
0.022
0.844
0.553
0.658
0.403
0.439
0.037
0.607
0.407
0.952
0.805
0.575
0.356
0.755
0.947
0.13
0.581
0.536
0.35
0.418
0.162
0.689
0.121
0.006
0.894
0.839
0.557
0.453
0.573
0.222
0.604
0.712
0.656
0.079
0.068
0.565
0.939
0.917
0.831
0.015
0.124
0.819
0.806
0.624
0.745
0.823
0.946
0.043
0.365
0.819
0.444
0.968
0.829
0.334
0.666
0.77
0.538
0.065
0.395
0.96
0.259
0.168
0.078
0.347
0.705
0.599
0.623
0.616
0.165
0.491
0.108
0.826
0.407
0.993
0.78
0.385
0.552
0.937
0.171
0.031
0.88
0.578
0.659
0.893
0.116
0.312
0.461
0.497
0.032
0.979
0.446
0.645
0.471
0.772
0.534
0.137
0.324
0.702
0.414
0.395
0.996
0.736
0.719
0.56
0.906
0.923
0.076
0.608
0.334
0.61
0.842
0.562
0.676
0.838
0.071
0.214
0.18
0.99
0.957
0.382
0.185
0.689
0.95
0.576
0.145
0.536
0.81
0.049
0.88
0.686
0.617
0.749
0.074
0.822
0.908
0.309
0.827
0.721
0.952
0.178
0.184
0.365
0.77
0.339
0.734
0.831
0.358
0.111
0.017
0.768
0.989
0.615
0.603
0.038
0.303
0.215
0.973
0.647
0.906
0.138
0.35
0.257
0.905
0.498
0.879
0.229
0.488
0.175
0.784
0.255
0.73
0.46
0.176
0.313
0.985
0.833
0.649
0.107
0.985
0.344
0.078
0.895
0.093
0.57
0.903
0.312
0.295
0.453
0.694
0.807
0.245
0.152
0.549
0.503
0.151
0.473
0.062
0.561
0.977
0.543
0.426
0.635
0.773
0.833
0.657
0.005
0.565
0.017
0.667
0.447
0.796
0.093
0.344
0.191
0.209
0.453
0.619
0.01
0.462
0.816
0.066
0.085
0.82
0.704
0.924
0.306
0.079
0.728
0.295
0.036
0.346
0.2
0.29
0.362
0.942
0.311
0.863
0.423
0.86
0.485
0.347
0.367
0.735
0.573
0.285
0.978
0.653
0.146
0.253
0.316
0.179
0.062
0.4
0.106
0.617
0.328
0.66
0.223
0.251
0.574
0.666
0.231
0.358
0.122
0.443
0.075
0.166
0.805
0.063
0.383
0.798
0.18
0.889
0.622
0.413
0.202
0.77
0.776
0.47
0.477
0.865
0.263
0.467
0.216
0.874
0.066
0.535
0.231
0.081
0.23
0.465
0.989
0.131
0.529
0.548
0.282
0.936
0.283
0.441
0.929
0.706
0.011
0.184
0.777
0.973
0.284
0.727
0.484
0.901
0.82
0.0
0.682
0.465
0.745
0.57
0.994
0.056
0.645
0.711
0.022
0.361
0.264
0.868
0.471
0.569
0.325
0.322
0.597
0.05
0.013
0.007
0.758
0.084
0.515
0.564
0.683
0.923
0.41
0.402
0.638
0.744
0.337
0.735
0.186
0.709
0.589
0.498
0.741
0.246
0.834
0.476
0.384
0.652
0.682
0.705
0.864
0.805
0.199
0.424
0.178
0.649
0.471
0.144
0.792
0.514
0.559
0.569
0.217
0.053
0.328
0.864
0.992
0.444
0.446
0.186
0.102
0.642
0.46
0.462
0.385
0.908
0.258
0.351
0.335
0.321
0.339
0.905
0.196
0.317
0.078
0.794
0.584
0.541
0.329
0.198
0.884
0.975
0.923
0.814
0.032
0.337
0.096
0.013
0.652
0.521
0.255
0.573
0.062
0.472
0.134
0.151
0.886
0.094
0.776
0.042
0.963
0.832
0.245
0.494
0.181
0.109
0.87
0.166
0.017
0.241
0.798
0.362
0.429
0.782
0.113
0.139
0.065
0.009
0.321
0.949
0.363
0.018
0.7
0.338
0.523
0.45
0.034
0.445
0.561
0.731
0.482
0.141
0.751
0.081
0.402
0.551
0.403
0.194
0.991
0.464
0.418
0.688
0.844
0.04
0.047
0.197
0.518
0.734
0.64
0.136
0.153
0.973
0.876
0.195
0.025
0.925
0.813
0.191
0.721
0.018
0.047
0.926
0.353
0.727
999
0.301
0.712
0.471
0.299
0.42
0.46
0.338
0.677
0.446
0.005
0.486
0.831
0.808
0.367
0.084
0.55
0.94
0.38
0.191
0.833
0.047
0.584
0.038
0.735
0.141
0.262
0.63
0.902
0.386
0.828
0.416
0.336
0.096
0.865
0.018
0.205
0.236
0.552
0.848
0.085
0.093
0.503
0.401
0.57
0.944
0.546
0.638
0.94
0.487
0.126
0.934
0.865
0.192
0.403
0.92
0.016
0.164
0.545
0.266
0.549
0.787
0.165
0.663
0.726
0.997
0.1
0.71
0.73
0.494
0.062
0.098
0.115
0.22
0.37
0.701
0.705
0.675
0.299
0.403
0.195
0.154
0.162
0.355
0.917
0.772
0.189
0.333
0.308
0.057
0.032
0.048
0.403
0.149
0.772
0.195
0.094
0.68
0.896
0.255
0.567
0.29
0.894
0.852
0.789
0.251
0.82
0.201
0.644
0.408
0.746
0.791
0.14
0.503
0.303
0.938
0.782
0.26
0.58
0.478
0.673
0.224
0.787
0.609
0.781
0.673
0.954
0.303
0.54
0.129
0.946
0.987
0.92
0.303
0.225
0.938
0.352
0.402
0.878
0.83
0.068
0.167
0.901
0.324
