0.52
0.968
0.049
0.501
0.212
0.316
0.49
0.637
0.124
0.997
0.016
0.615
0.971
0.952
0.02
0.392
0.859
0.226
0.563
0.674
0.218
0.885
0.446
0.433
0.319
0.26
0.594
0.011
0.345
0.555
0.861
0.742
0.377
0.947
0.168
0.806
0.024
0.844
0.579
0.111
0.33
0.16
0.942
0.69
0.786
0.687
0.146
0.37
0.038
0.996
0.368
0.03
0.143
0.992
0.934
0.054
0.695
0.141
0.035
0.847
0.953
0.928
0.683
0.255
0.042
0.504
0.048
0.466
0.406
0.927
0.037
0.803
0.749
0.582
0.491
0.194
0.778
0.468
0.641
0.168
0.791
0.983
0.926
0.857
0.738
0.338
0.419
0.738
0.889
0.257
0.23
0.888
0.015
0.588
0.716
0.154
0.726
0.991
0.413
0.845
0.931
0.983
0.206
0.25
0.508
0.414
0.106
0.847
0.614
0.341
0.488
0.533
0.226
0.988
0.274
0.256
0.937
0.576
0.521
0.973
0.711
0.908
0.727
0.048
0.975
0.301
0.43
0.301
0.772
0.522
0.477
0.936
0.966
0.849
0.621
0.974
0.954
0.437
0.726
0.64
0.532
0.65
0.506
0.934
0.418
0.8
0.376
0.059
0.05
0.989
0.361
0.917
0.65
0.461
0.086
0.461
0.29
0.594
0.181
0.298
0.477
0.702
0.676
0.507
0.044
0.893
0.061
0.172
0.417
0.61
0.865
0.374
0.079
0.185
0.37
0.418
0.629
0.022
0.88
0.269
0.969
0.179
0.698
0.715
0.739
0.362
0.244
0.39
0.926
0.239
0.111
0.115
0.346
0.641
0.658
0.906
0.936
0.357
ERROR
0.16
