0.086
0.111
0.759
0.933
0.327
0.176
0.685
0.469
0.205
0.78
0.311
0.192
0.027
0.534
0.447
0.747
0.091
0.97
0.807
0.954
0.036
0.306
0.259
0.555
0.043
0.063
0.049
0.182
0.952
0.383
0.926
0.631
0.558
0.931
0.273
0.448
0.616
0.004
0.84
0.967
0.631
0.009
999
0.502
0.358
0.519
0.54
0.173
0.884
0.153
0.3
0.274
0.907
0.881
0.769
0.766
0.582
0.111
0.237
0.739
0.674
0.467
0.64
0.204
0.073
0.7
0.888
0.527
0.464
0.801
0.266
0.443
0.694
0.371
0.98
0.981
0.025
0.51
0.463
0.722
0.068
0.254
0.153
0.808
0.354
0.844
0.756
0.083
0.72
0.302
0.264
0.269
0.593
0.058
0.622
0.142
0.809
0.501
0.708
0.998
0.613
0.909
0.537
0.211
0.875
0.183
0.759
0.362
0.45
0.509
0.874
0.693
0.489
0.681
0.524
0.936
999
0.777
0.913
0.722
0.055
0.731
0.881
0.548
0.366
0.777
0.618
0.808
0.921
0.269
0.547
0.103
0.936
0.481
0.414
0.619
0.464
0.869
0.698
0.747
0.201
0.502
0.912
0.171
0.711
0.249
0.141
0.719
0.045
0.016
0.104
0.315
0.427
0.154
0.939
0.844
0.762
0.713
0.076
0.646
0.101
0.732
0.352
0.487
0.086
0.856
0.338
0.583
0.22
0.927
0.745
0.24
0.475
0.338
0.847
0.956
0.72
0.552
0.517
0.179
0.421
0.757
0.998
0.654
0.731
0.582
0.773
0.749
0.35
0.631
0.841
0.716
0.653
0.436
0.71
0.72
0.017
0.05
0.866
0.12
0.75
0.215
0.996
0.478
0.046
0.727
0.938
0.314
0.639
0.147
0.53
0.931
0.932
0.631
0.288
0.236
0.42
0.56
0.651
0.115
0.291
0.432
0.871
0.213
0.528
0.702
0.791
0.382
0.956
0.783
0.46
0.563
0.318
0.464
0.548
0.153
0.648
0.963
0.928
0.984
0.034
0.42
0.472
0.715
0.364
0.765
0.474
0.286
0.683
0.627
0.945
0.135
0.94
0.049
0.11
0.238
0.024
0.66
0.25
0.27
0.549
0.045
0.325
0.564
0.702
0.548
0.095
0.141
0.698
0.073
0.494
0.082
0.527
0.316
0.225
0.839
0.294
0.578
0.835
0.084
0.239
0.849
999
0.774
0.904
0.589
0.875
0.794
0.397
0.829
0.432
0.974
0.648
0.341
0.392
0.089
0.486
0.974
0.905
0.698
0.141
0.219
0.563
0.753
0.744
0.715
0.611
0.133
0.288
0.952
0.61
0.673
0.12
0.834
0.488
0.445
0.286
0.684
0.426
0.033
0.211
0.113
0.6
0.688
0.685
0.98
0.312
0.981
0.362
0.414
0.781
0.583
0.697
0.562
0.924
0.572
0.19
0.951
0.115
0.856
0.582
0.265
0.774
0.179
0.253
0.277
0.318
0.208
0.1
0.856
0.069
0.621
0.33
0.449
0.627
0.61
0.128
0.965
0.657
0.874
0.595
0.813
0.87
0.706
0.437
0.239
0.079
0.315
0.193
0.332
0.741
0.879
0.255
0.328
0.526
0.277
0.464
0.865
0.821
0.698
0.795
0.818
0.813
0.83
0.096
0.35
0.359
0.321
0.729
0.333
0.204
0.603
0.948
0.862
0.913
0.265
0.302
0.747
0.301
0.221
0.896
0.285
0.091
0.531
0.784
0.927
0.317
0.243
0.705
0.577
0.918
0.824
0.859
0.475
0.248
0.167
0.244
0.5
0.248
0.234
0.341
0.584
0.242
0.895
0.336
0.779
0.792
0.545
0.762
0.494
0.517
0.277
0.901
0.949
0.397
0.321
0.515
0.898
0.345
0.629
0.748
0.748
0.626
0.715
0.256
0.428
0.373
0.688
0.749
0.841
0.273
0.336
0.752
0.727
0.719
0.982
0.37
0.712
0.049
0.893
0.751
0.268
0.173
0.804
0.29
0.23
0.829
0.878
0.693
0.516
0.698
999
0.119
0.793
0.983
0.823
0.817
0.087
0.227
0.75
0.29
0.999
0.971
0.149
0.601
0.413
0.496
0.163
0.479
0.022
0.363
0.662
0.477
0.167
0.092
0.001
0.086
0.834
0.47
0.918
0.072
0.066
0.978
0.185
0.173
0.649
0.066
0.527
0.124
0.935
0.233
0.581
0.195
0.116
0.896
0.614
0.806
0.815
0.296
0.835
0.219
0.29
0.186
0.39
0.096
0.935
0.795
0.249
0.251
0.795
0.584
0.182
0.568
0.922
0.507
0.287
0.735
0.44
0.684
0.21
0.806
0.652
0.617
0.852
0.143
999
0.088
0.089
0.429
0.528
0.511
0.736
0.633
0.486
0.414
0.03
0.795
0.761
0.304
0.604
0.123
0.936
0.582
0.525
0.251
0.263
0.795
0.36
0.158
0.801
0.979
0.815
0.727
0.191
0.305
0.286
0.196
0.882
0.62
0.207
0.328
0.151
0.503
0.591
0.686
0.778
0.777
0.451
0.039
0.748
0.605
0.152
0.631
0.323
0.277
0.882
0.794
0.77
0.124
0.595
0.643
0.607
0.966
0.402
0.158
0.052
0.722
0.61
0.942
0.212
0.389
0.196
0.438
0.181
0.796
0.582
0.44
0.611
0.676
0.826
0.979
0.195
0.116
0.13
0.671
0.828
0.346
0.088
0.418
0.514
0.035
0.367
0.668
0.596
0.881
0.277
0.378
0.076
0.677
0.367
0.787
0.425
0.822
0.928
0.087
0.594
0.051
0.48
0.083
0.579
0.61
0.428
0.74
0.088
0.112
0.301
0.778
0.474
0.936
0.614
0.675
0.076
0.876
0.383
0.667
0.874
0.404
0.384
0.227
0.244
0.884
0.642
0.472
0.293
0.35
0.238
0.154
0.062
0.621
0.285
0.314
0.196
0.93
0.831
0.203
0.822
0.0
0.943
0.024
0.502
0.368
0.933
0.838
0.401
0.036
0.682
0.224
0.21
0.348
0.612
0.609
0.552
0.269
0.403
0.565
0.808
0.961
0.122
0.208
0.4
0.81
0.9
0.298
0.359
0.253
0.237
0.214
0.633
0.411
0.856
0.756
0.151
0.365
0.059
0.169
0.116
0.756
0.329
0.069
0.365
0.667
0.626
0.662
0.849
0.292
0.133
0.662
0.86
0.486
0.955
0.448
0.267
0.35
0.954
0.356
0.054
0.064
0.724
0.778
0.382
0.956
0.243
0.44
0.209
0.647
0.169
0.461
0.936
0.696
0.703
0.85
0.407
999
0.433
0.197
0.815
0.692
0.893
0.517
0.988
0.063
0.575
0.239
0.692
0.394
0.35
0.324
0.408
0.591
0.699
0.276
0.955
0.735
0.435
0.433
0.236
0.241
0.368
0.297
0.818
0.71
0.722
0.999
0.254
0.386
0.409
0.523
0.433
0.097
0.583
0.91
0.68
0.329
0.34
0.089
0.758
0.433
0.887
0.289
0.456
0.991
0.085
0.279
0.623
0.064
0.258
0.281
999
0.354
0.015
0.505
0.915
0.235
0.902
0.387
0.099
0.068
0.584
0.258
0.133
0.445
0.759
0.817
0.119
0.757
0.266
0.343
0.23
0.934
0.655
0.625
0.444
0.436
0.984
0.962
0.013
0.235
0.305
0.655
0.281
0.565
0.073
0.737
0.239
0.218
0.347
0.727
0.401
0.383
0.122
0.189
0.892
0.365
0.438
0.01
0.972
0.644
0.524
0.296
0.747
0.445
0.198
0.023
0.75
0.056
0.877
0.62
0.892
0.752
0.38
0.77
0.369
0.655
0.02
0.075
0.028
0.164
0.328
0.503
0.675
0.629
0.737
0.771
0.822
0.077
0.83
0.004
0.626
0.145
0.907
0.004
0.555
0.046
0.478
0.918
0.77
0.824
0.258
0.383
0.565
0.096
0.717
0.833
0.517
0.877
0.031
0.948
0.974
0.988
0.384
0.6
0.561
0.588
0.478
0.287
0.673
0.534
0.229
0.796
0.179
0.013
0.757
0.078
0.52
0.503
0.132
0.113
0.554
0.238
0.382
0.77
0.663
0.903
0.285
0.167
0.748
0.264
0.989
0.584
0.566
0.228
0.866
0.297
0.874
0.705
0.462
0.616
0.604
0.121
0.33
0.682
0.309
0.519
0.906
0.967
0.638
0.105
0.26
0.798
0.39
0.366
0.574
0.026
0.862
0.053
0.435
0.218
0.078
0.307
0.504
0.614
0.939
0.616
0.665
0.14
0.891
0.667
0.081
0.947
0.357
0.345
0.809
0.684
0.578
0.347
0.845
0.295
0.121
0.14
0.736
