0.66
0.653
0.388
0.888
0.394
0.797
0.23
0.088
0.783
0.563
0.927
0.472
0.452
0.051
0.703
0.938
0.078
0.703
0.856
0.247
0.186
0.737
0.232
0.121
0.16
0.77
0.115
0.905
0.567
0.487
0.849
0.627
0.315
0.128
0.008
0.037
0.683
0.625
0.273
0.988
0.463
0.861
0.741
0.664
0.502
0.402
0.22
0.257
0.369
0.384
0.054
0.517
0.181
0.288
0.963
0.234
0.398
0.43
0.941
0.707
0.179
0.941
0.748
0.342
0.349
0.157
0.598
0.066
0.483
0.296
0.208
0.04
0.566
0.367
0.093
0.054
0.31
0.794
0.05
0.502
0.165
0.415
0.675
0.785
0.694
0.4
0.977
0.561
0.045
0.532
0.735
0.815
0.091
0.439
0.579
0.168
0.607
0.521
0.466
0.376
0.895
0.049
0.163
0.309
0.821
0.533
0.034
0.229
0.947
0.104
0.516
0.426
0.212
0.356
0.265
0.331
0.514
0.847
0.822
0.58
0.781
0.698
0.16
0.264
0.612
0.228
0.553
0.966
0.716
0.861
0.563
0.063
0.027
0.082
0.865
0.797
0.354
0.217
0.612
0.325
0.804
0.359
0.415
0.842
0.725
0.063
0.346
ERROR
0.65
0.876
0.326
0.676
0.565
0.152
0.357
0.728
0.878
0.513
0.473
0.37
0.609
0.62
0.361
0.63
0.637
0.961
0.742
0.265
ERROR
0.063
0.644
0.404
0.2
0.029
0.177
0.945
0.281
0.801
0.684
0.709
0.921
0.874
0.185
0.841
0.526
0.125
0.477
0.783
0.599
0.319
0.917
0.744
0.939
0.456
0.526
0.115
0.54
0.404
1.0
0.68
