0.776
0.473
0.743
0.35
0.24
0.335
0.744
0.811
0.592
0.545
0.547
0.497
0.904
0.226
0.911
0.905
0.245
0.9
0.546
0.892
0.084
0.787
0.675
0.998
0.659
0.106
0.727
0.71
0.121
0.28
0.219
0.069
0.706
0.524
0.694
0.465
0.159
0.585
0.123
0.885
0.747
ERROR
0.6
0.16
0.6
0.714
0.049
0.557
0.464
0.743
0.47
0.011
0.921
0.544
0.683
0.2
0.249
0.995
0.803
0.583
0.229
0.163
0.588
0.723
0.322
0.436
0.02
0.28
0.93
0.57
0.685
0.259
0.445
0.57
0.135
0.176
0.241
0.132
0.399
0.101
0.697
0.664
0.047
0.074
0.861
0.844
0.582
0.03
0.915
0.41
0.666
0.323
0.246
0.101
0.893
0.852
0.349
0.222
0.363
0.659
0.565
0.258
0.094
0.194
0.154
0.643
0.452
0.46
0.993
0.792
0.237
0.038
0.31
0.16
0.424
0.494
0.977
0.925
0.566
0.507
0.014
0.809
0.058
0.542
0.616
0.99
0.205
0.058
0.39
0.401
0.866
0.788
0.787
0.01
0.979
0.981
0.233
0.559
0.074
0.193
0.742
0.926
0.819
0.539
0.344
0.642
0.881
0.533
0.305
0.213
0.282
0.685
0.122
0.418
0.67
0.805
0.95
0.865
0.913
0.76
0.644
0.596
0.804
0.029
0.772
0.752
0.269
0.087
0.564
0.287
0.392
0.996
0.442
0.21
0.241
0.631
0.402
0.167
0.156
0.169
0.428
0.066
0.451
0.292
0.951
0.351
0.778
0.872
0.427
0.255
0.481
0.441
0.824
0.891
0.064
0.298
0.17
0.099
0.596
0.113
