0.301
0.467
0.523
0.065
0.942
0.904
0.186
0.068
0.536
0.227
0.315
0.855
0.349
0.268
0.304
0.111
0.838
0.919
0.182
0.426
0.184
0.124
0.643
0.297
0.657
0.91
0.517
0.877
0.278
0.097
0.186
0.588
0.663
0.638
0.029
0.489
0.049
0.319
0.633
0.59
0.768
0.808
0.238
0.582
0.708
0.787
0.268
0.957
0.666
0.179
0.722
0.839
0.253
0.85
0.683
0.178
0.411
0.702
0.214
0.023
0.104
0.767
0.736
0.786
0.217
0.748
0.841
0.413
0.054
0.811
0.628
0.187
0.614
0.785
0.51
0.344
0.954
0.429
0.678
0.304
0.672
0.412
0.141
0.131
0.433
0.743
0.593
0.962
0.494
0.043
0.289
0.956
0.674
0.993
0.769
0.846
0.722
0.348
0.426
0.525
0.801
0.2
0.078
0.824
0.805
0.232
0.449
0.391
0.253
0.685
0.588
0.87
0.805
0.397
0.612
0.099
0.391
0.64
0.017
0.553
0.307
0.188
0.263
0.562
0.111
0.125
0.034
0.9
0.661
0.516
0.934
0.205
0.123
0.486
0.931
0.909
0.149
0.98
0.871
0.466
0.283
0.633
0.63
0.911
0.778
0.701
0.48
0.169
0.002
0.27
0.029
0.315
0.25
0.815
0.82
0.543
0.186
0.896
0.909
0.889
0.244
0.855
0.69
0.698
0.147
0.123
0.025
0.385
0.316
0.921
0.915
0.097
0.655
0.241
0.688
0.045
0.131
0.798
0.417
0.794
0.705
0.043
0.242
0.819
0.475
0.68
0.506
0.251
0.304
0.239
0.604
0.041
0.146
0.79
0.259
0.595
0.25
0.093
0.085
0.104
