0.539
0.913
0.398
0.361
0.504
0.789
0.762
0.264
0.124
0.074
0.698
0.955
0.675
0.168
0.894
0.561
0.629
0.445
0.227
0.276
0.398
0.692
0.487
0.345
0.673
0.192
0.501
0.352
0.872
0.936
0.378
0.301
0.242
0.514
0.404
0.615
0.21
0.544
0.706
0.532
0.326
0.429
0.026
0.706
0.99
0.951
0.208
0.264
0.187
0.41
0.249
0.645
0.506
0.255
0.272
0.47
0.839
0.448
0.864
0.869
0.603
0.512
0.125
0.631
0.105
0.28
0.893
0.011
0.699
0.554
0.945
0.445
0.96
0.54
0.276
0.318
0.038
0.279
0.721
0.868
0.483
0.598
0.126
0.114
0.952
0.824
0.546
0.3
0.319
0.524
0.233
0.946
0.976
0.193
0.779
0.078
0.853
0.265
0.875
0.576
0.029
0.414
0.812
0.279
0.598
0.453
0.26
0.862
0.712
0.115
0.404
0.65
0.168
0.579
0.233
0.875
0.066
0.238
0.06
0.574
0.886
0.008
0.382
0.869
0.632
0.875
0.209
0.616
0.241
0.528
0.536
0.493
0.28
0.159
0.114
0.15
0.24
0.948
0.603
0.681
0.091
0.961
0.284
0.275
0.521
0.701
0.023
0.754
0.286
0.439
0.568
0.164
0.893
0.267
0.729
0.282
0.293
0.529
0.374
0.454
0.505
0.738
0.634
0.732
0.742
0.176
0.19
0.991
0.313
0.56
0.507
0.456
0.581
0.402
0.332
0.547
0.683
0.725
0.615
0.402
0.936
0.327
0.233
0.063
0.096
0.469
0.768
0.774
0.033
0.42
0.634
0.258
0.713
0.404
0.942
0.193
0.445
0.355
0.344
0.573
0.927
0.763
0.185
0.835
0.375
0.528
0.595
0.737
0.07
0.146
0.44
0.475
0.806
0.916
0.371
0.145
0.271
0.882
0.338
0.932
0.013
0.75
0.147
0.496
0.717
0.741
0.221
0.947
0.657
0.326
0.004
0.935
0.941
0.409
0.128
0.992
0.771
0.149
0.902
0.876
0.206
0.313
0.547
0.062
0.399
0.776
0.167
0.696
0.544
0.602
0.109
0.392
0.058
0.933
0.528
0.605
0.644
0.885
0.683
0.87
0.082
0.167
0.817
0.356
0.684
0.673
0.532
0.856
0.426
0.721
0.818
0.421
0.012
0.907
0.963
0.716
0.918
0.513
0.949
0.634
0.342
0.773
0.894
0.341
0.645
0.997
0.9
0.774
0.332
0.113
0.73
0.149
0.146
0.865
0.558
0.019
0.104
0.523
0.568
0.077
0.488
0.14
0.137
0.941
0.447
0.748
0.048
0.88
0.576
0.241
0.316
0.569
0.332
0.885
0.616
0.077
0.149
0.6
0.09
0.544
0.195
0.938
0.036
0.159
0.672
0.414
0.408
0.346
0.334
0.201
0.531
0.631
0.953
0.434
0.35
0.844
0.351
0.605
0.444
0.952
0.892
0.162
0.77
0.02
0.329
0.117
0.143
0.856
0.402
0.071
0.014
0.865
0.96
0.037
0.29
0.693
0.713
0.166
0.278
0.877
0.328
0.377
0.233
0.134
0.135
0.599
0.961
0.997
0.794
0.032
0.815
0.665
0.393
0.644
0.336
0.326
0.468
0.012
0.118
0.841
0.763
0.11
0.582
0.927
0.633
0.583
0.349
0.18
0.517
0.563
0.538
0.255
0.394
0.846
0.268
0.99
0.622
0.495
0.381
0.133
0.868
0.991
0.846
0.324
0.54
0.953
0.516
0.503
0.033
0.374
0.171
0.437
0.745
0.941
0.531
0.242
0.198
0.417
0.624
0.6
0.348
0.374
0.098
0.16
0.595
0.615
1.0
0.554
0.001
0.893
0.564
0.644
0.142
0.941
0.451
0.137
0.027
0.768
0.703
0.828
0.566
0.786
0.355
0.179
0.039
0.769
0.624
0.399
0.598
0.14
0.072
0.084
999
0.477
0.792
0.591
0.389
0.293
0.176
0.784
0.716
0.005
0.121
0.429
0.383
0.507
0.58
0.293
0.48
0.178
0.006
0.974
0.375
0.919
0.051
0.838
0.589
0.795
0.564
0.506
0.015
0.03
0.39
0.148
0.102
0.211
0.075
0.89
0.067
0.101
0.23
0.334
0.618
0.533
0.665
0.575
0.036
0.391
0.566
0.785
0.806
0.864
0.727
0.337
0.364
0.713
0.504
0.151
0.766
0.987
0.119
0.841
0.923
0.002
0.45
0.875
0.911
0.484
0.834
0.126
0.346
0.455
0.318
0.271
0.421
0.882
0.595
0.592
0.759
0.161
0.743
0.562
0.237
0.278
0.713
0.629
0.731
0.141
0.474
0.948
0.052
0.007
0.3
0.975
0.794
999
0.206
0.607
0.17
0.26
0.74
0.841
0.514
0.003
0.585
0.81
0.227
0.222
0.977
0.517
0.318
0.988
0.298
0.394
0.907
0.644
0.283
0.13
0.535
0.603
0.835
0.025
0.603
0.467
0.271
0.184
0.374
0.522
0.798
0.171
0.997
0.706
0.887
0.703
0.992
0.339
0.917
0.386
0.854
0.497
0.685
0.726
0.32
0.6
0.068
0.178
0.908
0.654
0.119
0.398
0.443
0.919
0.639
0.231
0.059
0.772
0.324
0.725
0.925
0.029
0.41
0.645
0.018
0.983
0.653
0.037
0.172
0.896
0.658
0.393
0.685
0.211
0.806
0.084
0.892
0.298
0.553
0.383
0.668
0.274
0.575
0.897
0.644
0.726
0.725
0.357
999
0.992
0.904
0.963
0.747
0.139
0.775
0.008
0.247
0.476
0.2
0.311
0.445
0.979
0.745
0.231
0.094
0.139
0.29
0.218
0.537
0.827
0.865
0.421
0.196
0.251
0.253
0.189
0.183
0.155
0.838
0.813
0.999
0.474
0.963
0.342
0.512
0.037
0.12
0.555
0.913
0.917
0.484
0.022
0.531
999
0.811
0.991
0.175
0.216
0.835
0.568
0.25
0.686
0.95
0.596
0.832
0.562
0.656
0.487
0.211
0.739
0.414
0.702
0.31
0.565
0.164
0.629
0.846
0.834
0.96
0.099
0.516
0.309
0.839
0.427
0.847
0.289
0.838
0.192
0.172
0.81
0.425
0.711
0.951
0.319
0.652
0.504
0.254
0.702
0.138
0.777
0.906
0.961
0.534
0.413
0.125
0.834
0.82
0.098
0.456
0.031
0.578
0.895
0.497
0.38
0.887
0.238
0.585
0.446
0.738
0.104
0.005
0.944
0.522
0.872
0.029
0.617
0.035
0.975
0.039
0.435
0.75
0.449
0.026
0.674
0.84
0.681
0.327
0.889
0.592
0.818
0.538
0.171
0.078
0.285
0.37
0.481
0.574
0.616
0.436
0.679
0.252
0.232
0.462
0.842
0.194
0.097
0.856
0.711
0.667
0.263
0.094
0.483
0.451
0.348
0.168
0.335
0.479
0.835
0.039
0.623
0.846
0.956
0.176
0.833
0.863
0.609
0.58
0.872
0.257
0.101
0.188
0.913
0.285
0.332
0.203
0.509
0.988
0.052
0.336
0.229
0.053
0.343
0.878
0.454
0.402
0.775
0.839
0.499
0.792
0.283
0.28
0.086
0.018
0.985
0.807
0.328
0.733
0.823
0.084
0.917
0.278
0.272
0.037
0.003
0.535
0.825
0.598
0.479
0.978
0.339
0.107
0.615
0.848
0.402
0.108
0.071
0.456
0.38
0.893
0.161
0.641
0.514
0.416
0.497
0.627
0.576
0.775
0.634
0.324
0.197
0.516
0.949
0.646
0.374
0.822
0.401
0.163
0.473
0.009
0.754
0.688
0.165
0.747
0.005
0.65
0.272
0.242
0.287
0.639
0.58
0.426
0.305
0.925
0.2
0.779
0.537
0.591
0.876
0.289
0.701
0.421
0.306
0.106
0.113
0.453
0.186
0.408
0.126
0.923
0.168
0.331
0.45
0.049
0.51
0.008
0.628
0.86
0.668
0.128
0.041
0.82
0.767
0.585
0.288
0.265
0.647
0.531
0.435
0.479
0.109
0.419
0.389
0.122
0.732
0.473
0.267
0.787
0.105
0.486
0.092
0.792
0.973
0.308
0.438
0.343
0.238
0.661
0.182
0.844
0.185
0.926
0.845
0.456
0.649
0.168
0.168
0.369
0.297
0.341
0.19
0.933
0.594
0.126
0.609
0.777
0.747
0.272
0.437
0.154
0.832
0.539
0.329
0.207
0.517
0.632
0.401
0.445
0.965
0.713
0.153
0.188
0.127
0.466
0.6
0.306
0.616
0.476
0.783
0.319
0.015
0.695
0.44
0.908
0.841
0.474
0.34
0.898
0.47
0.695
0.927
0.334
0.369
