0.487
0.937
0.924
0.198
0.91
0.445
0.353
0.371
0.811
0.816
0.997
0.736
0.84
0.563
0.193
0.789
0.029
0.849
0.201
0.963
0.976
0.473
0.44
0.101
0.45
0.045
0.901
0.679
0.527
0.264
0.816
0.725
0.709
0.04
0.282
0.482
0.07
0.771
0.534
0.392
0.113
0.078
0.293
0.127
0.236
0.59
0.414
0.819
0.061
0.254
0.973
0.615
0.828
0.533
0.385
0.284
0.499
0.11
0.515
0.913
0.047
0.374
0.385
0.123
0.687
0.099
0.35
0.738
0.854
0.031
0.662
0.5
0.219
0.995
0.596
0.483
0.598
0.766
0.065
0.7
0.558
0.567
0.407
0.472
0.432
0.194
0.204
0.18
0.069
0.229
0.806
0.799
0.858
0.396
0.097
0.558
0.313
0.599
0.095
0.826
0.372
0.701
0.083
1.0
0.043
0.902
0.963
0.056
0.283
0.052
0.723
0.757
0.394
0.976
0.942
0.155
0.801
0.323
0.078
0.724
0.982
0.736
0.32
0.276
0.434
0.288
0.084
0.096
0.253
0.667
0.575
0.962
0.278
0.313
0.714
0.179
0.964
0.847
0.432
0.478
0.185
0.396
0.726
0.575
0.874
0.989
0.565
0.087
0.962
0.355
0.842
0.362
0.574
0.64
0.257
0.19
0.857
0.54
0.65
0.302
0.976
0.633
0.709
0.738
0.04
0.879
0.104
0.991
0.915
0.883
0.779
0.249
0.183
0.075
0.337
0.611
0.875
0.172
0.361
0.251
0.278
0.228
0.022
0.302
0.836
0.785
0.783
0.394
0.684
0.715
0.882
0.578
0.146
0.754
0.213
0.659
0.743
0.902
0.296
0.765
