0.514
0.336
0.964
0.331
0.181
0.116
0.477
0.038
0.944
0.655
0.369
0.533
0.05
0.695
0.355
0.739
0.419
0.114
0.502
0.432
0.94
0.699
0.581
0.142
0.128
0.304
0.303
0.646
0.989
0.557
0.284
0.529
0.177
0.766
0.036
0.582
0.442
0.186
0.316
0.85
0.559
0.088
0.895
0.474
0.45
0.542
0.445
0.27
0.84
0.486
0.286
0.172
0.816
0.639
0.506
0.16
0.146
0.793
0.287
0.32
0.387
0.689
0.974
0.044
0.757
0.681
0.654
0.524
0.034
0.059
0.771
0.038
0.839
0.835
0.884
0.203
0.804
0.62
0.582
0.079
0.784
0.62
0.97
0.745
0.738
0.941
0.966
0.629
0.782
0.792
0.505
0.631
0.251
0.29
0.604
0.264
0.923
0.179
0.607
0.482
0.46
0.933
0.66
0.948
0.441
0.543
0.959
0.408
0.231
0.426
0.219
0.381
0.218
0.748
0.289
0.817
0.9
0.626
0.191
0.145
0.307
0.716
0.726
0.308
0.34
0.451
0.992
0.295
0.036
0.865
0.056
0.802
0.361
0.91
0.568
0.891
0.63
0.924
0.946
0.484
0.056
0.063
0.495
0.235
0.371
0.081
0.083
0.885
0.438
0.602
0.242
0.476
0.848
0.96
0.517
0.298
0.656
0.016
0.961
0.315
0.059
0.645
0.846
0.425
0.66
0.056
0.513
0.025
0.92
0.749
0.74
0.523
0.478
0.645
0.979
0.1
0.859
0.792
0.523
0.335
0.944
0.417
0.259
0.109
0.908
0.229
0.263
0.948
0.088
0.17
0.683
0.494
0.875
0.701
0.916
0.133
0.784
0.712
0.41
0.692
