0.674
0.243
0.702
0.864
0.83
0.36
0.819
0.235
0.111
0.958
0.52
0.831
0.345
0.43
0.198
0.371
0.971
0.367
0.259
0.982
0.496
0.344
0.604
0.966
0.828
0.807
0.777
0.7
0.073
0.149
0.741
0.595
0.415
0.697
0.131
0.673
0.519
0.446
0.939
0.216
0.995
0.243
0.113
0.165
0.981
0.056
0.828
0.958
0.288
0.784
0.699
0.701
0.965
0.081
0.099
0.449
0.942
0.388
0.66
0.288
0.177
0.471
0.237
0.282
0.393
0.797
0.63
0.858
0.884
0.6
0.606
0.972
0.984
0.7
0.793
0.851
0.289
0.121
0.54
0.805
0.64
0.27
ERROR
0.259
0.587
0.986
0.234
0.098
0.307
0.783
0.705
0.0
0.69
0.106
0.142
0.115
0.437
0.472
0.808
0.376
0.887
0.675
0.129
0.751
0.937
0.801
0.016
0.264
0.928
0.693
0.311
0.714
0.367
0.959
0.667
0.241
0.712
0.153
0.672
0.712
0.493
0.485
0.988
0.253
0.268
0.044
0.201
0.141
0.539
0.484
0.923
0.287
0.793
0.26
0.9
0.979
0.401
0.59
0.493
0.965
0.042
0.504
0.719
0.486
0.322
0.822
0.273
0.553
0.892
0.552
0.021
0.338
0.582
0.53
0.279
0.175
0.018
0.465
0.397
0.958
0.997
0.512
0.303
0.417
0.701
0.003
0.104
0.986
0.29
0.35
0.763
0.104
0.358
0.207
0.134
ERROR
0.043
0.281
0.994
0.756
0.373
0.516
0.199
0.731
0.648
0.994
0.498
0.767
0.276
0.937
0.066
0.237
0.994
0.778
0.46
0.818
0.282
0.349
0.482
0.693
