0.311
0.319
0.863
0.072
0.323
0.157
0.858
0.77
0.397
0.107
0.406
0.941
0.487
0.761
0.769
0.518
0.546
0.24
0.526
0.772
0.593
0.97
0.385
0.456
0.14
0.811
0.331
0.748
0.443
0.387
0.534
0.885
0.754
0.066
0.447
0.947
0.54
0.337
0.909
0.124
0.697
0.837
0.341
0.491
0.93
0.335
0.892
0.468
0.102
0.146
0.867
0.643
0.74
0.29
0.051
0.214
0.393
0.312
0.158
0.645
0.667
0.636
0.973
0.646
0.914
0.663
0.647
0.246
0.825
0.817
0.226
0.435
0.787
0.512
0.916
0.184
0.877
0.749
0.962
0.582
0.069
0.272
0.392
0.078
0.913
0.577
0.649
0.93
0.249
0.19
0.445
0.824
0.271
0.842
0.661
0.47
0.677
0.835
0.278
0.188
0.1
0.206
0.31
0.29
0.424
0.199
0.765
0.048
0.283
0.643
0.479
0.472
0.34
0.926
0.269
0.063
0.127
0.784
0.704
0.485
0.247
0.251
0.913
0.799
0.415
0.981
0.777
0.528
0.071
0.965
0.242
0.295
0.779
0.4
0.509
0.393
0.895
0.038
0.856
0.073
0.837
0.718
0.424
0.762
0.989
0.444
0.176
0.076
0.156
0.213
0.877
0.667
0.098
0.541
0.185
0.181
0.198
0.831
0.139
0.086
0.662
0.516
0.978
0.751
0.767
0.947
0.135
0.84
0.917
0.007
0.438
0.443
0.515
0.609
0.301
0.372
0.894
0.839
0.554
0.822
0.569
0.697
0.654
0.585
0.131
0.676
0.678
0.433
0.18
0.13
0.576
0.277
0.082
0.118
0.679
0.7
0.071
0.368
0.982
0.888
0.076
0.996
0.166
0.369
0.822
0.941
0.898
0.473
0.116
0.78
0.477
0.378
0.875
0.726
0.119
0.501
0.449
0.665
0.55
0.937
0.541
0.793
0.876
0.464
0.143
0.877
0.877
0.012
0.584
0.031
0.416
0.618
0.583
0.316
0.673
0.794
0.445
0.115
0.564
0.436
0.774
0.659
0.844
0.399
0.235
0.54
0.399
0.174
0.216
0.701
0.374
0.159
0.631
0.509
0.957
0.333
0.389
0.943
0.017
0.459
0.659
0.869
0.896
0.75
0.443
0.9
0.406
0.64
0.433
0.098
0.146
0.301
0.844
0.508
0.491
0.893
0.725
0.075
0.168
0.072
0.405
0.196
0.779
0.598
0.095
0.738
0.641
0.15
0.161
0.097
0.681
0.902
0.547
0.741
0.486
0.735
0.875
0.849
0.327
0.031
0.657
0.556
0.551
0.211
0.824
0.159
0.202
0.901
0.536
0.318
0.782
0.237
0.601
0.609
0.31
0.606
0.736
0.106
0.957
0.607
0.598
0.816
0.413
0.748
0.645
0.528
0.926
0.264
0.414
0.404
0.366
0.2
0.718
0.997
0.796
0.69
0.71
0.995
0.738
0.335
0.011
0.688
0.8
0.219
0.231
0.313
0.201
0.572
0.571
0.995
0.556
0.39
0.999
0.64
0.279
0.58
0.993
0.308
0.1
0.708
0.681
0.169
0.254
0.197
0.5
0.106
0.298
0.858
0.633
0.158
0.295
0.438
0.616
0.275
0.192
0.762
0.617
0.679
0.291
0.291
0.421
0.29
0.219
0.464
0.819
0.966
0.052
0.794
0.833
0.751
0.731
0.283
0.562
0.656
0.679
0.055
0.863
0.223
0.188
0.247
0.396
0.972
0.726
0.994
0.682
0.803
0.387
0.88
0.588
0.252
0.491
0.827
0.105
0.869
0.809
0.988
0.32
0.09
0.884
0.282
0.737
0.119
0.776
0.675
0.5
0.299
0.477
0.795
0.77
0.177
0.787
0.258
0.982
0.374
0.202
0.364
0.745
0.253
0.858
0.417
0.807
0.966
0.151
0.266
0.599
0.893
0.282
0.772
0.347
0.64
0.28
0.342
0.026
0.089
0.236
0.357
0.029
0.793
0.809
0.341
0.563
0.257
0.635
0.677
0.562
0.822
0.547
0.437
0.391
0.861
0.663
0.556
0.795
0.082
0.114
0.155
0.686
0.967
0.413
0.288
0.885
0.149
0.439
0.158
0.63
0.198
0.905
0.28
0.349
0.671
0.695
0.833
0.817
0.923
0.46
0.261
0.146
0.138
0.727
0.484
0.469
0.603
0.882
0.366
0.593
0.036
0.418
0.717
0.016
0.513
0.567
0.228
0.166
0.772
0.528
0.027
0.452
0.374
0.459
0.958
0.535
0.024
0.105
0.513
0.146
0.415
0.822
0.16
0.494
0.366
0.311
0.242
0.975
0.104
0.795
0.512
0.647
0.745
0.754
0.76
0.876
0.848
0.188
0.579
0.875
0.672
0.989
0.931
0.668
0.82
0.005
0.576
0.161
0.867
0.429
0.6
0.53
0.748
0.043
0.221
0.665
0.889
0.209
0.815
0.828
0.183
0.542
0.547
0.735
0.157
0.341
0.172
0.518
0.579
0.852
0.976
0.983
0.888
0.94
0.782
0.088
0.339
0.678
0.382
0.985
0.125
0.132
0.179
0.082
0.3
0.262
0.975
0.622
0.78
0.174
0.4
0.519
0.657
0.249
0.882
0.26
0.07
0.139
0.145
0.027
0.198
0.832
0.268
0.797
0.214
0.097
0.414
0.322
0.651
0.98
0.517
0.752
0.207
0.529
0.459
0.957
0.496
0.059
0.893
0.507
0.56
0.416
0.638
0.9
0.302
0.062
0.653
0.244
0.787
0.334
0.341
0.398
0.639
0.751
0.059
0.701
0.253
0.59
0.96
0.475
0.661
0.834
0.942
0.446
0.511
0.823
0.769
0.089
0.138
0.785
0.838
0.643
0.745
0.172
0.692
0.92
0.14
0.525
0.786
0.336
0.227
0.773
0.276
0.295
0.984
0.42
0.985
0.5
0.087
0.765
0.752
0.943
0.257
0.185
0.857
0.499
0.038
0.121
0.193
0.888
0.385
0.396
0.57
0.291
0.806
0.481
0.913
0.943
0.238
0.035
0.696
0.741
0.263
0.637
0.482
0.3
0.082
0.062
0.662
0.511
0.852
0.862
0.009
0.787
0.45
0.063
0.147
0.793
0.904
0.505
0.685
0.881
0.331
0.553
0.78
0.011
0.879
0.796
0.079
0.626
0.854
0.586
0.303
0.064
0.017
0.568
0.547
0.543
0.1
0.513
0.64
0.808
0.992
0.161
0.715
0.304
0.247
0.248
0.346
0.244
0.27
0.068
0.419
0.397
0.69
0.823
0.592
0.056
0.611
0.225
0.431
0.614
0.924
0.227
0.457
0.126
0.43
0.069
0.964
0.9
0.89
0.86
0.959
0.145
0.674
0.426
0.603
0.519
0.986
0.839
0.99
0.105
0.722
0.0
0.819
0.627
0.904
0.939
0.308
0.946
0.435
0.682
0.571
0.011
0.966
0.315
0.115
0.726
0.362
0.067
0.587
0.983
0.23
0.477
0.7
0.91
0.649
0.447
0.972
0.85
0.568
0.481
0.594
0.56
0.318
0.516
0.031
0.704
0.195
0.322
0.643
0.875
0.615
0.555
0.304
0.851
0.197
0.428
0.365
0.263
0.305
0.837
0.707
0.395
0.706
0.501
0.457
0.686
0.045
0.733
0.642
0.666
0.697
0.025
0.32
0.502
0.045
0.304
0.344
0.499
0.522
0.884
0.71
0.226
0.13
0.337
0.111
0.186
0.564
0.5
0.47
0.913
0.283
0.212
0.145
0.401
0.428
0.956
0.687
0.787
0.935
0.766
0.326
0.479
0.807
0.648
0.897
0.606
0.669
0.256
0.243
0.52
0.591
0.626
1.0
0.46
0.545
0.791
0.126
0.293
0.769
0.144
0.495
0.066
0.868
0.114
0.916
0.978
0.509
0.179
0.191
0.873
0.128
0.637
0.068
0.702
0.742
0.352
0.943
0.214
0.008
0.482
0.749
0.431
0.817
0.956
0.924
0.125
0.499
0.078
0.074
0.701
0.959
0.735
0.785
0.923
0.199
0.404
0.202
0.481
0.844
0.468
0.957
0.729
0.499
0.576
0.068
0.391
0.843
0.24
0.884
0.179
0.626
0.754
0.821
0.628
0.727
0.7
0.06
0.046
0.34
0.874
0.561
0.145
0.734
0.654
0.004
0.382
0.338
0.684
0.195
0.644
0.279
0.873
0.753
0.383
0.598
0.473
0.077
0.882
0.009
0.958
0.791
0.252
0.598
0.796
0.609
0.419
0.439
0.304
0.102
0.886
0.942
0.403
0.914
0.154
0.351
0.608
0.145
0.71
0.585
0.124
0.187
0.561
0.928
0.296
0.115
0.272
0.06
0.277
0.303
0.506
0.053
0.361
0.927
