0.92
0.088
0.794
0.989
0.757
0.574
0.279
0.286
0.947
0.18
0.762
0.977
0.071
0.496
0.118
0.315
0.874
0.069
0.409
0.965
0.369
0.604
0.918
0.461
0.33
0.331
0.31
0.356
0.041
0.094
0.797
0.358
0.227
0.729
0.546
0.107
0.313
0.523
0.581
0.432
0.406
0.333
0.512
0.008
0.367
0.368
0.947
0.251
0.544
0.204
0.789
0.444
0.383
0.198
0.426
0.186
0.089
0.064
0.964
0.361
0.388
0.719
0.144
0.324
0.756
0.681
0.6
0.786
0.544
0.096
0.298
0.83
0.969
0.113
0.451
0.345
0.983
0.889
0.844
0.169
0.67
0.67
0.202
0.733
0.151
0.283
0.491
0.013
0.232
0.019
0.719
0.165
0.522
0.267
0.966
0.016
0.041
0.594
0.382
0.208
0.559
0.822
0.238
0.942
0.498
0.166
0.303
0.601
0.009
0.266
0.607
0.009
0.094
0.714
0.156
0.79
0.121
0.006
0.594
0.703
0.899
0.076
0.367
0.492
0.228
0.01
0.38
0.612
0.743
0.328
0.945
0.813
0.194
0.347
0.196
0.028
0.793
0.928
0.629
0.07
0.181
0.508
0.687
0.378
0.915
0.89
0.645
0.971
0.32
0.49
0.065
0.67
0.359
0.349
0.712
0.901
0.813
0.614
0.487
0.236
0.027
0.223
0.608
0.318
0.532
0.396
0.996
0.632
0.025
0.812
0.276
0.29
0.481
0.015
999
0.022
0.563
0.991
0.914
0.16
0.891
0.701
0.239
0.479
0.741
0.996
0.521
0.05
0.924
0.123
0.314
0.249
0.96
0.048
0.009
0.025
0.157
0.799
0.251
0.498
0.115
0.916
0.463
0.119
0.485
0.582
0.193
0.446
0.04
0.793
0.761
0.64
0.692
0.191
0.748
0.495
0.926
0.685
0.585
0.565
0.602
0.296
0.406
0.33
0.077
0.969
0.325
0.376
0.773
0.232
0.331
0.203
0.357
0.304
0.056
0.794
0.283
0.477
0.762
0.169
0.294
0.812
0.371
0.711
0.088
0.81
0.221
0.064
0.871
0.07
0.709
0.502
0.717
0.034
0.64
0.135
0.073
0.71
0.46
0.705
0.425
0.168
0.935
0.825
0.822
0.508
0.824
0.911
0.006
0.331
0.139
0.044
0.089
0.142
0.138
0.125
0.44
0.394
0.497
0.085
0.606
0.696
0.234
0.636
0.387
0.742
0.141
0.571
0.442
0.213
0.451
0.257
0.423
0.303
0.168
0.996
0.524
0.192
0.196
0.772
0.438
0.132
0.001
0.833
0.349
0.814
0.012
0.627
0.425
0.544
0.541
0.247
0.502
0.484
0.847
0.196
0.825
0.366
0.077
0.128
0.197
0.388
0.596
0.189
0.807
0.364
0.52
0.147
0.141
0.618
0.593
0.029
0.613
0.535
0.497
0.467
0.894
0.161
0.584
0.729
0.382
0.598
0.866
0.849
0.537
0.838
0.588
0.759
0.422
0.748
0.374
0.537
0.146
0.074
0.158
0.913
0.181
0.003
0.184
0.692
0.606
0.435
0.715
0.784
0.892
0.409
0.229
0.043
0.978
0.525
0.236
0.704
0.661
0.446
0.903
0.736
0.12
0.971
0.499
0.396
0.337
0.153
0.241
0.406
0.818
0.707
0.343
0.975
0.254
0.915
0.286
0.941
0.205
0.171
0.075
0.91
0.848
0.703
0.198
0.022
0.816
0.776
0.003
0.326
0.276
0.641
0.69
0.492
0.195
0.586
0.804
0.147
0.884
0.108
0.699
0.313
0.425
0.543
0.234
0.524
0.554
0.028
0.846
0.341
0.539
0.058
0.127
0.804
0.846
0.299
0.77
0.056
0.829
0.822
0.125
0.446
0.296
0.126
0.743
0.052
0.956
0.055
0.031
0.389
0.344
0.311
0.465
0.612
0.354
0.381
0.08
0.276
0.108
0.986
0.897
0.696
0.936
0.137
0.987
0.062
0.781
0.78
0.464
0.898
0.34
0.057
0.788
0.798
0.734
0.77
0.03
0.73
0.393
0.643
0.709
0.02
0.267
0.874
0.785
0.292
0.099
0.922
0.843
0.715
0.813
0.736
0.881
0.442
0.864
0.69
0.879
0.912
0.942
0.036
0.238
0.594
0.846
0.159
0.159
0.621
0.182
0.559
0.948
0.925
0.696
0.214
0.354
0.889
0.253
0.19
0.435
0.646
0.948
0.799
0.915
0.766
0.912
0.678
0.466
0.487
0.57
0.732
0.076
0.919
0.364
0.464
0.755
0.272
0.365
0.157
0.247
0.294
0.805
0.996
0.752
0.503
0.534
0.656
0.293
0.31
0.7
0.847
0.11
0.475
0.685
0.544
0.29
0.328
0.679
0.515
0.223
0.494
0.319
0.301
0.67
0.928
0.981
0.079
0.951
0.61
0.596
0.099
0.866
0.41
0.552
0.034
0.889
0.031
0.258
0.066
0.565
0.696
0.209
0.357
0.472
0.402
0.489
0.187
0.834
0.797
0.389
0.996
0.925
0.218
0.436
0.712
0.457
0.844
0.267
0.085
0.799
0.141
0.435
0.717
0.902
999
0.308
0.985
0.039
0.477
0.054
0.257
0.728
0.946
0.542
0.803
0.819
0.411
0.829
0.578
0.566
0.58
0.555
0.261
0.017
0.643
0.475
0.6
0.565
0.082
0.67
0.036
0.827
0.557
0.927
0.2
0.347
0.2
0.689
0.228
0.747
0.371
0.544
0.723
0.281
0.663
0.228
0.282
0.549
0.841
0.456
0.856
0.601
0.55
0.111
0.59
0.867
0.79
0.76
0.169
0.398
0.369
0.227
0.281
0.491
0.899
0.845
0.322
0.868
0.788
0.541
0.732
0.616
0.261
0.417
0.45
0.56
0.032
0.315
0.298
0.26
0.84
0.893
0.002
0.421
0.51
0.282
0.576
0.78
0.782
0.584
0.75
0.996
0.272
0.565
0.981
0.598
0.066
0.01
0.492
0.984
0.789
0.025
0.089
0.805
0.612
0.85
0.319
0.822
0.994
0.17
0.703
0.926
0.025
0.318
0.668
0.389
0.237
0.061
0.891
0.212
0.788
0.759
0.662
0.819
0.004
0.461
0.921
0.05
0.547
0.495
0.151
0.712
0.763
0.134
0.662
0.306
0.799
0.834
0.787
0.636
0.069
0.037
0.861
0.215
0.897
0.74
0.529
0.972
0.012
0.503
0.308
0.522
0.941
0.157
0.51
0.218
0.107
0.85
0.63
0.514
0.223
0.25
0.078
0.909
0.231
0.667
0.157
0.54
0.802
0.341
0.563
0.337
0.163
0.274
0.454
0.606
0.597
0.417
0.407
0.634
0.568
0.812
0.137
0.268
0.89
0.697
0.897
0.735
0.374
0.542
0.119
0.912
0.477
0.402
0.149
0.899
0.746
0.15
0.576
0.524
0.921
0.946
0.29
0.761
0.927
0.951
0.71
0.889
0.634
0.931
0.54
0.005
0.559
0.856
0.284
0.53
0.829
0.833
0.09
0.845
0.176
0.728
0.882
0.443
0.904
0.287
0.829
0.837
0.479
0.183
0.014
0.86
0.97
0.589
0.837
0.477
0.265
0.386
0.896
0.417
0.119
0.696
0.855
0.272
0.68
0.94
0.576
0.399
0.774
0.633
0.053
0.625
0.656
0.061
0.699
0.088
0.897
0.466
0.734
0.062
0.647
0.674
0.28
0.435
0.258
0.597
0.918
0.079
0.438
0.75
0.662
0.682
0.016
0.693
0.609
0.285
0.678
0.64
0.844
0.981
0.301
0.613
0.069
0.883
0.046
0.005
0.023
0.919
0.931
0.193
0.258
0.536
0.025
0.223
0.392
0.165
0.064
0.182
0.377
0.163
0.667
0.077
0.262
0.331
0.838
0.998
0.437
0.809
0.913
0.032
0.129
0.078
0.557
0.799
0.184
0.958
0.041
0.594
0.935
0.667
0.208
0.257
0.348
0.566
0.026
0.58
0.804
0.211
0.445
0.951
0.005
0.88
0.93
0.133
0.195
0.841
0.227
0.399
0.982
0.43
0.294
0.106
0.659
0.235
0.488
0.863
0.811
0.684
0.967
0.264
0.348
0.204
0.918
0.937
0.88
0.735
0.567
0.451
0.777
0.582
0.255
0.927
0.401
0.681
0.647
0.588
0.99
0.851
0.727
0.656
0.049
0.29
0.593
0.518
0.41
0.68
0.647
0.251
0.163
0.565
0.776
0.905
0.13
0.437
0.397
0.958
0.058
0.119
0.199
0.878
0.296
0.972
0.364
0.443
0.828
0.944
0.803
0.577
0.963
0.829
0.061
0.05
0.251
0.548
0.505
0.534
0.185
0.992
0.02
