0.323
0.184
0.91
0.318
0.864
0.007
0.301
0.047
0.607
0.301
0.977
0.28
0.571
0.424
0.196
0.939
0.559
0.529
0.02
0.262
0.944
0.547
0.633
0.546
0.583
0.958
0.009
0.738
0.189
0.848
0.534
0.867
0.411
0.881
0.189
0.498
0.157
0.825
0.818
0.431
0.177
0.815
0.242
0.605
0.548
0.912
0.329
0.059
0.913
0.828
0.464
0.98
0.197
0.828
0.316
0.343
0.598
0.938
0.147
0.118
0.963
0.272
0.34
0.495
0.129
0.036
0.985
0.953
0.46
0.635
0.931
0.532
0.926
0.027
0.146
0.863
0.621
0.873
0.62
0.347
0.398
0.921
0.553
0.285
0.635
0.891
0.774
0.398
0.339
0.94
0.704
0.725
0.885
0.684
0.454
0.111
0.717
0.874
0.622
0.457
0.248
0.966
0.741
0.471
0.088
0.73
0.662
0.131
0.473
0.679
0.841
0.892
0.113
0.818
0.982
0.245
0.212
0.691
0.961
0.142
0.216
0.529
0.981
0.597
0.761
0.229
0.653
0.917
0.671
0.557
0.349
0.632
0.791
0.745
0.316
0.651
0.303
0.787
0.15
0.298
0.612
0.851
0.006
0.491
0.992
0.252
0.212
0.932
0.067
0.668
0.363
0.76
0.706
0.103
0.228
0.684
0.777
0.357
0.75
0.972
0.089
0.325
0.859
0.348
0.513
0.27
0.47
0.73
0.022
0.217
0.787
0.247
0.989
0.393
0.166
0.91
0.1
0.306
0.136
0.248
0.976
0.469
0.996
0.972
0.575
0.111
0.556
0.139
0.503
0.464
0.96
0.646
0.978
0.251
0.211
0.827
0.674
0.369
0.466
0.047
