0.355
0.815
0.657
0.332
0.257
0.264
0.797
0.738
0.875
0.577
0.595
0.469
0.105
0.337
0.542
0.375
0.408
0.388
0.612
0.261
0.016
0.851
0.329
0.647
0.398
0.314
0.419
0.813
0.043
0.014
0.814
0.073
0.206
0.535
0.0
0.105
0.692
0.69
0.302
0.032
0.64
0.041
0.214
0.322
0.015
0.041
0.383
0.444
0.764
0.009
0.545
0.919
0.555
0.741
0.565
0.538
0.285
0.652
0.127
0.962
0.683
0.798
1.0
0.057
0.021
0.462
0.738
0.643
0.011
0.669
0.083
0.972
0.406
0.938
0.305
0.469
0.181
0.695
0.017
0.212
0.428
0.107
0.424
0.929
0.745
0.38
0.652
0.437
0.926
0.758
0.482
0.57
0.628
0.771
0.368
0.37
0.225
0.923
0.97
0.769
0.03
0.37
0.144
0.075
0.609
0.432
0.004
0.052
0.671
0.377
0.263
0.026
0.297
0.297
0.249
0.315
0.174
0.558
0.414
0.804
0.788
0.871
0.845
0.346
0.961
0.151
0.379
0.34
0.355
0.421
0.737
0.299
0.966
0.752
0.714
0.519
0.221
0.893
0.964
0.443
0.407
0.178
0.747
0.26
0.387
0.482
0.31
0.501
0.253
0.327
0.735
0.801
0.623
0.836
0.759
0.741
0.773
0.337
0.862
0.928
0.048
0.022
0.889
0.206
0.53
0.671
0.984
0.284
0.621
0.49
0.52
0.743
0.024
0.54
0.169
0.647
0.603
0.368
0.37
0.039
0.466
0.647
0.677
0.41
0.132
0.847
0.893
0.078
0.331
0.56
0.791
0.977
0.004
0.798
0.032
0.887
0.558
0.167
0.843
0.531
