0.297
0.146
0.393
0.815
0.77
0.088
0.435
0.882
0.125
0.384
0.513
0.847
0.166
0.022
0.99
0.027
0.586
0.493
0.134
0.756
0.731
0.927
0.6
0.315
0.139
0.97
0.828
0.558
0.7
0.244
0.016
0.281
0.578
0.099
0.58
0.452
0.668
0.479
0.604
0.501
0.399
0.109
0.595
0.776
0.438
0.016
0.222
0.009
0.721
0.784
0.879
0.341
0.651
0.516
0.334
0.654
0.829
0.241
0.843
0.582
0.207
0.664
0.097
0.821
0.851
0.668
0.46
0.971
0.138
0.796
0.462
0.551
0.171
0.087
0.371
0.331
0.229
0.678
0.59
0.929
0.38
0.465
0.403
0.936
0.24
0.966
0.903
0.215
0.261
0.394
0.77
0.758
0.42
0.427
0.472
0.066
0.943
0.264
0.926
0.715
0.817
0.973
0.418
0.125
0.118
0.339
0.033
0.786
0.747
0.381
0.067
0.446
0.165
0.778
0.339
0.328
0.932
0.049
0.968
0.796
0.605
0.42
0.858
0.356
0.43
0.963
0.197
0.454
ERROR
0.894
0.671
0.526
0.604
0.474
0.43
0.399
0.454
0.628
0.496
0.22
0.868
0.77
0.733
0.773
0.993
0.329
0.967
0.37
0.463
0.056
0.679
0.389
0.327
0.938
0.807
0.061
0.867
0.75
0.394
0.674
0.749
0.276
0.11
0.671
0.146
0.634
0.373
0.92
0.867
0.628
0.09
0.978
0.403
0.459
0.78
0.599
0.826
0.658
0.937
0.857
0.44
0.648
0.058
0.084
0.448
0.873
0.11
0.887
0.529
0.069
0.474
0.361
0.573
0.219
0.72
0.333
0.472
0.946
0.746
0.519
