0.183
0.893
0.887
0.717
0.498
0.634
0.647
0.947
0.731
0.415
0.487
0.528
0.455
0.837
0.647
0.835
0.688
0.493
0.016
0.346
0.995
0.052
0.417
0.759
0.207
0.38
0.901
0.082
0.342
0.439
0.972
0.017
0.805
0.519
0.235
0.018
0.258
0.294
0.623
0.711
0.81
0.727
0.41
0.824
0.62
0.37
0.971
0.776
0.11
0.514
0.997
0.618
0.677
0.672
0.391
0.842
0.131
0.871
0.24
0.917
0.604
0.739
0.079
0.174
0.369
0.974
0.306
0.136
0.554
0.03
0.625
0.865
0.331
0.667
0.864
0.023
0.663
0.569
0.631
0.262
0.466
0.21
0.698
0.44
0.574
0.811
0.501
0.387
0.758
0.583
0.279
0.2
0.366
0.332
0.635
0.332
0.858
0.161
0.447
0.815
0.652
0.904
0.138
0.014
0.71
0.18
0.583
0.725
0.808
0.088
0.66
0.453
0.294
0.463
0.514
0.706
0.736
0.285
0.635
0.742
0.634
0.136
0.879
0.474
0.171
0.981
0.724
0.908
0.646
0.188
0.804
0.471
0.421
0.805
0.392
0.858
0.232
0.084
0.449
0.673
0.406
0.938
0.616
0.68
0.499
0.788
0.317
0.909
0.021
0.855
0.403
0.904
0.229
0.426
0.746
0.444
0.98
0.987
0.892
0.072
0.952
0.198
0.507
0.746
0.256
0.339
0.232
0.302
0.278
0.611
0.908
0.337
0.41
0.425
0.378
0.707
0.539
0.605
0.69
0.006
0.733
0.228
0.446
0.352
0.916
0.219
0.372
0.684
0.261
0.664
0.513
0.454
0.416
0.763
0.838
0.577
0.53
0.847
0.047
0.2
