0.911
0.372
0.774
0.341
0.833
0.402
0.749
0.201
0.876
0.846
0.96
0.523
0.538
0.157
0.454
0.774
0.353
0.713
0.523
0.243
ERROR
0.994
0.213
0.509
0.838
0.811
0.475
0.789
0.966
0.658
0.781
0.223
0.631
0.057
0.846
0.689
0.872
0.089
0.202
0.784
0.506
0.581
0.884
0.91
0.366
0.731
0.84
0.866
0.278
0.442
0.565
0.524
0.194
0.109
0.618
0.113
0.451
0.675
0.334
0.217
0.103
0.457
0.05
0.646
0.684
0.443
0.577
0.78
0.2
0.873
0.911
0.533
0.968
0.147
0.419
0.348
0.74
0.177
0.182
0.41
0.38
0.778
0.659
0.546
0.738
0.24
0.834
0.958
0.616
0.637
0.363
0.561
0.449
0.162
0.594
ERROR
0.643
0.856
0.05
0.503
0.051
0.714
0.693
0.112
0.608
0.759
0.94
0.513
0.56
0.563
0.886
0.475
0.54
0.414
0.58
0.873
0.07
0.785
0.115
0.258
0.712
0.295
0.135
0.046
0.041
0.794
0.043
0.88
0.374
0.015
0.587
0.976
0.326
0.543
0.082
0.378
0.256
0.696
0.339
0.272
0.807
0.489
0.622
0.892
0.007
0.444
0.414
0.068
0.866
0.998
0.897
0.033
0.501
0.596
0.472
0.384
0.318
0.452
0.634
0.729
0.207
0.31
0.072
0.395
0.384
0.409
0.334
0.457
0.162
0.539
0.423
0.969
0.952
0.452
0.154
0.573
0.042
0.986
0.795
0.863
0.332
0.042
0.143
0.499
0.412
0.767
0.234
0.402
0.037
0.929
0.779
0.059
0.628
0.561
0.279
0.069
0.524
0.118
0.308
0.189
