0.758
0.087
0.227
0.751
0.561
0.478
0.211
0.996
0.842
0.007
0.273
0.692
0.761
0.776
0.357
0.468
0.444
0.677
0.998
0.297
0.416
0.393
0.503
0.655
0.421
0.671
0.495
0.35
0.862
0.192
0.376
0.182
0.468
0.298
0.824
0.079
0.992
0.688
0.294
0.912
0.157
0.207
0.571
0.716
0.561
0.552
0.014
0.349
0.202
0.174
0.33
0.476
0.845
0.751
0.264
0.382
0.064
0.002
0.574
0.288
0.736
0.764
0.346
0.803
0.895
0.472
0.246
0.569
0.954
0.07
0.372
0.775
0.64
0.643
0.27
0.37
0.711
0.785
0.626
0.386
0.966
0.791
0.777
0.753
0.238
0.905
0.947
0.929
0.334
0.634
0.054
0.899
0.929
0.364
0.156
0.146
0.039
0.412
0.626
0.347
0.88
0.917
0.765
0.808
0.679
0.721
0.006
0.618
0.999
0.538
0.314
0.676
0.929
0.576
0.919
0.895
0.522
0.764
0.583
0.385
0.419
0.031
0.486
0.429
0.043
0.144
0.237
0.806
0.724
0.985
0.075
0.344
0.797
0.61
0.548
0.315
0.323
0.597
0.233
0.929
0.861
0.885
0.217
0.045
0.516
0.945
0.112
0.57
0.17
0.309
0.559
0.659
0.927
0.439
0.313
0.365
0.437
0.554
0.086
0.493
0.134
0.124
0.367
0.633
0.549
0.807
0.537
0.344
0.542
0.835
0.267
0.354
0.606
0.465
0.539
0.87
0.987
0.427
0.679
0.59
0.006
0.645
0.26
0.668
0.689
0.039
0.629
0.748
0.409
0.027
0.417
0.593
0.004
0.715
0.627
0.519
0.708
0.85
0.405
0.375
