0.707
0.216
0.299
0.165
0.358
0.362
0.254
0.893
0.342
0.977
0.186
0.106
0.468
0.481
0.573
0.795
0.11
0.861
0.66
0.393
0.487
0.421
0.457
0.222
0.221
0.581
0.02
0.549
0.603
0.086
0.224
0.833
0.463
0.125
0.675
0.352
0.193
0.699
0.494
0.665
0.554
0.974
0.174
0.325
0.365
0.641
0.498
0.56
0.721
0.952
0.702
0.554
0.861
0.009
0.283
0.231
0.779
0.125
0.642
0.051
0.14
0.763
0.698
0.191
0.537
0.8
0.264
0.048
0.343
0.608
0.452
0.114
0.148
0.06
0.424
0.48
0.386
0.238
0.028
0.768
0.782
0.259
0.817
0.467
0.498
0.073
0.852
0.782
0.034
0.572
0.487
0.613
0.772
0.723
0.547
0.005
0.007
0.741
0.059
0.737
0.506
1.0
0.442
0.167
0.646
0.299
0.753
0.047
0.243
0.342
0.44
0.111
0.637
0.293
0.139
0.807
0.729
0.779
0.247
0.034
0.525
0.048
0.776
0.372
0.138
0.719
0.339
0.364
0.644
0.292
0.056
0.641
0.395
0.746
0.365
0.695
0.365
0.563
0.585
0.638
0.002
0.478
0.698
0.782
0.946
0.009
0.911
0.081
0.227
0.169
0.519
0.741
0.7
0.629
0.638
0.512
0.731
0.502
0.17
0.733
0.143
0.721
0.957
0.763
0.447
0.132
0.504
0.363
0.915
0.691
0.87
0.188
0.313
0.198
0.159
0.047
0.063
0.761
0.648
0.511
0.23
0.64
0.156
0.282
0.242
0.421
0.507
0.941
0.828
0.971
0.748
0.341
0.126
0.381
0.728
0.534
0.782
0.369
0.009
0.644
