0.097
0.817
0.129
0.074
0.654
0.3
0.755
0.438
0.49
0.385
0.408
0.139
0.803
0.112
0.948
0.632
0.111
0.604
0.819
0.339
0.327
0.711
0.407
0.991
0.057
0.631
0.56
0.388
0.739
0.641
0.234
0.093
0.187
0.446
0.647
0.289
0.197
0.501
0.528
0.05
0.805
0.165
0.468
0.75
0.189
0.797
0.845
0.887
0.6
0.149
0.857
0.145
0.138
0.698
0.321
0.848
0.085
0.679
0.724
0.26
0.312
0.971
0.801
0.48
0.549
0.346
0.321
0.874
0.066
0.266
0.156
0.344
0.722
0.134
0.414
0.131
0.715
0.118
0.685
0.009
0.493
0.171
0.772
0.378
ERROR
0.546
0.331
0.908
0.46
0.283
0.885
0.072
0.76
0.848
0.05
0.053
0.259
0.549
0.225
0.135
0.054
0.961
0.851
0.721
0.213
0.522
0.344
0.816
0.18
0.844
0.823
0.174
0.834
0.113
0.092
0.713
0.351
0.213
0.048
0.566
0.241
0.545
0.769
0.955
0.164
0.117
0.866
0.128
0.678
0.589
0.301
0.817
0.849
0.498
0.337
0.873
0.803
0.078
0.712
0.369
0.19
0.644
0.235
0.739
0.673
0.794
0.11
0.959
0.152
0.949
0.347
0.225
0.578
0.606
0.606
0.029
0.845
0.301
0.96
0.904
0.08
0.869
0.354
0.908
0.122
0.665
0.667
0.529
0.172
0.701
0.327
0.382
0.507
0.621
0.458
0.692
0.897
0.127
0.073
0.694
0.604
0.483
0.259
0.54
0.204
0.649
0.267
0.159
0.329
0.403
0.331
0.092
0.548
0.761
0.483
0.893
0.776
0.711
0.782
0.81
