0.604
0.171
0.87
0.011
0.119
0.073
0.416
0.691
0.472
0.884
0.317
0.764
0.546
0.485
0.518
0.912
0.521
0.48
0.812
0.614
0.442
0.101
0.454
0.29
0.002
0.652
0.695
0.452
0.393
0.873
0.016
0.806
0.817
0.663
0.454
0.324
0.415
0.234
0.546
0.552
0.578
0.565
0.004
0.574
0.082
0.431
0.626
0.67
0.216
0.363
0.537
0.98
0.948
0.386
0.412
0.741
0.371
0.609
0.81
0.007
0.087
0.335
0.116
0.707
0.741
0.029
0.119
0.704
0.549
0.189
0.171
0.286
0.286
0.368
0.608
0.784
0.825
0.316
0.914
0.742
0.804
0.443
0.754
0.234
0.772
0.948
0.227
0.64
0.094
0.28
0.039
0.359
0.473
0.844
0.045
0.94
0.914
0.826
0.295
0.266
0.909
ERROR
0.707
0.467
0.163
0.437
0.296
0.954
0.768
0.278
0.646
0.654
0.5
0.529
0.486
0.543
0.836
0.665
0.84
0.456
0.361
0.282
0.222
0.931
0.317
0.436
0.416
0.137
0.005
0.405
0.199
0.877
0.663
0.144
0.214
0.611
0.895
0.218
0.365
0.461
0.055
0.038
0.664
0.009
0.886
0.604
0.703
0.566
0.395
0.733
0.141
0.523
0.834
0.508
0.323
0.314
0.569
0.191
0.405
0.302
0.475
0.904
0.072
0.111
0.732
0.791
0.25
0.351
0.703
0.595
0.17
0.745
0.106
0.177
0.9
0.337
0.532
0.328
0.372
0.442
0.387
0.847
0.634
0.219
0.655
0.154
0.448
0.36
0.698
0.99
0.914
0.296
0.079
0.806
0.59
0.316
0.993
0.209
0.086
0.48
