0.829
0.249
0.43
0.016
0.538
0.349
0.445
0.645
0.468
0.43
0.815
0.156
0.536
0.885
0.369
0.605
0.816
0.579
0.023
0.416
0.759
0.829
0.735
0.989
0.576
0.462
0.644
0.919
0.631
0.472
0.252
0.069
0.047
0.997
0.909
0.092
0.646
0.216
0.972
0.137
0.461
0.526
0.025
0.103
0.737
0.755
0.082
0.168
0.132
0.273
0.952
0.051
0.642
0.4
0.56
0.147
0.35
0.988
0.584
0.493
0.915
0.2
0.794
0.408
0.576
0.941
0.118
0.006
0.672
0.773
0.495
0.972
0.207
0.433
0.182
0.804
0.476
0.109
0.096
0.842
0.098
0.062
0.34
0.407
0.399
0.25
0.409
0.133
0.535
0.213
0.698
0.382
0.066
0.372
0.353
0.776
0.342
0.9
0.93
0.242
0.516
0.463
0.399
0.842
0.726
0.915
0.235
0.533
0.083
0.807
0.839
0.492
0.957
0.712
0.669
0.214
0.147
0.254
0.733
0.819
0.158
0.147
0.969
0.685
0.632
0.776
0.394
0.941
0.215
0.873
0.098
0.702
0.321
0.53
0.077
0.222
0.739
0.319
0.03
0.66
0.019
0.804
0.012
0.937
0.058
0.71
0.096
0.249
0.99
0.756
0.793
0.229
0.353
0.244
0.202
0.162
0.286
0.51
0.48
0.333
0.097
0.366
0.692
0.465
0.625
0.795
0.293
0.691
0.002
0.744
0.971
0.246
0.875
0.475
0.983
0.289
0.973
0.91
0.801
ERROR
0.915
0.31
0.94
0.7
0.529
0.116
0.79
0.354
0.938
0.957
0.244
0.785
0.043
0.243
0.684
0.004
0.42
0.957
0.293
0.656
