0.084
0.001
0.535
0.953
0.29
0.665
0.849
0.035
0.297
0.293
0.87
0.732
0.809
0.724
0.863
0.253
0.748
0.528
0.067
0.497
0.511
0.604
0.013
0.318
0.591
0.126
ERROR
0.999
0.137
0.804
0.914
0.098
0.326
0.363
0.19
0.785
0.942
0.809
0.945
0.353
0.13
0.278
0.523
0.495
0.794
0.002
0.913
0.756
0.149
0.672
0.032
0.26
0.581
0.303
0.426
0.043
0.698
0.716
0.789
0.164
0.569
0.011
0.659
0.298
0.064
0.229
0.637
0.776
0.458
0.108
0.077
0.68
0.267
0.239
0.214
0.612
0.335
0.884
0.319
0.312
0.727
0.937
0.07
0.069
0.231
0.801
0.898
0.548
0.748
0.246
0.756
0.179
0.501
0.895
0.156
0.257
0.94
0.109
0.301
0.177
0.196
0.449
0.346
0.329
0.637
0.915
0.904
0.923
0.402
0.748
0.28
0.706
0.843
0.524
0.178
0.441
ERROR
0.176
0.252
0.678
0.685
0.538
0.108
0.843
0.328
0.921
0.506
0.965
0.677
0.231
0.706
0.745
0.418
0.562
0.69
0.04
0.128
0.1
0.003
0.364
0.127
0.16
0.236
0.266
0.192
0.117
0.467
0.885
0.463
0.37
0.227
0.141
0.855
0.216
0.36
0.485
0.576
0.934
0.629
0.29
0.256
0.76
0.63
0.283
0.7
0.4
0.747
0.029
0.772
0.135
0.395
0.411
0.917
0.318
0.728
0.228
0.34
0.443
0.434
0.412
0.067
0.79
0.122
0.921
0.87
0.991
0.352
0.556
0.525
0.116
0.436
0.83
0.05
0.175
0.745
0.782
0.529
0.603
0.213
0.118
