0.315
0.962
0.057
0.934
0.813
0.564
0.261
0.516
0.362
0.55
0.948
0.391
0.628
0.093
0.52
0.328
0.443
0.247
0.58
0.836
0.662
0.679
0.241
0.098
0.388
0.688
0.213
0.472
0.045
0.041
0.356
0.276
0.858
0.706
0.983
0.38
0.994
0.746
0.984
0.146
0.978
0.353
0.399
0.961
0.618
0.007
0.37
0.635
0.864
0.291
0.505
0.186
0.506
0.27
0.045
0.447
0.342
0.614
0.54
0.501
0.075
0.141
0.964
0.754
0.633
0.334
0.222
0.686
0.381
0.48
0.16
0.292
0.956
0.585
0.675
0.15
0.262
0.445
0.794
0.461
0.658
0.544
0.818
0.438
0.105
0.961
0.575
0.515
0.88
0.325
0.531
0.434
0.882
0.786
0.169
0.649
0.164
0.184
0.935
0.205
0.46
0.9
0.786
0.778
0.148
0.191
0.131
0.431
0.503
0.17
0.391
0.731
0.646
0.188
0.649
0.54
0.887
0.263
0.911
0.557
0.101
0.55
0.088
0.908
0.871
0.34
0.129
0.601
0.873
0.18
0.623
0.068
0.077
0.834
0.966
0.961
0.601
0.286
0.664
0.801
0.438
0.768
0.082
0.755
0.314
0.311
0.293
0.521
0.859
0.625
0.466
0.945
0.214
0.604
0.728
0.409
0.246
0.542
0.492
0.891
0.247
0.662
0.462
0.815
0.103
0.424
0.658
0.831
0.123
0.297
0.864
0.6
0.686
0.579
0.34
0.188
0.638
0.208
0.191
0.995
0.204
0.124
0.409
0.12
0.799
0.532
0.705
0.051
0.798
0.487
0.997
0.668
0.288
0.259
0.865
0.627
0.086
0.45
0.544
0.854
0.403
0.848
0.11
0.153
0.762
0.627
0.688
0.181
0.505
0.202
0.652
0.413
0.019
0.204
0.696
0.096
0.635
0.31
0.891
0.501
0.387
0.079
0.674
0.247
0.618
0.64
0.578
0.995
0.422
0.761
0.044
0.106
0.036
0.828
0.701
0.559
0.506
0.833
0.557
0.153
0.745
0.077
0.334
0.832
0.731
0.297
0.928
0.872
0.754
0.619
0.994
0.142
0.958
0.002
0.57
0.812
0.502
0.352
0.218
0.049
0.437
0.483
0.36
0.238
0.687
0.276
0.345
0.05
0.818
0.72
0.03
0.04
0.435
0.106
0.98
0.544
0.328
0.175
0.824
0.457
0.491
0.515
0.21
0.898
0.639
0.495
0.341
0.162
0.331
0.22
0.953
0.674
0.26
0.007
0.336
0.438
0.987
0.13
0.799
0.661
0.332
0.924
0.421
0.518
0.815
0.374
0.629
0.178
0.048
0.317
0.587
0.667
0.889
0.83
0.631
0.024
0.192
0.442
0.542
0.507
0.672
0.754
0.184
0.418
0.758
0.659
0.424
0.8
0.316
0.601
0.667
0.139
0.964
0.657
0.671
0.981
0.413
0.248
0.645
0.766
0.241
0.52
0.756
0.955
0.247
0.18
0.143
0.034
0.221
0.163
0.997
0.322
0.854
0.286
0.196
0.01
0.958
0.099
0.93
0.114
0.706
0.145
0.717
0.058
0.304
0.18
0.498
0.292
0.119
0.857
0.428
0.46
0.422
0.697
0.591
0.299
0.713
999
0.566
999
0.831
0.595
0.703
0.019
0.155
0.294
0.64
0.548
0.51
0.235
0.377
0.636
0.67
0.077
0.797
0.235
0.635
0.166
0.532
0.191
0.208
0.416
0.623
0.126
0.872
0.515
0.146
0.995
0.893
0.352
0.659
0.509
0.297
0.379
0.65
0.292
0.442
0.154
0.696
0.8
0.161
0.422
0.431
0.811
0.239
0.603
0.119
0.636
0.843
0.791
0.059
0.432
0.777
0.063
0.262
0.9
0.536
0.74
0.958
0.904
0.74
0.944
0.215
0.154
0.767
0.167
0.582
0.925
0.061
0.532
0.796
0.382
0.659
0.026
0.636
0.61
0.58
0.465
0.356
0.988
0.845
0.374
0.104
0.418
0.569
0.201
0.055
0.347
0.129
0.787
0.754
0.271
0.16
0.63
0.638
0.713
0.014
0.724
0.079
0.152
0.075
0.548
0.192
0.019
0.217
0.164
0.711
0.462
0.373
0.178
0.55
0.745
0.751
0.654
0.197
0.031
0.996
0.235
0.404
0.798
0.327
0.219
0.904
0.578
0.676
0.081
0.35
0.518
0.857
0.239
0.835
0.918
0.661
0.667
0.177
0.122
0.275
0.658
0.216
0.065
0.479
0.27
0.653
0.373
0.687
0.34
0.929
0.148
0.417
0.252
0.049
0.74
0.089
0.4
0.629
0.52
0.693
0.391
0.528
0.114
0.337
0.329
0.767
0.597
0.606
0.379
0.544
0.338
0.87
0.056
0.041
0.143
0.836
0.657
0.233
0.04
0.314
0.114
0.897
0.882
0.868
0.809
0.321
0.449
0.062
0.199
0.4
0.505
0.028
0.227
0.03
0.667
0.464
0.774
0.986
0.4
0.097
0.032
0.364
0.662
0.695
0.653
0.976
0.175
0.161
0.635
0.111
0.245
0.634
0.447
0.886
0.693
0.565
0.514
0.372
0.916
0.424
0.041
0.551
0.2
0.127
0.868
0.544
0.524
0.377
0.72
0.989
0.161
0.915
0.033
0.242
0.97
0.466
0.014
999
0.499
0.751
0.76
0.023
0.895
0.556
0.984
0.029
0.425
0.536
0.848
0.026
0.703
0.282
0.938
0.053
0.689
0.657
0.027
0.31
0.44
0.751
0.485
0.83
0.492
0.408
0.734
0.932
0.419
0.023
0.162
0.695
0.099
0.333
0.886
0.29
0.782
0.205
0.114
0.486
0.942
0.949
0.303
0.31
0.338
0.812
0.954
0.483
0.104
0.001
0.731
0.69
0.215
0.647
0.669
0.521
0.527
0.575
0.327
0.102
0.977
0.82
0.629
0.821
0.04
0.161
0.915
0.202
0.354
0.5
0.149
0.187
0.754
0.759
0.313
0.212
0.447
0.497
0.563
0.367
0.083
0.468
0.854
0.133
0.701
0.649
0.373
0.485
0.611
0.521
0.624
0.487
0.031
0.62
0.576
0.597
0.446
0.306
0.619
0.957
0.158
0.632
0.747
0.168
0.183
0.698
0.413
0.536
0.057
0.111
0.03
0.816
0.171
0.04
0.955
0.259
0.246
0.749
0.401
0.818
0.203
0.435
0.799
0.697
0.931
0.423
0.033
0.956
0.111
0.599
0.83
0.785
0.169
0.338
0.856
0.047
0.643
0.366
0.741
0.308
0.122
0.728
0.937
0.297
0.2
0.862
0.491
0.971
0.343
0.069
0.535
0.539
0.808
0.913
0.011
0.407
0.1
0.633
0.553
0.308
0.416
0.033
0.438
0.383
0.86
0.585
0.991
0.64
0.918
0.543
0.431
0.607
0.58
0.821
0.242
0.023
0.303
0.66
0.716
0.522
0.038
0.516
0.189
0.108
0.973
0.404
0.525
0.653
0.432
0.115
0.41
0.41
0.197
0.561
0.814
0.153
0.086
0.392
0.171
0.798
0.1
0.246
0.54
0.647
0.137
0.731
0.48
0.583
0.837
0.814
0.06
0.786
0.062
0.231
0.944
0.856
0.69
0.421
0.455
0.39
0.111
0.67
0.106
0.626
0.77
0.328
0.245
0.333
0.345
0.76
0.406
0.976
0.027
0.07
0.007
0.849
0.696
0.032
0.587
0.884
0.072
0.374
0.605
0.479
0.53
0.535
0.199
0.054
0.171
0.125
0.416
0.978
0.235
0.719
0.559
0.389
0.962
0.954
0.572
0.16
0.332
0.998
0.185
0.189
0.689
0.859
0.917
0.674
0.254
0.733
0.503
0.592
0.495
0.156
0.772
0.5
0.861
0.332
0.1
0.981
0.424
0.809
0.085
0.061
0.243
0.099
0.93
0.165
0.49
0.716
0.086
0.778
0.775
0.764
0.234
0.282
0.196
0.433
0.89
0.142
0.225
0.981
0.807
0.714
0.778
0.961
0.49
0.04
0.582
0.516
0.898
0.225
0.634
0.519
0.033
0.001
0.377
0.96
0.234
0.111
0.61
0.852
0.931
0.525
0.927
0.376
0.177
0.996
0.415
0.635
0.989
0.526
0.472
0.133
0.52
0.523
0.803
0.45
0.191
0.375
0.7
0.034
0.115
0.921
0.621
0.307
0.563
0.397
0.735
0.959
0.042
0.394
0.772
0.189
0.395
0.639
0.679
0.104
0.338
0.119
0.239
0.721
0.324
0.25
0.287
0.816
0.997
0.341
0.919
0.537
0.389
0.835
0.139
0.627
0.877
0.071
0.922
0.614
0.663
0.129
0.077
0.359
0.007
0.274
0.248
