0.588
0.331
0.235
0.126
0.635
0.684
0.205
0.447
0.818
0.031
0.573
0.216
0.49
0.909
0.872
0.81
0.893
0.651
0.887
0.985
0.349
0.384
0.337
0.026
0.966
0.496
0.993
0.339
0.807
0.56
0.985
0.714
0.234
0.682
0.056
0.332
0.224
0.0
0.033
0.601
0.328
0.686
0.354
0.304
0.996
0.027
0.728
ERROR
0.589
0.059
0.898
0.2
0.934
0.467
0.537
0.155
0.738
0.469
0.759
0.738
0.515
0.719
0.198
0.987
0.33
0.006
0.758
0.587
0.534
0.572
0.309
0.047
0.749
0.876
0.874
0.292
0.256
0.923
0.041
0.058
0.819
0.392
0.109
0.003
0.153
0.711
0.569
0.053
0.601
0.107
0.034
0.827
0.703
0.938
0.701
0.277
0.973
0.999
0.626
0.423
0.715
0.448
0.948
0.421
0.297
0.385
0.332
0.07
0.934
0.7
0.557
0.832
0.621
0.054
0.552
0.774
0.235
0.425
0.778
0.391
0.494
0.282
0.38
0.019
0.375
0.597
0.956
0.025
0.61
0.27
0.846
0.245
0.591
0.235
0.566
0.445
0.867
0.76
0.209
0.287
0.84
0.074
0.97
0.997
0.693
0.437
0.023
0.832
0.702
0.939
0.652
0.487
0.094
0.079
0.305
0.626
0.472
0.001
0.586
0.977
0.192
0.387
0.231
0.215
0.588
0.541
0.697
0.381
0.942
0.208
0.827
0.238
0.21
0.837
0.729
0.968
0.355
0.031
0.634
0.25
0.152
0.392
0.298
0.585
0.424
0.988
0.291
0.248
0.973
0.714
0.418
0.809
0.783
0.714
0.563
0.162
0.848
0.993
0.285
0.014
