0.228
0.787
0.385
0.519
0.997
0.944
0.833
0.822
0.733
0.837
0.577
0.605
0.129
0.3
0.364
0.862
0.495
0.501
0.297
0.89
0.129
0.329
0.44
0.965
0.339
0.903
0.154
0.476
0.757
0.057
0.852
0.644
0.437
0.268
0.634
0.173
0.322
0.785
0.512
0.485
0.606
0.346
0.362
0.098
0.064
0.545
0.599
0.28
0.449
0.702
0.382
0.57
0.421
0.702
0.582
0.526
0.593
0.264
0.24
0.025
0.455
0.417
0.402
0.085
0.763
0.181
0.181
0.729
0.998
0.393
0.659
0.547
0.298
0.636
0.474
0.548
0.587
0.12
0.009
0.775
0.21
0.024
0.615
0.669
0.914
0.354
0.017
0.42
0.822
0.196
0.562
0.581
0.886
0.233
0.187
0.667
0.004
0.888
0.743
0.79
0.113
0.524
0.805
0.492
0.257
0.738
0.231
0.89
0.901
0.579
0.47
0.931
0.581
0.138
0.309
0.287
0.746
0.518
0.778
0.822
0.091
0.347
0.33
0.011
0.351
0.403
0.292
0.766
0.34
0.964
0.63
0.442
0.358
0.282
0.858
0.366
0.328
0.76
0.1
0.361
0.83
0.332
0.152
0.637
0.914
0.25
0.022
0.432
0.502
0.772
0.21
0.562
0.563
0.707
0.458
0.284
0.118
0.148
0.009
0.471
0.223
0.853
0.254
0.973
0.864
0.11
0.962
0.13
0.159
0.092
0.688
0.808
0.961
0.555
0.422
0.157
0.711
0.009
0.789
0.868
0.618
0.311
0.546
0.028
0.624
0.76
0.71
0.796
0.357
0.342
0.357
0.419
0.815
0.037
0.951
0.89
0.969
0.292
0.112
0.809
