0.211
0.2
0.674
0.474
0.726
0.616
0.155
0.629
0.473
0.626
0.326
0.989
0.091
0.515
0.152
0.343
0.849
0.824
0.963
0.575
0.135
0.859
0.991
0.719
0.603
0.469
0.299
0.296
0.027
0.406
0.179
0.975
0.564
0.113
0.599
0.374
0.314
0.639
0.544
0.948
0.882
0.748
0.736
0.007
0.337
0.922
0.87
0.547
0.211
999
0.724
0.887
0.864
0.479
0.96
0.72
0.916
0.968
0.551
0.814
0.796
0.304
0.658
0.941
0.56
0.186
0.57
0.956
0.859
0.798
0.523
0.623
0.368
0.389
0.863
0.146
0.139
0.519
0.888
0.626
0.17
0.033
0.562
0.783
0.891
0.891
0.096
0.677
0.193
0.446
0.021
0.183
0.069
0.294
0.294
0.726
0.945
0.135
0.445
0.602
0.241
0.901
0.846
0.137
0.133
0.828
0.221
0.657
0.434
0.172
0.002
0.204
0.246
0.77
0.765
0.378
0.692
0.579
0.365
0.187
0.544
0.268
0.661
0.648
0.487
0.798
0.358
0.852
0.829
0.069
0.608
0.076
0.253
0.754
0.468
0.845
0.581
0.682
0.832
0.655
0.22
0.886
0.952
0.968
0.417
0.431
0.127
0.329
0.785
0.737
0.921
0.398
0.04
0.139
0.812
0.588
0.641
0.985
0.84
0.519
0.622
0.424
0.37
0.654
0.198
0.037
0.486
0.758
0.856
0.474
0.773
0.134
0.824
0.393
0.701
0.263
0.956
0.608
0.021
0.004
0.394
0.364
0.655
0.363
0.302
0.306
0.118
0.255
0.477
0.028
0.33
0.208
0.939
0.959
0.609
0.184
0.205
0.528
0.044
0.12
0.918
0.927
0.757
0.155
0.335
0.627
0.351
0.057
0.075
0.207
0.162
0.417
0.714
0.608
0.958
0.795
0.968
0.574
0.636
0.943
0.625
0.092
0.708
0.907
0.523
0.835
0.321
0.524
0.963
0.073
0.304
0.954
0.875
0.36
0.166
0.84
0.23
0.892
0.894
0.341
0.952
0.652
0.475
0.495
0.938
0.237
0.998
0.99
0.78
0.047
0.568
0.031
0.529
0.199
0.659
0.651
0.216
0.634
0.485
0.834
0.936
0.264
0.962
0.409
0.646
0.054
0.476
0.339
0.381
0.644
0.743
0.295
0.479
0.505
0.638
0.331
0.221
0.568
0.189
0.881
0.511
0.637
0.661
0.17
0.845
0.743
0.148
0.809
0.34
0.778
0.693
0.905
0.837
0.246
0.515
0.302
0.904
0.09
0.854
0.395
0.426
0.242
0.566
0.324
0.739
0.564
0.351
0.105
0.829
0.739
0.098
0.637
0.618
0.343
0.473
0.679
0.904
0.577
0.994
0.396
0.641
0.009
0.116
0.749
0.079
0.393
0.4
0.569
0.996
0.863
0.292
0.606
0.486
0.697
0.381
0.522
0.748
0.795
0.894
0.414
0.862
0.865
0.849
0.769
0.027
0.116
0.169
0.679
0.089
0.66
0.272
0.981
0.804
0.081
0.585
999
0.584
0.975
0.741
0.931
0.094
0.543
0.019
0.148
0.818
0.24
0.488
0.506
0.562
0.836
0.793
0.861
0.608
0.781
0.678
0.347
0.39
0.35
0.478
0.566
0.416
0.202
0.507
0.939
0.333
0.325
0.282
0.728
0.438
0.438
0.114
0.885
0.727
0.409
0.852
0.717
0.119
0.697
0.942
0.661
0.352
0.078
0.61
0.126
0.915
0.276
0.279
0.205
0.14
0.255
0.12
0.983
0.135
0.015
0.522
0.311
0.562
999
0.298
0.218
0.897
0.014
0.813
0.684
0.24
0.84
0.242
0.414
0.535
0.59
0.526
0.07
0.691
0.871
0.361
0.312
0.526
0.049
0.756
0.87
0.639
0.245
0.765
0.292
0.26
0.531
0.301
0.503
0.033
0.346
0.311
0.096
0.619
0.53
0.718
0.837
0.641
0.897
0.925
0.398
0.24
0.609
0.764
0.635
0.364
0.929
0.654
0.812
0.933
0.015
0.119
0.328
0.761
0.887
0.897
0.866
0.837
0.685
0.135
0.594
0.578
0.879
0.602
0.772
0.916
0.245
0.094
0.775
0.051
0.609
0.5
0.864
0.577
0.444
0.382
0.184
0.495
0.315
0.407
0.793
0.545
0.951
0.006
0.11
0.081
0.035
0.161
1.0
0.454
0.787
0.136
0.345
0.82
0.916
0.992
0.233
0.292
0.732
0.086
0.391
0.136
0.991
0.74
0.562
0.086
0.323
0.92
0.92
0.977
0.388
0.816
0.044
0.158
0.764
0.001
0.659
0.077
0.865
0.361
0.206
0.329
0.503
0.845
0.076
0.059
0.248
0.242
0.472
0.845
0.78
0.11
0.703
0.064
0.441
0.921
0.496
0.078
0.885
0.242
0.489
0.012
0.768
0.083
0.732
0.838
0.813
0.6
0.064
0.238
0.139
0.369
0.986
0.369
0.992
0.026
0.894
0.084
0.227
0.055
0.16
0.956
0.239
0.364
0.277
0.793
0.069
0.114
0.828
0.307
0.237
0.75
0.391
0.748
0.932
0.554
0.696
0.643
0.88
0.952
0.911
0.455
0.646
0.108
0.418
0.43
0.345
0.485
0.318
0.329
0.841
0.834
0.255
0.338
0.919
0.072
0.245
0.156
0.511
0.936
0.276
0.064
0.563
0.644
0.123
0.527
0.802
0.92
0.491
0.497
0.622
0.175
0.432
0.681
0.952
0.447
0.012
0.432
0.037
0.622
0.235
0.905
0.295
0.249
0.33
0.927
0.92
0.08
0.367
0.983
0.053
0.987
0.691
0.003
0.379
0.637
0.014
0.566
0.162
0.064
0.456
0.012
0.043
0.939
0.179
0.495
0.046
0.056
0.207
0.087
0.731
0.746
0.552
0.122
0.867
0.02
0.995
0.384
0.2
0.608
0.03
0.247
0.641
0.11
0.918
0.602
0.61
0.824
0.189
0.168
0.653
0.449
0.777
0.643
0.142
0.788
0.268
0.37
0.425
0.871
0.276
0.931
0.421
0.71
0.338
0.408
0.14
0.282
0.676
0.448
0.723
0.984
0.749
0.192
0.07
0.964
0.204
0.923
0.694
0.172
0.783
0.905
0.442
0.014
0.513
0.131
0.662
0.68
0.489
0.217
0.08
0.958
0.19
0.981
0.154
0.596
0.611
0.892
0.483
0.14
0.247
0.088
0.826
0.769
0.037
0.308
0.166
0.657
0.141
0.414
0.876
0.776
0.72
0.794
0.383
0.48
0.848
0.631
0.995
0.153
0.462
0.341
0.512
0.543
0.178
0.636
0.23
0.785
0.02
0.409
0.599
0.727
0.6
0.328
0.872
0.565
0.528
0.299
0.712
0.311
0.662
0.61
0.098
0.698
0.579
0.788
0.552
0.126
0.485
0.375
0.63
0.347
0.31
0.119
0.734
0.945
0.761
0.651
0.603
0.809
0.96
0.822
0.612
0.393
0.394
0.111
0.756
0.08
0.403
0.309
0.852
0.529
0.653
0.489
0.823
0.233
0.176
0.457
0.843
0.69
0.485
0.331
0.21
0.845
0.24
0.142
0.598
0.911
0.974
0.769
0.667
0.434
0.578
0.826
0.455
0.552
0.128
0.192
0.461
0.279
0.294
0.511
0.616
0.747
0.242
0.354
0.618
0.561
0.542
0.322
0.688
0.326
0.56
0.956
0.945
0.187
0.525
0.123
0.189
0.075
0.065
0.622
0.413
0.08
0.274
0.048
0.271
0.645
0.218
0.183
0.226
0.642
0.031
0.147
0.476
0.479
0.42
0.994
0.626
0.486
0.93
0.872
0.729
0.191
0.511
0.058
0.522
0.183
0.275
0.769
0.736
0.926
0.626
0.087
0.758
0.091
0.715
0.187
0.24
0.876
0.108
0.583
0.501
0.471
0.75
0.713
0.551
0.938
0.242
0.938
0.486
0.315
0.097
0.572
0.329
0.959
0.769
0.19
0.019
0.75
0.01
0.012
0.122
0.368
0.464
0.279
0.085
0.833
0.285
0.166
0.162
0.645
0.023
0.72
0.208
0.128
0.16
0.629
0.449
0.832
0.282
0.295
0.513
0.712
0.87
999
0.673
0.07
0.564
0.017
0.485
0.051
0.865
0.606
0.531
0.329
0.815
0.924
0.558
0.444
0.773
0.899
0.869
0.432
0.267
0.941
0.456
0.51
0.059
0.665
0.664
0.155
0.543
0.637
0.11
0.411
999
0.019
0.772
0.085
0.785
0.528
0.867
0.364
0.682
0.703
0.378
0.79
0.149
0.703
0.563
0.993
0.601
0.317
0.549
0.501
0.905
0.213
0.106
0.338
0.673
