0.817
0.157
0.909
0.623
0.656
0.31
0.059
0.386
0.46
0.392
0.532
0.086
0.514
0.635
0.737
0.907
0.764
0.621
0.551
0.08
0.214
0.446
0.514
0.735
0.261
0.947
0.896
0.531
0.868
0.57
0.592
0.103
0.418
0.445
0.233
0.096
0.023
0.239
0.96
0.883
0.405
0.59
0.134
0.495
0.194
0.312
0.297
0.598
0.699
0.776
0.584
0.3
0.016
0.328
0.581
0.755
0.646
0.139
0.454
0.621
0.388
0.807
0.142
0.933
0.878
0.608
0.455
0.921
0.9
0.147
0.502
0.761
0.331
0.985
0.148
0.96
0.642
0.992
0.137
0.831
0.717
0.629
0.086
0.318
0.796
0.164
0.858
0.936
0.355
0.723
0.513
0.302
0.747
0.672
0.796
0.307
0.193
0.153
0.96
0.573
0.09
0.515
0.584
0.149
0.978
0.295
0.763
0.986
0.076
0.135
0.03
0.979
0.996
0.63
0.359
0.624
0.845
0.195
0.028
0.378
0.721
0.761
0.282
0.252
0.552
0.725
0.276
0.391
0.405
0.526
0.366
0.53
0.955
0.397
0.286
0.896
0.603
0.271
0.463
0.863
0.039
0.48
0.089
0.333
0.392
0.145
0.742
0.282
0.31
0.026
0.867
0.834
0.34
0.932
0.23
0.769
0.841
0.837
0.953
0.704
0.284
0.159
0.317
0.218
0.853
0.452
0.689
0.491
0.054
0.552
0.187
0.141
0.618
0.723
0.724
0.48
0.666
0.188
0.395
0.199
0.935
0.316
0.742
0.306
0.724
0.974
0.826
0.344
0.472
0.367
0.631
0.162
0.209
0.207
0.62
0.66
0.053
0.986
0.973
0.611
0.91
0.355
0.967
0.271
0.976
0.262
0.629
0.768
0.293
0.529
0.679
0.39
0.735
0.515
0.853
0.973
0.859
0.887
0.362
0.954
0.143
0.1
0.323
0.696
0.813
0.086
999
0.942
0.432
0.156
0.289
0.741
0.549
0.278
0.726
0.834
0.642
0.248
0.145
0.595
0.293
0.723
0.375
0.607
0.849
0.952
0.977
0.263
0.114
0.531
0.646
0.221
0.436
0.951
0.905
0.266
0.777
0.8
0.01
0.232
0.062
0.238
0.563
0.84
0.185
0.612
0.226
0.138
0.23
0.618
0.206
0.545
0.824
0.421
0.266
0.098
0.444
0.809
0.959
0.599
0.286
0.764
0.01
0.426
0.042
0.893
0.484
0.532
0.504
0.658
0.009
0.342
0.538
0.118
0.215
0.034
0.051
0.414
0.66
0.231
0.157
0.248
0.264
0.198
0.616
0.711
0.619
0.414
0.596
0.759
0.87
0.67
0.243
0.96
0.251
0.111
0.569
0.158
0.867
0.137
0.161
0.396
0.249
0.984
0.784
0.728
0.966
0.035
0.374
0.133
0.63
0.055
0.496
0.024
0.364
0.976
0.599
0.615
0.994
0.841
0.589
0.045
0.701
0.243
0.343
0.519
0.714
0.806
0.086
0.125
0.25
0.484
0.402
0.133
0.242
0.933
0.401
0.932
0.533
0.533
0.657
0.793
0.599
0.982
0.829
0.263
0.1
0.897
0.423
0.311
0.375
0.433
0.409
0.203
0.431
0.859
0.609
0.137
0.752
0.397
0.453
0.194
0.614
0.241
0.905
0.998
0.77
0.976
0.299
0.954
0.881
0.21
0.493
0.361
0.07
0.107
0.217
0.783
0.373
0.146
0.964
0.363
0.353
0.151
0.053
0.226
0.798
0.091
0.933
0.08
0.107
0.536
0.799
0.516
0.947
0.071
0.911
0.524
0.921
0.117
999
0.956
0.892
0.377
0.395
0.268
0.066
0.878
0.168
0.662
0.167
0.485
0.2
0.943
0.084
0.212
0.539
0.81
0.788
0.699
0.041
0.27
0.616
0.198
0.153
0.626
0.576
0.251
0.129
0.318
0.405
0.111
0.411
0.817
0.468
0.779
0.94
0.022
0.791
0.112
0.221
0.44
0.822
0.906
0.867
0.929
0.001
0.2
0.182
0.262
0.781
0.358
0.014
0.508
0.913
0.563
0.081
0.533
0.359
0.94
0.108
0.895
0.337
0.985
0.395
0.48
0.929
0.688
0.982
0.71
0.205
0.086
0.23
0.464
0.325
0.451
0.451
0.218
0.287
0.117
0.761
0.937
0.333
0.672
0.962
0.258
0.301
0.905
0.776
0.359
0.852
0.063
0.477
0.168
0.53
0.651
0.647
0.083
0.776
0.4
0.213
0.354
0.264
0.88
0.596
0.579
0.026
0.871
0.948
0.972
0.974
0.187
0.569
0.845
0.38
0.026
0.669
0.698
0.916
0.785
0.983
0.566
0.533
0.271
0.172
0.198
0.059
0.376
0.946
0.506
0.428
0.817
0.724
0.615
0.449
0.564
0.533
0.053
0.564
0.359
0.939
0.251
0.29
0.618
0.649
0.455
0.129
0.88
0.975
0.401
0.908
0.233
0.15
0.237
0.347
0.042
0.681
0.042
0.036
0.531
0.31
0.617
0.574
0.884
0.408
0.746
0.162
0.595
0.744
0.134
0.167
0.68
0.772
0.198
0.571
0.462
0.715
0.337
0.383
0.071
0.962
0.481
0.715
0.175
0.417
0.173
0.269
0.499
0.423
0.034
0.893
0.139
0.922
0.916
0.549
0.047
0.599
0.443
0.115
0.631
0.865
0.596
0.733
0.217
0.154
0.638
0.806
0.97
0.133
0.385
0.059
0.837
0.379
0.629
0.913
0.967
0.58
0.141
0.689
0.564
0.627
0.261
0.907
0.631
0.744
0.763
0.185
0.519
0.977
0.444
0.594
0.674
0.543
0.27
0.885
0.803
0.218
0.38
0.407
0.997
0.878
0.798
0.951
0.914
0.876
0.163
0.805
0.515
0.715
0.609
0.421
0.322
0.13
0.07
0.308
0.819
0.086
0.377
0.592
0.888
0.386
0.039
0.808
0.441
0.0
0.969
0.367
0.567
0.944
0.872
0.591
0.369
0.178
0.057
0.082
0.547
0.798
0.919
0.46
0.859
0.771
0.809
0.534
0.183
0.893
0.641
0.76
0.723
0.68
0.812
0.625
0.503
0.715
0.987
0.754
0.819
0.939
0.867
0.193
0.608
0.269
0.09
0.391
0.263
0.363
0.735
0.088
0.886
0.004
0.345
0.787
0.843
0.616
0.602
0.442
0.778
0.331
0.119
0.62
0.986
0.88
0.679
0.144
0.892
0.195
0.609
0.812
0.006
0.041
0.263
0.564
0.316
0.277
0.839
0.069
0.747
0.376
999
0.886
0.399
0.791
0.386
0.687
0.716
0.258
0.915
0.528
0.414
0.695
0.411
0.13
0.188
0.58
0.444
0.74
0.78
0.809
0.836
0.148
0.456
0.961
0.683
0.199
0.283
0.101
0.668
0.255
0.969
0.877
0.014
0.719
0.599
0.231
0.469
0.373
0.317
0.123
0.124
0.602
0.458
0.27
0.28
0.883
0.894
0.266
0.955
0.22
0.154
0.706
0.445
0.632
0.527
0.237
0.707
0.53
0.906
0.031
0.508
0.042
0.173
0.175
0.907
0.3
0.862
0.184
0.348
0.843
0.403
0.134
0.493
999
0.437
0.992
0.667
0.861
0.995
0.368
0.46
0.043
0.923
0.936
0.558
0.649
0.824
0.989
0.063
0.634
0.888
0.043
0.089
0.474
0.458
0.519
0.056
0.179
0.39
0.652
0.578
0.826
0.172
0.267
0.938
0.371
0.855
0.971
0.763
0.084
0.992
999
0.092
0.478
0.549
0.63
0.799
0.26
0.14
0.595
0.355
0.203
0.893
0.124
0.283
0.437
0.545
0.061
0.796
0.099
0.658
0.298
0.861
0.467
0.465
0.63
0.149
0.285
0.992
0.486
0.892
0.148
0.381
0.727
0.369
0.49
0.036
0.215
0.878
0.114
0.767
0.279
0.801
0.009
0.345
0.278
0.622
0.324
0.84
0.032
0.519
0.759
0.994
0.449
0.086
0.994
0.683
0.017
0.719
0.191
0.59
0.3
0.908
0.159
0.696
0.331
0.757
0.913
0.864
0.503
0.188
0.415
0.062
0.774
0.371
0.114
0.761
0.589
0.807
0.264
0.158
0.354
0.964
0.776
0.754
0.287
0.229
0.492
0.192
0.475
0.239
0.665
0.197
0.37
0.315
0.059
0.816
0.071
0.845
0.469
0.586
0.66
0.651
0.511
0.416
0.998
0.048
0.055
0.389
0.446
0.378
0.183
0.351
0.727
0.421
0.264
0.655
0.955
0.262
999
0.777
0.596
0.031
0.137
0.977
0.485
0.876
0.478
0.091
0.208
0.462
0.986
0.592
