0.13
0.252
0.886
0.335
0.84
0.184
0.819
0.989
0.591
0.625
0.033
0.441
0.08
0.019
0.928
0.069
0.658
0.866
0.304
0.225
0.239
0.248
0.555
0.492
0.973
0.163
0.848
0.549
0.427
0.37
0.355
0.301
0.873
0.315
0.379
0.978
0.151
0.349
0.73
0.085
0.017
0.065
0.787
0.994
0.315
0.545
0.694
0.861
0.531
0.443
0.576
0.415
0.38
0.91
0.669
0.543
0.746
0.248
0.455
0.937
0.83
0.604
0.595
0.653
0.344
0.451
0.12
0.734
0.901
0.261
0.56
0.848
0.459
0.33
0.853
0.378
0.656
0.56
0.123
0.049
0.925
0.744
0.824
0.153
0.688
0.974
0.924
0.058
0.574
0.695
0.234
0.897
0.689
0.131
0.199
0.659
0.496
0.565
0.231
0.718
0.037
0.033
0.337
0.413
0.836
0.895
0.082
0.43
0.703
0.474
0.238
0.049
0.892
0.333
0.344
0.403
0.812
0.399
0.579
0.536
0.392
0.348
0.77
0.474
0.895
0.747
0.534
0.771
0.932
0.393
0.251
0.944
0.433
0.888
0.251
0.277
0.407
0.565
0.337
0.24
0.124
0.465
0.721
0.088
0.548
0.147
0.83
0.537
0.935
0.113
0.832
0.278
0.391
0.93
0.554
0.974
0.599
0.609
0.919
0.902
0.768
0.302
0.976
0.808
0.753
0.709
0.341
0.925
0.882
0.363
0.136
0.166
0.247
0.068
0.981
0.709
0.075
0.713
0.264
0.944
0.959
0.553
0.448
0.12
0.151
0.453
0.81
0.066
0.855
0.537
0.867
0.382
0.572
0.099
0.945
0.552
0.356
0.041
0.243
0.97
