0.214
0.931
0.409
0.317
0.172
0.468
0.397
0.274
0.495
0.617
0.667
0.805
0.433
0.533
0.909
0.633
0.843
0.641
0.671
0.224
0.873
0.519
0.863
0.296
0.167
0.289
0.248
0.896
0.755
0.671
0.815
0.213
0.94
0.857
0.93
0.92
0.055
0.762
0.091
0.796
0.942
0.669
0.567
0.494
0.462
0.099
0.155
0.789
0.635
0.329
0.182
0.561
0.818
0.361
0.639
0.199
0.314
0.103
0.937
0.875
0.537
0.343
0.628
0.591
0.166
0.303
0.568
0.852
0.061
0.079
0.767
0.326
0.876
0.005
0.448
0.574
0.093
0.969
0.727
0.731
0.225
999
0.964
0.086
0.532
0.822
0.53
0.666
0.208
0.894
0.194
0.981
0.411
0.457
0.042
0.232
0.749
0.185
0.192
0.475
0.43
0.804
0.9
0.944
0.599
0.507
0.26
0.633
0.549
0.38
0.278
0.615
0.541
0.353
0.768
0.183
0.257
0.778
0.261
0.121
0.406
0.633
0.53
0.884
0.985
0.369
0.578
0.328
0.203
0.813
0.248
0.868
0.859
0.478
0.963
0.671
0.245
0.473
0.598
0.503
0.82
0.445
0.489
0.338
0.9
0.498
0.879
0.089
0.968
0.021
0.496
0.943
0.635
0.008
0.003
0.418
0.793
0.07
0.845
0.913
0.945
0.792
0.438
0.199
0.407
0.248
0.554
0.899
0.68
0.476
0.184
0.794
0.686
0.913
0.245
0.409
0.335
0.319
0.742
0.545
0.691
0.538
0.021
0.777
0.092
0.264
0.732
0.881
0.899
0.178
0.783
0.471
0.53
0.182
0.924
0.778
0.4
0.38
0.01
0.805
0.805
0.95
0.926
0.475
0.212
0.125
0.55
0.486
0.37
999
0.524
0.574
0.335
0.008
0.383
0.365
0.47
0.986
0.249
0.22
0.695
0.993
0.115
0.168
0.55
0.258
0.174
0.764
0.858
0.474
0.718
0.57
0.193
0.321
0.41
0.816
0.309
0.024
0.446
0.896
0.754
0.876
0.993
0.953
0.405
0.435
0.576
0.877
0.414
0.462
0.331
0.189
0.272
0.571
0.221
0.606
0.869
0.206
0.504
0.389
0.43
0.842
0.18
0.606
0.427
0.509
0.841
0.169
0.961
0.435
0.478
0.149
0.225
0.548
0.388
0.218
0.912
0.529
0.138
0.427
0.829
0.347
0.395
0.221
0.116
0.997
0.655
0.375
0.055
0.319
0.764
0.319
0.074
0.825
0.872
0.862
0.271
0.214
0.144
0.787
0.1
0.841
0.949
0.132
0.788
0.997
0.525
0.334
0.052
0.527
0.834
0.281
0.711
0.782
0.526
0.479
0.379
0.235
999
0.87
0.94
0.599
0.707
0.716
0.659
0.63
0.557
0.831
0.36
0.988
0.964
0.926
0.671
0.019
0.533
0.977
0.525
0.514
0.305
0.414
0.37
0.456
0.504
0.188
0.105
0.188
0.237
0.195
0.232
0.577
0.728
0.623
0.033
0.567
0.918
0.226
0.655
0.464
0.697
0.73
0.69
0.464
0.127
0.024
0.556
0.882
0.627
0.581
0.044
0.491
0.813
0.123
0.998
0.294
0.271
0.298
0.885
0.698
0.446
0.687
0.088
0.798
0.746
0.805
0.794
0.511
0.889
0.342
0.083
0.446
0.441
0.854
0.712
0.367
0.461
0.609
0.481
0.555
0.034
0.478
0.426
0.647
0.934
0.295
0.711
0.243
0.437
0.696
0.229
0.046
0.454
0.403
0.834
0.646
0.041
0.388
0.256
0.767
0.228
0.746
0.838
0.714
0.331
0.297
0.953
0.222
0.73
0.021
0.731
0.787
0.057
0.986
0.28
0.923
0.268
0.303
0.806
0.605
0.245
0.466
0.974
0.348
0.374
0.006
0.049
0.483
0.292
0.293
0.535
0.297
0.516
0.916
0.553
0.958
0.314
0.114
0.479
0.816
0.406
0.92
0.251
0.779
0.759
0.938
0.659
0.377
0.109
0.863
0.425
0.011
0.169
0.77
0.282
0.796
0.557
0.774
0.228
0.983
0.494
0.683
0.233
0.092
0.577
0.869
0.79
0.341
0.423
0.698
0.726
0.448
0.698
0.533
0.632
0.511
0.433
0.903
0.296
0.118
0.333
0.469
0.831
0.361
0.575
0.598
0.735
0.536
0.285
0.657
0.767
0.111
0.091
0.77
0.318
0.87
0.525
0.03
0.795
0.042
0.166
0.582
0.618
0.954
0.504
0.701
0.806
0.981
0.545
0.51
0.452
0.803
0.577
0.63
0.02
0.949
0.357
0.296
0.199
0.154
0.532
0.108
999
0.279
0.975
0.525
0.647
0.774
0.901
0.124
0.085
0.404
0.205
0.403
0.576
0.299
0.766
0.648
0.138
0.7
0.441
0.019
0.612
0.224
0.757
0.579
0.609
0.568
0.702
0.13
0.967
0.541
0.501
0.719
0.003
0.567
0.018
0.436
0.092
0.022
0.664
0.926
0.603
0.11
0.173
0.856
0.819
0.984
0.46
0.2
0.791
0.029
0.175
0.03
0.303
0.812
0.339
0.619
0.276
0.579
0.753
0.333
999
0.707
0.962
0.093
0.527
0.293
0.61
0.607
0.043
0.469
0.238
0.405
0.802
0.893
0.742
0.773
0.945
0.926
0.919
0.076
0.949
0.049
0.107
0.416
0.712
0.954
0.327
0.998
0.605
0.999
0.411
0.206
0.734
0.478
0.899
0.493
0.674
0.455
0.415
0.576
0.835
0.359
0.049
0.271
0.146
0.897
0.975
0.597
0.921
0.315
0.881
0.133
0.46
0.24
0.088
0.844
0.072
0.859
0.339
0.228
0.303
0.313
0.676
0.326
0.165
0.397
0.187
0.021
0.814
0.037
0.666
0.583
0.86
0.865
0.499
0.644
0.11
0.157
0.148
0.456
0.336
0.901
0.039
0.711
0.597
0.198
0.223
0.431
0.713
0.662
0.752
0.188
0.62
0.136
0.272
0.324
0.929
0.943
0.673
0.818
0.483
0.82
0.73
0.895
0.916
0.45
0.016
0.471
0.397
0.915
0.618
0.53
0.152
0.818
0.326
0.147
0.437
0.157
0.844
0.601
0.317
0.776
0.117
0.814
0.578
0.884
0.882
0.943
0.009
0.221
0.442
0.125
0.999
0.17
0.02
0.312
0.827
0.157
0.332
0.174
0.684
0.38
0.035
0.98
0.071
0.099
0.076
0.571
0.724
0.133
0.833
0.847
0.299
0.454
0.232
0.196
0.143
0.851
0.341
0.17
0.746
0.847
0.173
0.469
0.407
0.723
0.184
0.855
0.61
0.653
0.535
0.996
0.061
0.26
0.763
0.433
0.966
0.266
0.934
0.701
0.179
0.21
0.932
0.714
0.879
0.27
0.3
0.318
0.27
0.448
0.419
0.681
0.347
0.404
0.507
0.801
0.736
0.048
0.258
0.801
0.046
0.681
0.395
0.467
0.107
0.857
0.285
0.812
0.83
0.878
0.58
0.352
0.858
0.437
0.942
0.874
0.171
0.94
0.105
0.191
0.638
0.382
0.942
0.505
0.925
0.333
0.042
0.506
0.956
0.91
0.488
0.383
0.066
0.096
0.94
0.221
0.887
0.559
0.4
0.413
0.934
0.079
0.5
0.883
0.993
0.681
0.102
0.073
0.919
0.794
0.211
0.713
0.036
0.457
0.478
0.258
0.968
0.847
0.957
0.384
0.93
0.048
0.004
0.276
0.027
0.193
0.314
0.687
0.856
0.103
0.318
0.941
0.41
0.337
0.237
0.461
0.61
0.68
0.465
0.708
0.489
0.516
0.814
0.62
0.213
0.537
0.255
0.734
0.61
0.422
0.133
0.178
0.214
0.206
0.868
0.012
0.931
0.332
0.109
0.751
0.07
0.828
0.231
0.9
0.602
0.384
0.074
0.122
0.955
0.032
0.778
0.766
0.136
0.448
0.318
0.754
0.417
0.528
0.079
0.29
0.714
0.864
0.165
0.074
0.453
0.132
0.053
0.073
0.305
0.277
0.048
0.325
0.114
0.686
0.272
0.045
0.13
0.182
0.64
0.02
0.589
0.482
0.59
0.208
0.117
0.644
0.285
0.174
0.848
0.379
0.994
0.352
0.743
0.994
0.16
0.007
0.645
0.038
0.97
0.438
0.461
0.245
0.246
0.107
0.988
0.386
0.089
0.475
0.873
0.834
0.444
0.066
0.429
0.952
0.72
0.09
0.732
0.58
0.456
0.913
0.492
0.092
0.573
0.512
0.305
0.354
0.937
0.77
0.293
0.859
0.633
0.689
0.543
0.639
0.396
0.013
0.521
0.157
0.905
0.246
