0.23
0.922
0.337
0.954
0.041
0.327
0.577
0.7
0.714
0.812
0.553
0.114
0.911
0.954
0.454
0.599
0.912
0.94
0.423
0.483
0.991
0.394
0.805
0.466
0.59
0.043
0.784
0.657
0.383
0.989
0.341
0.86
0.262
0.433
0.128
0.456
0.181
0.275
0.553
0.33
0.614
0.442
0.718
0.311
0.582
0.835
0.858
0.765
0.378
0.921
0.342
0.173
0.887
0.482
0.617
0.014
0.164
0.277
0.495
0.431
0.639
0.363
0.834
0.323
0.383
0.298
0.937
0.099
0.652
0.335
0.801
0.458
0.782
0.151
0.563
0.472
0.511
0.509
0.272
0.857
0.441
0.847
0.755
0.534
0.725
0.889
0.663
0.848
0.05
0.978
0.715
0.807
0.831
0.575
0.492
0.383
0.741
0.977
0.915
0.167
0.89
0.088
0.925
0.379
0.027
0.09
0.282
0.543
0.75
0.518
0.661
0.404
0.648
0.782
0.084
0.679
0.071
0.389
0.069
0.538
0.854
0.666
0.567
0.209
0.626
0.487
0.056
0.891
0.443
0.128
0.42
0.428
0.096
0.196
0.551
0.385
0.409
0.4
0.7
0.517
0.72
0.604
0.487
0.483
0.719
0.403
0.759
0.547
0.096
0.991
0.976
0.398
0.185
0.959
0.707
0.355
0.543
0.02
0.012
0.029
0.713
0.901
0.956
0.941
0.117
0.021
0.174
0.452
0.568
0.64
0.347
0.665
0.27
0.201
0.313
0.712
0.935
0.607
0.712
0.311
0.054
0.875
0.599
0.202
0.867
0.761
0.085
0.132
0.188
0.459
0.786
0.091
0.429
0.062
0.124
0.44
0.363
0.777
0.343
0.891
