0.317
0.944
0.79
0.072
0.205
0.195
0.873
0.008
0.391
0.143
0.519
0.289
0.576
0.529
0.955
0.84
0.373
0.1
0.108
0.115
0.056
0.677
0.21
0.39
0.448
0.017
0.039
0.549
0.139
0.781
0.073
0.572
0.186
0.874
0.099
0.843
0.787
0.214
0.347
0.983
0.586
0.338
0.406
0.225
0.505
0.293
0.832
0.182
0.984
0.963
0.279
0.506
0.781
0.782
0.705
0.024
0.887
0.512
0.983
0.578
0.538
0.897
0.748
0.879
0.855
0.77
0.438
0.758
0.738
0.361
0.497
0.556
0.597
0.717
0.832
0.151
0.223
0.917
0.446
0.33
0.032
0.135
0.953
0.846
0.131
0.565
0.448
0.819
0.893
0.329
0.134
0.746
0.785
0.569
0.333
0.994
0.021
0.628
0.279
999
0.72
0.148
0.305
0.174
0.883
0.871
0.392
0.392
0.346
0.309
0.428
0.89
0.524
0.675
0.468
0.32
0.603
0.642
0.603
0.62
0.11
0.472
0.052
0.581
0.934
0.181
0.521
0.447
0.102
0.348
0.456
0.138
0.405
0.42
0.596
0.989
0.535
0.562
0.163
0.608
0.073
0.572
0.954
0.637
0.297
0.364
0.588
0.019
0.925
0.697
0.852
0.91
0.839
0.17
0.357
0.36
0.715
0.755
0.612
0.333
0.27
0.987
0.26
0.679
0.331
0.478
0.108
0.989
0.137
0.164
0.614
0.462
0.457
0.314
0.576
0.242
0.223
0.698
0.847
0.72
0.995
0.299
0.839
0.229
0.952
0.141
0.638
0.773
0.365
0.258
0.094
0.532
0.853
0.42
0.49
0.055
0.582
0.621
0.489
0.318
0.044
0.125
0.062
0.981
0.769
0.826
0.312
0.394
0.249
0.279
0.876
0.853
0.619
0.244
0.198
0.506
0.761
0.377
0.909
0.221
0.133
0.96
0.236
0.729
0.601
0.026
0.571
0.973
0.292
0.182
0.736
0.444
0.165
0.064
0.25
0.626
0.622
0.773
0.769
0.272
0.792
0.504
0.064
0.601
0.693
0.714
0.105
0.531
0.732
0.761
0.793
0.058
0.762
0.027
0.678
0.973
0.531
0.125
0.822
0.769
0.315
0.919
0.232
0.082
0.623
0.193
0.256
0.562
0.517
0.935
0.903
0.796
0.275
0.594
0.743
0.937
0.538
0.888
0.396
0.912
0.296
0.258
0.411
0.697
0.711
0.097
0.69
0.599
0.053
0.422
0.868
0.24
0.439
0.573
0.983
0.148
0.808
0.742
0.976
0.228
0.268
0.537
0.658
0.702
0.459
0.207
0.333
0.203
0.872
0.454
0.128
0.924
0.247
0.074
0.159
0.748
0.911
0.354
0.885
0.321
0.534
0.337
0.806
0.4
0.893
0.199
0.64
0.146
0.601
0.337
0.262
0.112
0.883
0.461
0.829
0.92
0.26
0.523
0.647
0.673
0.411
0.221
0.786
0.345
0.957
0.403
0.408
0.018
0.422
0.884
0.937
0.969
0.569
0.288
0.192
0.938
0.193
0.96
0.644
0.342
0.768
0.44
0.305
0.238
0.703
0.607
0.803
0.012
0.21
0.359
0.609
0.035
0.656
0.583
0.729
0.178
0.63
0.242
0.45
0.151
0.817
0.162
0.919
0.112
0.069
0.561
0.187
0.462
0.176
0.906
0.823
0.244
0.565
0.222
0.832
0.905
0.632
0.374
0.199
0.331
0.955
0.195
0.03
0.849
0.54
0.619
0.589
0.357
0.444
0.478
0.654
0.656
0.503
0.459
0.882
0.601
0.189
0.707
0.354
0.977
0.929
0.221
0.336
0.828
0.215
0.089
0.199
0.177
0.916
0.264
0.638
0.743
0.919
0.364
0.205
0.78
0.678
0.026
0.792
0.006
0.748
0.213
0.682
0.183
0.44
0.034
0.361
0.365
0.572
0.129
0.941
0.746
0.403
0.42
0.526
0.705
0.525
0.432
0.156
0.695
0.742
0.008
0.865
0.699
0.733
0.712
0.91
0.335
0.182
0.89
0.084
0.476
0.891
0.396
0.839
0.249
0.709
0.951
0.071
0.626
0.605
0.68
0.341
0.367
0.017
0.091
0.697
0.054
0.661
0.975
0.552
0.952
0.91
0.21
0.422
0.547
0.987
0.146
0.176
0.059
0.97
0.219
0.127
0.581
0.22
0.33
0.791
0.137
0.785
0.572
0.737
0.261
0.11
0.087
0.725
0.523
0.263
0.092
0.241
0.65
0.094
0.007
0.605
0.831
0.678
0.41
0.472
0.313
0.079
0.67
0.168
0.113
0.246
0.731
0.196
0.613
0.169
0.62
0.923
0.199
0.676
0.181
0.934
0.953
0.278
0.564
0.349
0.841
0.503
0.175
0.487
0.965
0.219
0.884
0.793
0.68
0.468
0.972
0.1
0.804
0.848
0.9
0.221
0.089
0.723
0.006
0.159
0.799
0.814
0.039
0.995
0.768
0.652
0.628
0.427
0.185
0.557
0.246
0.783
0.433
0.202
0.166
0.355
0.366
0.691
0.774
0.834
0.908
0.966
0.197
0.394
0.127
0.568
0.645
0.423
0.215
0.84
0.358
0.347
0.796
0.321
0.895
0.7
0.102
0.589
0.936
0.052
0.098
0.81
0.334
0.269
0.007
0.964
0.828
0.385
0.103
0.022
0.71
0.063
0.447
0.243
0.431
0.493
0.499
0.909
0.146
0.67
0.872
0.975
0.882
0.567
0.131
0.882
0.472
0.58
0.245
0.665
0.692
0.231
0.166
0.651
0.672
0.311
0.775
0.715
0.153
0.746
0.889
0.835
0.252
0.763
0.861
0.844
0.631
0.967
0.832
0.486
0.57
0.788
0.623
0.46
0.547
0.034
0.673
0.022
0.282
0.236
0.919
0.183
0.907
0.728
0.217
0.365
0.45
0.651
0.601
0.273
0.858
0.143
0.935
0.031
0.35
0.569
0.251
0.756
0.572
0.615
0.146
999
0.596
0.047
0.691
0.391
0.174
0.409
0.435
0.844
0.637
0.43
0.167
0.192
0.146
0.481
0.864
0.715
0.2
0.255
0.131
0.765
0.038
0.612
0.358
0.057
0.386
0.686
0.974
0.916
0.396
0.19
0.151
0.721
0.703
0.378
0.166
0.228
0.288
0.41
0.049
0.25
0.799
0.848
0.198
0.406
0.925
0.697
0.04
0.97
0.455
0.997
0.224
0.819
0.614
0.318
0.077
0.634
0.861
0.333
0.694
0.141
0.707
0.216
0.389
0.834
0.214
0.078
0.181
0.988
0.87
0.57
0.807
0.838
0.837
0.544
0.353
0.878
0.938
0.47
0.015
0.096
0.372
0.503
0.398
0.85
0.319
0.289
0.042
0.867
0.734
0.527
0.519
0.705
0.867
0.012
0.058
0.029
0.019
0.442
0.585
0.599
0.399
0.547
0.834
0.506
0.203
0.375
0.697
0.673
0.079
0.534
0.407
0.385
0.867
0.602
0.247
0.191
0.674
0.14
0.167
0.649
0.478
0.181
0.942
0.837
0.752
0.582
0.735
0.926
0.623
0.027
0.151
0.146
0.551
0.11
0.408
0.352
0.798
0.579
0.287
0.787
0.339
0.875
0.154
0.814
0.72
0.742
0.495
0.266
0.968
0.58
0.699
0.406
0.068
0.868
0.718
0.778
0.441
0.124
0.358
0.381
0.54
0.419
0.744
0.634
0.331
0.1
0.185
0.839
0.048
0.737
0.912
0.724
0.268
0.772
0.476
0.931
0.873
0.284
0.171
0.244
0.919
0.457
0.235
0.759
0.578
0.755
0.252
0.195
0.975
0.416
0.516
0.765
0.717
0.334
0.253
999
0.07
0.181
0.628
0.72
0.968
0.466
0.79
0.559
0.452
0.282
0.994
0.328
0.234
0.925
0.932
0.294
0.855
0.925
0.357
0.141
0.35
0.386
0.467
0.862
0.001
0.08
0.28
0.899
0.347
0.432
0.977
0.224
0.23
0.016
0.35
0.701
0.266
0.625
0.508
0.149
0.025
0.044
0.374
0.613
0.714
0.361
0.048
0.21
0.784
0.456
0.984
0.202
0.14
0.626
0.665
0.373
0.646
0.604
0.883
0.236
0.985
0.279
0.17
0.389
0.76
0.945
0.248
0.638
0.724
0.319
0.71
0.911
0.835
0.664
0.598
0.981
0.101
0.087
0.872
0.409
0.97
0.022
0.232
0.738
0.785
0.434
0.206
0.526
0.846
0.849
0.992
0.722
0.626
0.533
0.547
0.729
0.118
0.345
0.087
0.627
0.384
0.859
0.723
0.883
0.166
0.693
0.492
0.744
0.46
0.298
0.071
0.39
0.255
0.418
0.32
