0.216
0.72
0.655
0.163
0.094
0.621
0.454
0.353
0.058
0.468
0.805
0.805
0.894
0.506
0.951
0.209
0.717
0.871
0.948
0.295
0.9
0.293
0.446
0.751
0.262
0.499
0.045
0.163
0.732
0.272
0.455
0.118
0.057
0.77
0.661
0.898
0.03
0.016
0.425
0.392
0.491
0.702
0.34
0.708
0.559
0.374
0.12
0.908
0.081
0.098
0.123
0.033
0.4
0.971
0.356
0.054
0.149
0.479
0.777
0.938
0.346
0.883
0.039
0.265
0.295
0.051
0.826
0.875
0.782
0.708
0.593
0.274
0.244
0.062
0.948
0.576
0.909
0.201
0.592
0.414
0.729
0.076
0.735
0.934
0.31
0.316
0.972
0.763
0.229
0.672
0.952
0.324
0.215
0.615
0.635
0.877
0.207
0.643
0.42
0.655
0.73
0.749
0.853
0.34
0.714
0.103
0.363
0.653
0.813
0.716
0.736
0.331
0.943
0.608
0.028
0.833
0.883
0.868
0.712
0.793
0.826
0.064
0.916
0.228
0.935
0.647
0.31
0.583
0.514
0.048
0.579
0.704
0.535
0.006
0.458
0.097
0.758
0.558
0.879
0.507
0.305
0.421
0.973
0.583
0.665
0.609
0.407
0.837
0.093
0.912
0.224
0.494
0.212
0.227
0.013
0.188
0.649
0.786
0.89
0.534
0.409
0.356
0.161
0.323
0.501
0.868
0.161
0.6
0.987
0.001
0.005
0.507
0.167
0.877
0.226
0.006
0.36
0.691
0.669
0.486
0.572
0.034
0.234
0.47
0.084
0.739
0.789
0.451
0.446
0.714
0.319
0.356
0.86
0.541
0.253
0.757
0.989
0.121
0.362
0.151
