0.71
0.614
0.437
0.788
0.567
0.079
0.164
0.642
0.178
0.321
0.585
0.482
0.783
0.967
0.992
0.688
0.967
0.486
0.58
0.735
0.778
0.227
0.136
0.348
0.806
0.658
0.168
0.84
0.851
0.432
0.24
0.573
0.51
0.531
0.1
0.661
0.997
0.388
0.952
0.555
0.786
0.279
0.582
0.046
0.843
0.544
0.43
0.941
0.41
0.222
0.046
0.317
0.758
0.093
0.003
0.497
0.475
0.274
0.626
0.296
0.602
0.237
0.223
0.577
0.15
0.413
0.535
0.467
0.092
0.519
0.922
1.0
0.675
0.977
0.973
0.933
0.752
0.49
0.06
0.814
0.787
0.166
0.464
0.66
0.964
0.968
0.946
0.182
0.679
0.599
0.407
0.317
0.187
0.46
0.858
0.434
0.585
0.6
0.323
0.621
0.374
0.581
0.777
0.321
0.607
0.506
0.821
0.306
0.842
0.51
0.863
0.755
0.876
0.494
0.225
0.033
0.545
0.138
0.673
0.149
0.338
0.48
0.086
0.377
0.388
0.383
0.22
0.718
0.48
0.519
0.798
0.937
0.982
0.877
0.497
0.282
0.515
0.928
0.869
0.513
0.609
0.25
0.865
0.098
0.496
0.241
0.131
0.783
0.436
0.638
0.653
0.09
0.009
0.165
0.834
0.468
0.766
0.35
0.904
0.874
0.904
0.83
0.941
0.644
0.867
0.284
0.796
0.914
0.502
0.479
0.103
0.212
0.859
0.937
0.042
0.364
0.912
0.416
0.574
0.486
0.756
0.896
0.966
0.038
0.416
0.415
0.124
0.042
0.702
0.548
0.839
0.026
0.832
0.359
0.58
0.062
0.355
0.33
0.589
0.896
0.365
0.019
0.882
0.32
0.922
0.155
0.888
0.66
0.993
0.585
0.239
0.293
0.048
0.135
0.833
0.377
0.924
0.415
0.717
0.528
0.466
0.89
0.275
0.769
0.96
0.796
0.423
0.183
0.876
0.19
0.866
0.698
0.335
0.033
0.257
0.874
0.078
0.979
0.98
0.575
0.362
0.324
0.711
0.674
0.19
0.879
0.374
0.084
0.624
0.28
0.888
0.162
0.054
0.854
0.057
0.704
0.989
0.302
0.041
0.488
0.688
0.69
0.161
0.38
0.294
0.825
0.999
0.969
0.292
0.001
0.314
0.668
0.551
0.498
0.397
0.341
0.131
0.91
0.212
0.813
0.079
0.314
0.559
0.48
0.097
0.87
0.901
0.208
0.248
0.011
0.281
0.337
0.195
0.605
0.755
0.876
0.835
0.545
0.16
0.054
0.763
0.223
0.594
0.635
0.652
0.09
0.373
0.197
0.288
0.734
0.147
0.245
0.462
0.774
0.36
0.562
0.454
0.308
0.184
0.958
0.856
0.432
0.283
0.478
0.771
0.376
0.378
0.358
0.691
0.983
0.507
0.666
0.419
0.299
0.329
0.729
0.032
0.048
0.553
0.137
0.971
0.638
0.316
0.844
0.707
0.975
0.991
0.415
0.15
0.648
0.555
0.014
0.437
0.146
0.856
0.948
0.033
0.323
0.78
0.311
0.501
0.316
0.98
0.696
0.024
0.711
0.335
0.342
0.14
0.563
0.947
0.646
0.001
0.321
0.141
0.69
0.158
0.315
0.392
0.135
0.57
0.377
0.826
0.847
0.446
0.161
0.439
0.568
0.866
0.2
0.437
0.838
0.235
0.982
0.537
0.132
0.423
0.023
0.118
0.215
0.651
0.013
0.201
0.61
0.958
0.984
0.966
0.346
0.303
0.64
0.539
0.016
0.549
0.611
0.826
0.294
0.874
0.953
0.068
0.313
0.472
0.163
0.551
0.871
0.871
0.153
0.238
0.653
0.953
0.257
0.054
0.796
0.224
0.889
0.633
0.246
0.41
0.903
0.024
0.025
0.899
0.771
0.272
0.779
0.988
0.883
0.977
0.844
0.413
0.593
0.477
0.608
0.869
0.984
0.65
0.112
0.033
0.684
0.744
0.833
0.507
0.182
0.011
0.136
0.114
0.723
0.238
0.344
0.356
0.662
0.594
0.23
0.985
0.11
0.777
0.532
0.355
0.639
0.06
0.284
0.41
0.223
0.272
0.05
0.952
0.729
0.318
0.668
0.609
0.588
0.09
0.97
0.088
0.955
0.055
0.33
0.021
0.891
0.512
0.772
0.325
0.752
0.836
0.846
0.28
0.961
0.232
0.812
0.765
0.174
0.331
0.807
0.782
0.806
0.687
0.951
0.783
0.083
0.189
0.188
0.437
0.593
0.746
0.859
0.839
0.458
0.105
0.824
0.384
0.984
0.392
0.417
0.204
0.016
0.264
0.009
0.946
0.876
0.142
0.473
0.343
0.271
0.417
0.98
0.601
0.822
0.925
0.089
0.68
0.295
0.402
0.531
0.273
0.858
0.209
0.184
0.522
0.761
0.431
0.196
0.644
0.713
0.796
0.048
0.122
0.553
0.067
0.818
0.435
0.519
0.475
0.723
0.531
0.32
0.829
0.464
0.756
0.815
0.214
0.685
0.836
0.544
0.431
0.889
0.541
0.099
0.658
0.21
0.225
0.509
0.548
0.585
0.635
0.239
0.44
0.716
0.081
0.449
0.278
0.999
0.615
0.847
0.077
0.376
0.568
0.399
0.661
0.025
0.091
0.254
0.034
0.707
0.985
0.587
0.299
0.33
0.974
0.568
0.471
0.497
0.133
0.577
0.731
0.893
0.466
0.547
0.497
0.065
0.287
0.239
0.141
0.917
0.065
0.585
0.398
0.756
0.576
0.122
0.076
0.05
0.798
0.825
0.35
0.354
0.023
0.521
0.763
0.633
0.191
0.928
0.589
0.342
0.921
0.492
0.966
0.054
0.146
0.458
0.48
0.14
1.0
0.996
0.668
0.945
0.246
0.619
0.957
0.189
0.79
0.69
0.493
0.175
0.623
0.817
0.499
0.723
0.848
0.168
0.802
0.28
0.14
0.742
0.337
0.898
0.29
0.37
0.721
0.421
0.904
0.142
0.138
0.192
0.045
0.042
0.269
0.913
0.404
0.968
0.028
0.671
0.345
0.567
0.062
0.092
0.991
0.11
0.205
0.945
0.06
0.835
0.137
0.718
0.561
0.386
0.101
0.814
0.928
0.233
0.269
0.247
0.872
0.279
0.067
0.362
0.732
0.344
0.943
0.767
0.445
0.513
0.289
0.728
0.102
0.313
0.017
0.096
0.037
0.7
0.104
0.49
0.382
0.995
0.944
0.458
0.83
0.9
0.959
0.632
0.089
0.169
0.902
0.837
0.766
0.418
0.541
0.508
0.796
0.579
0.14
0.866
0.744
0.829
0.083
0.434
0.14
0.84
0.839
0.352
0.194
0.821
0.679
0.232
0.57
0.248
0.322
0.468
0.005
0.995
0.432
0.338
0.368
0.099
0.844
0.718
0.368
0.148
0.969
0.987
0.11
0.836
0.943
0.882
0.03
0.052
0.281
0.608
0.79
0.52
0.261
0.19
0.901
0.17
0.455
0.17
0.171
0.508
0.42
0.519
0.669
0.414
0.953
0.577
0.231
0.65
0.37
0.613
0.993
0.245
0.143
0.466
0.45
0.51
0.42
0.17
0.004
0.77
0.534
0.47
0.695
0.079
0.92
0.292
0.766
0.66
0.838
0.703
0.415
0.775
0.488
0.011
0.056
0.643
0.032
0.609
0.236
0.719
0.533
0.974
0.515
0.322
0.132
0.156
0.245
0.129
0.381
0.156
0.811
0.234
0.325
0.239
0.281
0.067
0.571
0.067
0.742
0.961
0.312
0.524
0.746
0.159
0.252
0.035
0.686
0.421
0.936
0.914
0.411
0.726
0.714
0.579
0.103
0.683
0.621
0.01
0.45
0.36
0.314
0.591
0.758
0.91
0.415
0.321
0.111
0.873
0.984
0.944
0.167
0.76
0.914
0.192
0.232
0.799
0.642
0.769
0.411
0.723
0.46
0.675
0.914
0.481
0.192
0.985
0.691
0.453
0.631
0.693
0.828
0.879
0.055
0.395
0.61
0.31
0.128
0.999
0.264
0.476
0.165
0.864
0.728
0.915
0.7
0.673
0.39
0.831
0.173
0.517
0.811
0.262
0.079
0.108
0.877
0.641
0.707
0.408
0.822
0.396
0.165
0.266
0.021
0.183
0.037
0.173
0.825
0.495
0.259
0.021
0.896
0.144
0.503
0.286
0.226
0.866
0.1
0.029
0.911
0.721
0.077
0.232
0.884
0.12
0.244
0.534
0.821
0.9
0.067
0.358
0.208
0.742
0.129
0.129
0.775
0.739
0.117
0.575
0.848
0.967
0.901
0.059
0.147
0.814
0.003
0.046
0.069
0.297
0.812
0.15
0.927
0.271
0.792
0.86
