0.391
0.159
0.012
0.396
0.1
0.497
0.935
0.661
0.416
0.17
0.776
0.116
0.065
0.066
0.503
ERROR
0.795
0.016
0.218
0.721
0.987
0.172
0.967
0.693
0.169
0.784
0.157
0.351
0.034
0.381
0.431
0.396
0.673
0.1
0.831
0.985
0.598
0.42
0.248
0.753
0.248
0.158
0.654
0.75
0.601
0.242
0.386
0.199
0.21
0.008
0.514
0.941
ERROR
0.059
0.893
0.286
0.538
0.271
0.907
0.459
0.663
0.644
0.702
0.259
0.521
0.061
0.988
0.607
0.23
0.384
0.828
0.155
0.058
0.618
0.262
0.3
0.788
0.45
0.809
0.1
0.343
0.298
0.795
0.439
0.761
0.795
0.495
0.301
0.492
0.312
0.579
0.146
0.216
0.635
0.694
0.765
0.778
0.724
0.202
0.665
0.039
0.749
0.693
0.571
0.794
0.194
0.106
0.915
0.961
0.439
0.36
0.138
0.248
0.917
0.203
0.088
0.679
0.356
0.637
0.088
0.247
0.509
0.814
0.383
0.553
0.743
0.56
0.535
0.619
0.367
0.275
0.174
0.91
0.101
0.276
0.11
0.133
0.888
0.729
0.676
0.107
0.058
0.304
0.915
0.363
0.986
0.171
0.253
0.243
0.745
0.431
0.382
0.781
0.623
0.149
0.571
0.756
0.915
0.096
0.063
0.485
0.236
0.447
0.266
0.108
0.075
0.617
0.046
0.635
0.416
0.389
0.485
0.797
0.553
0.309
0.069
0.065
0.363
0.849
0.948
0.856
0.709
0.762
0.739
0.591
0.603
0.023
0.005
0.597
0.203
0.421
0.279
0.261
0.681
0.867
0.142
0.995
0.881
0.471
0.347
