0.9
0.208
0.283
0.697
0.518
0.392
0.64
0.981
0.853
0.957
0.251
0.377
0.185
0.878
0.184
0.343
0.459
0.911
0.651
0.583
0.583
0.874
0.331
0.426
0.601
0.448
0.367
0.27
0.615
0.672
0.089
0.936
0.276
0.146
0.989
0.771
0.056
0.86
0.369
0.38
0.838
0.924
0.169
0.532
0.258
0.477
0.445
0.178
0.992
0.962
0.975
0.3
0.114
0.514
0.629
0.065
0.14
0.924
0.496
0.908
0.531
0.261
0.521
0.6
0.41
0.442
0.238
0.466
0.962
0.43
0.842
0.836
0.578
0.87
0.126
0.996
0.581
0.104
0.802
0.455
0.286
0.02
0.136
0.52
0.822
0.638
0.614
0.949
0.979
0.512
0.341
0.634
0.629
0.738
0.261
0.493
0.352
0.123
0.893
0.75
0.124
0.691
0.7
0.995
0.86
0.698
0.861
0.059
0.197
0.21
0.593
0.215
0.314
0.776
0.809
0.693
0.334
0.398
0.516
0.979
0.988
0.948
0.239
0.507
0.75
0.181
0.137
0.375
0.987
0.934
0.589
0.324
0.695
0.543
0.224
0.998
0.145
0.782
0.567
0.564
0.757
0.227
0.376
0.228
0.951
0.619
0.146
0.187
0.818
0.691
0.311
0.208
0.173
0.352
0.705
0.449
0.261
0.877
0.178
0.313
0.833
0.946
0.564
0.468
0.488
0.34
0.819
0.711
0.979
0.075
0.755
0.56
0.749
0.75
0.709
0.982
0.726
0.64
0.025
0.654
0.347
0.883
0.576
0.593
0.097
0.221
0.629
0.255
0.57
0.539
0.85
0.614
0.17
0.761
0.684
0.585
0.862
0.433
0.056
0.828
0.707
0.58
0.441
0.776
999
0.834
0.402
0.278
0.497
0.716
0.033
0.045
0.864
0.175
0.019
0.927
0.775
0.973
999
0.193
0.531
0.834
0.963
0.151
0.59
0.73
0.564
0.629
0.49
0.489
0.588
0.248
0.214
0.892
0.273
0.401
0.796
0.149
0.733
0.677
0.757
0.69
0.459
0.182
0.749
0.698
0.783
0.711
0.747
0.903
0.104
0.833
0.626
0.958
0.544
0.786
0.32
0.353
0.993
0.419
0.178
0.551
0.484
0.619
0.279
0.281
0.622
0.147
0.597
0.604
0.018
0.712
0.715
0.14
0.721
0.379
0.04
0.395
0.689
0.177
999
0.311
0.674
0.804
0.688
0.974
0.892
0.707
0.856
0.461
0.093
0.868
0.655
0.453
0.318
0.029
0.218
0.063
0.451
0.705
0.274
0.567
0.094
0.581
0.349
0.85
0.473
0.749
0.278
0.606
0.51
0.568
0.285
0.104
0.996
0.453
0.062
0.075
0.314
0.127
0.403
0.696
0.889
0.169
0.833
0.844
0.867
0.408
0.954
0.872
0.186
0.358
0.791
0.821
0.911
0.43
0.9
0.958
0.065
0.649
0.917
0.165
0.013
0.649
0.236
0.121
0.887
0.042
0.124
0.771
0.678
0.143
0.205
0.358
0.606
0.966
0.752
0.396
0.106
0.977
0.214
0.651
0.674
0.21
0.256
0.178
0.654
0.188
0.12
0.382
0.522
0.327
0.535
0.299
0.189
0.606
0.391
0.263
0.466
0.329
0.681
0.543
0.135
0.055
0.659
0.079
0.355
0.346
0.63
0.428
0.372
0.477
0.509
0.799
0.598
0.662
0.089
0.012
0.181
0.142
0.445
0.699
0.582
0.666
0.423
0.203
0.083
0.923
0.3
0.032
0.65
0.312
0.479
0.198
0.003
0.445
0.155
0.054
0.048
0.201
0.98
0.141
0.245
0.634
0.861
0.758
0.147
0.624
0.003
0.891
0.992
0.599
0.132
0.303
0.397
0.077
0.832
0.852
0.508
0.891
0.341
0.83
0.696
0.757
0.406
0.597
0.852
0.182
0.945
0.885
0.255
0.982
0.439
0.963
0.093
0.71
0.148
0.632
0.8
0.878
0.825
0.862
0.753
0.811
0.858
0.482
0.359
0.549
0.163
0.356
0.966
0.177
0.957
0.062
0.798
0.818
0.314
0.024
0.575
0.596
0.324
0.431
0.537
0.845
0.362
0.364
0.947
0.895
0.61
0.127
0.717
0.211
0.319
0.765
0.614
0.485
0.151
0.82
0.533
0.065
0.72
0.41
0.939
0.324
0.096
0.405
0.128
0.846
0.316
0.069
0.109
0.654
0.931
0.464
0.944
0.709
0.494
0.572
0.134
0.631
0.148
0.167
0.001
0.543
0.662
0.364
0.314
0.781
0.995
0.665
0.133
0.959
0.98
0.893
0.208
0.94
0.945
0.717
0.625
0.614
0.432
0.264
0.882
0.293
0.833
0.384
0.971
0.094
0.103
0.737
0.512
0.392
0.676
0.913
0.809
0.385
0.989
0.947
0.576
0.577
0.993
0.369
0.842
0.089
0.661
0.478
0.279
0.219
0.862
0.283
0.515
0.04
0.973
0.932
0.189
0.822
0.622
0.465
0.838
0.389
0.264
0.532
0.115
0.564
0.666
0.325
0.906
0.585
0.637
0.585
0.341
0.746
0.79
0.027
0.562
0.934
0.307
0.124
0.929
0.02
0.099
0.4
0.342
0.513
0.692
0.756
0.591
0.953
0.728
0.316
0.53
0.606
0.055
0.619
0.267
0.614
0.679
0.663
0.312
0.855
0.511
0.78
0.484
0.25
0.905
0.833
0.286
0.181
0.544
0.044
0.715
0.078
0.153
0.902
0.116
0.006
0.878
0.375
0.911
0.808
0.126
0.382
0.658
0.449
0.323
0.837
0.099
0.067
0.249
0.47
0.313
0.945
0.827
0.398
0.556
0.358
0.712
0.599
0.069
0.024
0.511
0.271
0.567
0.394
0.448
0.753
0.241
0.585
0.91
0.394
0.704
0.397
0.57
0.632
0.565
0.534
0.667
0.016
0.95
0.713
0.029
0.614
0.661
0.99
0.971
0.242
0.962
0.067
0.652
0.539
0.79
0.674
0.894
0.25
0.156
0.701
0.796
0.727
0.566
0.948
0.346
0.566
0.671
0.3
0.011
0.966
0.81
0.299
0.095
0.406
0.954
0.312
0.947
0.627
0.444
0.122
0.723
0.076
0.621
0.84
0.626
0.59
0.637
0.752
0.705
0.945
0.856
0.708
999
999
0.827
0.158
0.942
0.745
0.408
0.74
0.933
0.363
0.318
0.372
0.847
0.971
0.561
0.53
0.824
0.216
0.53
0.827
0.109
0.769
0.798
0.525
0.013
0.919
0.097
0.352
0.327
0.87
0.273
0.672
0.925
0.562
0.697
0.392
0.844
0.761
0.55
0.313
0.431
0.159
0.031
0.565
0.403
0.647
0.268
0.61
0.621
0.947
0.509
0.209
0.957
0.795
0.971
0.906
0.841
0.535
0.85
0.343
0.324
0.261
0.47
0.496
0.992
0.893
0.943
0.813
0.565
0.962
0.831
0.359
0.338
0.687
0.188
0.246
0.005
0.147
0.108
0.519
0.25
0.58
0.323
0.668
0.604
0.346
0.856
0.451
0.034
0.073
0.392
0.376
0.228
0.876
0.649
0.085
0.49
0.781
0.823
0.288
0.109
0.143
0.554
0.097
0.681
0.271
0.781
0.546
0.78
0.322
0.241
0.861
0.492
0.395
0.337
0.134
0.135
0.649
0.215
0.516
0.036
0.166
0.316
0.379
0.641
0.062
0.6
0.887
0.914
0.47
0.158
0.658
0.93
0.395
0.94
0.101
0.691
0.53
0.425
0.501
0.508
0.474
0.661
0.411
0.466
0.731
0.736
0.536
0.696
0.867
0.241
0.554
0.808
0.742
0.467
0.971
0.616
0.011
0.877
0.986
0.966
0.445
0.938
0.473
0.202
0.707
0.676
0.863
0.12
0.387
0.432
0.017
0.893
0.573
0.751
0.264
0.334
0.559
0.772
0.74
0.319
999
0.226
0.564
0.629
0.416
0.838
0.77
0.13
0.275
0.746
0.781
0.286
0.624
0.185
0.847
0.789
0.236
0.867
0.834
0.278
0.658
0.449
0.057
0.001
0.958
0.167
0.594
999
0.757
0.129
0.96
0.426
0.846
0.835
0.229
0.239
0.988
0.25
0.74
0.697
0.979
0.657
0.603
0.182
0.241
0.599
0.92
0.505
0.663
0.068
0.076
0.091
0.129
0.823
0.087
0.766
0.309
0.915
0.589
0.662
0.852
0.639
0.334
0.164
0.295
0.698
0.099
0.716
0.509
0.052
0.19
0.235
0.364
0.765
0.398
0.235
0.333
0.961
0.304
0.713
0.491
0.722
0.864
0.386
0.117
0.47
0.801
0.105
0.984
0.075
0.81
