0.467
0.266
0.936
0.527
0.369
0.14
0.445
0.132
0.125
0.99
0.283
0.689
0.356
0.821
0.562
0.456
0.55
0.173
0.364
0.32
0.575
0.999
0.625
0.028
0.142
0.64
0.216
0.123
0.202
0.194
0.538
0.181
0.447
0.247
0.359
0.151
0.589
0.209
0.297
0.538
0.157
0.242
0.29
0.225
0.403
0.299
0.38
0.308
0.108
0.45
0.097
0.224
0.73
0.441
0.594
0.372
0.274
0.857
0.193
0.105
0.332
0.716
0.183
0.978
0.426
0.659
0.532
0.814
0.454
0.627
0.327
0.693
0.007
0.029
0.649
0.115
0.63
0.579
0.651
0.341
0.103
0.755
0.311
0.564
0.739
0.05
0.726
0.94
0.46
0.856
0.98
0.796
0.51
0.058
0.179
0.836
0.321
0.878
0.238
0.765
0.454
0.322
0.674
0.324
0.969
0.281
0.946
0.852
0.594
0.381
0.241
0.188
0.957
0.515
0.787
0.834
0.349
0.8
0.309
0.556
0.612
0.763
0.649
0.409
0.728
0.84
0.216
0.5
0.47
0.244
0.322
0.057
0.121
0.844
0.934
0.494
0.468
0.688
0.541
0.536
0.495
0.039
0.083
0.368
0.347
0.737
0.151
0.866
0.627
0.416
0.523
0.858
0.22
0.608
0.551
0.44
0.256
0.291
0.138
0.836
0.739
0.582
0.11
0.704
0.589
0.719
0.656
0.348
0.518
0.062
0.018
0.784
0.606
0.458
0.075
0.737
0.33
0.806
0.987
0.093
0.977
0.76
0.008
0.669
0.105
0.997
0.911
0.505
0.883
0.647
0.086
0.696
0.562
0.294
0.749
0.21
0.008
0.027
0.019
0.621
