0.207
0.752
0.411
0.502
0.689
0.506
0.668
0.187
0.522
0.383
0.508
0.589
0.981
0.007
0.145
0.986
0.737
0.023
0.891
0.756
0.715
0.136
0.269
0.015
0.049
0.15
0.81
0.434
0.051
0.899
0.837
0.585
0.496
0.385
0.363
0.759
0.464
0.56
0.089
0.387
0.087
0.69
0.051
0.526
0.862
0.795
0.972
0.168
0.355
0.245
0.531
0.91
0.747
0.295
0.116
0.803
0.362
0.841
0.436
0.865
0.114
0.427
0.694
0.068
0.118
0.086
0.751
0.297
0.454
0.209
0.997
0.708
0.096
0.515
0.168
0.219
0.068
0.473
0.15
0.169
0.475
ERROR
0.993
0.307
0.584
0.358
0.282
0.684
0.201
0.977
0.045
0.798
0.094
0.018
0.816
0.866
0.72
0.274
0.111
0.07
0.664
0.762
0.404
0.075
0.484
0.3
0.719
0.166
0.804
0.73
0.493
0.939
0.878
0.326
0.814
0.25
0.633
0.976
0.336
0.467
0.525
0.046
0.659
0.798
0.211
0.319
0.118
0.014
0.878
0.785
0.851
0.391
0.302
0.015
0.448
0.857
0.961
0.052
0.953
0.099
0.898
0.18
0.803
0.762
0.83
0.235
0.682
0.058
0.711
0.106
0.43
0.231
0.999
0.977
0.005
0.746
0.599
0.625
0.332
0.023
0.204
0.438
0.033
0.46
0.112
0.475
0.475
0.979
0.907
0.838
0.245
0.94
0.133
0.054
0.766
0.646
0.478
0.646
0.385
0.562
0.796
0.455
0.782
0.867
0.496
0.99
0.025
0.385
0.633
0.629
0.094
0.535
0.128
0.044
0.385
0.778
0.91
0.696
0.143
0.631
