0.413
0.718
0.593
0.679
0.091
0.446
0.747
0.535
0.045
0.61
0.795
0.775
0.378
0.138
0.933
0.829
0.87
0.449
0.092
0.588
0.021
0.922
0.48
0.306
0.851
0.449
0.294
0.768
0.423
0.234
0.571
0.437
0.489
0.204
0.231
0.861
0.12
0.112
0.049
0.483
0.96
0.243
0.54
0.302
0.09
0.508
0.047
0.771
0.33
0.367
0.432
0.638
0.586
0.389
0.995
0.779
0.569
0.568
1.0
0.477
0.932
0.715
0.844
0.501
0.393
0.325
0.93
0.622
0.482
0.479
0.831
0.525
0.239
0.057
0.227
0.015
0.973
0.908
0.754
0.036
0.706
0.792
0.296
0.826
0.752
0.273
0.45
0.666
0.848
0.062
0.395
0.431
0.316
0.324
0.223
0.043
0.047
0.032
0.313
0.017
0.372
0.043
0.851
0.179
0.558
0.071
0.277
0.673
0.471
0.24
0.35
0.221
0.667
0.496
0.455
0.34
0.307
0.908
0.321
0.835
0.313
0.888
0.587
0.509
0.169
0.146
0.626
0.285
0.727
0.329
0.972
0.548
0.771
0.657
0.06
0.68
0.592
0.875
0.924
0.081
0.449
0.856
0.101
0.256
0.764
0.731
0.06
0.764
0.144
0.801
0.471
0.001
0.108
0.126
0.409
0.833
0.94
0.484
0.682
0.921
0.703
0.73
0.89
0.982
0.914
0.588
0.369
0.042
0.828
0.209
0.623
0.296
0.822
0.948
0.597
0.448
0.047
0.898
0.509
0.5
0.744
0.113
0.05
0.425
0.952
0.411
0.054
0.033
0.115
0.08
0.689
0.545
0.562
0.125
0.378
0.652
0.268
0.509
0.396
0.358
