0.213
0.724
0.67
0.398
0.582
0.537
0.008
0.401
0.747
0.995
0.94
0.979
0.586
0.587
0.524
0.904
0.09
0.126
0.682
0.098
0.948
0.53
0.828
0.831
0.496
0.312
0.216
0.967
0.973
0.559
0.679
0.992
0.315
0.837
0.059
0.722
0.316
0.014
0.594
0.084
0.737
0.927
0.417
0.657
0.085
0.778
0.359
0.556
0.859
0.098
0.715
0.063
0.151
0.023
0.213
0.542
0.236
0.992
0.767
0.522
0.625
0.514
0.604
0.802
0.407
0.123
0.714
0.107
0.416
0.978
0.265
0.766
0.678
0.49
0.164
0.579
ERROR
0.3
0.602
0.727
0.867
0.462
0.584
0.44
0.557
0.426
0.639
0.993
0.532
0.539
0.71
0.289
0.566
0.812
0.468
0.708
0.178
0.554
0.423
0.06
0.807
0.657
0.316
0.993
0.666
0.894
0.033
0.768
0.907
0.183
0.188
0.183
0.777
0.941
0.941
0.62
0.626
0.174
0.006
0.192
0.713
0.048
0.7
0.242
0.286
0.663
0.283
0.371
0.695
0.219
0.762
0.311
0.362
0.796
0.453
0.824
0.198
0.141
0.121
0.99
0.181
0.1
0.619
0.378
0.05
0.513
0.952
0.576
0.247
0.575
0.449
0.556
0.404
0.765
0.265
0.068
0.149
0.574
0.552
0.17
0.161
0.335
0.8
0.705
0.061
0.992
0.735
0.3
0.467
0.274
0.235
0.848
0.432
0.557
0.593
0.435
0.019
0.311
0.093
0.827
0.613
0.459
0.045
0.747
0.529
0.98
0.241
0.795
0.701
0.544
0.853
0.994
0.523
0.617
0.174
0.42
0.929
0.934
0.069
0.436
