0.244
0.288
0.981
0.473
0.105
0.882
0.895
0.512
0.838
0.45
0.023
0.013
0.202
0.028
0.962
0.582
0.504
0.922
0.122
0.838
0.824
0.595
0.983
0.989
0.4
0.205
0.801
0.702
0.677
0.692
0.095
0.627
0.386
0.177
0.391
0.421
0.178
0.164
0.238
0.51
0.515
0.935
0.788
0.241
0.927
0.577
0.238
0.154
0.886
0.992
0.617
0.023
0.549
0.009
0.152
0.285
0.387
0.751
0.722
0.321
0.882
0.517
0.966
0.273
0.655
0.765
0.334
0.965
0.187
0.343
0.296
0.185
0.738
0.937
0.313
0.185
0.802
0.264
0.901
0.531
0.497
0.39
0.018
0.627
0.625
0.945
0.866
0.934
0.142
0.26
0.799
0.07
0.761
0.408
0.451
0.268
0.579
0.407
0.301
0.477
0.329
0.735
0.673
0.275
0.928
0.308
0.226
0.474
0.698
0.875
0.278
0.183
0.678
0.267
0.592
0.32
0.223
0.876
0.993
0.575
0.557
0.989
0.364
0.475
0.931
0.154
0.532
0.927
0.606
0.032
0.435
0.404
0.359
0.847
0.403
0.922
0.885
0.53
0.353
0.611
0.057
0.841
0.245
0.849
0.235
0.779
0.22
0.647
0.881
0.94
0.829
0.885
0.014
0.983
0.484
0.613
0.242
0.049
0.209
0.234
0.421
0.337
0.351
0.39
0.673
0.621
0.763
0.238
0.541
0.222
0.891
0.953
0.752
0.659
0.48
0.39
0.219
0.382
0.901
0.548
0.622
0.398
0.059
0.642
0.907
0.939
0.014
0.331
0.084
0.016
0.118
0.75
0.016
0.318
0.601
0.031
0.762
0.74
0.347
0.415
0.506
0.345
0.234
0.254
0.577
0.961
0.497
0.476
0.183
0.624
0.75
0.39
0.936
0.368
0.375
0.5
0.344
0.211
0.324
0.824
0.823
0.645
0.373
0.624
0.188
0.817
0.408
0.899
0.648
0.098
0.288
0.169
0.476
0.109
0.153
0.653
0.301
0.339
0.537
0.844
0.328
0.654
0.179
0.441
0.272
0.25
0.745
0.605
0.942
0.569
0.54
0.987
0.109
0.276
0.181
0.086
0.85
0.741
0.172
0.54
0.129
0.025
0.058
0.365
0.585
0.627
0.902
0.095
0.878
0.399
0.883
0.138
0.22
0.735
0.84
0.447
0.928
0.375
0.178
0.814
0.163
0.666
0.6
0.501
0.199
0.733
0.544
0.171
0.871
0.414
0.921
0.246
0.182
0.555
0.424
0.39
0.951
0.677
0.495
0.604
0.92
0.687
0.34
0.475
0.454
0.528
0.319
0.623
0.086
0.462
0.503
0.788
0.04
0.055
0.394
0.778
0.169
0.577
0.984
0.395
0.009
0.163
0.689
0.382
0.108
0.824
0.697
0.137
0.179
0.361
0.239
0.824
0.573
0.003
0.849
0.945
0.213
0.932
0.724
0.285
0.513
0.972
0.178
0.184
0.175
0.732
0.229
0.699
0.436
0.423
0.404
0.607
0.976
0.045
0.552
0.37
0.545
0.179
0.783
0.673
0.384
0.705
0.096
0.777
0.021
0.646
0.834
0.27
0.442
0.789
0.211
0.733
0.118
0.061
0.121
0.358
0.412
0.599
0.718
0.007
0.2
0.12
0.97
0.463
0.683
0.265
0.782
0.852
0.454
0.667
0.373
0.428
0.065
0.836
0.595
1.0
0.104
0.154
0.164
0.161
0.312
0.704
0.429
0.54
0.72
0.521
0.368
0.912
0.906
0.618
0.788
0.972
0.877
0.493
0.916
0.164
0.753
0.292
0.046
0.279
0.007
0.421
0.807
0.163
0.933
0.176
0.661
0.147
0.444
0.563
0.871
0.764
0.657
0.108
0.91
0.156
0.881
0.994
0.85
0.203
0.904
0.389
0.613
0.582
0.888
0.478
0.639
0.721
0.009
0.074
1.0
0.539
0.175
0.537
0.268
0.127
0.669
0.417
0.533
0.634
0.442
0.722
0.089
0.953
0.843
0.46
0.195
0.961
0.723
0.947
0.826
0.189
0.333
0.877
0.427
0.259
0.883
0.615
0.299
0.059
0.046
0.709
0.309
0.015
0.32
0.903
0.761
0.413
0.608
0.481
0.433
0.267
0.597
0.609
0.869
0.667
0.612
0.675
0.134
0.086
0.924
0.614
0.007
0.548
0.425
0.036
0.347
0.78
0.619
0.125
0.342
0.866
0.188
0.627
0.503
0.771
0.547
0.213
0.582
0.827
0.315
0.396
0.606
0.073
0.563
0.641
0.156
0.394
0.839
0.911
0.951
0.415
0.599
0.022
0.356
0.411
0.364
0.499
0.81
0.188
0.604
0.113
0.894
0.94
0.23
0.01
0.579
0.155
0.487
0.226
0.756
0.514
0.76
0.167
0.095
0.444
0.215
0.644
0.44
0.692
0.634
0.807
0.602
0.055
0.025
0.858
0.819
0.819
0.907
0.987
0.937
0.02
0.467
0.919
0.852
0.464
0.039
0.427
0.325
0.885
0.392
0.637
0.381
0.171
0.086
0.187
0.835
0.612
0.017
0.196
0.891
0.059
0.02
0.202
0.771
0.562
0.788
0.598
0.353
0.331
0.261
0.314
0.556
0.861
0.6
0.134
0.185
0.657
0.038
0.411
0.317
0.729
0.293
0.821
0.861
0.62
0.079
0.398
0.922
0.105
0.605
0.808
0.418
0.335
0.844
0.625
0.508
0.585
0.774
0.041
0.232
0.423
0.243
0.237
0.213
0.689
0.662
0.999
0.468
0.751
0.631
0.993
0.095
0.483
0.725
0.153
0.388
0.343
0.264
0.052
0.612
0.377
0.882
0.761
0.967
0.896
0.708
0.089
0.375
0.673
0.223
0.999
0.853
0.245
0.46
0.319
0.715
0.728
0.42
0.103
0.304
0.971
0.951
0.366
0.099
0.179
0.394
0.325
0.837
0.727
0.666
0.967
0.127
0.39
0.321
0.655
0.805
0.758
0.678
0.118
0.896
0.359
0.461
0.731
0.943
0.443
0.994
0.626
0.854
0.178
0.653
0.118
0.112
0.578
0.232
0.84
0.689
0.529
0.981
0.575
0.957
0.375
0.161
0.504
0.775
0.56
0.475
0.801
0.7
0.685
0.27
0.323
0.565
0.584
0.104
0.755
0.11
0.286
0.047
0.49
0.676
0.892
0.398
0.123
0.283
0.133
0.434
0.097
0.343
0.007
0.622
0.565
0.714
0.512
0.054
0.228
0.295
0.501
0.943
0.429
0.703
0.688
0.054
0.246
0.33
0.597
0.258
0.699
0.623
0.283
0.769
0.992
0.249
0.935
0.487
0.776
0.112
0.744
0.313
0.827
0.504
0.209
0.429
0.105
0.01
0.101
0.425
0.521
0.12
0.374
0.321
0.599
0.011
0.789
0.527
0.847
0.481
0.2
0.428
0.074
0.3
0.865
0.721
0.926
0.422
0.129
0.983
0.831
0.022
0.067
0.601
0.223
0.394
0.116
0.259
0.173
0.807
0.152
0.942
0.714
0.34
0.637
0.109
0.034
0.044
0.753
0.239
0.921
0.91
0.076
0.138
0.016
0.133
0.25
0.906
0.886
0.747
0.977
0.361
0.946
0.408
0.57
0.503
0.777
0.584
0.831
0.602
0.98
0.344
0.679
0.265
0.19
0.15
0.388
0.641
0.336
0.969
0.59
0.589
0.289
0.716
0.287
0.837
0.342
0.347
0.429
0.15
0.525
0.892
0.86
0.736
0.825
0.738
0.19
0.346
0.158
0.564
0.523
0.579
0.855
0.486
0.023
0.286
0.684
0.4
0.108
0.898
0.975
0.397
0.396
0.029
0.364
0.706
0.358
0.748
0.94
0.025
0.312
0.403
0.073
0.271
0.863
0.502
0.433
0.875
0.221
0.207
0.158
0.799
0.355
0.938
0.796
0.096
0.466
0.867
0.799
0.503
0.605
0.134
0.077
0.447
0.964
0.421
0.766
0.572
0.528
0.307
0.766
0.837
0.825
0.674
0.623
0.753
0.317
0.438
0.891
0.757
0.672
0.221
0.784
0.655
0.941
0.439
0.643
0.749
0.382
0.438
0.785
999
0.462
0.995
0.388
0.696
0.914
0.005
0.625
0.966
0.735
0.743
0.249
0.248
0.75
0.98
0.689
0.075
0.379
0.832
0.771
0.721
0.079
0.071
0.432
0.305
0.303
0.122
0.009
0.579
0.685
0.936
0.011
0.579
0.857
0.668
0.845
0.185
0.84
0.28
0.681
0.729
0.386
0.969
0.033
0.996
0.136
0.856
0.502
0.993
0.489
0.547
0.471
0.93
0.829
0.649
0.693
0.311
0.513
0.326
0.079
0.029
0.866
