0.08
0.822
0.899
0.202
0.999
0.11
0.495
0.867
0.708
0.009
0.332
0.945
0.315
0.404
0.174
0.187
0.673
0.695
0.676
0.815
0.559
0.462
0.859
0.252
0.038
0.951
0.067
0.575
0.107
0.423
0.363
0.168
0.861
0.33
0.593
0.494
0.751
0.459
0.869
0.66
0.008
0.732
0.567
0.712
0.098
0.614
0.85
0.728
0.1
0.707
0.086
0.428
0.261
0.316
0.408
0.438
0.959
0.645
0.726
0.008
0.144
0.106
0.491
0.513
0.458
0.576
0.634
0.909
0.266
0.123
0.369
0.133
0.423
0.99
0.284
0.925
0.238
0.119
0.313
0.504
0.79
0.457
0.824
0.275
0.807
0.422
0.261
0.435
0.151
0.011
0.46
0.339
0.877
0.508
0.159
0.963
0.164
0.791
0.124
0.834
0.443
0.542
0.152
0.792
0.837
0.318
0.004
0.988
0.382
0.3
0.16
0.717
0.115
0.517
0.993
0.333
0.451
0.378
0.339
0.633
0.007
0.17
0.52
0.682
0.944
0.31
0.438
0.856
0.203
0.541
0.825
0.136
0.004
0.842
0.747
0.379
0.262
0.441
0.431
0.603
0.607
0.262
0.985
0.697
0.92
0.398
0.159
0.871
0.473
0.477
0.65
0.845
0.852
0.771
0.705
0.254
0.394
0.947
0.094
0.039
0.66
0.288
0.103
0.689
0.049
0.857
0.433
0.206
0.772
0.87
0.326
0.11
0.211
0.44
0.113
0.054
0.263
0.339
0.119
0.596
0.128
0.019
0.359
0.258
0.576
0.289
0.961
0.589
0.951
0.736
0.539
0.052
0.872
0.817
0.616
0.078
0.42
0.315
0.701
0.563
0.988
0.838
0.676
0.325
0.219
0.3
0.001
0.406
0.507
0.584
0.88
0.751
0.044
0.164
0.034
0.61
0.149
0.827
0.462
0.392
0.525
0.451
0.679
0.996
0.604
0.146
0.144
0.259
0.186
0.64
0.917
0.207
0.449
0.163
0.812
0.571
0.499
0.294
0.347
0.755
0.88
0.156
0.858
0.01
0.131
0.768
0.864
0.782
0.954
0.744
0.248
0.74
0.021
0.268
0.632
0.464
0.951
0.473
0.37
0.029
0.271
0.527
0.529
0.275
0.042
0.187
0.582
0.122
0.379
0.337
0.148
0.16
0.601
0.91
0.631
0.617
0.509
0.36
0.923
0.712
0.796
0.641
0.972
0.747
0.582
0.716
0.206
0.875
0.9
0.87
0.485
0.015
0.756
0.993
0.406
0.674
0.243
0.259
0.766
0.811
0.361
0.098
0.996
0.345
0.555
0.324
0.14
0.196
0.388
0.525
0.656
0.827
0.736
0.179
0.863
0.402
0.265
0.795
0.877
0.822
0.255
0.324
0.615
0.921
0.901
0.519
0.2
0.6
0.153
0.119
0.082
0.935
0.895
0.175
0.854
0.643
0.901
0.065
0.612
0.475
0.565
0.305
0.725
0.0
0.778
0.314
0.64
0.683
0.21
0.934
0.337
0.375
0.469
0.91
0.285
0.047
0.357
0.655
0.497
0.828
0.508
0.026
0.162
0.095
0.353
0.629
0.338
0.27
0.606
0.259
0.907
0.216
0.546
0.906
0.653
0.853
0.607
0.787
0.037
0.042
0.526
0.3
0.081
0.623
0.6
0.094
0.443
0.785
0.973
0.373
0.256
0.13
0.427
0.728
0.21
0.381
0.786
0.055
0.891
0.253
0.523
0.496
0.247
0.199
0.768
0.709
0.202
0.974
0.15
0.949
0.739
0.824
0.978
0.991
0.017
0.664
0.551
0.96
0.982
0.409
0.409
0.62
0.483
0.701
0.939
0.872
0.476
0.055
0.214
0.56
0.801
0.696
0.7
0.577
0.919
0.714
0.263
0.021
0.303
0.066
0.228
0.848
0.166
0.86
0.359
0.674
0.376
0.338
0.718
0.744
0.454
0.163
0.468
0.365
0.216
0.689
0.287
0.691
0.23
0.026
0.784
0.707
0.91
0.301
0.402
0.451
0.058
0.424
0.257
0.21
0.36
0.267
0.302
0.856
0.98
0.551
0.351
0.106
0.954
0.812
0.119
0.328
0.832
0.315
0.195
0.611
0.94
0.284
0.575
0.128
0.455
0.573
0.199
0.326
0.498
0.009
0.342
0.679
0.127
0.404
0.638
0.513
0.274
0.521
0.045
0.624
0.19
0.749
0.776
0.923
0.659
0.177
0.485
0.585
0.644
0.683
0.501
0.009
0.227
0.86
0.354
0.999
0.825
0.483
0.286
0.576
0.421
0.738
0.484
0.894
0.992
0.133
0.985
0.297
0.324
0.281
0.19
0.069
0.671
0.1
0.339
0.842
0.834
0.867
0.182
0.033
0.768
0.826
0.979
0.919
0.439
0.961
0.332
0.204
0.349
0.557
0.323
0.869
0.416
0.529
0.0
0.826
0.475
0.011
0.879
0.876
0.642
0.7
0.883
0.346
0.994
0.507
0.321
0.98
0.106
0.572
0.536
0.175
0.928
0.633
0.265
0.626
0.697
0.829
0.128
0.401
0.604
0.052
0.003
0.395
0.813
0.759
0.026
0.541
0.73
0.404
0.194
0.008
0.631
0.284
0.585
0.726
0.251
0.015
0.117
0.597
0.82
0.635
0.866
0.922
0.902
0.883
0.352
0.839
0.366
0.823
0.429
0.148
0.867
0.859
0.955
0.37
0.739
0.406
0.386
0.921
0.76
0.406
0.21
0.748
0.658
0.194
0.453
0.036
0.508
0.849
0.512
0.294
0.376
0.193
0.138
0.038
0.696
0.998
0.996
0.741
0.293
0.611
0.721
0.687
0.014
0.581
0.085
0.817
0.22
0.243
0.121
0.205
0.444
0.791
0.875
0.195
0.988
0.86
0.09
0.337
0.309
0.208
0.491
0.126
0.0
0.75
0.29
0.934
0.036
0.949
0.028
0.461
0.299
0.755
0.858
0.041
0.211
0.305
0.127
0.513
0.111
0.362
0.134
0.095
0.636
0.167
0.604
0.139
0.678
0.582
0.145
0.37
0.506
0.341
0.927
0.539
0.543
0.645
0.309
0.737
0.142
0.488
0.301
0.456
0.249
0.258
0.593
0.143
0.093
0.55
0.489
0.731
0.977
0.798
0.375
0.705
0.687
0.356
0.316
0.093
0.912
0.195
0.17
0.088
0.303
0.457
0.751
0.738
0.182
0.515
0.666
0.544
0.149
0.429
0.197
0.28
0.701
0.286
0.33
0.238
0.802
0.533
0.82
0.238
0.944
0.428
0.885
0.718
0.251
0.352
0.354
0.633
0.426
0.091
0.796
0.96
0.986
0.673
0.817
0.382
999
0.414
0.743
0.906
0.879
0.703
0.818
0.468
0.921
0.537
0.458
0.295
0.903
0.794
0.264
0.446
0.394
0.535
0.053
0.111
0.002
0.402
0.67
0.944
0.875
0.41
0.382
0.663
0.597
0.378
0.004
0.899
0.425
0.584
0.444
0.026
0.945
0.843
0.925
0.157
0.329
0.642
0.715
0.964
0.54
0.088
0.781
0.768
0.218
0.782
0.404
0.947
0.976
0.434
0.723
0.432
0.194
0.665
0.234
0.713
0.742
0.563
0.608
0.796
0.442
0.51
0.981
0.219
0.083
0.644
0.025
0.391
0.146
0.63
0.862
0.382
0.465
0.996
0.976
0.01
0.779
0.462
0.262
0.752
0.314
0.352
0.415
0.885
0.606
0.914
0.403
0.436
0.777
0.537
0.155
0.408
0.954
0.704
0.216
0.389
0.504
0.472
0.031
0.618
0.129
0.239
0.976
0.736
0.172
0.998
0.895
0.613
0.493
0.052
0.588
0.057
0.652
0.139
999
0.033
0.776
0.263
0.019
0.502
0.065
0.027
0.766
0.499
0.512
0.717
0.18
0.194
0.405
0.962
0.159
0.814
0.371
0.254
0.553
0.856
0.525
0.511
0.531
0.931
0.3
0.035
0.893
0.367
0.478
0.985
0.388
0.466
0.811
0.261
0.654
0.553
0.129
0.372
0.83
0.039
0.412
0.65
0.902
0.45
0.949
0.132
0.153
0.862
0.047
0.277
0.453
0.968
0.908
0.287
0.707
0.877
0.987
0.256
0.0
0.929
0.944
0.327
0.864
0.811
0.203
0.765
0.464
0.416
0.261
0.584
0.419
0.25
0.197
0.732
0.532
0.812
0.955
0.568
0.676
0.604
0.4
0.275
0.388
0.313
0.963
0.081
0.468
0.438
0.03
0.681
0.842
0.87
0.46
0.584
0.238
0.272
0.926
0.461
0.185
0.391
0.162
0.021
0.19
0.542
0.834
0.025
0.723
0.132
0.287
0.386
0.489
0.641
0.701
0.644
