0.047
0.695
0.828
0.154
0.679
0.389
0.605
0.3
0.171
0.029
0.659
0.849
0.514
0.928
0.346
0.603
0.69
0.888
0.581
0.529
0.05
0.922
0.712
0.497
0.286
0.571
0.617
0.335
0.251
0.597
0.819
0.461
0.893
0.941
0.18
0.322
0.27
0.327
0.656
0.496
0.819
0.187
0.687
0.631
0.288
0.713
0.376
0.228
0.929
0.893
0.027
0.676
0.008
0.807
0.435
0.142
0.335
0.066
0.283
0.461
0.988
0.801
0.79
0.66
0.14
0.248
0.738
0.869
0.27
0.273
0.401
0.497
0.459
0.593
0.029
0.935
0.621
0.718
0.199
0.153
0.83
0.948
0.941
0.543
0.015
0.088
0.978
0.97
0.385
0.341
0.29
0.51
0.414
0.274
0.691
0.044
0.892
0.435
0.38
0.95
0.078
0.598
0.652
0.477
0.265
0.141
0.982
0.722
0.225
0.459
0.265
0.456
0.24
0.217
0.113
0.994
0.262
0.563
0.695
0.722
0.805
0.319
0.985
0.592
0.584
0.026
0.116
0.936
0.072
0.737
0.14
0.892
0.582
0.288
0.064
0.67
0.161
0.674
0.75
0.211
0.408
0.078
0.25
0.595
0.763
0.799
0.717
0.017
0.272
0.34
0.435
0.2
0.361
0.893
0.472
0.34
0.721
0.088
0.2
0.372
0.345
0.714
0.997
0.277
0.51
0.176
0.443
0.318
0.192
0.776
0.315
0.995
0.497
0.192
0.736
0.212
0.293
0.476
0.159
0.55
0.181
0.419
0.223
0.478
0.114
0.236
0.058
0.459
0.444
0.198
0.226
0.693
0.149
0.404
0.415
0.791
0.2
0.112
0.273
0.039
