0.571
0.282
0.383
0.673
0.072
0.111
0.591
0.754
0.982
0.311
0.315
0.256
0.076
0.242
0.857
0.917
0.771
0.832
0.286
0.787
0.773
0.949
0.304
0.767
0.516
0.902
0.354
0.1
0.975
0.146
0.039
0.501
0.723
0.044
0.33
0.954
0.005
0.553
0.916
0.232
0.92
0.59
0.066
0.984
0.506
0.202
0.324
0.886
0.103
0.797
0.186
0.288
0.571
0.756
0.419
0.185
0.211
0.824
0.937
0.301
0.039
0.137
0.421
0.302
0.176
0.65
0.299
0.02
0.822
0.618
0.778
0.292
0.726
0.402
0.755
0.612
0.147
0.308
0.251
0.167
0.75
0.515
0.496
0.778
0.73
0.974
0.768
0.241
0.967
0.68
0.637
0.762
0.725
0.107
0.312
0.975
0.134
0.953
0.569
0.769
0.035
0.302
0.902
0.148
0.978
0.383
0.973
0.191
0.814
0.564
0.431
0.973
0.697
0.848
0.147
0.822
0.236
0.583
0.458
0.977
0.457
0.044
0.999
0.143
0.196
0.579
0.184
0.109
0.414
0.066
0.555
0.028
0.308
0.411
0.988
0.947
0.478
0.906
0.372
0.985
0.448
0.164
0.517
0.931
0.203
0.872
0.042
0.253
0.069
0.999
0.775
0.853
0.602
0.423
0.18
0.821
0.974
0.969
0.339
0.777
0.082
0.671
0.354
0.277
0.973
0.198
0.111
0.192
0.845
0.436
0.561
0.206
0.896
0.321
0.887
0.881
0.75
0.921
0.254
0.68
0.134
0.835
0.286
0.194
0.339
0.849
0.833
0.39
0.358
0.574
0.608
0.856
0.908
0.304
0.989
0.653
0.101
0.504
0.97
0.037
0.46
0.778
0.724
0.005
0.714
0.718
0.806
0.828
0.458
0.892
0.279
0.044
0.354
0.436
0.415
0.774
0.759
0.212
0.63
0.956
0.297
0.511
0.157
0.252
0.92
0.313
0.222
0.985
0.233
0.739
0.4
0.287
0.113
0.482
0.955
0.519
0.129
0.763
0.296
0.251
0.811
0.533
0.496
0.378
0.233
0.31
0.454
0.649
0.434
0.353
0.499
0.232
0.639
0.375
0.086
0.393
0.862
0.004
0.625
0.148
0.798
0.83
0.376
0.525
0.708
0.308
0.563
0.607
0.294
0.723
0.698
0.238
0.965
0.331
0.085
0.824
0.864
0.385
0.657
0.217
0.21
0.806
0.257
0.89
0.796
0.058
0.095
0.814
0.423
0.171
0.427
0.002
0.486
0.686
0.29
0.323
0.552
0.66
0.017
0.986
0.464
0.542
0.358
0.676
0.588
0.543
0.121
0.123
0.965
0.588
0.087
0.729
0.931
0.507
0.576
0.746
0.115
0.271
0.328
0.342
0.619
0.371
0.625
0.727
0.585
0.612
0.457
0.586
0.674
0.938
0.243
0.94
0.093
0.614
0.036
0.436
0.634
0.832
0.356
0.294
0.205
0.17
0.316
0.523
0.623
0.14
0.948
0.479
0.888
0.454
0.481
0.725
0.084
0.311
0.401
0.742
0.411
0.949
0.118
0.033
0.732
0.885
0.159
0.246
0.534
0.432
0.188
0.647
0.382
0.531
0.058
0.363
0.52
0.221
0.584
0.107
0.282
0.708
0.555
0.68
0.704
0.049
0.593
0.124
0.419
0.334
0.728
0.185
0.322
0.362
0.275
0.481
0.126
0.104
0.25
0.995
0.588
0.655
0.888
0.793
0.562
0.16
0.733
0.807
0.453
0.557
0.237
0.847
0.626
0.333
0.597
0.665
0.717
0.804
0.69
0.285
0.892
0.73
0.626
0.219
0.694
0.648
0.732
0.618
0.089
0.209
0.087
0.122
0.956
0.733
0.449
0.086
0.393
0.251
0.536
0.324
0.998
0.092
0.065
0.899
0.877
0.546
0.231
0.676
0.763
0.204
0.805
0.151
0.253
0.87
0.818
0.807
0.566
0.339
0.342
0.615
0.268
0.92
0.68
0.14
0.487
0.7
0.427
0.473
0.667
0.337
0.361
0.168
0.218
0.86
0.174
0.175
0.224
0.548
0.662
0.291
0.809
0.46
0.931
0.71
0.743
0.385
0.387
0.909
0.607
0.326
0.343
0.671
0.238
0.844
0.206
0.311
0.455
0.524
0.181
0.397
0.562
0.02
0.159
0.095
0.315
0.444
0.483
0.921
0.344
0.61
0.96
0.318
0.552
0.922
0.189
0.183
0.061
0.649
0.796
0.257
0.011
0.806
0.903
0.215
0.42
0.847
0.351
0.95
0.678
0.975
0.624
0.664
0.742
0.451
0.327
0.772
0.395
0.594
0.112
0.552
0.887
0.27
0.178
0.464
1.0
0.427
0.513
0.399
0.846
0.103
0.602
0.024
0.209
0.398
0.731
0.507
0.435
0.757
0.488
0.151
0.844
0.593
0.779
0.759
0.103
0.386
0.667
0.417
0.972
0.607
0.187
0.401
0.45
0.666
0.043
0.657
0.551
0.164
0.088
0.714
0.706
0.814
0.863
0.003
0.607
0.657
0.886
0.468
0.007
0.536
0.998
0.701
0.034
0.994
0.874
0.048
0.578
0.965
0.745
0.964
0.874
0.971
0.654
0.983
0.558
0.272
0.112
0.377
0.576
0.179
0.792
0.09
0.239
0.389
0.486
0.431
0.521
0.388
0.233
0.314
0.302
0.722
0.576
0.312
0.818
0.525
0.826
0.906
0.868
0.231
0.278
0.799
0.356
0.409
0.537
0.446
0.999
0.564
0.849
0.058
0.425
0.312
0.273
0.133
0.986
0.445
0.078
0.644
0.004
0.751
0.411
0.244
0.139
0.605
0.848
0.469
0.031
0.831
0.908
0.346
0.915
0.669
0.456
0.462
0.231
0.701
0.939
0.513
0.394
0.581
0.807
0.779
0.799
0.964
0.461
0.232
0.906
0.49
0.566
0.28
0.114
0.229
0.661
0.825
0.383
0.957
0.729
0.724
0.305
0.606
0.255
0.599
0.776
0.727
0.144
0.293
0.827
0.492
0.126
0.938
0.66
0.719
0.724
0.881
0.525
0.797
0.793
0.845
0.271
0.941
0.314
0.648
0.891
0.977
0.344
0.037
0.193
0.21
0.452
0.599
0.816
0.031
0.661
0.27
0.228
0.009
0.353
0.054
0.459
0.384
0.429
0.889
0.894
0.814
0.622
0.527
0.223
0.562
0.663
0.285
0.51
0.631
0.333
0.433
0.49
0.487
0.662
0.662
0.821
0.719
0.625
0.901
0.858
0.667
0.888
0.956
0.364
0.43
0.682
0.803
0.95
0.918
0.225
0.523
0.91
0.558
0.034
0.525
0.087
0.495
0.666
0.478
0.827
0.258
0.136
0.473
0.207
0.831
0.899
0.46
0.081
0.851
0.101
0.836
0.042
0.28
0.171
0.827
0.284
0.307
0.844
0.122
0.473
0.181
0.947
0.577
0.786
0.43
0.724
0.928
0.41
0.118
0.051
0.299
0.325
0.275
0.949
0.024
0.067
0.601
0.456
0.027
0.74
0.952
0.1
0.955
0.344
0.07
0.191
0.989
0.137
0.816
0.539
0.851
0.258
0.11
0.607
0.618
0.297
0.916
0.889
0.391
0.311
0.852
0.343
0.803
0.512
0.104
0.838
0.354
0.66
0.309
0.283
0.703
0.088
0.498
0.061
0.296
0.815
0.131
0.461
0.947
0.59
0.997
0.962
0.574
0.999
0.012
0.198
0.365
0.811
0.323
0.577
0.456
0.294
0.571
0.423
0.186
0.669
0.562
0.976
0.657
0.792
0.387
0.76
0.671
0.588
0.901
0.419
0.128
0.402
0.839
0.927
0.445
0.382
0.209
0.68
0.534
0.798
0.164
0.322
0.7
0.65
0.788
0.019
0.197
0.866
0.773
0.805
0.68
0.672
0.102
0.522
0.227
0.371
0.429
0.881
0.472
0.852
0.881
0.666
0.331
0.352
0.105
0.313
0.997
0.655
0.858
0.028
0.204
0.741
0.141
0.456
0.737
0.127
0.758
0.659
0.896
0.914
0.33
0.445
0.799
0.176
0.575
0.69
0.201
0.043
0.523
0.89
0.994
0.483
0.804
0.577
0.546
0.864
0.445
0.945
0.77
0.991
0.663
0.946
0.081
0.412
0.486
0.652
0.435
0.264
0.231
0.759
0.392
0.381
0.2
0.315
0.558
0.917
0.914
0.071
0.501
0.282
0.907
0.435
0.204
0.989
0.889
0.019
0.123
0.791
0.387
0.342
0.226
0.831
0.06
0.272
0.093
0.633
0.684
0.226
0.208
0.311
0.339
0.891
0.509
0.611
0.073
0.005
0.156
0.099
0.669
0.157
0.512
0.958
0.157
0.012
0.352
