0.97
0.974
0.535
0.334
0.354
0.741
0.182
0.3
0.616
0.448
0.033
0.86
0.666
0.435
0.308
0.765
0.081
0.702
0.64
0.39
0.977
0.252
0.888
0.107
0.931
0.602
0.665
0.195
0.384
0.616
0.084
0.842
0.755
0.134
0.915
0.716
0.282
0.772
0.045
0.288
0.892
0.344
0.017
0.893
0.564
0.648
0.508
0.053
0.733
0.074
0.574
0.483
0.608
0.789
0.009
0.646
0.27
0.565
0.767
0.55
0.571
0.347
0.78
999
0.353
0.224
0.425
0.567
0.553
0.464
0.934
0.449
0.134
0.301
0.244
0.488
0.048
0.198
0.792
0.72
0.063
0.749
0.863
0.334
0.8
0.323
0.886
0.5
0.14
0.435
0.064
0.586
0.493
0.009
0.73
0.576
0.182
0.551
0.705
0.414
0.96
0.023
0.348
0.89
0.723
0.271
0.214
0.075
0.173
0.301
0.943
0.541
0.399
0.501
0.945
0.605
0.354
0.71
0.366
0.589
0.611
0.478
0.294
0.656
0.767
0.081
0.433
0.911
0.122
0.299
0.895
0.371
0.32
0.4
0.802
0.201
0.122
0.672
0.62
0.221
0.802
0.901
0.61
0.095
0.027
0.389
0.635
0.492
0.932
0.461
0.85
0.532
0.328
0.493
0.886
0.096
0.189
0.724
0.994
0.443
0.091
0.952
0.834
0.314
0.03
0.732
0.641
0.029
0.182
0.849
0.641
0.085
0.743
0.017
0.11
0.49
0.177
0.043
0.188
0.44
0.882
0.482
0.837
0.848
0.482
0.041
0.324
0.435
0.895
0.157
0.024
0.967
0.374
0.755
0.864
0.644
0.993
0.959
0.691
0.994
0.98
0.919
0.008
0.833
0.674
0.074
0.267
0.4
0.693
0.291
0.177
0.482
0.813
0.783
0.124
0.075
0.055
0.292
0.271
0.674
0.203
0.638
0.461
0.49
0.757
0.143
0.798
0.491
0.274
0.552
0.994
0.888
0.795
0.037
0.425
0.174
0.734
0.134
0.766
0.97
0.22
0.45
0.318
0.663
0.695
0.02
0.326
0.106
0.33
0.436
0.989
0.529
0.542
0.459
0.679
0.136
0.72
0.336
0.927
0.724
0.067
0.947
0.615
0.1
0.396
0.607
0.389
0.334
0.003
0.079
0.619
0.209
0.795
0.099
0.963
0.171
0.325
0.725
0.081
0.2
0.867
0.157
0.702
0.203
0.834
0.994
0.089
0.147
0.845
0.483
0.888
0.83
0.32
0.27
0.819
0.255
0.34
0.882
0.307
0.691
0.513
0.264
0.324
0.47
0.13
0.933
0.044
0.213
0.244
0.176
0.92
0.874
0.037
0.222
0.611
0.994
0.148
0.621
0.07
0.084
0.675
0.071
0.991
0.569
0.07
0.497
0.843
0.979
0.414
0.743
0.148
0.81
0.836
0.28
0.941
0.862
0.529
0.56
0.07
0.306
0.132
0.821
0.17
0.292
0.498
0.529
0.726
0.001
0.058
0.28
0.349
0.53
0.883
0.007
0.924
0.812
0.974
0.549
0.157
0.458
0.831
0.26
0.886
0.198
0.722
0.153
0.793
0.155
0.031
0.219
0.625
0.219
0.835
0.662
0.348
0.401
0.374
0.752
0.972
0.888
0.649
0.419
0.54
0.041
0.61
0.25
0.984
0.332
0.936
0.978
0.042
0.056
0.17
0.994
0.407
0.456
0.591
0.166
0.937
0.991
0.78
0.243
0.02
0.719
0.068
0.897
0.879
0.79
0.748
0.215
0.42
0.974
0.682
0.793
0.842
0.196
0.885
0.249
0.509
0.526
0.682
0.138
0.563
0.783
0.796
0.247
0.888
0.091
0.5
0.765
0.26
0.063
0.095
0.43
0.283
0.622
0.386
0.609
0.888
0.533
0.385
0.979
0.491
0.165
0.443
0.849
0.861
0.796
0.549
0.159
0.942
0.115
0.483
0.161
0.205
0.903
0.126
0.033
0.352
0.575
0.164
0.832
0.426
0.753
0.074
0.783
0.185
0.531
0.156
0.027
0.307
0.998
0.927
0.328
0.349
0.626
0.489
0.464
0.968
0.142
0.973
0.756
0.626
0.603
0.607
0.723
0.289
0.534
0.066
0.376
0.27
0.646
0.169
0.09
0.998
0.679
0.232
0.829
0.298
0.272
0.813
0.602
0.969
0.513
0.07
0.083
0.784
0.368
0.463
0.26
0.807
0.88
0.959
0.672
0.932
0.751
0.433
0.689
0.738
0.538
0.631
0.995
0.867
0.432
0.435
0.978
0.929
0.81
0.688
0.471
0.273
0.644
0.078
0.788
0.46
0.661
0.614
0.699
0.89
0.247
0.329
0.485
0.118
0.536
0.176
0.246
0.43
0.344
0.594
0.271
0.149
0.964
0.207
0.565
0.972
0.376
0.667
0.721
0.804
0.412
0.469
999
0.774
0.212
0.032
0.137
0.611
0.426
0.128
0.286
0.688
0.998
0.833
0.176
0.906
0.791
0.235
0.74
0.859
0.19
0.52
0.08
0.597
0.06
0.457
0.533
999
0.595
0.123
0.965
0.243
0.401
0.741
0.132
0.438
0.891
0.345
0.526
0.632
0.509
0.964
0.681
0.304
0.965
0.093
0.357
0.656
0.342
0.44
0.157
0.439
0.85
0.004
0.98
0.667
0.512
0.294
0.081
0.754
0.824
0.696
0.815
0.08
0.321
0.749
0.58
0.498
0.248
0.618
0.238
0.631
0.183
0.541
0.408
0.374
0.404
0.316
0.158
0.054
0.702
0.949
0.716
0.317
0.41
0.866
0.032
0.737
0.925
0.422
0.567
0.759
0.627
0.486
0.116
0.702
0.094
0.14
0.278
0.76
0.978
0.383
0.649
0.327
0.33
0.064
0.942
0.13
0.743
0.657
0.311
0.206
0.363
0.934
0.025
0.283
0.63
0.509
0.101
0.196
0.055
0.77
0.316
0.529
0.672
0.963
0.017
0.783
0.548
0.226
0.037
0.645
0.998
0.588
0.799
0.334
0.963
0.483
0.094
0.081
0.027
0.066
0.296
0.147
0.884
0.616
0.591
0.532
0.788
0.083
0.805
0.283
0.162
0.729
0.939
0.23
0.998
0.578
0.389
0.687
0.683
0.755
0.174
0.412
0.84
0.201
0.633
0.306
0.049
0.104
0.832
0.761
0.728
0.134
0.707
0.825
0.813
0.12
0.912
0.495
0.4
0.339
0.391
0.363
0.886
0.522
0.097
0.902
0.707
0.727
0.082
0.387
0.105
0.108
0.221
0.765
0.843
0.829
0.639
0.092
0.895
0.722
0.497
0.575
0.442
0.133
0.875
0.281
0.342
0.143
0.543
0.164
0.1
0.849
0.962
0.562
0.988
0.952
0.371
0.511
0.413
0.504
0.753
0.306
0.0
0.037
0.927
0.606
0.777
0.558
0.494
0.338
0.726
0.907
0.256
0.968
0.99
0.504
0.591
0.769
0.324
0.286
0.256
0.292
0.236
0.211
0.794
0.859
0.051
0.498
0.498
0.858
0.202
0.918
0.252
0.698
0.762
0.101
0.827
0.039
0.17
0.644
0.742
0.795
0.08
0.304
0.717
0.036
0.236
0.54
0.911
0.203
0.485
0.333
0.837
0.94
0.205
0.332
0.088
0.517
0.928
0.996
0.942
0.143
0.198
0.628
0.51
0.04
0.991
0.268
0.769
0.665
0.943
0.767
0.211
0.948
0.571
0.271
0.435
0.9
0.327
0.982
0.867
0.005
0.251
0.753
0.97
0.755
0.857
0.618
0.15
0.774
0.57
0.857
0.714
0.706
0.07
0.903
0.883
0.429
0.197
0.402
0.969
0.039
0.482
0.69
0.717
0.167
0.662
0.56
0.841
0.566
0.501
0.785
0.678
0.116
0.833
0.451
0.367
0.25
0.479
0.202
0.389
0.785
0.678
0.324
0.897
1.0
0.974
0.751
0.891
0.618
0.689
0.252
0.693
0.327
0.056
0.075
0.832
0.16
0.018
0.815
0.258
0.654
0.535
0.249
0.052
0.35
0.959
0.794
0.519
0.45
0.873
0.598
0.907
0.401
0.034
0.657
0.5
0.76
0.497
0.675
0.282
0.8
0.049
0.156
0.259
0.068
0.574
0.29
0.17
0.607
0.987
0.138
0.112
0.65
0.735
0.756
0.393
0.234
0.39
0.368
0.827
0.083
0.698
0.465
0.844
0.016
0.578
0.691
0.197
0.604
0.083
0.367
0.222
0.116
0.88
0.505
0.769
0.621
0.442
0.18
0.397
0.691
0.253
0.209
0.077
0.285
0.889
0.584
0.875
0.374
0.021
0.886
0.023
0.189
0.856
0.762
0.941
0.795
0.296
