0.007
0.896
0.815
0.11
0.888
0.873
0.122
0.07
0.55
0.063
0.125
0.035
0.915
0.515
0.493
0.845
0.07
0.985
0.703
0.852
0.735
0.679
0.475
0.776
0.848
0.918
0.869
0.957
0.782
0.203
0.912
0.291
0.907
0.187
0.674
0.392
0.99
0.289
0.918
0.138
0.922
0.103
0.555
0.139
0.582
0.163
0.28
0.152
0.197
0.845
0.119
0.943
0.342
0.721
0.988
0.273
0.063
0.515
0.022
0.478
0.53
0.047
0.953
0.973
0.223
0.613
0.272
0.166
0.655
0.068
0.715
0.783
0.519
0.885
0.471
ERROR
0.71
0.495
0.821
0.006
0.808
0.087
0.041
0.371
0.784
0.111
0.214
0.925
0.953
0.189
0.518
0.677
0.375
0.063
0.492
0.517
0.931
0.866
0.198
0.55
0.946
0.321
0.647
0.456
0.93
0.06
0.107
0.502
0.34
0.688
0.29
0.807
0.459
0.074
0.01
0.751
0.774
0.011
0.653
0.209
0.078
0.69
0.015
0.143
0.217
0.621
0.583
0.38
0.627
0.907
0.833
0.144
0.811
0.779
0.981
0.536
0.564
0.812
0.523
0.492
0.175
0.752
0.917
0.654
0.621
0.392
0.755
0.004
0.532
0.963
0.989
0.117
0.287
0.007
0.434
0.066
0.153
0.307
0.802
0.568
0.479
0.505
ERROR
0.332
0.616
0.638
0.674
0.187
0.205
0.83
0.325
0.311
0.483
0.029
0.991
0.839
0.167
0.78
0.768
0.079
0.167
0.278
0.679
0.766
0.023
0.711
0.471
0.69
0.27
0.847
0.035
0.23
0.666
0.608
0.698
0.102
0.672
0.599
0.991
0.96
