0.517
0.409
0.458
0.155
0.798
0.507
0.415
0.801
0.662
0.421
0.723
0.593
0.017
0.794
0.061
0.273
0.101
0.067
0.622
0.824
0.962
0.533
0.459
0.393
0.204
0.354
0.98
0.925
0.814
0.938
0.534
0.441
0.887
0.638
0.857
0.223
0.658
0.121
0.996
0.651
0.287
0.004
0.47
0.974
0.655
0.576
0.968
0.198
0.883
0.622
0.29
0.121
0.99
0.203
0.934
0.637
0.082
0.864
0.174
0.221
0.54
0.119
0.511
0.154
0.182
0.281
0.255
0.414
0.037
0.09
0.185
0.076
0.694
0.416
0.559
0.719
0.805
0.525
0.871
0.132
0.445
0.194
0.771
0.424
0.463
0.837
0.536
0.832
0.528
0.593
0.067
0.674
0.037
0.836
0.193
0.035
0.676
0.619
0.373
0.418
0.607
0.043
0.419
0.694
0.891
0.027
0.571
0.261
0.001
0.974
0.708
0.749
0.086
0.374
0.41
0.324
0.13
0.336
0.683
0.84
0.502
0.076
0.396
0.33
0.547
0.469
0.53
0.253
0.171
0.851
0.351
0.258
0.609
0.918
0.202
0.232
0.83
0.533
0.734
0.917
0.298
0.345
0.727
0.858
0.68
0.999
0.245
0.374
0.659
0.316
0.593
0.784
0.136
0.393
0.824
0.025
0.822
0.04
0.991
0.094
0.597
0.734
0.172
0.177
0.345
0.26
0.021
0.567
0.018
0.196
0.784
0.791
0.233
0.376
0.765
0.137
0.055
0.035
0.972
0.781
0.163
0.522
0.801
0.82
0.727
0.618
0.909
0.085
0.466
0.803
0.243
0.017
0.376
0.734
0.614
0.504
0.667
0.99
0.279
0.581
0.797
0.318
0.791
0.082
0.646
0.656
0.239
0.19
0.829
0.714
0.993
0.693
0.598
0.662
0.284
0.31
0.163
0.192
0.676
0.639
0.89
0.75
0.411
0.165
0.893
0.263
0.428
0.016
0.903
0.516
0.78
0.041
0.108
0.078
0.048
0.308
0.648
0.378
0.719
0.078
0.717
0.78
0.724
0.368
0.47
0.487
0.531
0.41
0.968
0.57
0.127
0.667
0.747
0.08
0.641
0.407
0.912
0.635
0.679
0.174
0.22
0.104
0.499
0.98
0.832
0.285
0.569
0.601
0.289
0.006
0.901
0.758
0.477
0.52
0.785
0.45
0.054
0.744
0.921
0.315
0.816
0.219
0.399
0.418
0.67
0.588
0.705
0.711
0.164
0.05
0.397
0.769
0.136
0.838
0.83
0.002
0.956
0.211
0.533
0.168
0.87
0.98
0.338
0.86
0.571
0.924
0.638
0.798
0.945
0.647
0.458
0.263
0.083
0.184
0.993
0.406
0.642
0.807
0.55
0.362
0.233
0.884
0.926
0.849
0.531
0.661
0.199
0.858
0.713
0.111
0.433
0.443
0.062
0.286
0.808
0.917
0.917
0.713
0.181
0.487
0.249
0.278
0.413
0.463
0.213
0.089
0.489
0.64
0.656
0.825
0.764
0.39
0.988
0.835
0.478
0.195
0.091
0.821
0.476
0.321
0.311
0.221
0.0
0.687
0.12
0.33
0.403
0.767
0.713
0.414
0.432
0.911
0.336
0.491
0.794
0.751
0.513
0.385
0.488
0.641
0.049
0.484
0.82
0.752
0.039
0.584
0.083
0.972
0.508
0.193
0.378
0.837
0.167
0.197
0.812
0.972
0.274
0.567
0.434
0.189
0.25
0.741
0.988
0.053
0.845
0.044
0.638
0.174
0.557
0.548
0.15
0.51
0.954
0.879
0.278
0.467
0.892
0.969
0.663
0.065
0.902
0.658
0.254
0.85
0.691
0.333
0.844
0.762
0.31
0.251
0.343
0.195
0.49
0.655
0.091
0.675
0.101
0.047
0.311
0.017
0.895
0.392
0.167
0.774
0.862
0.272
0.483
0.232
0.282
0.984
0.165
0.715
0.389
0.021
0.622
0.464
0.194
0.616
0.25
0.63
0.387
0.187
0.493
0.543
0.242
0.722
0.187
0.447
0.694
0.584
0.145
0.354
0.334
0.711
0.437
0.964
0.568
0.915
0.131
0.523
0.481
0.348
0.865
0.493
0.182
0.105
0.198
0.584
0.898
0.027
0.612
0.887
0.389
0.436
0.573
0.287
0.762
0.191
0.294
0.466
0.809
0.037
0.047
0.421
0.269
0.777
0.379
0.2
0.468
0.083
0.47
0.474
0.668
0.585
0.78
0.975
0.115
0.775
0.1
0.302
0.822
0.709
0.06
0.944
0.604
0.569
0.392
0.483
0.956
0.742
0.226
0.006
0.377
0.594
0.187
0.84
0.918
0.033
0.614
0.273
0.686
0.884
0.566
0.706
0.519
0.273
0.793
0.251
0.415
0.135
0.547
0.627
0.488
0.666
0.172
0.138
0.295
0.941
0.529
0.263
0.263
0.783
0.66
0.53
0.07
0.691
0.049
0.059
0.775
0.503
0.725
0.859
0.032
0.989
0.63
0.379
0.493
0.296
0.892
0.178
0.152
0.869
0.633
0.329
0.214
0.676
0.447
0.413
0.916
0.529
0.091
0.231
0.1
0.537
0.774
0.731
0.237
0.45
0.551
0.535
0.988
0.508
0.128
0.839
0.316
0.509
0.623
0.875
0.456
0.705
0.744
0.359
0.482
0.061
0.903
0.458
0.768
0.163
0.749
0.144
0.483
0.77
0.818
0.226
0.207
0.634
0.722
0.828
0.63
0.965
0.899
0.394
0.858
0.47
0.9
0.192
0.605
0.805
0.994
0.009
0.633
0.799
0.223
0.118
0.934
0.976
0.687
0.528
0.682
0.526
0.003
0.059
0.6
0.981
0.546
0.088
0.783
0.054
0.796
0.586
0.649
0.875
0.057
0.505
0.996
0.97
0.771
0.392
0.943
0.53
0.978
0.663
0.65
0.386
0.58
0.572
0.012
0.978
0.162
0.245
0.021
0.583
0.766
0.623
0.378
0.599
0.807
0.889
0.902
0.099
0.05
0.816
0.06
0.541
0.403
0.659
0.544
0.986
0.788
0.464
0.117
0.11
0.513
0.402
0.45
0.984
0.406
0.922
0.947
0.006
0.932
0.642
0.715
0.718
0.04
0.046
0.645
0.719
0.292
0.637
0.668
0.167
0.747
0.446
0.428
0.1
0.228
0.988
0.921
0.01
0.891
0.16
0.798
0.841
0.299
0.634
0.857
0.484
0.374
0.487
0.681
0.867
0.082
0.836
0.665
0.638
0.91
0.47
0.902
0.906
0.875
0.692
0.474
0.729
0.034
0.655
0.149
0.164
0.198
0.069
0.406
0.427
0.612
0.623
0.173
0.899
0.113
0.655
0.498
0.405
0.954
0.702
0.227
0.599
0.497
0.609
0.448
0.959
0.7
0.048
0.596
0.396
0.866
0.871
0.713
0.843
0.021
0.164
0.238
0.444
0.021
0.791
0.774
0.305
0.274
0.233
0.637
0.74
0.628
0.273
0.483
0.862
0.421
0.833
0.637
0.138
0.536
0.788
0.99
0.27
0.151
0.797
0.851
0.548
0.095
0.051
0.195
0.444
0.587
0.752
0.68
0.546
0.902
0.999
0.716
0.566
0.132
0.523
0.546
0.657
0.95
0.309
0.362
0.5
0.999
0.124
0.62
0.646
0.583
0.315
0.288
0.901
0.357
0.816
0.328
0.608
0.06
0.66
0.315
0.827
0.494
0.073
0.508
0.513
0.229
0.381
0.877
0.914
0.179
0.462
0.233
0.388
0.541
0.414
0.835
0.99
0.638
0.421
0.273
0.16
0.471
0.843
0.194
0.845
0.921
0.354
0.866
0.228
0.099
0.625
0.358
0.697
0.936
0.698
0.903
0.308
0.837
0.892
0.655
0.718
0.6
0.077
0.009
0.441
0.874
0.292
0.486
0.558
0.344
0.336
0.015
0.087
0.978
0.668
0.417
0.807
0.551
0.508
0.172
0.481
0.342
0.997
0.166
1.0
0.578
0.308
0.081
0.019
0.179
0.283
0.59
0.696
0.522
0.652
0.445
0.776
0.871
0.704
0.495
0.59
0.821
0.977
0.734
0.791
0.256
0.357
0.033
0.444
0.041
0.313
0.83
0.316
0.911
0.168
0.718
0.832
0.504
0.073
0.339
0.161
0.944
0.734
0.693
0.544
0.294
0.925
0.147
0.759
0.716
0.63
0.213
0.928
0.643
0.446
0.423
0.408
0.192
0.424
0.561
0.632
0.094
0.878
0.368
0.519
0.857
0.258
0.766
0.724
0.875
0.647
0.614
0.636
0.987
0.558
0.519
0.599
0.222
0.242
0.73
0.205
0.915
0.906
0.885
0.572
0.573
0.316
0.379
0.316
0.487
0.588
