0.097
0.844
0.474
0.294
0.678
0.246
0.976
0.046
0.597
0.627
0.536
0.159
0.736
0.519
0.534
0.731
0.186
0.525
0.878
0.663
0.924
0.317
0.738
0.23
0.26
0.165
0.48
0.162
0.488
0.383
0.678
0.173
0.342
0.833
0.805
0.295
0.132
0.727
0.503
0.004
0.366
0.157
0.198
0.563
0.203
0.512
0.381
0.017
0.701
0.578
0.379
0.858
0.915
0.097
0.073
0.5
0.314
0.535
0.558
0.728
0.988
0.447
0.43
0.691
0.602
0.658
0.212
0.678
0.382
0.612
0.4
0.425
0.984
0.805
0.067
0.125
0.73
0.692
0.001
0.042
0.204
0.418
0.437
0.271
0.018
0.222
0.316
0.551
0.642
0.024
0.565
0.896
0.605
0.98
0.861
0.329
0.684
0.041
0.968
0.594
0.083
ERROR
0.63
0.522
0.141
0.667
0.651
0.362
0.202
0.778
0.857
0.734
0.843
0.411
0.567
0.615
0.654
0.036
0.034
0.176
0.718
0.239
0.584
0.026
0.13
0.084
0.886
0.827
0.478
0.462
0.594
0.944
0.28
0.148
0.783
0.486
0.354
0.776
0.795
0.179
0.654
0.09
0.046
0.481
0.959
0.967
0.865
0.833
0.143
0.816
0.767
0.799
0.1
0.457
0.423
0.771
0.94
0.942
0.101
0.688
ERROR
0.64
0.063
0.532
0.234
0.787
0.754
0.177
0.897
0.038
0.967
0.65
0.545
0.434
0.124
0.133
0.026
0.141
0.438
0.34
0.769
0.005
0.678
0.394
0.774
0.693
0.635
0.24
0.373
0.182
0.322
0.177
0.559
0.788
0.007
0.764
0.589
0.97
0.117
0.525
