0.962
0.204
0.927
0.364
0.384
0.646
0.991
0.973
0.917
0.555
0.539
0.906
0.38
0.326
0.677
0.472
0.498
0.836
0.585
0.513
0.708
0.448
0.319
0.303
0.762
0.789
0.557
0.056
0.457
0.83
0.959
0.462
0.841
0.367
0.299
0.074
0.854
0.39
0.415
0.223
0.25
0.989
0.996
0.62
0.647
0.601
0.849
0.511
0.845
0.172
0.766
0.545
0.217
0.758
0.673
0.086
0.439
0.578
0.441
0.313
0.344
0.016
0.225
0.558
0.826
0.95
0.701
0.788
0.374
0.97
0.103
0.121
0.305
0.307
0.128
0.263
0.286
0.159
0.494
0.49
0.219
0.939
0.794
0.046
0.58
0.497
0.168
0.375
0.588
0.508
0.216
0.878
0.371
0.288
0.366
0.047
0.786
0.103
0.034
0.795
0.263
0.304
0.282
0.441
0.447
0.709
0.878
0.466
0.197
0.736
0.942
0.264
0.994
0.66
0.529
0.427
0.249
0.128
0.206
0.861
0.151
0.587
0.401
0.445
0.65
0.822
0.649
0.768
0.61
0.989
0.284
0.628
0.307
0.114
0.162
0.07
0.395
0.873
0.328
0.108
0.667
0.519
0.283
0.152
0.293
0.236
0.862
0.502
0.285
0.066
0.925
0.199
0.91
0.603
0.289
0.268
0.848
0.306
0.342
0.777
0.666
0.521
0.065
0.529
0.481
0.759
0.871
0.372
0.394
0.301
0.937
0.482
0.62
0.339
0.045
0.579
0.151
0.668
0.872
0.079
0.769
0.081
0.675
0.442
0.842
0.375
0.071
0.137
0.022
0.631
0.144
0.933
0.613
0.85
0.563
0.732
0.318
0.619
0.981
0.617
