0.598
0.503
0.85
0.087
0.737
0.717
0.939
0.286
0.567
0.811
0.697
0.787
0.485
0.365
0.745
0.683
0.787
0.062
0.526
0.434
0.736
0.396
0.244
0.939
0.946
0.936
0.379
0.373
0.029
0.439
0.761
0.365
0.37
0.494
0.348
0.118
0.711
0.886
0.7
0.904
0.278
0.722
0.798
0.339
0.821
0.638
0.571
0.58
0.924
0.423
0.404
0.24
0.263
0.442
0.199
0.453
0.425
0.613
0.505
0.495
0.184
0.675
0.608
0.887
0.7
0.002
0.741
0.746
0.615
0.39
0.701
0.179
0.908
0.071
0.556
0.081
0.964
0.959
0.479
0.729
0.434
0.878
0.246
0.002
0.654
0.035
0.274
0.642
0.416
0.866
0.078
0.356
0.503
0.758
0.28
0.541
0.864
0.259
0.739
0.256
0.85
0.617
0.911
0.924
0.016
0.719
0.412
0.623
0.073
0.285
0.83
0.075
0.164
0.984
0.976
0.788
0.041
0.537
0.282
0.257
0.681
0.264
0.229
0.367
0.648
0.091
0.82
0.509
0.112
0.685
0.246
0.581
0.217
0.362
0.965
0.654
0.146
0.19
0.241
0.273
0.137
0.557
0.897
0.39
0.282
0.41
0.49
0.694
0.45
0.153
0.988
0.557
0.072
0.364
0.411
0.44
0.944
0.858
0.023
0.361
0.448
0.368
0.095
0.951
0.457
0.827
0.5
0.755
0.338
0.532
0.651
0.027
0.648
0.849
0.847
0.498
0.016
0.465
0.852
0.194
0.393
0.791
0.973
0.775
0.627
0.116
0.579
0.002
0.112
0.152
0.395
0.64
0.586
0.509
0.875
0.132
0.143
0.157
0.728
0.129
0.246
0.279
0.18
0.834
0.308
0.574
0.955
0.998
0.624
0.4
0.883
0.519
0.26
0.584
0.949
0.934
0.468
0.293
0.994
0.295
0.46
0.166
0.776
0.746
0.967
0.862
0.21
0.755
0.225
0.998
0.068
0.796
0.391
0.921
0.588
0.216
0.043
0.991
0.979
0.473
0.651
0.25
0.28
0.503
0.636
0.054
0.87
0.88
0.8
0.476
0.224
0.012
0.036
0.801
0.693
0.566
0.292
0.454
0.835
0.988
0.051
0.864
0.358
0.035
0.586
0.595
0.137
0.151
0.797
0.756
0.52
0.72
0.414
0.778
0.723
0.216
0.413
0.979
0.351
0.472
0.998
0.591
0.083
0.056
0.874
0.942
0.144
0.33
0.049
0.98
0.114
0.124
0.759
0.968
0.525
0.933
0.578
0.751
0.532
0.261
0.278
0.039
0.014
0.519
0.754
0.14
0.992
0.6
0.037
0.034
0.404
0.745
0.765
0.778
0.789
0.94
0.618
0.017
0.654
0.406
0.015
0.87
0.934
0.623
0.5
0.371
0.769
0.352
0.187
0.903
0.418
0.029
0.797
0.513
0.396
0.596
0.641
0.406
0.078
0.517
0.108
0.084
0.126
0.417
0.585
0.219
0.243
0.633
0.908
0.261
0.419
0.284
0.031
0.734
0.734
0.775
0.306
0.163
0.267
0.777
0.701
0.318
0.828
0.144
0.398
0.91
0.726
0.747
0.038
0.651
0.581
0.469
0.588
0.092
0.517
0.499
0.554
0.711
0.483
0.665
0.771
0.424
0.046
0.707
0.91
0.231
0.146
0.81
0.026
0.108
0.277
0.75
0.057
0.688
0.567
0.877
0.467
0.724
0.889
0.997
0.093
0.908
0.31
0.227
0.402
0.378
0.468
0.317
0.717
0.6
0.695
0.313
0.636
0.527
0.718
0.74
0.314
0.469
0.461
0.061
0.852
0.617
0.705
0.997
0.089
0.867
0.972
0.171
0.073
0.19
0.575
0.288
0.444
0.321
0.805
0.977
0.986
0.385
0.368
0.23
0.15
0.253
0.415
0.982
0.75
0.135
0.199
0.512
0.495
0.982
0.801
0.31
0.964
0.327
0.598
0.888
0.092
0.14
0.826
0.468
0.955
0.922
0.388
0.158
0.662
0.078
0.358
0.2
0.367
0.696
0.557
0.852
0.623
0.691
0.636
0.053
0.379
0.255
0.261
0.989
0.952
0.777
0.983
0.737
0.901
0.546
0.382
0.539
0.79
0.035
0.96
0.737
0.52
0.818
999
0.387
0.654
0.61
0.952
0.064
0.445
0.578
0.725
0.813
0.597
0.09
0.483
0.251
0.942
0.329
0.124
0.178
0.56
0.893
0.488
0.658
0.735
0.06
0.797
0.549
0.379
0.498
0.488
0.485
0.508
0.002
0.201
0.214
0.635
0.003
0.733
0.24
0.995
0.698
0.635
0.551
0.508
0.877
0.213
0.19
0.321
0.227
0.709
0.236
0.619
0.564
0.114
0.587
0.132
0.262
0.832
0.362
0.67
0.23
0.293
0.073
0.88
0.544
0.442
0.565
0.994
0.059
0.014
0.863
0.855
0.042
0.303
0.011
0.741
0.023
0.6
0.531
0.939
0.451
0.239
0.252
0.633
0.077
0.48
0.041
0.175
0.607
0.989
0.665
0.978
0.691
0.398
0.614
0.211
0.749
0.097
0.606
0.474
0.643
0.017
0.805
999
0.983
0.992
0.489
0.042
0.243
0.26
0.853
0.028
0.201
0.46
0.054
0.988
0.108
0.938
0.356
0.017
0.664
0.49
0.096
0.677
0.846
0.433
0.886
0.551
0.791
0.358
0.393
0.056
0.834
0.373
0.269
0.397
0.673
0.9
999
0.164
0.326
0.555
0.034
0.211
0.605
0.403
0.817
0.462
0.035
0.006
0.411
0.432
0.566
0.29
0.521
0.313
0.233
0.152
0.304
0.532
0.554
0.962
0.769
0.037
0.871
0.803
0.812
0.601
0.693
0.649
0.137
0.761
0.548
0.294
0.754
0.309
0.302
0.083
0.489
0.417
0.496
0.282
0.867
0.565
0.983
0.63
0.866
0.563
0.766
0.227
0.022
0.651
0.94
0.735
0.144
0.344
0.141
0.65
0.825
0.494
0.327
0.668
0.168
0.48
0.502
0.26
0.682
0.133
0.415
0.199
0.484
0.161
0.054
0.373
0.967
0.921
0.236
0.352
0.766
0.073
0.849
0.322
0.52
0.202
0.607
0.504
0.733
0.691
0.293
0.893
0.631
0.051
999
0.872
0.258
0.283
0.558
0.066
0.63
0.797
0.873
0.296
0.192
0.267
0.542
0.401
0.572
0.672
0.372
0.668
0.488
0.464
0.628
0.433
0.745
0.611
0.582
0.211
0.085
0.915
0.425
0.683
0.294
0.408
0.893
0.541
0.214
0.005
0.293
0.048
0.94
0.361
0.176
0.836
0.19
0.728
0.368
0.682
0.466
0.454
0.317
0.377
0.344
0.984
0.25
0.757
0.434
0.419
0.397
0.965
0.806
0.367
0.591
0.932
0.378
0.709
0.277
0.948
0.376
0.507
0.172
0.084
0.246
0.246
0.964
0.632
0.03
0.402
0.321
0.054
0.366
0.513
0.886
0.914
0.665
0.31
0.065
0.79
0.112
0.671
0.316
0.675
0.026
0.093
0.58
0.867
0.803
0.116
0.654
0.539
0.986
0.032
0.816
0.247
0.339
0.994
0.213
0.246
0.346
0.518
0.83
0.79
0.269
0.84
0.257
0.609
0.213
0.848
0.273
0.284
0.785
0.161
0.638
0.946
0.024
0.501
0.832
0.283
0.296
0.644
0.004
0.57
0.84
0.663
0.793
0.274
0.719
0.692
0.632
999
0.055
0.271
0.843
0.87
0.131
0.797
0.642
0.322
0.795
0.062
0.187
0.69
0.882
0.961
0.932
0.148
0.208
0.585
0.641
0.813
0.423
0.398
0.408
0.869
0.782
0.557
0.889
0.041
0.262
0.928
0.67
0.187
0.556
0.338
999
0.694
0.523
0.299
0.126
0.567
0.161
0.741
0.601
0.581
0.281
0.402
0.269
0.741
0.977
0.314
0.8
0.396
0.723
0.963
0.146
0.404
0.415
0.719
0.864
0.648
0.233
0.0
0.867
0.329
0.53
0.398
0.523
0.589
0.274
999
0.895
0.548
0.598
0.86
0.708
0.571
0.696
0.689
0.96
0.974
0.348
0.655
0.42
0.842
0.059
0.08
0.598
0.831
0.114
0.826
0.767
0.171
0.551
0.596
0.909
0.891
0.819
0.149
0.327
0.548
0.145
0.268
0.084
0.848
0.013
0.571
0.072
0.383
0.135
0.341
0.363
0.903
0.174
0.675
0.292
0.872
0.19
0.964
0.924
0.34
0.67
0.73
0.633
0.577
0.829
0.603
0.775
0.578
0.041
0.098
0.743
0.102
0.412
0.297
0.449
0.74
0.532
