0.484
0.31
0.453
0.264
0.652
0.87
0.604
0.752
0.24
0.609
0.9
0.042
0.57
0.956
0.362
0.96
0.771
0.244
0.338
0.592
0.733
0.186
0.118
0.217
0.455
0.7
0.481
0.534
0.204
0.924
0.238
0.468
0.057
0.079
0.038
0.701
0.105
0.015
0.842
0.804
0.368
0.931
0.533
0.859
0.959
0.196
0.629
0.257
0.998
0.727
0.189
0.88
0.016
0.118
0.634
0.398
0.883
0.781
0.469
0.176
0.761
0.936
0.358
0.774
0.145
0.529
0.012
0.165
0.755
0.117
0.465
0.75
0.075
0.977
0.335
0.719
0.196
0.13
0.299
0.454
0.93
0.244
0.639
0.393
0.907
0.988
0.372
0.378
0.12
0.925
0.203
0.952
0.311
0.945
0.975
0.657
0.108
0.392
0.973
0.063
0.78
0.403
0.932
0.646
0.999
0.097
0.431
0.933
0.487
0.257
0.279
0.852
0.509
0.716
0.217
0.514
0.494
0.662
0.885
0.669
0.773
0.689
0.155
0.51
0.388
0.122
0.741
0.59
0.87
0.478
0.387
0.356
0.275
0.812
0.892
0.212
0.961
0.824
0.932
0.99
0.917
0.614
0.983
0.155
0.938
0.172
0.75
0.045
0.02
0.491
0.389
0.167
0.721
0.811
0.338
0.035
0.159
0.267
0.481
0.221
0.487
0.769
0.61
0.192
0.94
0.313
0.816
0.686
0.32
0.977
0.287
0.489
0.095
0.802
0.204
0.653
0.843
0.648
0.866
0.756
0.307
0.491
0.796
0.661
0.269
0.541
0.96
0.44
0.684
0.038
0.237
0.751
0.067
0.061
0.804
0.807
0.859
0.901
0.848
0.264
