0.024
0.071
0.011
0.092
0.674
0.738
0.664
0.183
0.895
0.334
0.205
0.641
0.641
0.835
0.22
0.464
0.044
0.755
0.199
0.213
0.579
0.802
0.279
0.718
0.04
0.171
0.613
0.851
0.962
0.31
0.724
0.333
0.981
0.439
0.972
0.781
0.663
0.485
0.394
0.174
0.88
0.982
0.748
0.175
0.946
0.477
0.471
0.959
0.337
0.699
0.64
0.299
0.356
0.896
0.425
0.885
1.0
0.796
0.238
0.776
0.706
0.269
0.636
0.441
0.858
0.295
0.372
0.515
0.752
0.636
0.888
0.54
0.87
0.133
0.648
0.962
0.467
0.663
0.439
0.141
0.253
0.889
0.446
0.02
0.463
0.747
0.066
0.404
0.428
0.48
0.245
0.238
0.256
0.176
0.065
0.372
0.51
0.296
0.874
0.875
0.694
0.024
0.692
0.745
0.448
0.754
0.905
0.351
0.885
0.206
0.356
0.603
0.106
0.724
0.275
0.741
0.262
0.362
0.519
0.74
0.207
0.124
0.755
0.068
0.82
0.71
0.542
0.549
0.715
0.541
0.605
0.505
0.389
0.103
0.276
0.12
0.313
0.047
0.48
0.155
0.453
0.998
0.925
0.678
0.942
0.81
0.704
0.751
0.924
0.196
0.82
0.844
0.551
0.464
0.26
0.814
0.488
0.879
0.218
0.881
0.96
0.562
0.134
0.427
0.929
0.933
0.24
0.919
0.392
0.319
0.038
0.441
0.28
0.118
0.629
0.095
0.491
0.498
0.488
0.017
0.004
0.93
0.223
0.395
0.891
0.59
0.792
0.081
0.529
0.036
0.038
0.174
0.316
0.574
0.865
0.037
0.291
0.503
0.511
0.304
