0.293
0.419
0.716
0.602
0.333
0.617
0.988
0.145
0.361
0.355
0.54
0.509
0.281
0.406
0.71
0.455
0.836
0.494
0.551
0.318
0.634
0.132
0.543
0.369
0.401
0.683
0.207
0.874
0.858
0.446
0.024
0.624
0.059
0.04
0.984
0.319
0.705
0.73
0.608
0.189
0.737
0.16
0.13
0.466
0.713
0.18
0.483
0.813
0.387
0.594
0.95
0.591
0.209
0.284
0.583
0.342
0.518
0.267
0.361
0.766
0.866
0.999
0.037
0.325
0.01
0.9
0.298
0.193
0.245
0.372
0.988
0.761
0.508
0.742
0.803
0.348
0.838
0.158
0.221
0.177
0.17
0.733
0.423
0.254
0.422
0.605
0.826
0.882
0.034
0.207
0.412
0.518
0.171
0.428
0.23
0.028
0.098
0.851
0.808
0.189
0.546
0.294
0.635
0.279
0.878
0.69
0.901
0.424
0.164
0.589
0.013
0.699
0.661
0.948
0.639
0.95
0.202
0.233
0.147
0.591
0.037
0.142
0.036
0.208
0.594
0.342
0.836
0.561
0.609
0.378
0.25
0.958
0.146
0.826
0.112
0.607
0.055
0.693
0.94
0.777
0.368
0.815
0.599
0.843
0.762
0.12
0.482
0.384
0.036
0.471
0.7
0.258
0.083
0.55
0.77
0.063
0.194
0.567
0.388
0.338
0.029
0.504
0.776
0.697
0.617
0.754
0.395
0.178
0.202
0.353
0.039
0.437
0.321
0.289
0.302
0.915
0.35
0.206
0.452
0.094
0.547
0.377
0.448
0.79
0.154
0.671
0.733
0.071
0.622
0.171
0.57
0.459
0.91
0.194
0.904
0.208
0.579
0.115
0.119
0.401
