0.83
0.571
0.569
0.266
0.077
0.291
0.753
0.494
0.172
0.197
0.541
0.161
0.522
0.044
0.25
0.877
0.098
0.071
0.825
0.481
0.86
0.101
0.647
0.86
0.338
0.966
0.346
0.281
0.153
0.582
0.424
0.733
0.258
0.015
0.451
0.531
0.109
0.281
0.435
0.535
0.542
0.607
0.651
0.316
0.649
0.988
0.448
0.662
0.027
0.887
0.964
0.952
0.216
0.662
0.482
0.755
0.421
0.078
0.071
0.882
0.694
0.821
0.372
0.364
0.822
0.962
0.734
0.769
0.855
0.207
0.695
0.505
0.164
0.11
0.086
0.621
0.098
0.488
0.455
0.178
0.882
0.806
0.043
0.215
0.676
0.545
0.666
0.072
0.868
0.562
0.935
0.362
0.187
0.681
0.176
0.204
0.31
0.323
0.112
0.004
0.84
0.01
0.259
0.223
0.462
0.21
0.869
0.955
0.763
0.613
0.436
0.963
0.439
0.332
0.353
0.937
0.941
0.721
0.798
0.827
0.255
0.442
0.678
0.252
0.552
0.185
0.197
0.918
0.13
0.725
0.69
0.294
0.17
0.707
0.157
0.331
0.759
0.195
0.677
0.485
0.571
0.454
0.657
0.703
0.577
0.503
0.867
0.394
0.049
0.059
0.436
0.886
0.965
0.209
0.782
0.055
0.692
0.029
0.687
0.156
0.117
0.458
0.423
0.089
0.845
0.141
0.148
0.382
0.336
0.362
0.879
0.026
0.222
0.081
0.015
0.462
0.49
0.755
0.914
0.779
0.017
0.146
0.156
0.49
0.281
0.389
0.737
0.797
0.644
0.984
0.983
0.971
0.521
0.188
0.742
0.787
0.621
0.476
0.039
0.584
