0.745
0.132
0.775
0.034
0.308
0.85
0.05
0.381
0.81
0.997
0.959
0.278
0.098
0.662
0.814
0.554
0.497
0.244
0.202
0.043
0.884
0.867
0.903
0.743
0.898
0.478
0.729
0.052
0.684
0.671
0.081
0.565
0.501
0.366
0.595
0.157
0.887
0.268
0.286
ERROR
0.557
0.202
0.744
0.864
0.087
0.781
0.063
0.372
0.476
0.849
0.041
0.34
0.819
0.403
0.047
0.905
0.528
0.267
0.925
0.607
0.627
0.004
0.611
0.255
0.579
0.675
0.741
0.559
0.599
0.897
0.219
0.268
0.088
0.505
0.243
0.346
0.856
0.511
0.122
0.769
0.124
0.774
0.192
0.706
0.536
0.671
0.375
0.372
0.219
0.532
0.735
0.969
0.742
0.166
0.19
0.071
0.466
0.317
0.67
0.352
0.783
0.166
0.251
0.165
0.934
0.967
0.409
0.507
0.26
0.72
0.793
0.674
0.126
0.696
0.468
0.791
0.606
0.668
0.691
0.634
0.683
0.815
0.709
0.888
0.583
0.899
0.975
0.482
0.146
0.611
0.752
0.949
0.617
0.87
0.423
0.208
0.465
0.848
0.332
0.652
0.825
0.783
0.374
0.756
0.996
0.236
0.889
0.739
0.456
0.21
0.074
0.755
0.609
0.969
0.726
0.64
0.475
0.603
0.234
0.029
0.781
0.368
0.015
0.099
0.765
0.061
0.888
0.56
0.587
0.548
0.568
0.237
0.558
0.996
0.867
0.881
0.934
0.348
0.427
0.214
0.18
0.176
0.147
0.955
0.425
0.743
0.234
0.472
0.911
0.298
0.184
0.841
0.264
0.103
0.866
0.886
0.146
0.889
0.754
0.252
