0.214
0.216
0.974
0.957
0.408
0.769
0.702
0.472
0.217
0.939
0.071
0.935
0.927
0.215
0.342
0.652
0.02
0.432
0.323
0.331
0.926
0.058
0.558
0.709
0.205
0.151
0.673
0.571
0.845
0.024
0.803
0.917
0.769
0.489
0.393
0.451
0.852
0.953
0.095
0.476
0.699
0.279
0.741
0.688
0.522
0.947
0.409
0.856
0.91
0.797
0.679
0.138
0.315
0.945
0.342
0.472
0.017
0.454
0.947
0.943
0.113
0.854
0.32
0.646
0.328
0.077
0.495
0.632
0.426
0.801
0.319
0.179
0.171
0.329
0.233
0.627
0.011
0.311
0.809
0.893
0.378
0.456
0.391
0.218
0.713
0.162
0.374
0.9
0.762
0.569
0.711
0.195
0.153
0.452
0.796
0.013
0.611
0.545
0.238
0.368
0.682
0.718
0.927
0.82
0.461
0.374
0.195
0.923
0.005
0.863
0.353
0.574
0.457
0.704
0.503
0.289
0.086
0.671
0.147
0.603
0.594
0.224
0.85
0.722
0.205
0.828
0.482
0.788
0.655
0.13
0.562
0.297
0.137
0.063
0.857
0.638
0.317
0.34
0.382
0.545
0.139
0.359
0.841
0.775
0.927
0.261
0.484
0.04
0.451
0.85
0.131
0.612
0.797
0.849
0.121
0.513
0.728
0.067
0.942
0.546
0.545
0.131
0.589
0.341
0.479
0.133
0.851
0.167
0.767
0.394
0.237
0.277
0.97
0.142
0.292
0.129
0.453
0.794
0.99
0.777
0.318
0.728
0.757
0.867
0.93
0.445
0.838
0.324
0.202
0.363
0.599
0.881
0.352
0.294
0.307
0.391
0.959
0.842
0.118
0.92
0.51
0.016
0.973
0.474
0.773
0.212
0.24
0.778
0.619
0.961
0.534
0.145
0.17
0.802
0.844
0.54
0.961
0.736
0.153
0.837
0.518
0.878
0.107
0.718
0.532
0.732
0.703
0.146
0.502
0.372
0.462
0.259
0.091
0.422
0.522
0.514
0.984
0.151
0.931
0.546
0.444
0.594
0.754
0.408
0.747
0.454
0.356
0.375
0.607
0.202
0.603
0.536
0.523
0.56
0.205
0.035
0.158
0.954
0.583
0.521
0.285
0.659
0.561
0.376
0.326
0.176
0.405
0.255
0.618
0.219
0.218
0.253
0.162
0.333
0.645
0.398
0.329
0.409
0.093
0.895
0.235
0.231
0.061
0.926
0.17
0.666
0.338
0.843
0.273
0.334
0.289
0.611
0.649
0.698
0.133
0.388
0.412
0.849
0.596
0.548
0.198
0.534
0.558
0.962
0.032
0.315
0.915
0.308
0.925
0.844
0.739
0.694
0.006
0.403
0.675
0.479
0.173
0.5
0.425
0.647
0.113
0.482
0.801
0.521
0.365
0.049
0.403
0.848
0.209
0.821
0.335
0.849
0.588
0.925
0.286
0.704
0.429
0.888
0.147
0.92
0.702
0.348
0.897
0.201
0.414
0.264
0.067
0.233
0.409
0.989
0.968
0.248
0.864
0.411
0.931
0.697
0.302
0.32
0.669
0.59
0.309
0.58
0.46
0.034
0.378
0.568
0.748
0.093
0.544
0.836
0.804
0.856
0.007
0.979
0.159
0.149
0.901
0.883
0.565
0.359
0.91
0.628
0.386
0.523
0.003
0.063
0.502
0.283
0.541
0.872
0.424
0.039
0.528
0.625
0.281
0.095
0.311
0.811
0.844
0.094
0.477
0.947
0.012
0.463
0.816
0.418
0.575
0.886
0.538
0.224
0.829
0.653
0.084
0.55
0.377
0.311
0.592
0.573
0.775
0.734
0.62
0.899
0.777
0.29
0.483
0.464
0.59
0.262
0.406
0.817
0.5
0.927
0.881
0.114
0.428
0.522
0.04
0.018
0.37
0.301
0.523
0.143
0.413
0.122
0.565
0.281
0.687
0.995
0.976
0.21
0.202
0.78
0.955
0.542
0.558
0.644
0.383
0.075
0.824
0.928
0.612
0.727
0.222
0.539
0.473
0.034
0.307
0.0
0.452
0.766
0.836
0.405
0.73
0.051
0.57
0.415
0.18
0.365
0.234
0.757
0.833
0.483
0.471
0.404
0.32
0.38
0.239
0.449
0.022
0.757
0.205
0.565
0.653
0.027
0.211
0.372
0.138
0.157
0.821
0.855
0.862
0.671
0.684
0.566
0.029
0.47
0.021
0.796
0.168
0.804
0.157
0.212
0.782
0.922
0.312
0.012
0.252
0.589
0.484
0.224
0.163
0.578
0.423
0.555
0.251
0.366
0.375
0.625
0.787
0.366
0.069
0.101
0.018
0.192
0.511
0.044
0.711
0.761
0.214
0.009
0.467
0.454
0.401
0.507
0.974
0.635
0.783
0.421
0.595
0.215
0.988
0.63
0.919
0.532
0.462
0.833
0.242
0.142
0.049
0.175
0.679
0.566
0.428
0.306
0.549
0.288
0.441
0.458
0.012
0.999
0.615
0.036
0.514
0.601
0.587
0.818
0.706
0.017
0.404
0.179
0.607
0.717
0.807
0.595
0.177
0.191
0.56
0.638
0.415
0.246
0.553
0.164
0.477
0.91
0.216
0.661
0.375
0.598
0.171
0.954
0.437
0.128
0.771
0.27
0.294
0.442
0.328
0.745
0.81
0.53
0.336
0.086
0.985
0.066
0.413
0.314
0.321
0.146
0.043
0.613
0.496
0.35
0.005
0.677
0.025
0.115
0.991
0.377
0.136
0.536
0.312
0.207
0.767
0.414
0.302
0.398
0.704
0.614
0.353
0.607
0.286
0.228
0.261
0.345
0.054
0.802
0.099
0.42
0.616
0.879
0.391
0.303
0.785
0.308
0.443
0.118
0.478
0.506
0.831
0.771
0.103
0.703
0.559
0.62
0.863
0.781
0.893
0.239
0.889
0.018
0.882
0.537
0.109
0.612
0.267
0.488
0.88
0.787
0.29
0.54
0.093
0.003
0.464
0.631
0.491
0.924
0.49
0.45
0.159
0.43
0.046
0.673
0.329
0.548
0.098
0.348
0.737
0.779
0.178
0.239
0.519
0.56
0.45
0.614
0.606
0.583
0.739
0.747
0.074
0.077
0.522
0.177
0.419
0.43
0.343
0.885
0.208
0.46
0.377
0.515
0.062
0.257
0.45
0.483
0.144
0.472
0.147
0.55
0.6
0.866
0.578
0.026
0.214
0.438
0.274
0.472
0.226
0.764
0.255
0.821
0.871
0.592
0.75
0.53
0.229
0.662
0.956
0.587
0.821
0.598
0.961
0.725
0.6
0.817
0.276
0.843
0.341
0.267
0.146
0.938
0.595
0.605
0.848
0.194
0.222
0.966
0.368
0.347
0.949
0.394
0.474
0.17
0.256
0.435
0.529
0.132
0.603
0.386
0.12
0.973
0.536
0.909
0.826
0.562
0.753
0.183
0.664
0.172
0.201
0.892
0.68
0.831
0.952
0.446
0.842
0.897
0.257
0.4
0.468
0.348
0.559
0.153
0.478
0.316
0.094
0.981
0.251
0.634
0.93
0.048
0.861
0.201
0.251
0.793
0.735
0.487
0.501
0.153
0.747
0.379
0.014
0.504
0.058
0.88
0.508
0.443
0.273
0.734
0.926
0.773
0.594
0.277
0.074
0.751
0.958
0.73
0.559
0.326
0.976
0.375
0.757
0.219
0.735
0.876
0.739
0.461
0.368
0.753
0.837
0.332
0.614
0.245
0.018
0.375
0.079
0.135
0.972
0.242
0.819
0.551
0.769
0.324
0.876
0.796
0.369
0.397
0.139
0.77
0.61
0.724
0.05
0.194
0.007
0.523
0.68
0.089
0.115
0.954
0.959
0.864
0.511
0.078
0.075
0.59
0.357
0.742
0.036
0.849
0.557
0.504
0.253
0.306
0.548
0.314
0.335
0.488
0.723
0.687
0.566
0.267
0.202
0.004
0.238
0.514
0.578
0.901
0.002
0.02
0.704
0.872
0.884
0.421
0.155
0.006
0.027
0.525
0.321
0.077
0.325
0.624
0.407
0.271
0.96
0.902
0.569
0.401
0.522
0.819
0.836
0.489
0.93
0.992
0.807
0.453
0.453
0.608
0.802
0.819
0.409
0.979
0.264
0.23
0.315
0.656
0.21
0.79
0.35
0.254
0.401
0.815
0.84
0.284
0.742
0.614
0.723
0.339
0.01
0.128
0.135
0.758
0.382
0.156
0.636
0.876
0.371
0.95
0.484
0.592
0.182
0.828
0.78
0.114
0.211
0.274
0.851
0.668
0.403
0.575
0.152
0.719
0.252
0.085
0.495
0.798
0.024
0.25
0.734
0.54
0.845
0.059
0.995
0.209
0.758
0.588
0.686
0.68
0.784
0.986
0.128
0.945
