0.612
0.84
0.742
0.717
0.611
0.751
0.573
0.272
0.255
0.93
0.521
0.191
0.598
0.411
0.998
0.31
0.89
0.121
0.356
0.898
0.025
0.364
0.141
0.268
0.085
0.583
0.101
0.385
0.433
0.632
0.806
0.555
0.819
0.389
0.576
0.211
0.338
0.69
0.462
0.029
0.386
0.18
0.191
0.123
0.153
0.348
0.435
0.323
0.722
0.517
0.138
0.03
0.452
0.325
0.062
0.955
0.676
0.007
0.192
0.16
0.175
0.822
0.829
0.922
0.048
0.713
0.674
0.33
0.355
0.442
0.391
0.362
0.961
0.668
0.78
0.775
0.515
0.243
0.751
0.243
0.402
0.354
0.234
0.484
0.335
0.975
0.433
0.299
0.561
0.938
0.804
0.303
0.353
0.093
0.853
0.789
0.762
0.63
0.161
0.542
0.953
0.144
0.885
0.082
0.65
0.444
0.803
0.23
0.534
0.616
0.108
0.757
0.867
0.987
0.388
0.842
0.686
0.509
0.822
0.622
0.746
0.819
0.254
0.683
0.013
0.019
0.489
0.528
0.538
0.941
0.51
0.123
0.776
0.088
0.135
0.187
0.233
0.196
0.241
0.413
0.536
0.265
0.585
0.427
0.363
0.748
0.753
0.984
0.353
0.768
0.499
0.433
0.403
0.208
0.963
0.605
0.363
0.23
0.863
0.871
0.975
0.739
0.254
0.157
0.905
0.734
0.128
0.64
0.027
0.863
0.522
0.529
0.507
0.681
0.982
0.673
0.193
0.381
0.669
0.879
0.008
0.049
0.569
0.506
0.737
0.83
0.804
0.31
0.327
0.889
0.683
0.394
0.26
0.198
0.716
0.385
0.057
0.056
0.166
0.01
