0.067
0.596
0.442
0.008
0.772
0.187
0.468
0.991
0.298
0.658
0.474
0.644
0.508
0.124
0.362
0.479
0.577
0.873
0.922
0.714
0.543
0.379
0.933
0.999
0.946
0.304
0.677
1.0
0.254
0.341
0.995
0.857
0.692
0.477
0.117
0.702
0.161
0.591
0.052
0.687
0.947
0.396
0.206
0.67
0.455
0.538
0.607
0.255
0.753
0.487
0.521
0.643
0.51
0.326
0.836
0.417
0.257
0.852
0.957
0.387
0.045
0.915
0.655
0.218
0.444
0.329
0.637
0.774
0.566
0.124
0.056
0.789
ERROR
0.973
0.533
0.822
0.703
0.583
0.804
0.845
0.117
0.437
0.356
0.719
0.897
0.743
0.753
0.534
0.606
0.978
0.061
0.53
0.803
0.217
0.596
0.708
0.841
0.328
0.985
0.887
0.81
0.205
0.684
0.87
0.282
0.862
0.174
0.416
0.695
0.548
0.863
0.327
0.806
0.06
0.315
0.523
0.155
0.305
0.932
0.558
0.394
0.254
0.876
0.514
0.525
0.634
0.203
0.155
0.784
0.18
0.086
0.181
0.866
0.16
0.086
0.641
0.182
0.81
0.404
0.337
0.588
0.917
0.763
0.14
0.232
0.142
0.487
0.38
0.174
0.158
0.108
0.088
0.763
0.25
0.5
0.59
0.494
0.106
0.713
0.86
0.253
0.828
0.303
0.873
0.191
0.713
0.22
0.912
0.384
0.209
0.162
0.163
0.082
0.58
0.367
0.289
0.101
0.103
0.406
0.459
0.876
0.868
0.898
0.86
0.995
0.911
0.586
0.037
0.465
0.215
0.02
0.798
0.254
0.428
0.876
0.491
0.264
0.981
0.026
0.43
