0.007
0.592
0.848
0.74
0.98
0.237
0.97
0.231
0.947
0.685
0.796
0.498
0.117
0.467
0.551
0.344
0.821
0.132
0.01
0.229
0.962
0.815
0.734
0.734
0.004
0.349
0.249
0.115
0.284
0.626
0.122
0.828
0.613
0.522
0.614
0.095
0.231
0.928
0.586
0.112
0.171
0.897
0.6
0.617
0.919
0.167
0.519
0.934
0.004
0.519
0.736
0.009
0.399
0.036
0.792
0.027
0.688
0.769
0.97
0.826
0.522
0.327
0.263
0.486
999
0.521
0.7
0.467
0.382
0.577
0.049
0.28
0.8
0.667
0.408
0.852
0.822
0.642
0.272
0.076
0.955
0.233
0.276
0.457
0.564
0.153
0.175
0.676
0.54
0.318
0.534
0.4
0.503
0.791
0.979
0.492
0.042
0.071
0.847
0.711
0.619
0.761
0.178
0.942
0.889
0.13
0.84
0.623
0.732
0.82
0.772
0.363
0.742
0.717
0.186
0.571
0.846
0.576
0.422
0.67
0.432
0.375
0.41
0.126
0.885
0.152
0.452
0.67
0.909
0.721
0.838
0.278
0.688
1.0
0.201
0.825
0.864
0.263
0.033
0.745
0.3
0.696
0.215
0.451
0.143
0.832
0.326
0.044
0.142
0.505
0.342
0.872
0.421
0.478
0.031
0.783
0.987
0.515
0.543
0.194
0.244
0.549
0.617
0.855
0.484
0.965
0.376
0.307
0.619
0.461
0.57
0.842
0.103
0.203
0.617
0.561
0.01
0.61
0.407
0.599
0.713
0.348
0.362
0.567
0.233
0.778
0.728
0.506
0.959
0.158
0.592
0.504
0.991
0.148
0.511
0.422
0.731
0.781
0.031
0.345
0.506
0.63
0.525
0.186
0.629
0.078
0.271
0.393
0.852
0.085
0.894
0.847
0.089
0.849
0.185
0.96
0.163
0.816
0.925
0.137
0.393
0.304
0.382
0.777
0.741
0.114
0.99
0.276
0.46
0.45
0.68
0.505
0.08
0.721
0.01
0.169
0.544
0.663
0.358
0.734
0.642
0.249
0.842
0.248
0.557
0.337
0.343
0.937
0.643
0.425
0.449
0.036
0.498
0.918
0.021
0.457
0.746
0.419
0.722
0.927
0.267
0.819
0.718
0.573
0.254
0.752
0.346
0.335
0.829
0.36
0.148
0.054
0.728
0.248
0.09
0.916
0.056
0.473
0.701
0.851
0.06
0.004
0.833
0.853
0.415
0.346
0.655
0.003
0.495
0.025
0.602
0.717
0.759
0.896
0.092
0.454
0.466
0.723
0.775
0.818
999
0.932
0.305
0.408
0.415
0.282
0.004
0.28
0.706
0.943
0.993
0.317
0.944
0.073
0.618
0.857
0.44
0.99
0.413
0.992
0.573
0.429
0.506
0.243
0.097
0.51
0.068
0.641
0.719
0.138
0.105
0.513
0.627
0.408
0.137
0.58
0.565
0.415
0.836
0.786
0.211
0.666
0.736
0.169
0.031
0.493
0.475
0.535
0.648
0.67
0.488
0.209
0.656
0.953
0.961
0.061
0.363
0.388
0.45
0.323
0.826
0.198
0.796
0.627
0.416
0.292
0.644
0.591
0.903
0.206
0.363
0.93
0.375
0.064
0.956
0.109
0.847
0.351
0.709
0.169
0.481
0.576
0.448
0.238
0.472
0.096
0.575
0.972
0.898
0.46
0.02
0.566
0.57
0.669
0.744
0.252
0.107
0.839
0.273
0.498
0.909
0.23
0.839
0.686
0.268
0.473
0.021
0.903
0.775
0.993
0.305
0.411
0.743
0.522
0.127
0.499
0.474
0.945
0.745
0.99
0.043
0.159
0.244
0.479
0.401
0.73
0.458
0.354
0.252
0.065
0.241
0.298
0.71
0.644
0.975
0.996
0.038
0.833
0.307
0.464
0.763
0.567
0.697
0.85
0.473
0.54
0.86
0.619
0.847
0.258
0.65
0.915
0.583
0.412
0.845
0.862
0.677
0.02
0.948
0.766
0.28
0.741
0.141
0.383
0.071
0.801
0.824
0.618
0.953
0.313
0.911
0.045
0.732
0.146
0.223
0.855
0.48
0.135
0.085
0.556
0.964
0.054
0.785
0.887
0.585
0.765
0.257
0.109
0.514
0.118
0.056
0.993
0.158
0.514
0.557
0.278
0.851
0.102
0.615
0.308
0.949
0.771
0.303
0.669
0.326
0.106
0.038
0.709
0.301
0.526
0.205
0.493
0.653
0.547
0.136
0.865
0.62
0.94
0.66
0.295
0.498
0.989
0.248
0.602
0.699
0.752
0.089
0.68
0.415
0.229
0.102
0.889
0.394
0.1
0.598
0.547
0.195
0.228
0.136
0.573
0.075
0.814
0.177
0.429
0.334
0.384
0.07
0.253
0.766
0.551
0.165
0.532
0.011
0.519
0.995
0.135
0.812
0.731
0.761
0.62
0.616
0.36
0.148
0.839
0.092
0.608
0.966
0.804
0.746
0.436
0.249
0.192
0.618
0.936
0.365
0.445
0.52
0.153
0.546
0.295
0.106
0.757
0.94
0.267
0.449
0.934
0.96
0.351
0.415
0.929
0.941
0.095
0.841
0.343
0.305
0.053
0.376
0.682
0.112
0.662
0.771
0.85
0.813
0.66
0.075
0.755
0.669
0.987
0.674
0.252
0.226
0.702
0.717
0.067
0.54
0.494
0.797
0.255
0.992
0.768
0.309
0.578
0.385
0.601
0.952
0.334
0.031
0.643
0.648
0.484
0.393
0.959
0.754
0.849
0.574
0.908
0.561
0.491
0.77
0.736
0.085
0.128
0.908
0.203
0.117
0.693
0.598
0.493
0.427
0.828
0.501
0.671
0.168
0.083
0.847
0.121
0.126
0.93
0.938
0.601
0.097
0.866
0.369
0.451
0.204
0.513
0.832
0.424
0.06
0.417
0.659
0.473
0.483
0.684
0.396
0.198
0.934
0.066
0.527
0.933
0.312
0.529
0.581
0.121
0.479
0.44
0.737
0.083
0.857
0.543
0.241
0.316
0.068
0.425
0.142
0.474
0.109
0.523
0.663
0.247
0.29
0.489
0.516
0.923
0.924
0.791
0.376
0.513
0.827
0.403
0.43
0.231
0.86
0.742
0.573
0.934
0.44
0.385
0.571
0.2
0.228
0.576
0.557
0.328
0.523
0.305
0.359
0.252
0.262
0.076
0.964
0.449
0.998
0.314
0.91
0.75
0.05
0.764
0.276
0.397
0.363
0.248
0.442
0.817
0.652
0.625
0.859
0.525
0.563
0.457
0.044
0.705
0.468
0.797
0.667
0.255
0.399
0.714
0.452
0.919
0.66
0.375
0.608
0.643
0.504
0.946
0.014
0.379
0.336
0.042
0.862
0.157
0.792
0.928
0.88
0.17
0.212
0.914
0.924
0.426
0.772
0.725
0.477
0.666
0.298
0.985
0.707
0.715
0.853
999
0.304
0.694
0.089
0.642
0.701
0.972
0.14
0.77
0.916
0.757
0.17
0.859
0.708
0.115
0.111
0.396
0.69
0.787
0.624
0.579
0.485
0.171
0.646
0.652
0.778
0.541
0.366
0.75
0.236
0.27
0.363
0.644
0.857
0.364
0.049
0.906
0.785
0.2
0.627
0.352
0.973
0.824
0.735
0.381
0.578
999
0.033
0.803
0.473
0.692
0.654
0.198
0.162
0.961
0.423
0.575
0.916
0.739
0.947
0.94
0.291
0.678
0.188
0.89
0.018
0.84
0.473
0.08
0.586
0.265
0.453
0.301
0.951
0.395
0.533
0.884
0.157
0.242
0.543
0.479
0.846
0.035
0.302
0.643
0.734
0.23
0.12
0.634
0.274
0.952
0.935
0.283
0.917
0.779
0.611
0.886
0.067
0.526
0.111
0.115
0.531
0.633
0.049
0.472
0.551
0.436
0.702
0.519
0.871
0.73
0.61
0.064
0.571
0.837
0.838
0.167
0.317
0.852
0.062
0.91
0.286
0.366
0.541
0.099
0.657
0.456
0.897
0.482
0.456
0.219
0.245
0.528
0.418
0.7
0.157
0.489
0.727
0.979
0.713
0.857
0.845
0.65
0.14
0.039
0.006
0.93
0.777
0.074
0.496
0.111
0.283
0.297
0.732
0.258
0.735
0.1
0.26
0.364
0.797
0.849
0.5
0.229
0.149
0.751
0.459
0.931
0.988
0.112
0.791
0.636
0.375
0.237
0.096
0.905
0.879
0.125
0.378
0.651
0.401
0.086
0.112
0.049
0.783
0.427
0.154
0.94
0.083
0.678
0.694
0.717
0.626
0.858
0.048
0.564
0.027
0.651
0.615
0.383
0.165
0.41
0.67
0.358
0.661
0.454
0.35
0.274
0.542
0.193
0.235
0.912
