0.168
0.127
0.134
0.066
0.39
0.462
0.454
0.162
0.219
0.17
0.887
0.131
0.574
0.37
0.97
0.08
0.683
0.603
0.633
0.942
0.826
0.406
0.539
0.047
0.406
0.111
0.671
0.167
0.731
0.891
0.967
0.646
0.362
0.929
0.21
0.012
0.935
0.286
0.487
0.298
0.429
0.498
0.781
0.246
0.405
0.888
0.874
0.279
0.464
0.192
0.85
0.987
0.628
0.717
0.465
0.032
0.472
0.172
0.716
0.176
0.233
0.716
0.008
0.302
0.378
0.234
0.835
0.916
0.431
0.869
0.95
0.579
0.56
0.902
0.137
0.622
0.712
0.546
0.889
0.366
0.339
0.696
0.615
0.617
0.84
0.631
0.637
0.048
0.01
0.404
0.199
0.528
0.547
0.77
0.399
0.247
0.726
0.463
0.797
0.469
0.254
0.215
0.054
0.506
0.957
0.006
0.253
0.053
0.177
0.164
0.801
0.461
0.966
0.615
0.341
0.185
0.577
0.236
0.201
0.973
0.677
0.151
0.557
0.088
0.645
0.839
0.582
0.03
0.92
0.754
0.627
0.028
0.03
0.068
0.333
0.993
0.421
0.146
0.28
0.819
0.836
0.546
0.101
0.113
0.905
0.592
0.734
0.678
0.707
0.333
0.428
0.831
0.126
0.751
0.502
0.509
0.87
0.279
0.925
0.126
0.931
0.649
0.802
0.219
0.715
0.811
0.184
0.77
0.741
0.4
0.808
0.656
0.267
0.153
0.816
0.559
0.396
0.02
0.257
0.121
0.45
0.298
0.386
0.906
0.342
0.708
0.248
0.716
0.619
0.765
0.608
0.307
0.169
0.187
0.825
0.842
0.42
0.082
0.484
0.779
