0.361
0.593
0.062
0.328
0.134
0.929
0.235
0.151
0.214
0.756
0.493
0.865
0.335
0.175
0.086
0.932
0.564
0.318
0.974
0.003
0.79
0.82
0.937
0.202
0.676
0.629
0.009
0.683
0.735
0.767
0.215
0.735
0.42
0.32
0.106
0.412
0.99
0.306
0.319
0.972
0.312
0.715
0.545
0.449
0.178
0.65
0.975
0.395
0.568
0.334
0.132
0.899
0.925
0.436
0.694
0.487
0.121
0.949
0.492
0.677
0.829
0.821
0.557
0.844
0.013
0.538
0.857
0.49
0.845
0.004
0.172
0.063
0.062
0.774
0.66
0.043
0.125
0.529
0.141
0.29
0.76
0.618
0.688
0.568
0.622
0.389
0.268
0.493
0.777
0.691
0.988
0.204
0.885
0.04
0.044
0.812
0.332
0.05
0.242
0.985
0.026
0.934
0.514
0.075
0.918
0.871
0.997
0.443
0.57
0.068
0.027
0.275
0.867
0.46
0.028
0.446
0.485
0.165
0.837
0.537
0.003
0.861
0.843
0.58
0.99
0.535
0.769
0.108
0.078
0.885
0.645
0.204
0.968
0.255
0.091
0.122
0.85
0.624
0.447
0.613
0.546
0.286
0.174
0.553
0.224
0.202
0.638
0.119
0.422
0.404
0.326
0.57
0.789
0.419
0.589
0.682
0.363
0.782
0.922
0.912
0.023
0.382
0.725
0.922
0.188
0.498
0.793
0.117
0.601
0.196
0.001
0.67
0.506
0.276
0.385
0.247
0.845
0.624
0.242
0.567
0.816
0.974
0.985
0.271
0.581
0.35
0.56
0.024
0.627
0.046
0.903
0.12
0.614
0.546
0.02
0.602
0.161
0.766
0.282
0.112
