0.486
0.378
0.239
0.4
0.084
0.702
0.732
0.16
0.474
0.684
0.515
0.201
0.963
0.485
0.183
0.565
0.237
0.397
0.49
0.721
0.523
0.011
0.626
0.801
0.369
0.05
0.444
0.692
0.954
0.153
0.257
0.171
0.331
0.192
0.456
0.115
0.09
0.646
0.471
0.038
0.575
0.821
0.781
0.954
0.781
0.304
0.53
0.991
0.94
0.042
0.279
0.588
0.269
0.716
0.362
0.522
0.685
0.34
0.471
0.268
0.113
0.504
0.427
0.398
0.731
0.846
0.097
0.527
0.429
0.286
0.731
0.976
0.094
0.914
0.773
0.861
0.573
0.6
0.356
0.499
0.574
0.791
0.082
0.618
0.312
0.944
0.349
0.401
0.923
0.943
0.468
0.259
0.849
0.163
0.198
0.743
0.711
0.875
0.928
0.655
0.311
0.628
0.032
0.329
0.661
0.063
0.398
0.724
0.518
0.579
0.601
0.953
0.205
0.862
0.522
0.625
0.997
0.887
0.487
0.206
0.799
0.549
0.634
0.462
0.207
0.705
0.541
0.914
0.878
0.309
0.889
0.162
0.879
0.028
0.063
0.326
0.417
0.296
0.485
0.127
0.932
0.254
0.073
0.124
0.199
0.092
0.887
0.414
0.834
0.108
0.664
0.351
0.321
0.396
0.399
0.737
0.868
0.761
0.193
0.732
0.445
0.737
0.071
0.382
0.224
0.697
0.091
0.721
0.098
0.107
0.912
0.219
0.495
0.013
0.864
0.628
0.878
0.069
0.673
0.433
0.162
0.768
0.26
0.459
0.074
0.968
0.518
0.61
0.222
0.052
0.149
0.741
0.298
0.911
0.745
0.123
0.408
0.764
0.754
0.159
