0.809
0.608
0.989
0.409
0.504
0.732
0.619
0.185
0.267
0.03
0.589
0.894
0.753
0.169
0.491
0.728
0.255
0.609
0.671
0.8
0.182
0.91
0.986
0.231
0.452
0.265
0.754
0.415
0.228
0.247
0.659
0.229
0.517
0.217
0.673
0.135
0.2
0.652
0.624
0.59
0.96
0.691
0.488
0.91
0.919
0.741
0.734
0.321
0.009
0.865
0.104
0.263
0.781
0.634
0.76
0.279
0.896
0.326
0.041
0.702
0.747
0.175
0.851
0.573
0.873
0.695
0.314
0.937
0.324
0.278
0.871
0.194
0.302
0.041
0.988
0.769
0.672
0.672
0.887
0.093
0.774
0.161
0.052
0.367
0.755
0.981
0.973
0.538
0.285
0.339
0.063
0.951
0.252
0.207
0.835
0.918
0.147
0.423
0.997
0.486
0.552
0.396
0.12
0.472
0.052
0.238
0.376
0.272
0.79
0.82
0.116
0.74
0.53
0.745
0.95
0.345
0.334
0.762
0.545
0.589
0.488
0.31
0.884
0.349
0.917
0.901
0.447
0.401
0.588
0.951
0.383
0.862
0.324
0.075
0.868
0.323
0.227
0.893
0.817
0.778
0.78
0.72
0.081
0.357
0.471
0.416
0.557
0.505
0.001
0.776
0.688
0.896
0.302
0.192
0.621
0.055
0.428
0.051
0.353
0.514
0.366
0.86
0.261
0.491
0.024
0.808
0.377
0.001
0.032
0.218
0.606
0.038
0.155
0.507
0.402
0.047
0.106
0.699
0.115
0.311
0.612
0.264
0.461
0.978
0.951
0.203
0.036
0.91
0.269
0.102
0.127
0.144
0.032
0.147
0.089
0.254
0.746
0.968
0.242
0.23
