0.652
0.505
0.88
0.754
0.796
0.62
0.002
0.556
0.843
0.892
0.793
0.684
0.057
0.013
0.2
0.181
0.066
0.05
0.733
0.157
0.847
0.86
0.276
0.332
0.616
0.298
0.898
0.75
0.695
0.333
0.777
0.243
0.221
0.549
0.859
0.015
0.303
0.011
0.843
0.423
0.34
0.693
0.087
0.646
0.401
0.012
0.284
0.115
0.171
0.651
0.337
0.695
0.049
0.436
0.849
0.542
0.695
0.385
0.933
0.882
0.68
0.773
0.349
0.344
0.685
0.953
0.996
0.237
0.054
0.056
0.926
0.333
0.631
0.424
0.679
0.997
0.083
0.583
0.041
0.264
0.922
0.942
0.109
0.385
0.097
0.241
0.146
0.496
0.047
0.314
0.838
0.81
0.517
0.521
0.773
0.045
0.62
0.479
0.643
0.421
0.919
0.756
0.122
0.75
0.393
0.134
0.093
0.459
0.845
0.035
0.589
0.332
0.427
0.065
0.595
0.67
0.451
0.462
0.965
0.723
0.023
0.692
0.233
0.095
0.992
0.369
0.071
0.647
0.145
0.283
0.915
0.381
0.787
0.763
0.848
0.307
0.936
0.91
0.141
0.739
0.343
0.5
0.419
0.609
0.052
0.829
0.644
0.983
0.048
0.642
0.838
0.357
0.383
0.728
0.233
0.622
0.13
0.472
0.587
0.361
0.504
0.545
0.466
0.694
0.633
0.308
0.336
0.362
0.64
0.685
0.158
0.852
0.824
0.618
0.973
0.191
0.203
0.194
0.932
0.851
0.178
0.827
0.581
0.362
0.865
0.55
0.258
0.229
0.985
0.159
0.356
0.743
0.125
0.852
0.694
0.202
0.719
0.784
0.444
0.714
